0;0
1;0
2;0
3;0
4;0
5;0
6;0
7;0
8;0
9;0
10;0
11;0
12;0
13;0
14;0
15;0
16;0
17;0
18;0
19;0
20;0
21;0
22;0
23;0
24;0
25;0
26;0
27;0
28;0
29;0
30;0
31;0
32;0
33;0
34;0
35;0
36;0
37;0
38;0
39;0
40;0
41;0
42;0
43;0
44;0
45;0
46;0
47;0
48;0
49;0
50;0
51;0
52;0
53;0
54;0
55;0
56;0
57;0
58;0
59;0
60;0
61;0
62;0
63;0
64;0
65;0
66;0
67;0
68;0
69;0
70;0
71;0
72;0
73;0
74;0
75;0
76;0
77;0
78;0
79;0
80;0
81;0
82;0
83;0
84;0
85;0
86;0
87;0
88;0
89;0
90;0
91;0
92;0
93;0
94;0
95;0
96;0
97;0
98;0
99;0
100;0
101;0
102;0
103;0
104;0
105;0
106;0
107;0
108;0
109;0
110;0
111;0
112;0
113;0
114;0
115;0
116;0
117;0
118;0
119;0
120;0
121;0
122;0
123;0
124;0
125;0
126;0
127;0
128;0
129;0
130;0
131;0
132;0
133;0
134;0
135;0
136;0
137;0
138;0
139;0
140;0
141;0
142;0
143;0
144;0
145;0
146;0
147;0
148;0
149;0
150;0
151;0
152;0
153;0
154;0
155;0
156;0
157;0
158;0
159;0
160;0
161;0
162;0
163;0
164;0
165;0
166;0
167;0
168;0
169;0
170;0
171;0
172;0
173;0
174;0
175;0
176;0
177;0
178;0
179;0
180;0
181;0
182;0
183;0
184;0
185;0
186;0
187;0
188;0
189;0
190;0
191;0
192;0
193;0
194;0
195;0
196;0
197;0
198;0
199;0
200;0
201;0
202;0
203;0
204;0
205;0
206;0
207;0
208;0
209;0
210;0
211;0
212;0
213;0
214;0
215;0
216;0
217;0
218;0
219;0
220;0
221;0
222;0
223;0
224;0
225;0
226;0
227;0
228;0
229;0
230;0
231;0
232;0
233;0
234;0
235;0
236;0
237;0
238;0
239;0
240;0
241;0
242;0
243;0
244;0
245;0
246;0
247;0
248;0
249;0
250;0
251;0
252;0
253;0
254;0
255;0
256;0
257;0
258;0
259;0
260;0
261;0
262;0
263;0
264;0
265;0
266;0
267;0
268;0
269;0
270;0
271;0
272;0
273;0
274;0
275;0
276;0
277;0
278;0
279;0
280;0
281;0
282;0
283;0
284;0
285;0
286;0
287;0
288;0
289;0
290;0
291;0
292;0
293;0
294;0
295;0
296;0
297;0
298;0
299;0
300;0
301;0
302;0
303;0
304;0
305;0
306;0
307;0
308;0
309;0
310;0
311;0
312;0
313;0
314;0
315;1
316;0
317;0
318;0
319;0
320;0
321;0
322;0
323;0
324;0
325;0
326;0
327;0
328;0
329;0
330;0
331;0
332;0
333;0
334;0
335;0
336;0
337;0
338;0
339;0
340;0
341;0
342;0
343;0
344;0
345;0
346;0
347;0
348;0
349;0
350;0
351;0
352;0
353;0
354;0
355;0
356;0
357;0
358;0
359;0
360;0
361;0
362;0
363;0
364;0
365;1
366;0
367;0
368;0
369;0
370;0
371;0
372;0
373;0
374;0
375;0
376;0
377;0
378;0
379;0
380;0
381;0
382;0
383;0
384;0
385;0
386;0
387;0
388;0
389;0
390;0
391;0
392;0
393;0
394;0
395;0
396;0
397;0
398;0
399;0
400;0
401;0
402;1
403;0
404;0
405;0
406;0
407;0
408;0
409;0
410;0
411;0
412;0
413;0
414;0
415;0
416;0
417;0
418;0
419;0
420;0
421;0
422;0
423;0
424;0
425;0
426;0
427;0
428;0
429;0
430;0
431;0
432;0
433;0
434;0
435;0
436;0
437;0
438;0
439;1
440;0
441;0
442;1
443;0
444;0
445;0
446;0
447;0
448;0
449;0
450;0
451;0
452;0
453;0
454;0
455;0
456;0
457;0
458;0
459;0
460;0
461;0
462;1
463;0
464;0
465;0
466;0
467;0
468;0
469;0
470;0
471;0
472;0
473;0
474;0
475;0
476;0
477;0
478;0
479;0
480;0
481;0
482;1
483;0
484;0
485;1
486;0
487;0
488;0
489;1
490;0
491;1
492;0
493;0
494;0
495;0
496;0
497;1
498;1
499;0
500;0
501;0
502;0
503;0
504;0
505;1
506;0
507;1
508;1
509;0
510;0
511;0
512;0
513;0
514;0
515;0
516;0
517;1
518;0
519;0
520;0
521;0
522;2
523;1
524;0
525;1
526;1
527;0
528;1
529;1
530;0
531;0
532;0
533;0
534;0
535;1
536;0
537;1
538;0
539;0
540;0
541;0
542;0
543;0
544;1
545;0
546;0
547;1
548;0
549;2
550;1
551;0
552;0
553;1
554;0
555;0
556;0
557;1
558;1
559;1
560;0
561;1
562;1
563;1
564;0
565;0
566;1
567;0
568;0
569;0
570;0
571;2
572;1
573;0
574;0
575;2
576;1
577;0
578;1
579;0
580;0
581;0
582;0
583;0
584;0
585;0
586;1
587;2
588;1
589;0
590;0
591;1
592;0
593;1
594;1
595;0
596;0
597;1
598;1
599;1
600;2
601;1
602;1
603;0
604;1
605;1
606;1
607;0
608;0
609;0
610;1
611;0
612;0
613;1
614;0
615;2
616;0
617;0
618;1
619;1
620;2
621;0
622;1
623;2
624;0
625;2
626;0
627;0
628;1
629;0
630;1
631;2
632;2
633;2
634;2
635;3
636;1
637;2
638;1
639;1
640;2
641;0
642;1
643;3
644;2
645;2
646;1
647;2
648;2
649;1
650;2
651;4
652;2
653;5
654;1
655;3
656;1
657;1
658;2
659;2
660;2
661;2
662;4
663;2
664;1
665;4
666;3
667;1
668;1
669;1
670;2
671;6
672;2
673;2
674;3
675;1
676;3
677;3
678;3
679;7
680;3
681;1
682;1
683;3
684;3
685;2
686;3
687;3
688;6
689;4
690;3
691;7
692;3
693;2
694;6
695;3
696;2
697;5
698;6
699;6
700;4
701;1
702;5
703;5
704;5
705;8
706;5
707;1
708;6
709;7
710;6
711;6
712;1
713;8
714;7
715;10
716;5
717;4
718;8
719;10
720;9
721;7
722;9
723;13
724;11
725;8
726;9
727;6
728;9
729;9
730;8
731;8
732;13
733;12
734;8
735;9
736;8
737;4
738;11
739;15
740;8
741;12
742;12
743;7
744;11
745;10
746;13
747;12
748;12
749;11
750;13
751;13
752;6
753;13
754;13
755;11
756;15
757;16
758;17
759;11
760;17
761;16
762;15
763;10
764;5
765;24
766;15
767;15
768;16
769;14
770;21
771;17
772;18
773;17
774;21
775;12
776;19
777;20
778;19
779;17
780;22
781;17
782;21
783;18
784;20
785;20
786;20
787;15
788;19
789;19
790;16
791;27
792;17
793;20
794;19
795;20
796;29
797;22
798;13
799;25
800;22
801;18
802;15
803;20
804;12
805;36
806;18
807;23
808;22
809;30
810;22
811;22
812;30
813;23
814;18
815;28
816;21
817;29
818;30
819;25
820;34
821;27
822;20
823;29
824;26
825;25
826;29
827;31
828;35
829;31
830;26
831;29
832;21
833;23
834;30
835;30
836;40
837;30
838;29
839;38
840;39
841;27
842;31
843;23
844;36
845;33
846;34
847;37
848;22
849;31
850;33
851;35
852;40
853;34
854;28
855;35
856;32
857;45
858;35
859;41
860;38
861;45
862;41
863;48
864;41
865;39
866;29
867;38
868;43
869;42
870;41
871;40
872;43
873;54
874;53
875;49
876;66
877;48
878;43
879;36
880;53
881;46
882;48
883;48
884;48
885;58
886;57
887;54
888;48
889;55
890;64
891;62
892;45
893;63
894;67
895;59
896;80
897;57
898;61
899;59
900;73
901;62
902;59
903;81
904;63
905;63
906;71
907;70
908;74
909;69
910;64
911;65
912;75
913;59
914;73
915;80
916;78
917;80
918;86
919;79
920;77
921;76
922;89
923;83
924;85
925;80
926;85
927;86
928;80
929;70
930;57
931;74
932;75
933;95
934;85
935;83
936;73
937;97
938;81
939;75
940;84
941;102
942;97
943;87
944;90
945;94
946;87
947;82
948;95
949;80
950;94
951;97
952;94
953;84
954;83
955;90
956;96
957;88
958;78
959;89
960;103
961;106
962;85
963;74
964;92
965;94
966;86
967;104
968;82
969;98
970;110
971;97
972;99
973;92
974;89
975;67
976;86
977;85
978;95
979;120
980;85
981;88
982;100
983;89
984;102
985;87
986;96
987;90
988;91
989;78
990;83
991;106
992;104
993;101
994;104
995;99
996;80
997;88
998;78
999;97
1000;100
1001;94
1002;106
1003;91
1004;100
1005;99
1006;106
1007;72
1008;106
1009;97
1010;88
1011;96
1012;105
1013;96
1014;115
1015;97
1016;88
1017;84
1018;100
1019;111
1020;114
1021;92
1022;96
1023;99
1024;124
1025;116
1026;80
1027;115
1028;113
1029;110
1030;116
1031;99
1032;86
1033;106
1034;114
1035;109
1036;94
1037;122
1038;108
1039;119
1040;111
1041;106
1042;112
1043;115
1044;106
1045;119
1046;106
1047;127
1048;96
1049;121
1050;125
1051;149
1052;128
1053;128
1054;130
1055;131
1056;136
1057;136
1058;139
1059;128
1060;131
1061;132
1062;129
1063;149
1064;152
1065;135
1066;145
1067;174
1068;148
1069;143
1070;157
1071;144
1072;150
1073;158
1074;153
1075;147
1076;149
1077;161
1078;168
1079;160
1080;178
1081;153
1082;190
1083;166
1084;180
1085;176
1086;207
1087;204
1088;184
1089;191
1090;185
1091;182
1092;207
1093;213
1094;220
1095;238
1096;223
1097;218
1098;234
1099;227
1100;227
1101;243
1102;240
1103;230
1104;232
1105;256
1106;255
1107;236
1108;232
1109;231
1110;246
1111;248
1112;280
1113;253
1114;281
1115;293
1116;267
1117;264
1118;270
1119;303
1120;306
1121;309
1122;305
1123;283
1124;344
1125;315
1126;304
1127;339
1128;316
1129;302
1130;338
1131;328
1132;356
1133;344
1134;316
1135;353
1136;345
1137;358
1138;366
1139;383
1140;354
1141;374
1142;395
1143;434
1144;401
1145;406
1146;394
1147;385
1148;405
1149;412
1150;405
1151;393
1152;407
1153;397
1154;451
1155;421
1156;414
1157;447
1158;431
1159;464
1160;458
1161;471
1162;449
1163;427
1164;449
1165;479
1166;472
1167;455
1168;507
1169;444
1170;530
1171;469
1172;469
1173;488
1174;480
1175;478
1176;489
1177;473
1178;478
1179;448
1180;511
1181;472
1182;463
1183;521
1184;498
1185;539
1186;504
1187;527
1188;516
1189;489
1190;495
1191;509
1192;469
1193;522
1194;490
1195;483
1196;517
1197;516
1198;485
1199;471
1200;508
1201;480
1202;478
1203;449
1204;470
1205;491
1206;460
1207;480
1208;446
1209;453
1210;494
1211;471
1212;443
1213;464
1214;447
1215;439
1216;483
1217;450
1218;419
1219;451
1220;419
1221;446
1222;428
1223;448
1224;469
1225;432
1226;455
1227;424
1228;423
1229;355
1230;381
1231;432
1232;395
1233;359
1234;361
1235;371
1236;384
1237;357
1238;358
1239;371
1240;330
1241;333
1242;318
1243;303
1244;329
1245;326
1246;300
1247;297
1248;293
1249;290
1250;306
1251;285
1252;281
1253;268
1254;264
1255;310
1256;243
1257;228
1258;255
1259;257
1260;258
1261;229
1262;223
1263;249
1264;212
1265;204
1266;209
1267;212
1268;177
1269;202
1270;177
1271;189
1272;171
1273;204
1274;169
1275;176
1276;169
1277;174
1278;173
1279;178
1280;148
1281;147
1282;181
1283;140
1284;133
1285;113
1286;131
1287;129
1288;115
1289;123
1290;122
1291;114
1292;99
1293;109
1294;122
1295;110
1296;108
1297;101
1298;91
1299;103
1300;81
1301;110
1302;110
1303;88
1304;84
1305;84
1306;73
1307;90
1308;91
1309;80
1310;83
1311;75
1312;75
1313;71
1314;67
1315;52
1316;75
1317;72
1318;57
1319;64
1320;64
1321;64
1322;63
1323;67
1324;56
1325;50
1326;48
1327;63
1328;63
1329;46
1330;44
1331;52
1332;58
1333;45
1334;43
1335;42
1336;45
1337;56
1338;52
1339;49
1340;48
1341;34
1342;51
1343;40
1344;46
1345;42
1346;55
1347;37
1348;42
1349;45
1350;45
1351;35
1352;39
1353;41
1354;42
1355;36
1356;50
1357;37
1358;29
1359;29
1360;32
1361;43
1362;31
1363;31
1364;43
1365;27
1366;33
1367;31
1368;40
1369;31
1370;44
1371;39
1372;31
1373;39
1374;30
1375;39
1376;40
1377;32
1378;41
1379;29
1380;41
1381;29
1382;41
1383;40
1384;37
1385;30
1386;35
1387;26
1388;34
1389;44
1390;37
1391;29
1392;35
1393;43
1394;29
1395;34
1396;36
1397;35
1398;35
1399;36
1400;27
1401;37
1402;36
1403;31
1404;27
1405;33
1406;32
1407;34
1408;24
1409;34
1410;38
1411;24
1412;35
1413;28
1414;40
1415;26
1416;36
1417;23
1418;38
1419;24
1420;29
1421;37
1422;50
1423;28
1424;35
1425;35
1426;30
1427;29
1428;23
1429;34
1430;36
1431;25
1432;37
1433;33
1434;32
1435;32
1436;36
1437;37
1438;25
1439;33
1440;30
1441;27
1442;34
1443;38
1444;30
1445;47
1446;32
1447;35
1448;30
1449;37
1450;40
1451;36
1452;31
1453;36
1454;37
1455;40
1456;33
1457;43
1458;31
1459;43
1460;34
1461;44
1462;48
1463;30
1464;41
1465;37
1466;36
1467;44
1468;42
1469;42
1470;40
1471;38
1472;44
1473;38
1474;36
1475;44
1476;36
1477;38
1478;29
1479;35
1480;48
1481;41
1482;38
1483;42
1484;25
1485;48
1486;37
1487;43
1488;42
1489;42
1490;33
1491;35
1492;48
1493;30
1494;43
1495;34
1496;53
1497;43
1498;44
1499;36
1500;44
1501;35
1502;48
1503;35
1504;32
1505;32
1506;41
1507;38
1508;37
1509;35
1510;31
1511;42
1512;23
1513;39
1514;32
1515;36
1516;45
1517;46
1518;59
1519;39
1520;40
1521;39
1522;27
1523;29
1524;55
1525;47
1526;51
1527;56
1528;42
1529;38
1530;33
1531;38
1532;53
1533;37
1534;48
1535;49
1536;48
1537;38
1538;46
1539;46
1540;47
1541;51
1542;36
1543;42
1544;41
1545;45
1546;50
1547;56
1548;54
1549;49
1550;56
1551;45
1552;44
1553;41
1554;49
1555;37
1556;51
1557;48
1558;43
1559;45
1560;41
1561;51
1562;34
1563;53
1564;41
1565;50
1566;57
1567;49
1568;53
1569;65
1570;54
1571;41
1572;49
1573;47
1574;47
1575;49
1576;56
1577;48
1578;54
1579;62
1580;53
1581;48
1582;49
1583;53
1584;43
1585;49
1586;47
1587;49
1588;49
1589;55
1590;63
1591;48
1592;55
1593;59
1594;59
1595;54
1596;56
1597;69
1598;71
1599;48
1600;52
1601;65
1602;65
1603;62
1604;57
1605;60
1606;61
1607;66
1608;46
1609;69
1610;64
1611;65
1612;64
1613;47
1614;71
1615;61
1616;78
1617;63
1618;75
1619;55
1620;65
1621;63
1622;68
1623;66
1624;66
1625;57
1626;66
1627;69
1628;56
1629;65
1630;60
1631;61
1632;83
1633;64
1634;77
1635;71
1636;59
1637;59
1638;68
1639;83
1640;78
1641;54
1642;91
1643;71
1644;89
1645;81
1646;72
1647;66
1648;58
1649;55
1650;85
1651;79
1652;71
1653;72
1654;94
1655;66
1656;77
1657;74
1658;74
1659;83
1660;81
1661;74
1662;87
1663;79
1664;56
1665;77
1666;59
1667;68
1668;73
1669;54
1670;57
1671;72
1672;71
1673;84
1674;76
1675;89
1676;70
1677;75
1678;79
1679;74
1680;85
1681;67
1682;63
1683;65
1684;62
1685;81
1686;64
1687;67
1688;82
1689;79
1690;94
1691;66
1692;78
1693;78
1694;71
1695;69
1696;75
1697;56
1698;71
1699;71
1700;89
1701;74
1702;72
1703;72
1704;68
1705;64
1706;48
1707;64
1708;75
1709;70
1710;59
1711;61
1712;62
1713;75
1714;60
1715;66
1716;55
1717;66
1718;66
1719;73
1720;66
1721;66
1722;74
1723;56
1724;80
1725;64
1726;57
1727;68
1728;61
1729;61
1730;73
1731;72
1732;57
1733;60
1734;61
1735;61
1736;61
1737;56
1738;74
1739;52
1740;49
1741;67
1742;74
1743;58
1744;45
1745;60
1746;53
1747;59
1748;53
1749;58
1750;49
1751;43
1752;59
1753;62
1754;56
1755;50
1756;48
1757;45
1758;45
1759;42
1760;46
1761;55
1762;48
1763;50
1764;45
1765;50
1766;48
1767;56
1768;50
1769;51
1770;39
1771;41
1772;48
1773;58
1774;38
1775;40
1776;42
1777;55
1778;39
1779;36
1780;49
1781;43
1782;46
1783;38
1784;60
1785;53
1786;47
1787;46
1788;43
1789;42
1790;37
1791;42
1792;37
1793;43
1794;51
1795;45
1796;35
1797;42
1798;40
1799;40
1800;44
1801;46
1802;45
1803;38
1804;44
1805;31
1806;34
1807;37
1808;33
1809;35
1810;44
1811;29
1812;31
1813;37
1814;31
1815;37
1816;31
1817;35
1818;31
1819;27
1820;35
1821;44
1822;34
1823;36
1824;39
1825;35
1826;35
1827;46
1828;49
1829;30
1830;41
1831;30
1832;33
1833;36
1834;44
1835;33
1836;32
1837;28
1838;34
1839;27
1840;30
1841;41
1842;29
1843;41
1844;25
1845;33
1846;41
1847;27
1848;40
1849;39
1850;42
1851;39
1852;25
1853;35
1854;25
1855;38
1856;49
1857;45
1858;21
1859;40
1860;41
1861;31
1862;38
1863;37
1864;34
1865;30
1866;21
1867;38
1868;33
1869;36
1870;38
1871;33
1872;42
1873;33
1874;31
1875;31
1876;26
1877;35
1878;42
1879;30
1880;30
1881;40
1882;29
1883;29
1884;32
1885;41
1886;40
1887;42
1888;32
1889;27
1890;26
1891;30
1892;31
1893;33
1894;37
1895;27
1896;42
1897;47
1898;43
1899;40
1900;39
1901;38
1902;41
1903;33
1904;33
1905;37
1906;35
1907;26
1908;36
1909;34
1910;38
1911;45
1912;28
1913;41
1914;34
1915;40
1916;34
1917;42
1918;33
1919;30
1920;33
1921;43
1922;31
1923;30
1924;36
1925;35
1926;36
1927;37
1928;39
1929;39
1930;28
1931;39
1932;39
1933;36
1934;34
1935;34
1936;35
1937;36
1938;30
1939;31
1940;46
1941;34
1942;42
1943;37
1944;52
1945;38
1946;30
1947;34
1948;45
1949;39
1950;34
1951;48
1952;41
1953;38
1954;42
1955;40
1956;39
1957;32
1958;43
1959;43
1960;34
1961;37
1962;42
1963;30
1964;48
1965;34
1966;30
1967;40
1968;30
1969;42
1970;38
1971;25
1972;48
1973;35
1974;39
1975;31
1976;35
1977;33
1978;48
1979;43
1980;35
1981;39
1982;36
1983;45
1984;40
1985;26
1986;52
1987;44
1988;43
1989;39
1990;37
1991;46
1992;37
1993;56
1994;51
1995;45
1996;39
1997;43
1998;50
1999;41
2000;37
2001;32
2002;43
2003;43
2004;43
2005;43
2006;37
2007;37
2008;43
2009;42
2010;53
2011;52
2012;42
2013;39
2014;48
2015;53
2016;43
2017;34
2018;44
2019;42
2020;44
2021;44
2022;36
2023;49
2024;44
2025;49
2026;41
2027;50
2028;44
2029;38
2030;54
2031;47
2032;47
2033;39
2034;39
2035;34
2036;42
2037;52
2038;41
2039;34
2040;39
2041;39
2042;38
2043;35
2044;50
2045;53
2046;42
2047;40
2048;44
2049;31
2050;38
2051;49
2052;42
2053;42
2054;50
2055;47
2056;53
2057;39
2058;43
2059;44
2060;45
2061;48
2062;40
2063;36
2064;52
2065;37
2066;48
2067;41
2068;55
2069;41
2070;49
2071;53
2072;60
2073;57
2074;50
2075;51
2076;45
2077;47
2078;40
2079;44
2080;45
2081;47
2082;52
2083;48
2084;42
2085;43
2086;45
2087;51
2088;44
2089;55
2090;42
2091;46
2092;55
2093;66
2094;72
2095;45
2096;54
2097;36
2098;52
2099;30
2100;47
2101;39
2102;54
2103;38
2104;51
2105;45
2106;52
2107;40
2108;51
2109;52
2110;42
2111;40
2112;52
2113;55
2114;44
2115;53
2116;52
2117;66
2118;52
2119;49
2120;52
2121;50
2122;52
2123;37
2124;49
2125;45
2126;46
2127;70
2128;55
2129;44
2130;55
2131;39
2132;69
2133;51
2134;57
2135;49
2136;50
2137;55
2138;52
2139;61
2140;53
2141;63
2142;47
2143;49
2144;53
2145;52
2146;58
2147;36
2148;53
2149;43
2150;54
2151;39
2152;35
2153;45
2154;51
2155;50
2156;52
2157;50
2158;51
2159;38
2160;56
2161;52
2162;59
2163;55
2164;49
2165;58
2166;59
2167;54
2168;52
2169;60
2170;46
2171;49
2172;44
2173;53
2174;56
2175;52
2176;45
2177;48
2178;40
2179;49
2180;72
2181;51
2182;48
2183;59
2184;56
2185;63
2186;48
2187;61
2188;54
2189;46
2190;48
2191;58
2192;43
2193;56
2194;50
2195;46
2196;58
2197;51
2198;46
2199;53
2200;45
2201;44
2202;48
2203;54
2204;49
2205;55
2206;46
2207;37
2208;51
2209;39
2210;56
2211;50
2212;54
2213;62
2214;61
2215;50
2216;56
2217;56
2218;50
2219;56
2220;55
2221;59
2222;52
2223;47
2224;70
2225;50
2226;44
2227;53
2228;43
2229;59
2230;43
2231;62
2232;51
2233;54
2234;51
2235;58
2236;43
2237;70
2238;57
2239;59
2240;51
2241;40
2242;58
2243;40
2244;42
2245;53
2246;41
2247;56
2248;63
2249;48
2250;50
2251;44
2252;56
2253;47
2254;49
2255;54
2256;45
2257;52
2258;48
2259;53
2260;41
2261;51
2262;55
2263;53
2264;53
2265;55
2266;42
2267;58
2268;54
2269;60
2270;53
2271;44
2272;66
2273;56
2274;48
2275;40
2276;41
2277;48
2278;47
2279;57
2280;52
2281;38
2282;47
2283;56
2284;55
2285;59
2286;46
2287;62
2288;51
2289;46
2290;39
2291;59
2292;42
2293;41
2294;56
2295;36
2296;55
2297;56
2298;48
2299;56
2300;52
2301;54
2302;34
2303;53
2304;56
2305;51
2306;61
2307;41
2308;54
2309;47
2310;48
2311;64
2312;46
2313;44
2314;44
2315;47
2316;52
2317;48
2318;45
2319;44
2320;44
2321;55
2322;37
2323;47
2324;47
2325;49
2326;54
2327;57
2328;59
2329;51
2330;49
2331;47
2332;45
2333;46
2334;60
2335;58
2336;57
2337;53
2338;38
2339;52
2340;51
2341;48
2342;45
2343;45
2344;42
2345;48
2346;51
2347;51
2348;51
2349;57
2350;41
2351;49
2352;52
2353;36
2354;34
2355;49
2356;40
2357;37
2358;49
2359;43
2360;46
2361;34
2362;44
2363;41
2364;42
2365;43
2366;50
2367;45
2368;33
2369;52
2370;32
2371;48
2372;58
2373;39
2374;49
2375;48
2376;48
2377;51
2378;49
2379;44
2380;49
2381;54
2382;39
2383;53
2384;45
2385;50
2386;55
2387;41
2388;44
2389;50
2390;37
2391;60
2392;46
2393;40
2394;42
2395;36
2396;37
2397;38
2398;40
2399;43
2400;46
2401;41
2402;55
2403;50
2404;48
2405;46
2406;31
2407;42
2408;47
2409;44
2410;41
2411;33
2412;42
2413;43
2414;42
2415;57
2416;40
2417;44
2418;48
2419;37
2420;45
2421;33
2422;38
2423;54
2424;48
2425;31
2426;44
2427;42
2428;37
2429;43
2430;56
2431;50
2432;47
2433;45
2434;44
2435;34
2436;42
2437;39
2438;37
2439;41
2440;51
2441;48
2442;36
2443;32
2444;33
2445;52
2446;38
2447;29
2448;36
2449;41
2450;33
2451;41
2452;50
2453;35
2454;28
2455;31
2456;41
2457;42
2458;35
2459;45
2460;40
2461;34
2462;46
2463;28
2464;24
2465;38
2466;46
2467;42
2468;27
2469;42
2470;48
2471;37
2472;43
2473;30
2474;45
2475;26
2476;43
2477;40
2478;40
2479;45
2480;39
2481;45
2482;44
2483;28
2484;41
2485;28
2486;27
2487;47
2488;33
2489;35
2490;34
2491;41
2492;48
2493;37
2494;34
2495;48
2496;38
2497;39
2498;36
2499;50
2500;35
2501;44
2502;35
2503;48
2504;35
2505;30
2506;46
2507;36
2508;40
2509;27
2510;40
2511;38
2512;42
2513;43
2514;41
2515;33
2516;37
2517;45
2518;31
2519;39
2520;40
2521;40
2522;29
2523;35
2524;30
2525;39
2526;37
2527;32
2528;42
2529;33
2530;27
2531;44
2532;47
2533;37
2534;40
2535;39
2536;41
2537;35
2538;30
2539;35
2540;37
2541;32
2542;42
2543;42
2544;21
2545;29
2546;32
2547;30
2548;40
2549;39
2550;36
2551;29
2552;38
2553;26
2554;30
2555;43
2556;41
2557;46
2558;41
2559;44
2560;30
2561;32
2562;36
2563;27
2564;47
2565;31
2566;38
2567;23
2568;35
2569;42
2570;43
2571;23
2572;37
2573;42
2574;31
2575;43
2576;25
2577;37
2578;28
2579;34
2580;29
2581;28
2582;40
2583;33
2584;37
2585;30
2586;26
2587;40
2588;31
2589;32
2590;31
2591;46
2592;45
2593;23
2594;33
2595;30
2596;50
2597;37
2598;31
2599;44
2600;48
2601;42
2602;30
2603;23
2604;42
2605;27
2606;34
2607;32
2608;36
2609;38
2610;34
2611;38
2612;35
2613;41
2614;32
2615;39
2616;34
2617;34
2618;31
2619;36
2620;28
2621;30
2622;37
2623;29
2624;39
2625;29
2626;44
2627;28
2628;35
2629;45
2630;34
2631;29
2632;35
2633;32
2634;31
2635;27
2636;36
2637;25
2638;42
2639;26
2640;24
2641;31
2642;33
2643;36
2644;38
2645;27
2646;20
2647;33
2648;25
2649;30
2650;34
2651;24
2652;33
2653;24
2654;37
2655;31
2656;50
2657;30
2658;33
2659;27
2660;39
2661;39
2662;30
2663;32
2664;27
2665;34
2666;31
2667;28
2668;35
2669;30
2670;33
2671;24
2672;37
2673;23
2674;30
2675;34
2676;30
2677;30
2678;33
2679;26
2680;27
2681;27
2682;24
2683;42
2684;31
2685;35
2686;35
2687;42
2688;35
2689;26
2690;32
2691;42
2692;34
2693;31
2694;32
2695;21
2696;32
2697;39
2698;27
2699;28
2700;26
2701;31
2702;37
2703;24
2704;21
2705;33
2706;26
2707;31
2708;33
2709;24
2710;31
2711;18
2712;31
2713;41
2714;33
2715;36
2716;29
2717;37
2718;24
2719;24
2720;32
2721;32
2722;28
2723;22
2724;30
2725;35
2726;25
2727;28
2728;29
2729;37
2730;26
2731;41
2732;31
2733;37
2734;16
2735;29
2736;36
2737;14
2738;35
2739;27
2740;24
2741;22
2742;33
2743;32
2744;29
2745;38
2746;33
2747;30
2748;33
2749;29
2750;22
2751;33
2752;26
2753;37
2754;31
2755;34
2756;22
2757;28
2758;25
2759;24
2760;27
2761;30
2762;36
2763;33
2764;28
2765;29
2766;37
2767;34
2768;35
2769;26
2770;36
2771;28
2772;23
2773;27
2774;19
2775;28
2776;36
2777;35
2778;24
2779;19
2780;23
2781;31
2782;27
2783;30
2784;27
2785;28
2786;30
2787;36
2788;20
2789;26
2790;26
2791;30
2792;32
2793;18
2794;29
2795;14
2796;28
2797;39
2798;28
2799;27
2800;30
2801;32
2802;28
2803;29
2804;27
2805;26
2806;21
2807;30
2808;28
2809;26
2810;26
2811;31
2812;21
2813;18
2814;26
2815;28
2816;26
2817;23
2818;28
2819;34
2820;32
2821;22
2822;25
2823;30
2824;29
2825;24
2826;22
2827;24
2828;26
2829;21
2830;25
2831;20
2832;30
2833;23
2834;31
2835;28
2836;24
2837;24
2838;30
2839;22
2840;27
2841;18
2842;20
2843;15
2844;31
2845;22
2846;31
2847;29
2848;24
2849;34
2850;27
2851;24
2852;27
2853;30
2854;21
2855;27
2856;32
2857;26
2858;19
2859;29
2860;17
2861;19
2862;24
2863;32
2864;23
2865;25
2866;45
2867;24
2868;28
2869;24
2870;25
2871;29
2872;32
2873;20
2874;36
2875;26
2876;25
2877;27
2878;26
2879;23
2880;29
2881;17
2882;23
2883;19
2884;23
2885;23
2886;16
2887;28
2888;20
2889;27
2890;27
2891;25
2892;33
2893;30
2894;23
2895;35
2896;28
2897;27
2898;27
2899;26
2900;16
2901;23
2902;21
2903;21
2904;18
2905;25
2906;28
2907;30
2908;31
2909;19
2910;35
2911;21
2912;28
2913;23
2914;14
2915;22
2916;26
2917;27
2918;20
2919;19
2920;21
2921;24
2922;26
2923;31
2924;27
2925;21
2926;24
2927;19
2928;14
2929;24
2930;29
2931;27
2932;27
2933;16
2934;26
2935;28
2936;23
2937;28
2938;28
2939;25
2940;20
2941;21
2942;24
2943;28
2944;15
2945;32
2946;26
2947;25
2948;22
2949;20
2950;25
2951;23
2952;17
2953;26
2954;17
2955;17
2956;19
2957;14
2958;24
2959;28
2960;11
2961;19
2962;20
2963;15
2964;20
2965;28
2966;25
2967;20
2968;23
2969;19
2970;22
2971;14
2972;23
2973;28
2974;16
2975;29
2976;16
2977;22
2978;18
2979;17
2980;23
2981;28
2982;29
2983;29
2984;25
2985;22
2986;24
2987;17
2988;15
2989;23
2990;18
2991;31
2992;18
2993;25
2994;19
2995;25
2996;19
2997;19
2998;22
2999;23
3000;26
3001;20
3002;22
3003;17
3004;20
3005;18
3006;23
3007;21
3008;21
3009;26
3010;21
3011;27
3012;18
3013;14
3014;21
3015;14
3016;28
3017;24
3018;25
3019;16
3020;23
3021;25
3022;20
3023;18
3024;16
3025;21
3026;23
3027;26
3028;18
3029;12
3030;29
3031;20
3032;19
3033;17
3034;13
3035;17
3036;20
3037;28
3038;20
3039;14
3040;16
3041;19
3042;31
3043;19
3044;22
3045;21
3046;19
3047;12
3048;22
3049;24
3050;15
3051;24
3052;26
3053;21
3054;16
3055;17
3056;24
3057;22
3058;19
3059;24
3060;21
3061;18
3062;20
3063;15
3064;19
3065;16
3066;16
3067;24
3068;23
3069;32
3070;15
3071;19
3072;14
3073;24
3074;15
3075;21
3076;26
3077;27
3078;21
3079;18
3080;10
3081;19
3082;17
3083;31
3084;25
3085;22
3086;17
3087;18
3088;18
3089;22
3090;16
3091;23
3092;36
3093;22
3094;21
3095;26
3096;17
3097;13
3098;26
3099;17
3100;22
3101;23
3102;23
3103;19
3104;24
3105;28
3106;19
3107;13
3108;20
3109;20
3110;29
3111;19
3112;24
3113;16
3114;22
3115;12
3116;20
3117;21
3118;30
3119;15
3120;15
3121;19
3122;19
3123;16
3124;24
3125;17
3126;20
3127;23
3128;21
3129;25
3130;18
3131;15
3132;23
3133;23
3134;16
3135;23
3136;25
3137;14
3138;19
3139;22
3140;21
3141;24
3142;24
3143;16
3144;22
3145;19
3146;23
3147;20
3148;20
3149;29
3150;19
3151;19
3152;20
3153;22
3154;16
3155;21
3156;26
3157;23
3158;11
3159;20
3160;19
3161;28
3162;17
3163;16
3164;11
3165;21
3166;21
3167;14
3168;18
3169;27
3170;21
3171;20
3172;24
3173;26
3174;22
3175;19
3176;18
3177;23
3178;25
3179;24
3180;28
3181;23
3182;13
3183;17
3184;24
3185;18
3186;13
3187;18
3188;15
3189;10
3190;14
3191;21
3192;20
3193;16
3194;23
3195;17
3196;18
3197;19
3198;15
3199;18
3200;18
3201;20
3202;20
3203;19
3204;18
3205;31
3206;18
3207;19
3208;18
3209;22
3210;20
3211;23
3212;24
3213;16
3214;20
3215;18
3216;24
3217;17
3218;18
3219;12
3220;18
3221;16
3222;22
3223;19
3224;17
3225;16
3226;20
3227;30
3228;22
3229;20
3230;12
3231;17
3232;23
3233;31
3234;17
3235;17
3236;17
3237;16
3238;24
3239;11
3240;18
3241;13
3242;17
3243;23
3244;20
3245;14
3246;15
3247;12
3248;14
3249;21
3250;20
3251;16
3252;23
3253;21
3254;20
3255;19
3256;15
3257;16
3258;17
3259;19
3260;12
3261;17
3262;17
3263;24
3264;19
3265;29
3266;16
3267;18
3268;20
3269;23
3270;13
3271;15
3272;21
3273;15
3274;13
3275;14
3276;17
3277;21
3278;25
3279;18
3280;24
3281;13
3282;21
3283;18
3284;17
3285;17
3286;17
3287;19
3288;24
3289;20
3290;18
3291;16
3292;21
3293;16
3294;18
3295;13
3296;19
3297;19
3298;20
3299;17
3300;13
3301;12
3302;20
3303;13
3304;20
3305;23
3306;22
3307;16
3308;22
3309;13
3310;12
3311;15
3312;19
3313;11
3314;16
3315;16
3316;20
3317;14
3318;18
3319;25
3320;9
3321;16
3322;14
3323;17
3324;22
3325;21
3326;10
3327;16
3328;16
3329;14
3330;20
3331;19
3332;16
3333;15
3334;10
3335;21
3336;16
3337;19
3338;18
3339;20
3340;15
3341;10
3342;21
3343;21
3344;20
3345;20
3346;13
3347;21
3348;27
3349;25
3350;19
3351;17
3352;18
3353;16
3354;16
3355;11
3356;18
3357;13
3358;26
3359;20
3360;20
3361;14
3362;19
3363;14
3364;17
3365;17
3366;17
3367;16
3368;17
3369;16
3370;24
3371;16
3372;13
3373;22
3374;13
3375;20
3376;14
3377;13
3378;23
3379;15
3380;18
3381;16
3382;12
3383;10
3384;18
3385;15
3386;15
3387;22
3388;18
3389;15
3390;16
3391;15
3392;19
3393;11
3394;16
3395;18
3396;10
3397;13
3398;15
3399;14
3400;23
3401;15
3402;19
3403;19
3404;15
3405;23
3406;12
3407;18
3408;19
3409;18
3410;7
3411;17
3412;17
3413;11
3414;15
3415;20
3416;17
3417;16
3418;11
3419;17
3420;13
3421;18
3422;13
3423;10
3424;15
3425;10
3426;15
3427;13
3428;20
3429;15
3430;19
3431;17
3432;15
3433;23
3434;18
3435;14
3436;14
3437;21
3438;11
3439;15
3440;15
3441;17
3442;19
3443;16
3444;21
3445;19
3446;19
3447;15
3448;20
3449;17
3450;23
3451;16
3452;13
3453;18
3454;34
3455;20
3456;14
3457;19
3458;17
3459;14
3460;22
3461;13
3462;14
3463;21
3464;17
3465;19
3466;15
3467;19
3468;16
3469;15
3470;29
3471;18
3472;19
3473;14
3474;25
3475;17
3476;20
3477;28
3478;13
3479;9
3480;24
3481;16
3482;22
3483;11
3484;15
3485;20
3486;12
3487;20
3488;15
3489;15
3490;17
3491;24
3492;22
3493;16
3494;20
3495;19
3496;21
3497;24
3498;25
3499;16
3500;12
3501;18
3502;19
3503;14
3504;18
3505;14
3506;18
3507;17
3508;21
3509;12
3510;21
3511;26
3512;23
3513;23
3514;16
3515;18
3516;19
3517;19
3518;19
3519;15
3520;20
3521;15
3522;19
3523;19
3524;17
3525;18
3526;20
3527;16
3528;17
3529;14
3530;17
3531;20
3532;18
3533;13
3534;17
3535;17
3536;12
3537;16
3538;14
3539;24
3540;25
3541;13
3542;15
3543;21
3544;19
3545;24
3546;27
3547;12
3548;20
3549;18
3550;25
3551;19
3552;25
3553;19
3554;17
3555;18
3556;21
3557;18
3558;22
3559;22
3560;22
3561;15
3562;25
3563;31
3564;22
3565;21
3566;16
3567;19
3568;21
3569;21
3570;17
3571;18
3572;15
3573;23
3574;15
3575;18
3576;32
3577;23
3578;19
3579;20
3580;14
3581;23
3582;18
3583;17
3584;26
3585;19
3586;27
3587;13
3588;28
3589;21
3590;17
3591;24
3592;21
3593;19
3594;18
3595;20
3596;27
3597;20
3598;17
3599;19
3600;14
3601;18
3602;14
3603;14
3604;14
3605;22
3606;22
3607;29
3608;24
3609;24
3610;24
3611;25
3612;14
3613;30
3614;25
3615;37
3616;27
3617;19
3618;35
3619;20
3620;35
3621;14
3622;27
3623;19
3624;21
3625;28
3626;27
3627;21
3628;21
3629;28
3630;21
3631;35
3632;23
3633;23
3634;21
3635;27
3636;31
3637;22
3638;32
3639;39
3640;22
3641;30
3642;20
3643;31
3644;27
3645;13
3646;14
3647;19
3648;21
3649;23
3650;25
3651;31
3652;18
3653;23
3654;34
3655;28
3656;34
3657;24
3658;37
3659;35
3660;24
3661;12
3662;38
3663;28
3664;30
3665;27
3666;26
3667;36
3668;27
3669;30
3670;34
3671;41
3672;24
3673;32
3674;24
3675;27
3676;40
3677;42
3678;32
3679;25
3680;32
3681;26
3682;24
3683;35
3684;31
3685;36
3686;48
3687;23
3688;28
3689;30
3690;31
3691;43
3692;29
3693;36
3694;25
3695;29
3696;30
3697;39
3698;28
3699;30
3700;37
3701;30
3702;32
3703;32
3704;29
3705;32
3706;41
3707;29
3708;31
3709;19
3710;29
3711;35
3712;22
3713;32
3714;35
3715;45
3716;34
3717;42
3718;32
3719;34
3720;35
3721;26
3722;37
3723;30
3724;37
3725;21
3726;27
3727;37
3728;34
3729;24
3730;33
3731;26
3732;26
3733;44
3734;38
3735;30
3736;30
3737;40
3738;31
3739;25
3740;24
3741;28
3742;26
3743;35
3744;21
3745;30
3746;38
3747;31
3748;40
3749;30
3750;36
3751;41
3752;26
3753;48
3754;38
3755;28
3756;43
3757;44
3758;36
3759;26
3760;46
3761;38
3762;37
3763;36
3764;36
3765;47
3766;32
3767;29
3768;41
3769;36
3770;38
3771;41
3772;46
3773;33
3774;37
3775;32
3776;43
3777;42
3778;44
3779;36
3780;40
3781;36
3782;39
3783;36
3784;39
3785;35
3786;29
3787;34
3788;45
3789;51
3790;42
3791;39
3792;41
3793;45
3794;43
3795;27
3796;39
3797;41
3798;50
3799;29
3800;44
3801;46
3802;39
3803;31
3804;37
3805;38
3806;33
3807;34
3808;31
3809;50
3810;33
3811;40
3812;41
3813;48
3814;32
3815;38
3816;36
3817;37
3818;34
3819;43
3820;35
3821;44
3822;30
3823;31
3824;42
3825;33
3826;47
3827;28
3828;47
3829;45
3830;43
3831;45
3832;34
3833;32
3834;35
3835;43
3836;21
3837;31
3838;42
3839;40
3840;44
3841;37
3842;49
3843;31
3844;41
3845;42
3846;33
3847;42
3848;40
3849;47
3850;43
3851;42
3852;34
3853;43
3854;37
3855;33
3856;40
3857;36
3858;44
3859;39
3860;43
3861;49
3862;50
3863;39
3864;39
3865;31
3866;45
3867;34
3868;44
3869;46
3870;42
3871;45
3872;43
3873;50
3874;43
3875;36
3876;52
3877;40
3878;34
3879;57
3880;38
3881;39
3882;54
3883;39
3884;46
3885;37
3886;41
3887;49
3888;35
3889;43
3890;37
3891;33
3892;42
3893;38
3894;41
3895;44
3896;44
3897;44
3898;40
3899;37
3900;42
3901;36
3902;43
3903;50
3904;37
3905;46
3906;46
3907;39
3908;44
3909;43
3910;44
3911;41
3912;33
3913;34
3914;47
3915;36
3916;41
3917;47
3918;35
3919;47
3920;39
3921;50
3922;39
3923;49
3924;46
3925;58
3926;50
3927;30
3928;54
3929;47
3930;49
3931;49
3932;50
3933;47
3934;51
3935;42
3936;44
3937;45
3938;75
3939;44
3940;40
3941;66
3942;43
3943;43
3944;43
3945;43
3946;44
3947;53
3948;35
3949;37
3950;54
3951;57
3952;47
3953;51
3954;51
3955;42
3956;38
3957;49
3958;55
3959;48
3960;46
3961;40
3962;59
3963;48
3964;49
3965;42
3966;53
3967;42
3968;59
3969;43
3970;58
3971;35
3972;59
3973;44
3974;53
3975;46
3976;39
3977;56
3978;41
3979;68
3980;55
3981;56
3982;59
3983;47
3984;51
3985;49
3986;58
3987;48
3988;50
3989;63
3990;58
3991;55
3992;62
3993;55
3994;44
3995;52
3996;53
3997;48
3998;66
3999;59
4000;59
4001;47
4002;40
4003;63
4004;46
4005;44
4006;43
4007;46
4008;67
4009;53
4010;52
4011;45
4012;63
4013;46
4014;53
4015;39
4016;53
4017;64
4018;52
4019;58
4020;57
4021;54
4022;57
4023;57
4024;58
4025;53
4026;49
4027;57
4028;58
4029;61
4030;53
4031;63
4032;46
4033;49
4034;36
4035;47
4036;61
4037;59
4038;57
4039;68
4040;47
4041;61
4042;60
4043;74
4044;43
4045;56
4046;58
4047;52
4048;51
4049;63
4050;54
4051;50
4052;51
4053;64
4054;54
4055;51
4056;57
4057;48
4058;60
4059;63
4060;49
4061;50
4062;54
4063;63
4064;57
4065;49
4066;66
4067;63
4068;73
4069;66
4070;63
4071;52
4072;55
4073;60
4074;63
4075;66
4076;59
4077;70
4078;48
4079;63
4080;60
4081;56
4082;54
4083;70
4084;69
4085;54
4086;58
4087;60
4088;72
4089;57
4090;73
4091;62
4092;64
4093;72
4094;70
4095;77
4096;65
4097;69
4098;63
4099;65
4100;73
4101;64
4102;60
4103;71
4104;60
4105;63
4106;61
4107;70
4108;75
4109;68
4110;69
4111;65
4112;71
4113;73
4114;76
4115;55
4116;62
4117;71
4118;65
4119;54
4120;79
4121;73
4122;61
4123;64
4124;55
4125;73
4126;73
4127;64
4128;80
4129;69
4130;70
4131;62
4132;66
4133;66
4134;78
4135;59
4136;56
4137;68
4138;59
4139;73
4140;69
4141;84
4142;72
4143;68
4144;63
4145;69
4146;60
4147;64
4148;63
4149;62
4150;68
4151;53
4152;72
4153;78
4154;70
4155;62
4156;72
4157;73
4158;65
4159;61
4160;59
4161;69
4162;55
4163;66
4164;68
4165;88
4166;61
4167;68
4168;67
4169;73
4170;88
4171;56
4172;63
4173;59
4174;63
4175;72
4176;76
4177;68
4178;65
4179;78
4180;65
4181;58
4182;75
4183;50
4184;71
4185;69
4186;71
4187;79
4188;79
4189;68
4190;64
4191;77
4192;60
4193;61
4194;66
4195;79
4196;65
4197;57
4198;76
4199;81
4200;76
4201;63
4202;77
4203;69
4204;67
4205;68
4206;79
4207;64
4208;65
4209;65
4210;69
4211;63
4212;64
4213;64
4214;60
4215;73
4216;66
4217;80
4218;63
4219;67
4220;62
4221;58
4222;65
4223;72
4224;56
4225;66
4226;65
4227;60
4228;78
4229;64
4230;69
4231;79
4232;66
4233;66
4234;59
4235;61
4236;48
4237;73
4238;61
4239;59
4240;76
4241;66
4242;59
4243;66
4244;64
4245;60
4246;67
4247;51
4248;55
4249;63
4250;61
4251;64
4252;55
4253;65
4254;64
4255;58
4256;59
4257;68
4258;72
4259;53
4260;69
4261;61
4262;58
4263;66
4264;56
4265;53
4266;56
4267;54
4268;64
4269;58
4270;59
4271;60
4272;59
4273;61
4274;60
4275;62
4276;59
4277;53
4278;61
4279;64
4280;63
4281;33
4282;56
4283;55
4284;51
4285;59
4286;60
4287;58
4288;73
4289;60
4290;66
4291;50
4292;51
4293;52
4294;47
4295;38
4296;50
4297;57
4298;55
4299;56
4300;51
4301;55
4302;51
4303;46
4304;66
4305;50
4306;58
4307;58
4308;46
4309;54
4310;51
4311;46
4312;45
4313;42
4314;49
4315;60
4316;53
4317;49
4318;51
4319;45
4320;46
4321;40
4322;53
4323;53
4324;57
4325;44
4326;50
4327;61
4328;50
4329;39
4330;50
4331;45
4332;41
4333;56
4334;50
4335;47
4336;48
4337;35
4338;56
4339;51
4340;55
4341;50
4342;35
4343;43
4344;55
4345;43
4346;36
4347;52
4348;48
4349;45
4350;61
4351;54
4352;44
4353;50
4354;50
4355;44
4356;34
4357;42
4358;51
4359;33
4360;48
4361;67
4362;42
4363;55
4364;48
4365;47
4366;39
4367;39
4368;40
4369;34
4370;34
4371;48
4372;41
4373;39
4374;53
4375;41
4376;32
4377;41
4378;36
4379;38
4380;34
4381;33
4382;38
4383;49
4384;45
4385;35
4386;30
4387;38
4388;39
4389;31
4390;28
4391;47
4392;50
4393;48
4394;43
4395;27
4396;37
4397;32
4398;40
4399;35
4400;47
4401;41
4402;32
4403;43
4404;31
4405;29
4406;36
4407;37
4408;36
4409;32
4410;33
4411;39
4412;37
4413;37
4414;36
4415;26
4416;35
4417;41
4418;38
4419;27
4420;38
4421;42
4422;31
4423;36
4424;35
4425;34
4426;41
4427;41
4428;38
4429;34
4430;39
4431;39
4432;31
4433;36
4434;30
4435;33
4436;36
4437;33
4438;31
4439;39
4440;36
4441;30
4442;29
4443;44
4444;31
4445;32
4446;37
4447;28
4448;34
4449;31
4450;38
4451;34
4452;34
4453;37
4454;39
4455;37
4456;38
4457;39
4458;43
4459;30
4460;35
4461;47
4462;38
4463;36
4464;33
4465;35
4466;36
4467;32
4468;26
4469;35
4470;38
4471;42
4472;40
4473;36
4474;47
4475;38
4476;43
4477;32
4478;25
4479;38
4480;45
4481;40
4482;40
4483;53
4484;35
4485;44
4486;44
4487;34
4488;45
4489;46
4490;33
4491;33
4492;40
4493;48
4494;48
4495;36
4496;24
4497;40
4498;35
4499;35
4500;41
4501;41
4502;39
4503;32
4504;42
4505;42
4506;40
4507;46
4508;41
4509;35
4510;46
4511;34
4512;39
4513;51
4514;39
4515;47
4516;41
4517;47
4518;48
4519;48
4520;40
4521;49
4522;35
4523;39
4524;55
4525;46
4526;46
4527;57
4528;37
4529;48
4530;48
4531;42
4532;38
4533;32
4534;40
4535;46
4536;43
4537;35
4538;50
4539;53
4540;39
4541;47
4542;41
4543;38
4544;30
4545;52
4546;48
4547;44
4548;37
4549;42
4550;43
4551;67
4552;44
4553;54
4554;57
4555;52
4556;52
4557;46
4558;44
4559;53
4560;42
4561;53
4562;64
4563;55
4564;50
4565;52
4566;61
4567;56
4568;58
4569;56
4570;58
4571;66
4572;63
4573;72
4574;52
4575;63
4576;82
4577;60
4578;68
4579;61
4580;68
4581;45
4582;68
4583;63
4584;46
4585;57
4586;50
4587;58
4588;64
4589;64
4590;50
4591;66
4592;63
4593;78
4594;60
4595;59
4596;71
4597;71
4598;53
4599;57
4600;86
4601;64
4602;77
4603;58
4604;72
4605;67
4606;73
4607;58
4608;75
4609;71
4610;49
4611;79
4612;75
4613;61
4614;69
4615;68
4616;70
4617;63
4618;62
4619;79
4620;61
4621;68
4622;76
4623;71
4624;83
4625;69
4626;81
4627;69
4628;87
4629;87
4630;79
4631;65
4632;78
4633;66
4634;79
4635;80
4636;84
4637;75
4638;81
4639;85
4640;72
4641;97
4642;91
4643;76
4644;109
4645;86
4646;70
4647;97
4648;79
4649;80
4650;89
4651;80
4652;78
4653;74
4654;96
4655;82
4656;94
4657;78
4658;93
4659;77
4660;85
4661;87
4662;102
4663;82
4664;77
4665;97
4666;104
4667;94
4668;86
4669;110
4670;89
4671;93
4672;94
4673;112
4674;98
4675;87
4676;94
4677;98
4678;90
4679;101
4680;113
4681;100
4682;94
4683;106
4684;105
4685;110
4686;100
4687;93
4688;96
4689;98
4690;102
4691;121
4692;117
4693;91
4694;92
4695;96
4696;127
4697;106
4698;110
4699;114
4700;137
4701;100
4702;100
4703;118
4704;117
4705;131
4706;113
4707;122
4708;111
4709;108
4710;107
4711;125
4712;114
4713;112
4714;111
4715;127
4716;111
4717;127
4718;137
4719;122
4720;109
4721;121
4722;139
4723;111
4724;122
4725;138
4726;136
4727;112
4728;115
4729;118
4730;152
4731;121
4732;124
4733;120
4734;118
4735;134
4736;136
4737;114
4738;126
4739;142
4740;127
4741;131
4742;130
4743;135
4744;124
4745;140
4746;119
4747;125
4748;139
4749;124
4750;129
4751;145
4752;128
4753;145
4754;129
4755;114
4756;128
4757;125
4758;147
4759;115
4760;132
4761;126
4762;156
4763;125
4764;126
4765;141
4766;132
4767;127
4768;143
4769;134
4770;139
4771;152
4772;130
4773;174
4774;157
4775;130
4776;155
4777;143
4778;126
4779;142
4780;149
4781;130
4782;156
4783;115
4784;136
4785;157
4786;142
4787;143
4788;160
4789;168
4790;159
4791;165
4792;156
4793;160
4794;132
4795;151
4796;175
4797;143
4798;138
4799;165
4800;140
4801;159
4802;126
4803;157
4804;160
4805;174
4806;146
4807;186
4808;160
4809;151
4810;146
4811;164
4812;160
4813;165
4814;167
4815;176
4816;161
4817;165
4818;133
4819;150
4820;162
4821;167
4822;184
4823;166
4824;176
4825;165
4826;173
4827;165
4828;146
4829;149
4830;173
4831;157
4832;177
4833;177
4834;176
4835;140
4836;161
4837;155
4838;167
4839;160
4840;136
4841;183
4842;191
4843;167
4844;177
4845;174
4846;161
4847;158
4848;169
4849;175
4850;169
4851;190
4852;163
4853;126
4854;165
4855;175
4856;162
4857;161
4858;160
4859;151
4860;175
4861;139
4862;151
4863;151
4864;180
4865;165
4866;168
4867;135
4868;164
4869;205
4870;164
4871;181
4872;159
4873;164
4874;162
4875;160
4876;166
4877;153
4878;180
4879;163
4880;175
4881;164
4882;160
4883;179
4884;163
4885;182
4886;157
4887;146
4888;161
4889;132
4890;179
4891;156
4892;158
4893;201
4894;175
4895;173
4896;166
4897;154
4898;179
4899;173
4900;167
4901;160
4902;179
4903;186
4904;186
4905;186
4906;167
4907;176
4908;174
4909;162
4910;161
4911;157
4912;179
4913;161
4914;160
4915;179
4916;143
4917;171
4918;177
4919;146
4920;142
4921;183
4922;132
4923;180
4924;187
4925;173
4926;171
4927;166
4928;167
4929;175
4930;155
4931;178
4932;162
4933;159
4934;160
4935;189
4936;125
4937;166
4938;139
4939;141
4940;168
4941;167
4942;177
4943;170
4944;167
4945;161
4946;174
4947;172
4948;181
4949;178
4950;164
4951;158
4952;166
4953;142
4954;158
4955;153
4956;145
4957;145
4958;170
4959;169
4960;170
4961;167
4962;171
4963;152
4964;166
4965;146
4966;145
4967;153
4968;138
4969;164
4970;163
4971;170
4972;170
4973;144
4974;160
4975;153
4976;181
4977;125
4978;170
4979;145
4980;134
4981;154
4982;142
4983;168
4984;150
4985;158
4986;166
4987;145
4988;167
4989;150
4990;145
4991;134
4992;168
4993;146
4994;151
4995;135
4996;160
4997;132
4998;137
4999;149
5000;144
5001;149
5002;168
5003;168
5004;155
5005;132
5006;158
5007;143
5008;149
5009;128
5010;148
5011;125
5012;128
5013;133
5014;152
5015;138
5016;125
5017;136
5018;143
5019;147
5020;153
5021;131
5022;118
5023;140
5024;134
5025;126
5026;145
5027;143
5028;118
5029;142
5030;146
5031;113
5032;139
5033;127
5034;130
5035;132
5036;136
5037;130
5038;109
5039;125
5040;133
5041;144
5042;120
5043;137
5044;144
5045;112
5046;138
5047;114
5048;135
5049;128
5050;130
5051;111
5052;105
5053;125
5054;127
5055;130
5056;119
5057;117
5058;117
5059;129
5060;137
5061;138
5062;137
5063;130
5064;118
5065;131
5066;111
5067;120
5068;102
5069;129
5070;108
5071;130
5072;111
5073;118
5074;110
5075;117
5076;115
5077;107
5078;106
5079;96
5080;125
5081;113
5082;116
5083;110
5084;115
5085;111
5086;108
5087;110
5088;115
5089;112
5090;102
5091;109
5092;99
5093;125
5094;105
5095;98
5096;90
5097;107
5098;110
5099;110
5100;116
5101;116
5102;86
5103;97
5104;99
5105;111
5106;109
5107;104
5108;97
5109;88
5110;112
5111;102
5112;90
5113;106
5114;98
5115;87
5116;94
5117;102
5118;81
5119;87
5120;94
5121;99
5122;79
5123;94
5124;101
5125;91
5126;101
5127;95
5128;82
5129;99
5130;115
5131;91
5132;100
5133;82
5134;94
5135;124
5136;100
5137;75
5138;103
5139;93
5140;86
5141;97
5142;88
5143;74
5144;92
5145;87
5146;85
5147;84
5148;78
5149;101
5150;74
5151;90
5152;94
5153;85
5154;87
5155;97
5156;72
5157;92
5158;81
5159;99
5160;78
5161;91
5162;87
5163;92
5164;85
5165;98
5166;98
5167;95
5168;88
5169;93
5170;65
5171;74
5172;85
5173;89
5174;83
5175;71
5176;79
5177;79
5178;82
5179;91
5180;76
5181;91
5182;91
5183;85
5184;83
5185;74
5186;76
5187;69
5188;81
5189;79
5190;65
5191;81
5192;78
5193;89
5194;85
5195;87
5196;89
5197;72
5198;72
5199;85
5200;79
5201;74
5202;82
5203;68
5204;79
5205;57
5206;77
5207;87
5208;78
5209;68
5210;72
5211;71
5212;84
5213;82
5214;91
5215;75
5216;77
5217;73
5218;56
5219;65
5220;74
5221;80
5222;65
5223;85
5224;79
5225;68
5226;79
5227;82
5228;73
5229;81
5230;76
5231;72
5232;83
5233;67
5234;82
5235;59
5236;74
5237;55
5238;67
5239;74
5240;68
5241;80
5242;70
5243;78
5244;69
5245;71
5246;59
5247;77
5248;72
5249;63
5250;61
5251;62
5252;56
5253;76
5254;61
5255;57
5256;74
5257;59
5258;58
5259;68
5260;76
5261;76
5262;67
5263;86
5264;84
5265;72
5266;71
5267;57
5268;68
5269;79
5270;52
5271;53
5272;58
5273;69
5274;58
5275;60
5276;78
5277;58
5278;61
5279;73
5280;58
5281;58
5282;70
5283;63
5284;77
5285;65
5286;61
5287;63
5288;68
5289;53
5290;78
5291;75
5292;61
5293;76
5294;65
5295;63
5296;76
5297;57
5298;56
5299;73
5300;64
5301;60
5302;63
5303;77
5304;77
5305;63
5306;62
5307;60
5308;54
5309;79
5310;75
5311;74
5312;61
5313;59
5314;64
5315;47
5316;61
5317;53
5318;53
5319;76
5320;52
5321;53
5322;55
5323;66
5324;58
5325;56
5326;57
5327;75
5328;65
5329;55
5330;58
5331;48
5332;49
5333;60
5334;55
5335;70
5336;63
5337;53
5338;51
5339;70
5340;63
5341;61
5342;61
5343;52
5344;74
5345;52
5346;50
5347;58
5348;76
5349;50
5350;58
5351;56
5352;65
5353;54
5354;62
5355;60
5356;69
5357;60
5358;80
5359;71
5360;56
5361;49
5362;54
5363;67
5364;64
5365;62
5366;49
5367;50
5368;49
5369;58
5370;58
5371;69
5372;56
5373;60
5374;61
5375;54
5376;60
5377;54
5378;72
5379;61
5380;64
5381;41
5382;67
5383;61
5384;46
5385;58
5386;48
5387;55
5388;63
5389;55
5390;55
5391;42
5392;53
5393;46
5394;43
5395;56
5396;50
5397;62
5398;44
5399;57
5400;57
5401;49
5402;61
5403;56
5404;47
5405;55
5406;46
5407;48
5408;53
5409;48
5410;45
5411;50
5412;56
5413;57
5414;46
5415;51
5416;58
5417;71
5418;47
5419;56
5420;46
5421;55
5422;47
5423;43
5424;51
5425;41
5426;45
5427;54
5428;49
5429;44
5430;54
5431;51
5432;55
5433;44
5434;51
5435;51
5436;41
5437;45
5438;53
5439;66
5440;47
5441;54
5442;47
5443;48
5444;43
5445;51
5446;47
5447;58
5448;54
5449;55
5450;51
5451;47
5452;60
5453;50
5454;40
5455;50
5456;40
5457;32
5458;48
5459;55
5460;40
5461;51
5462;56
5463;47
5464;40
5465;47
5466;46
5467;36
5468;49
5469;43
5470;50
5471;30
5472;44
5473;43
5474;41
5475;39
5476;48
5477;66
5478;33
5479;40
5480;42
5481;31
5482;46
5483;42
5484;47
5485;41
5486;37
5487;47
5488;35
5489;41
5490;31
5491;47
5492;43
5493;44
5494;34
5495;32
5496;43
5497;46
5498;44
5499;39
5500;32
5501;36
5502;46
5503;50
5504;36
5505;38
5506;34
5507;37
5508;39
5509;44
5510;43
5511;38
5512;35
5513;37
5514;47
5515;44
5516;37
5517;49
5518;39
5519;43
5520;48
5521;43
5522;34
5523;35
5524;24
5525;39
5526;39
5527;42
5528;39
5529;50
5530;37
5531;41
5532;43
5533;39
5534;44
5535;31
5536;38
5537;20
5538;31
5539;31
5540;34
5541;28
5542;42
5543;32
5544;36
5545;40
5546;28
5547;27
5548;26
5549;29
5550;34
5551;41
5552;37
5553;30
5554;27
5555;41
5556;28
5557;31
5558;33
5559;35
5560;30
5561;38
5562;35
5563;34
5564;27
5565;23
5566;29
5567;27
5568;36
5569;26
5570;37
5571;28
5572;36
5573;31
5574;35
5575;28
5576;28
5577;27
5578;25
5579;32
5580;28
5581;32
5582;26
5583;22
5584;30
5585;39
5586;20
5587;26
5588;25
5589;28
5590;22
5591;27
5592;22
5593;30
5594;29
5595;27
5596;20
5597;27
5598;28
5599;24
5600;22
5601;28
5602;31
5603;22
5604;17
5605;16
5606;26
5607;23
5608;29
5609;22
5610;26
5611;23
5612;20
5613;23
5614;35
5615;17
5616;24
5617;20
5618;31
5619;25
5620;21
5621;16
5622;38
5623;22
5624;29
5625;23
5626;25
5627;21
5628;22
5629;29
5630;26
5631;22
5632;27
5633;26
5634;30
5635;16
5636;23
5637;21
5638;19
5639;21
5640;26
5641;31
5642;19
5643;28
5644;24
5645;31
5646;27
5647;27
5648;24
5649;27
5650;25
5651;16
5652;20
5653;22
5654;22
5655;30
5656;28
5657;23
5658;17
5659;19
5660;26
5661;21
5662;27
5663;27
5664;27
5665;10
5666;15
5667;20
5668;16
5669;16
5670;26
5671;17
5672;13
5673;20
5674;20
5675;19
5676;17
5677;19
5678;26
5679;14
5680;14
5681;17
5682;26
5683;16
5684;11
5685;20
5686;18
5687;18
5688;18
5689;19
5690;19
5691;22
5692;16
5693;20
5694;23
5695;17
5696;18
5697;20
5698;14
5699;21
5700;23
5701;22
5702;16
5703;14
5704;15
5705;21
5706;20
5707;15
5708;24
5709;25
5710;10
5711;23
5712;20
5713;14
5714;19
5715;21
5716;11
5717;17
5718;11
5719;20
5720;16
5721;16
5722;20
5723;26
5724;18
5725;17
5726;13
5727;16
5728;14
5729;15
5730;15
5731;18
5732;20
5733;18
5734;18
5735;18
5736;21
5737;8
5738;8
5739;22
5740;21
5741;21
5742;15
5743;13
5744;18
5745;12
5746;15
5747;15
5748;14
5749;18
5750;14
5751;12
5752;16
5753;23
5754;12
5755;18
5756;14
5757;20
5758;18
5759;12
5760;15
5761;20
5762;12
5763;20
5764;24
5765;12
5766;15
5767;19
5768;17
5769;13
5770;18
5771;19
5772;17
5773;15
5774;15
5775;7
5776;12
5777;14
5778;17
5779;18
5780;16
5781;20
5782;11
5783;15
5784;16
5785;20
5786;13
5787;13
5788;17
5789;17
5790;18
5791;22
5792;26
5793;13
5794;21
5795;9
5796;17
5797;15
5798;18
5799;12
5800;13
5801;20
5802;18
5803;9
5804;12
5805;16
5806;12
5807;23
5808;14
5809;16
5810;19
5811;14
5812;19
5813;16
5814;22
5815;24
5816;18
5817;10
5818;16
5819;19
5820;23
5821;13
5822;18
5823;16
5824;15
5825;16
5826;9
5827;12
5828;23
5829;14
5830;13
5831;8
5832;19
5833;19
5834;12
5835;20
5836;12
5837;15
5838;15
5839;14
5840;14
5841;11
5842;16
5843;16
5844;15
5845;11
5846;17
5847;17
5848;14
5849;13
5850;9
5851;12
5852;13
5853;19
5854;17
5855;8
5856;13
5857;19
5858;16
5859;15
5860;15
5861;4
5862;25
5863;18
5864;10
5865;19
5866;15
5867;18
5868;16
5869;17
5870;17
5871;16
5872;15
5873;17
5874;16
5875;26
5876;11
5877;20
5878;16
5879;16
5880;15
5881;16
5882;16
5883;25
5884;22
5885;11
5886;12
5887;16
5888;22
5889;16
5890;19
5891;21
5892;19
5893;17
5894;20
5895;18
5896;14
5897;29
5898;17
5899;19
5900;14
5901;19
5902;11
5903;16
5904;17
5905;18
5906;16
5907;14
5908;16
5909;15
5910;20
5911;22
5912;13
5913;28
5914;17
5915;19
5916;9
5917;18
5918;19
5919;19
5920;18
5921;11
5922;23
5923;18
5924;18
5925;17
5926;15
5927;22
5928;15
5929;20
5930;13
5931;24
5932;21
5933;18
5934;24
5935;19
5936;16
5937;25
5938;19
5939;21
5940;11
5941;29
5942;18
5943;22
5944;19
5945;15
5946;19
5947;22
5948;22
5949;25
5950;22
5951;22
5952;20
5953;19
5954;18
5955;22
5956;14
5957;16
5958;16
5959;19
5960;19
5961;23
5962;21
5963;10
5964;22
5965;17
5966;24
5967;21
5968;20
5969;20
5970;22
5971;18
5972;14
5973;27
5974;16
5975;26
5976;19
5977;26
5978;22
5979;27
5980;18
5981;14
5982;22
5983;21
5984;24
5985;21
5986;28
5987;16
5988;18
5989;24
5990;20
5991;22
5992;21
5993;14
5994;17
5995;26
5996;15
5997;14
5998;28
5999;15
6000;18
6001;18
6002;24
6003;16
6004;23
6005;18
6006;27
6007;18
6008;22
6009;17
6010;20
6011;13
6012;13
6013;25
6014;16
6015;15
6016;16
6017;17
6018;19
6019;18
6020;23
6021;20
6022;17
6023;16
6024;13
6025;18
6026;15
6027;20
6028;18
6029;16
6030;24
6031;22
6032;33
6033;22
6034;30
6035;25
6036;30
6037;22
6038;19
6039;14
6040;28
6041;24
6042;19
6043;31
6044;24
6045;29
6046;28
6047;23
6048;19
6049;22
6050;23
6051;22
6052;17
6053;14
6054;25
6055;20
6056;18
6057;23
6058;26
6059;18
6060;20
6061;26
6062;26
6063;29
6064;18
6065;30
6066;14
6067;29
6068;31
6069;17
6070;20
6071;21
6072;22
6073;22
6074;33
6075;24
6076;23
6077;19
6078;22
6079;27
6080;18
6081;28
6082;19
6083;25
6084;19
6085;28
6086;17
6087;19
6088;25
6089;18
6090;23
6091;26
6092;23
6093;19
6094;23
6095;20
6096;23
6097;25
6098;14
6099;16
6100;17
6101;16
6102;17
6103;25
6104;20
6105;19
6106;21
6107;23
6108;15
6109;24
6110;22
6111;15
6112;20
6113;26
6114;18
6115;15
6116;19
6117;21
6118;31
6119;24
6120;15
6121;26
6122;16
6123;21
6124;15
6125;27
6126;30
6127;20
6128;17
6129;12
6130;20
6131;19
6132;22
6133;17
6134;20
6135;17
6136;19
6137;20
6138;32
6139;17
6140;21
6141;25
6142;23
6143;25
6144;23
6145;24
6146;14
6147;18
6148;17
6149;29
6150;23
6151;23
6152;22
6153;16
6154;13
6155;24
6156;17
6157;18
6158;14
6159;18
6160;21
6161;18
6162;23
6163;25
6164;21
6165;24
6166;21
6167;21
6168;18
6169;25
6170;17
6171;20
6172;24
6173;15
6174;15
6175;17
6176;17
6177;16
6178;18
6179;22
6180;18
6181;19
6182;26
6183;11
6184;22
6185;23
6186;17
6187;23
6188;16
6189;26
6190;15
6191;23
6192;20
6193;20
6194;25
6195;20
6196;17
6197;20
6198;20
6199;15
6200;18
6201;20
6202;19
6203;17
6204;13
6205;18
6206;11
6207;17
6208;13
6209;22
6210;15
6211;9
6212;13
6213;18
6214;21
6215;17
6216;15
6217;8
6218;17
6219;20
6220;10
6221;18
6222;20
6223;14
6224;12
6225;11
6226;25
6227;22
6228;14
6229;15
6230;16
6231;14
6232;16
6233;10
6234;8
6235;19
6236;17
6237;11
6238;15
6239;15
6240;18
6241;13
6242;13
6243;16
6244;14
6245;10
6246;17
6247;11
6248;19
6249;13
6250;22
6251;17
6252;11
6253;15
6254;10
6255;11
6256;14
6257;15
6258;22
6259;18
6260;13
6261;13
6262;9
6263;12
6264;14
6265;17
6266;21
6267;12
6268;23
6269;10
6270;9
6271;17
6272;12
6273;14
6274;8
6275;15
6276;16
6277;16
6278;12
6279;19
6280;16
6281;10
6282;10
6283;17
6284;12
6285;16
6286;16
6287;18
6288;15
6289;12
6290;20
6291;10
6292;8
6293;10
6294;12
6295;15
6296;10
6297;11
6298;14
6299;9
6300;8
6301;12
6302;11
6303;13
6304;13
6305;14
6306;18
6307;14
6308;23
6309;11
6310;9
6311;8
6312;10
6313;15
6314;14
6315;12
6316;8
6317;14
6318;13
6319;8
6320;12
6321;17
6322;7
6323;17
6324;10
6325;14
6326;13
6327;9
6328;9
6329;9
6330;8
6331;12
6332;7
6333;7
6334;9
6335;7
6336;7
6337;8
6338;10
6339;10
6340;10
6341;7
6342;9
6343;9
6344;11
6345;10
6346;6
6347;9
6348;7
6349;6
6350;10
6351;6
6352;3
6353;12
6354;10
6355;13
6356;13
6357;10
6358;10
6359;5
6360;4
6361;10
6362;7
6363;14
6364;15
6365;9
6366;5
6367;11
6368;6
6369;16
6370;8
6371;18
6372;10
6373;20
6374;12
6375;15
6376;10
6377;10
6378;6
6379;5
6380;9
6381;6
6382;9
6383;2
6384;3
6385;15
6386;5
6387;5
6388;8
6389;7
6390;9
6391;6
6392;6
6393;8
6394;11
6395;7
6396;11
6397;8
6398;6
6399;7
6400;8
6401;7
6402;15
6403;10
6404;6
6405;9
6406;3
6407;11
6408;10
6409;9
6410;9
6411;6
6412;9
6413;1
6414;6
6415;12
6416;5
6417;5
6418;8
6419;9
6420;3
6421;5
6422;5
6423;8
6424;11
6425;7
6426;5
6427;5
6428;5
6429;8
6430;4
6431;5
6432;4
6433;5
6434;4
6435;6
6436;5
6437;7
6438;3
6439;9
6440;7
6441;6
6442;2
6443;4
6444;4
6445;4
6446;2
6447;10
6448;7
6449;3
6450;3
6451;1
6452;7
6453;4
6454;6
6455;6
6456;5
6457;3
6458;3
6459;6
6460;3
6461;3
6462;5
6463;8
6464;0
6465;5
6466;4
6467;4
6468;2
6469;5
6470;3
6471;7
6472;9
6473;4
6474;4
6475;4
6476;4
6477;4
6478;4
6479;6
6480;4
6481;1
6482;4
6483;4
6484;4
6485;3
6486;4
6487;3
6488;4
6489;4
6490;6
6491;3
6492;4
6493;7
6494;3
6495;4
6496;6
6497;2
6498;8
6499;7
6500;1
6501;4
6502;4
6503;5
6504;6
6505;4
6506;6
6507;6
6508;3
6509;5
6510;3
6511;4
6512;2
6513;3
6514;4
6515;6
6516;1
6517;3
6518;1
6519;2
6520;4
6521;4
6522;4
6523;1
6524;6
6525;5
6526;3
6527;5
6528;5
6529;3
6530;0
6531;3
6532;3
6533;3
6534;2
6535;2
6536;5
6537;3
6538;5
6539;6
6540;1
6541;2
6542;3
6543;2
6544;1
6545;4
6546;3
6547;1
6548;1
6549;3
6550;6
6551;2
6552;2
6553;3
6554;5
6555;1
6556;3
6557;3
6558;6
6559;1
6560;4
6561;5
6562;0
6563;5
6564;6
6565;0
6566;3
6567;3
6568;3
6569;3
6570;2
6571;1
6572;4
6573;4
6574;2
6575;2
6576;5
6577;1
6578;2
6579;3
6580;2
6581;2
6582;3
6583;4
6584;1
6585;4
6586;3
6587;1
6588;2
6589;1
6590;2
6591;2
6592;1
6593;2
6594;5
6595;0
6596;2
6597;4
6598;3
6599;4
6600;6
6601;2
6602;3
6603;2
6604;1
6605;3
6606;1
6607;3
6608;3
6609;2
6610;5
6611;1
6612;2
6613;2
6614;3
6615;4
6616;1
6617;0
6618;1
6619;4
6620;1
6621;6
6622;2
6623;5
6624;1
6625;1
6626;2
6627;3
6628;4
6629;1
6630;1
6631;1
6632;1
6633;2
6634;2
6635;1
6636;3
6637;3
6638;6
6639;0
6640;6
6641;2
6642;1
6643;1
6644;2
6645;3
6646;0
6647;4
6648;5
6649;1
6650;1
6651;1
6652;0
6653;1
6654;0
6655;2
6656;2
6657;2
6658;0
6659;2
6660;3
6661;2
6662;1
6663;0
6664;3
6665;2
6666;6
6667;2
6668;0
6669;0
6670;3
6671;3
6672;2
6673;1
6674;4
6675;3
6676;3
6677;5
6678;1
6679;2
6680;2
6681;1
6682;3
6683;2
6684;3
6685;2
6686;0
6687;1
6688;4
6689;0
6690;1
6691;3
6692;1
6693;3
6694;1
6695;3
6696;0
6697;1
6698;2
6699;3
6700;1
6701;1
6702;0
6703;3
6704;2
6705;5
6706;1
6707;3
6708;2
6709;4
6710;5
6711;5
6712;1
6713;2
6714;6
6715;2
6716;3
6717;2
6718;0
6719;3
6720;4
6721;0
6722;4
6723;2
6724;1
6725;2
6726;2
6727;1
6728;1
6729;2
6730;1
6731;0
6732;4
6733;2
6734;1
6735;0
6736;0
6737;3
6738;3
6739;3
6740;3
6741;2
6742;2
6743;1
6744;1
6745;3
6746;2
6747;3
6748;2
6749;2
6750;3
6751;0
6752;3
6753;4
6754;4
6755;2
6756;2
6757;0
6758;2
6759;2
6760;2
6761;1
6762;0
6763;0
6764;0
6765;0
6766;3
6767;0
6768;4
6769;1
6770;0
6771;3
6772;2
6773;3
6774;3
6775;0
6776;1
6777;2
6778;1
6779;3
6780;2
6781;4
6782;1
6783;0
6784;0
6785;2
6786;0
6787;1
6788;0
6789;1
6790;1
6791;0
6792;2
6793;0
6794;3
6795;1
6796;0
6797;1
6798;2
6799;1
6800;0
6801;3
6802;3
6803;1
6804;1
6805;3
6806;1
6807;1
6808;3
6809;0
6810;2
6811;0
6812;1
6813;1
6814;1
6815;2
6816;0
6817;1
6818;1
6819;2
6820;1
6821;4
6822;3
6823;0
6824;1
6825;1
6826;1
6827;2
6828;1
6829;2
6830;3
6831;3
6832;1
6833;0
6834;2
6835;1
6836;2
6837;1
6838;0
6839;2
6840;0
6841;0
6842;0
6843;0
6844;1
6845;1
6846;0
6847;1
6848;0
6849;1
6850;1
6851;1
6852;1
6853;1
6854;0
6855;1
6856;1
6857;1
6858;0
6859;0
6860;1
6861;1
6862;2
6863;1
6864;0
6865;1
6866;1
6867;1
6868;1
6869;0
6870;0
6871;1
6872;0
6873;1
6874;0
6875;1
6876;0
6877;0
6878;2
6879;1
6880;0
6881;0
6882;0
6883;0
6884;2
6885;0
6886;2
6887;2
6888;0
6889;2
6890;0
6891;1
6892;2
6893;0
6894;1
6895;0
6896;1
6897;1
6898;2
6899;1
6900;0
6901;2
6902;0
6903;0
6904;2
6905;3
6906;1
6907;0
6908;3
6909;0
6910;0
6911;1
6912;1
6913;0
6914;0
6915;1
6916;0
6917;0
6918;1
6919;2
6920;0
6921;1
6922;1
6923;1
6924;1
6925;1
6926;0
6927;0
6928;0
6929;1
6930;0
6931;0
6932;0
6933;0
6934;0
6935;0
6936;0
6937;0
6938;0
6939;1
6940;0
6941;2
6942;1
6943;2
6944;0
6945;0
6946;0
6947;0
6948;0
6949;2
6950;1
6951;1
6952;0
6953;1
6954;1
6955;0
6956;0
6957;0
6958;0
6959;1
6960;0
6961;0
6962;1
6963;0
6964;1
6965;0
6966;2
6967;0
6968;0
6969;0
6970;0
6971;0
6972;2
6973;0
6974;1
6975;0
6976;1
6977;2
6978;1
6979;1
6980;2
6981;0
6982;0
6983;0
6984;1
6985;0
6986;0
6987;3
6988;2
6989;0
6990;1
6991;0
6992;1
6993;1
6994;0
6995;1
6996;0
6997;2
6998;0
6999;2
7000;0
7001;0
7002;0
7003;0
7004;0
7005;1
7006;1
7007;1
7008;1
7009;0
7010;1
7011;0
7012;0
7013;1
7014;0
7015;1
7016;0
7017;1
7018;0
7019;1
7020;1
7021;0
7022;0
7023;0
7024;1
7025;0
7026;1
7027;1
7028;0
7029;0
7030;0
7031;1
7032;0
7033;3
7034;0
7035;0
7036;2
7037;1
7038;0
7039;1
7040;0
7041;0
7042;0
7043;1
7044;1
7045;0
7046;0
7047;0
7048;0
7049;0
7050;0
7051;0
7052;1
7053;0
7054;0
7055;0
7056;1
7057;0
7058;0
7059;0
7060;1
7061;1
7062;0
7063;0
7064;1
7065;0
7066;0
7067;0
7068;1
7069;1
7070;0
7071;0
7072;1
7073;0
7074;2
7075;0
7076;0
7077;2
7078;0
7079;0
7080;1
7081;1
7082;0
7083;0
7084;0
7085;0
7086;0
7087;1
7088;0
7089;3
7090;0
7091;1
7092;0
7093;1
7094;0
7095;0
7096;0
7097;1
7098;1
7099;1
7100;0
7101;0
7102;0
7103;1
7104;1
7105;0
7106;1
7107;1
7108;1
7109;0
7110;1
7111;2
7112;2
7113;0
7114;0
7115;0
7116;1
7117;2
7118;2
7119;1
7120;0
7121;1
7122;0
7123;0
7124;0
7125;0
7126;1
7127;0
7128;1
7129;0
7130;0
7131;0
7132;0
7133;0
7134;1
7135;0
7136;2
7137;1
7138;0
7139;0
7140;0
7141;0
7142;0
7143;0
7144;1
7145;0
7146;0
7147;0
7148;0
7149;1
7150;0
7151;0
7152;0
7153;1
7154;0
7155;0
7156;0
7157;1
7158;0
7159;0
7160;0
7161;0
7162;3
7163;0
7164;0
7165;1
7166;1
7167;0
7168;1
7169;0
7170;1
7171;0
7172;2
7173;1
7174;0
7175;0
7176;0
7177;0
7178;0
7179;0
7180;2
7181;1
7182;0
7183;0
7184;3
7185;0
7186;0
7187;0
7188;0
7189;0
7190;0
7191;0
7192;1
7193;1
7194;0
7195;0
7196;0
7197;0
7198;0
7199;1
7200;0
7201;0
7202;0
7203;0
7204;1
7205;0
7206;0
7207;1
7208;1
7209;1
7210;0
7211;0
7212;0
7213;1
7214;2
7215;0
7216;0
7217;0
7218;0
7219;1
7220;1
7221;0
7222;0
7223;0
7224;0
7225;0
7226;0
7227;0
7228;0
7229;0
7230;0
7231;0
7232;0
7233;1
7234;1
7235;0
7236;0
7237;1
7238;0
7239;1
7240;1
7241;0
7242;0
7243;0
7244;0
7245;1
7246;0
7247;0
7248;0
7249;1
7250;1
7251;0
7252;0
7253;1
7254;0
7255;0
7256;1
7257;0
7258;0
7259;2
7260;0
7261;1
7262;0
7263;0
7264;0
7265;0
7266;0
7267;3
7268;0
7269;0
7270;0
7271;0
7272;1
7273;0
7274;1
7275;0
7276;1
7277;0
7278;0
7279;0
7280;0
7281;0
7282;0
7283;0
7284;0
7285;0
7286;0
7287;0
7288;0
7289;0
7290;0
7291;0
7292;1
7293;0
7294;0
7295;0
7296;0
7297;0
7298;0
7299;1
7300;0
7301;0
7302;1
7303;1
7304;0
7305;1
7306;0
7307;1
7308;0
7309;0
7310;1
7311;0
7312;2
7313;0
7314;1
7315;0
7316;0
7317;1
7318;0
7319;1
7320;0
7321;0
7322;1
7323;1
7324;0
7325;0
7326;0
7327;0
7328;1
7329;0
7330;0
7331;0
7332;1
7333;0
7334;0
7335;0
7336;1
7337;0
7338;0
7339;1
7340;0
7341;0
7342;0
7343;1
7344;0
7345;1
7346;1
7347;1
7348;0
7349;0
7350;0
7351;0
7352;0
7353;0
7354;0
7355;0
7356;0
7357;0
7358;0
7359;0
7360;1
7361;0
7362;0
7363;1
7364;2
7365;0
7366;0
7367;0
7368;0
7369;0
7370;1
7371;0
7372;0
7373;0
7374;0
7375;2
7376;0
7377;1
7378;0
7379;0
7380;0
7381;1
7382;0
7383;0
7384;1
7385;0
7386;0
7387;0
7388;0
7389;1
7390;0
7391;0
7392;0
7393;0
7394;0
7395;1
7396;0
7397;1
7398;0
7399;1
7400;0
7401;0
7402;1
7403;0
7404;0
7405;0
7406;0
7407;0
7408;0
7409;0
7410;1
7411;0
7412;0
7413;0
7414;0
7415;1
7416;1
7417;0
7418;0
7419;0
7420;0
7421;0
7422;1
7423;0
7424;2
7425;0
7426;0
7427;1
7428;1
7429;0
7430;1
7431;0
7432;1
7433;0
7434;1
7435;1
7436;1
7437;0
7438;1
7439;1
7440;1
7441;1
7442;0
7443;1
7444;0
7445;0
7446;0
7447;0
7448;1
7449;1
7450;2
7451;0
7452;0
7453;2
7454;0
7455;0
7456;0
7457;0
7458;1
7459;2
7460;0
7461;0
7462;0
7463;0
7464;0
7465;0
7466;1
7467;0
7468;0
7469;0
7470;1
7471;0
7472;0
7473;0
7474;0
7475;0
7476;2
7477;0
7478;0
7479;0
7480;1
7481;0
7482;0
7483;0
7484;2
7485;0
7486;0
7487;0
7488;0
7489;0
7490;0
7491;1
7492;3
7493;0
7494;0
7495;0
7496;0
7497;0
7498;0
7499;0
7500;0
7501;0
7502;0
7503;0
7504;0
7505;0
7506;0
7507;0
7508;1
7509;1
7510;1
7511;0
7512;0
7513;0
7514;0
7515;1
7516;1
7517;0
7518;0
7519;0
7520;0
7521;0
7522;0
7523;0
7524;0
7525;1
7526;0
7527;2
7528;0
7529;0
7530;0
7531;1
7532;0
7533;2
7534;0
7535;0
7536;1
7537;0
7538;1
7539;0
7540;0
7541;1
7542;0
7543;0
7544;0
7545;1
7546;0
7547;1
7548;0
7549;0
7550;1
7551;0
7552;0
7553;0
7554;0
7555;1
7556;0
7557;0
7558;0
7559;0
7560;0
7561;0
7562;0
7563;0
7564;1
7565;1
7566;2
7567;0
7568;0
7569;0
7570;0
7571;0
7572;0
7573;1
7574;0
7575;0
7576;0
7577;0
7578;0
7579;1
7580;0
7581;2
7582;1
7583;0
7584;1
7585;0
7586;0
7587;0
7588;0
7589;0
7590;0
7591;0
7592;1
7593;0
7594;0
7595;0
7596;0
7597;0
7598;2
7599;0
7600;0
7601;0
7602;0
7603;0
7604;1
7605;0
7606;1
7607;1
7608;0
7609;0
7610;0
7611;0
7612;0
7613;0
7614;1
7615;0
7616;0
7617;0
7618;1
7619;1
7620;0
7621;1
7622;0
7623;0
7624;0
7625;1
7626;0
7627;1
7628;1
7629;0
7630;1
7631;0
7632;0
7633;1
7634;0
7635;0
7636;0
7637;1
7638;3
7639;0
7640;0
7641;0
7642;0
7643;0
7644;0
7645;0
7646;0
7647;1
7648;0
7649;1
7650;0
7651;0
7652;1
7653;0
7654;0
7655;0
7656;1
7657;0
7658;1
7659;0
7660;1
7661;1
7662;0
7663;0
7664;1
7665;0
7666;0
7667;1
7668;0
7669;0
7670;0
7671;0
7672;0
7673;0
7674;1
7675;0
7676;1
7677;0
7678;0
7679;1
7680;0
7681;0
7682;0
7683;0
7684;0
7685;0
7686;0
7687;0
7688;2
7689;0
7690;0
7691;0
7692;0
7693;0
7694;0
7695;0
7696;0
7697;0
7698;0
7699;1
7700;0
7701;2
7702;1
7703;0
7704;0
7705;0
7706;0
7707;1
7708;0
7709;0
7710;0
7711;0
7712;0
7713;0
7714;0
7715;2
7716;0
7717;0
7718;0
7719;0
7720;0
7721;1
7722;1
7723;0
7724;0
7725;1
7726;1
7727;1
7728;0
7729;0
7730;0
7731;2
7732;0
7733;1
7734;1
7735;0
7736;0
7737;0
7738;0
7739;0
7740;0
7741;0
7742;0
7743;0
7744;1
7745;0
7746;0
7747;0
7748;0
7749;1
7750;0
7751;1
7752;0
7753;0
7754;0
7755;0
7756;0
7757;0
7758;0
7759;0
7760;0
7761;0
7762;0
7763;0
7764;0
7765;0
7766;0
7767;0
7768;1
7769;2
7770;0
7771;0
7772;1
7773;0
7774;1
7775;0
7776;0
7777;0
7778;1
7779;0
7780;0
7781;1
7782;0
7783;0
7784;0
7785;0
7786;1
7787;0
7788;0
7789;0
7790;0
7791;1
7792;0
7793;0
7794;0
7795;0
7796;0
7797;0
7798;0
7799;0
7800;0
7801;0
7802;0
7803;1
7804;0
7805;0
7806;0
7807;2
7808;0
7809;0
7810;0
7811;0
7812;0
7813;0
7814;0
7815;0
7816;0
7817;0
7818;0
7819;0
7820;0
7821;0
7822;0
7823;0
7824;0
7825;0
7826;0
7827;0
7828;0
7829;0
7830;0
7831;0
7832;0
7833;0
7834;0
7835;0
7836;0
7837;0
7838;0
7839;0
7840;0
7841;0
7842;0
7843;1
7844;0
7845;0
7846;0
7847;0
7848;0
7849;0
7850;0
7851;0
7852;0
7853;0
7854;1
7855;0
7856;0
7857;1
7858;0
7859;0
7860;0
7861;0
7862;0
7863;1
7864;0
7865;0
7866;0
7867;0
7868;1
7869;0
7870;0
7871;0
7872;1
7873;0
7874;0
7875;0
7876;0
7877;0
7878;1
7879;1
7880;1
7881;0
7882;0
7883;0
7884;0
7885;0
7886;1
7887;0
7888;1
7889;2
7890;0
7891;0
7892;1
7893;0
7894;2
7895;0
7896;2
7897;1
7898;0
7899;0
7900;0
7901;0
7902;1
7903;0
7904;1
7905;0
7906;0
7907;3
7908;0
7909;0
7910;0
7911;2
7912;0
7913;0
7914;0
7915;0
7916;0
7917;1
7918;1
7919;0
7920;0
7921;0
7922;0
7923;1
7924;1
7925;0
7926;0
7927;0
7928;0
7929;0
7930;1
7931;1
7932;0
7933;0
7934;0
7935;0
7936;0
7937;0
7938;0
7939;0
7940;1
7941;1
7942;0
7943;2
7944;0
7945;0
7946;0
7947;0
7948;0
7949;0
7950;0
7951;0
7952;0
7953;1
7954;0
7955;0
7956;0
7957;0
7958;0
7959;0
7960;0
7961;0
7962;0
7963;0
7964;0
7965;0
7966;0
7967;0
7968;0
7969;0
7970;0
7971;0
7972;0
7973;0
7974;0
7975;0
7976;0
7977;0
7978;0
7979;0
7980;0
7981;0
7982;0
7983;0
7984;0
7985;0
7986;0
7987;0
7988;0
7989;0
7990;0
7991;0
7992;0
7993;0
7994;0
7995;0
7996;0
7997;0
7998;0
7999;0
8000;0
8001;0
8002;0
8003;0
8004;0
8005;0
8006;0
8007;0
8008;0
8009;0
8010;0
8011;0
8012;0
8013;0
8014;0
8015;0
8016;0
8017;0
8018;0
8019;0
8020;0
8021;0
8022;0
8023;0
8024;0
8025;0
8026;0
8027;0
8028;0
8029;0
8030;0
8031;0
8032;0
8033;0
8034;0
8035;0
8036;0
8037;0
8038;0
8039;0
8040;0
8041;0
8042;0
8043;0
8044;0
8045;0
8046;0
8047;0
8048;0
8049;0
8050;0
8051;0
8052;0
8053;0
8054;0
8055;0
8056;0
8057;0
8058;0
8059;0
8060;0
8061;0
8062;0
8063;0
8064;0
8065;0
8066;0
8067;0
8068;0
8069;0
8070;0
8071;0
8072;0
8073;0
8074;0
8075;0
8076;0
8077;0
8078;0
8079;0
8080;0
8081;0
8082;0
8083;0
8084;0
8085;0
8086;0
8087;0
8088;0
8089;0
8090;0
8091;0
8092;0
8093;0
8094;0
8095;0
8096;0
8097;0
8098;0
8099;0
8100;0
8101;0
8102;0
8103;0
8104;0
8105;0
8106;0
8107;0
8108;0
8109;0
8110;0
8111;0
8112;0
8113;0
8114;0
8115;0
8116;0
8117;0
8118;0
8119;0
8120;0
8121;0
8122;0
8123;0
8124;0
8125;0
8126;0
8127;0
8128;0
8129;0
8130;0
8131;0
8132;0
8133;0
8134;0
8135;0
8136;0
8137;0
8138;0
8139;0
8140;0
8141;0
8142;0
8143;0
8144;0
8145;0
8146;0
8147;0
8148;0
8149;0
8150;0
8151;0
8152;0
8153;0
8154;0
8155;0
8156;0
8157;0
8158;0
8159;0
8160;0
8161;0
8162;0
8163;0
8164;0
8165;0
8166;0
8167;0
8168;0
8169;0
8170;0
8171;0
8172;0
8173;0
8174;0
8175;0
8176;0
8177;0
8178;0
8179;0
8180;0
8181;0
8182;0
8183;0
8184;0
8185;0
8186;0
8187;0
8188;0
8189;0
8190;0
8191;0
