0;0
1;0
2;0
3;0
4;0
5;0
6;0
7;0
8;0
9;0
10;0
11;0
12;0
13;0
14;0
15;0
16;0
17;0
18;0
19;0
20;0
21;0
22;0
23;0
24;0
25;0
26;0
27;0
28;0
29;0
30;0
31;0
32;0
33;0
34;0
35;0
36;0
37;0
38;0
39;0
40;0
41;0
42;0
43;0
44;0
45;0
46;0
47;0
48;0
49;0
50;0
51;1
52;0
53;0
54;0
55;0
56;0
57;0
58;0
59;0
60;0
61;0
62;0
63;0
64;0
65;0
66;0
67;0
68;0
69;0
70;0
71;0
72;0
73;0
74;0
75;0
76;0
77;0
78;0
79;0
80;0
81;0
82;0
83;0
84;0
85;0
86;0
87;0
88;0
89;0
90;0
91;0
92;0
93;0
94;0
95;0
96;1
97;0
98;0
99;0
100;0
101;0
102;0
103;0
104;0
105;0
106;0
107;0
108;0
109;0
110;0
111;0
112;0
113;0
114;2
115;0
116;1
117;0
118;0
119;0
120;0
121;0
122;0
123;0
124;0
125;0
126;0
127;0
128;1
129;0
130;0
131;0
132;0
133;0
134;0
135;0
136;0
137;1
138;0
139;0
140;0
141;0
142;0
143;1
144;0
145;0
146;1
147;0
148;1
149;1
150;0
151;0
152;1
153;0
154;0
155;0
156;0
157;0
158;1
159;0
160;0
161;0
162;0
163;2
164;2
165;1
166;1
167;0
168;2
169;1
170;0
171;2
172;3
173;1
174;1
175;2
176;3
177;1
178;1
179;3
180;5
181;3
182;4
183;1
184;2
185;1
186;2
187;1
188;2
189;0
190;1
191;1
192;3
193;2
194;3
195;4
196;4
197;1
198;2
199;3
200;3
201;3
202;2
203;6
204;5
205;2
206;5
207;3
208;4
209;0
210;4
211;4
212;7
213;6
214;6
215;4
216;4
217;10
218;6
219;7
220;2
221;2
222;1
223;6
224;5
225;5
226;7
227;4
228;5
229;4
230;6
231;4
232;8
233;5
234;4
235;4
236;7
237;9
238;5
239;7
240;3
241;6
242;7
243;4
244;8
245;6
246;6
247;6
248;6
249;1
250;4
251;10
252;2
253;8
254;3
255;4
256;7
257;4
258;7
259;7
260;5
261;5
262;5
263;4
264;9
265;8
266;9
267;5
268;5
269;9
270;10
271;5
272;6
273;3
274;9
275;7
276;7
277;3
278;3
279;5
280;4
281;4
282;4
283;5
284;9
285;5
286;5
287;6
288;5
289;4
290;9
291;8
292;6
293;3
294;3
295;4
296;6
297;7
298;5
299;5
300;7
301;5
302;5
303;3
304;8
305;5
306;6
307;3
308;4
309;6
310;3
311;8
312;4
313;3
314;1
315;5
316;5
317;10
318;1
319;3
320;5
321;4
322;3
323;9
324;4
325;2
326;3
327;2
328;3
329;5
330;2
331;4
332;1
333;6
334;5
335;1
336;4
337;5
338;4
339;5
340;6
341;2
342;2
343;3
344;8
345;4
346;2
347;4
348;6
349;8
350;2
351;9
352;4
353;2
354;10
355;3
356;4
357;8
358;3
359;5
360;8
361;7
362;7
363;5
364;8
365;2
366;4
367;6
368;3
369;6
370;11
371;6
372;8
373;5
374;4
375;8
376;4
377;4
378;7
379;8
380;5
381;8
382;12
383;6
384;7
385;9
386;10
387;5
388;6
389;11
390;7
391;10
392;10
393;9
394;8
395;10
396;7
397;10
398;8
399;10
400;10
401;22
402;11
403;14
404;7
405;9
406;11
407;11
408;13
409;11
410;9
411;8
412;15
413;10
414;21
415;20
416;12
417;12
418;26
419;19
420;16
421;18
422;20
423;16
424;19
425;13
426;18
427;15
428;17
429;16
430;19
431;20
432;18
433;23
434;19
435;29
436;21
437;15
438;27
439;20
440;15
441;11
442;28
443;10
444;23
445;28
446;19
447;24
448;22
449;17
450;27
451;17
452;35
453;23
454;29
455;32
456;22
457;31
458;29
459;28
460;24
461;26
462;33
463;29
464;22
465;32
466;45
467;24
468;29
469;30
470;30
471;32
472;38
473;35
474;32
475;31
476;39
477;27
478;27
479;38
480;49
481;39
482;33
483;31
484;41
485;39
486;33
487;39
488;34
489;38
490;29
491;37
492;38
493;44
494;38
495;35
496;34
497;38
498;45
499;38
500;23
501;43
502;38
503;44
504;31
505;33
506;34
507;51
508;40
509;38
510;33
511;34
512;43
513;34
514;45
515;42
516;42
517;40
518;50
519;38
520;36
521;31
522;36
523;50
524;42
525;35
526;53
527;48
528;41
529;35
530;45
531;34
532;36
533;46
534;45
535;40
536;42
537;49
538;37
539;46
540;35
541;36
542;46
543;36
544;27
545;37
546;34
547;28
548;48
549;41
550;43
551;45
552;37
553;28
554;32
555;26
556;37
557;39
558;47
559;39
560;33
561;28
562;31
563;33
564;34
565;35
566;36
567;40
568;32
569;36
570;26
571;33
572;35
573;20
574;46
575;33
576;43
577;29
578;45
579;36
580;37
581;30
582;28
583;43
584;36
585;32
586;38
587;26
588;42
589;37
590;39
591;29
592;23
593;31
594;23
595;31
596;27
597;28
598;35
599;34
600;39
601;28
602;29
603;42
604;33
605;24
606;31
607;38
608;34
609;42
610;35
611;40
612;37
613;35
614;30
615;33
616;37
617;37
618;33
619;39
620;40
621;40
622;52
623;40
624;35
625;45
626;42
627;33
628;54
629;39
630;47
631;47
632;45
633;41
634;39
635;39
636;51
637;44
638;45
639;62
640;42
641;44
642;45
643;41
644;42
645;46
646;50
647;56
648;47
649;47
650;47
651;51
652;49
653;51
654;68
655;50
656;53
657;48
658;46
659;55
660;63
661;48
662;44
663;61
664;52
665;49
666;50
667;59
668;61
669;46
670;55
671;53
672;48
673;50
674;48
675;58
676;65
677;53
678;69
679;61
680;48
681;48
682;59
683;63
684;52
685;59
686;64
687;49
688;47
689;55
690;52
691;41
692;39
693;65
694;63
695;55
696;55
697;54
698;51
699;57
700;49
701;51
702;40
703;48
704;44
705;57
706;46
707;51
708;43
709;40
710;61
711;56
712;47
713;54
714;62
715;46
716;56
717;41
718;55
719;41
720;51
721;57
722;46
723;44
724;49
725;44
726;53
727;40
728;44
729;39
730;35
731;33
732;45
733;61
734;39
735;29
736;44
737;53
738;51
739;25
740;47
741;44
742;53
743;48
744;43
745;51
746;30
747;46
748;40
749;36
750;41
751;47
752;47
753;37
754;36
755;33
756;47
757;44
758;35
759;37
760;38
761;43
762;33
763;38
764;46
765;54
766;49
767;57
768;39
769;36
770;25
771;34
772;40
773;28
774;41
775;37
776;38
777;39
778;39
779;32
780;30
781;33
782;47
783;43
784;43
785;44
786;51
787;34
788;31
789;47
790;43
791;37
792;28
793;39
794;46
795;44
796;54
797;37
798;37
799;38
800;58
801;49
802;51
803;44
804;37
805;54
806;59
807;38
808;61
809;49
810;33
811;51
812;71
813;61
814;57
815;50
816;52
817;57
818;65
819;38
820;44
821;61
822;69
823;67
824;52
825;61
826;68
827;48
828;68
829;63
830;63
831;81
832;52
833;80
834;77
835;71
836;76
837;87
838;73
839;66
840;78
841;81
842;76
843;88
844;72
845;71
846;78
847;81
848;79
849;93
850;97
851;97
852;89
853;93
854;112
855;102
856;92
857;88
858;113
859;86
860;91
861;98
862;112
863;93
864;119
865;115
866;111
867;124
868;142
869;114
870;118
871;109
872;127
873;144
874;131
875;139
876;141
877;142
878;143
879;147
880;139
881;155
882;147
883;151
884;152
885;160
886;169
887;166
888;174
889;177
890;157
891;175
892;181
893;200
894;175
895;212
896;219
897;196
898;207
899;189
900;185
901;235
902;179
903;204
904;228
905;215
906;239
907;210
908;229
909;233
910;229
911;218
912;238
913;230
914;219
915;222
916;221
917;265
918;267
919;250
920;239
921;244
922;258
923;230
924;263
925;253
926;238
927;258
928;253
929;262
930;249
931;279
932;265
933;289
934;252
935;259
936;276
937;284
938;267
939;249
940;282
941;253
942;259
943;274
944;275
945;277
946;259
947;251
948;241
949;281
950;237
951;272
952;229
953;231
954;261
955;234
956;290
957;282
958;206
959;249
960;233
961;253
962;251
963;246
964;221
965;215
966;211
967;227
968;222
969;218
970;238
971;223
972;223
973;185
974;227
975;201
976;225
977;207
978;177
979;186
980;198
981;191
982;189
983;186
984;158
985;191
986;184
987;143
988;185
989;161
990;170
991;166
992;150
993;139
994;156
995;136
996;128
997;135
998;137
999;101
1000;110
1001;129
1002;115
1003;89
1004;125
1005;105
1006;128
1007;120
1008;88
1009;98
1010;90
1011;95
1012;75
1013;111
1014;97
1015;92
1016;89
1017;70
1018;69
1019;75
1020;76
1021;79
1022;62
1023;75
1024;57
1025;67
1026;64
1027;60
1028;57
1029;69
1030;71
1031;59
1032;53
1033;56
1034;51
1035;54
1036;39
1037;37
1038;35
1039;45
1040;48
1041;41
1042;38
1043;42
1044;44
1045;30
1046;36
1047;29
1048;37
1049;28
1050;34
1051;30
1052;40
1053;27
1054;27
1055;29
1056;31
1057;22
1058;32
1059;26
1060;28
1061;36
1062;25
1063;22
1064;25
1065;22
1066;23
1067;20
1068;15
1069;20
1070;21
1071;21
1072;24
1073;20
1074;25
1075;26
1076;16
1077;19
1078;14
1079;17
1080;9
1081;17
1082;15
1083;16
1084;23
1085;22
1086;17
1087;11
1088;21
1089;17
1090;17
1091;15
1092;13
1093;20
1094;19
1095;15
1096;21
1097;20
1098;26
1099;12
1100;15
1101;19
1102;16
1103;18
1104;14
1105;12
1106;22
1107;20
1108;17
1109;20
1110;6
1111;17
1112;16
1113;16
1114;16
1115;23
1116;18
1117;20
1118;16
1119;13
1120;9
1121;13
1122;12
1123;12
1124;15
1125;11
1126;13
1127;19
1128;12
1129;14
1130;7
1131;13
1132;15
1133;16
1134;21
1135;17
1136;13
1137;15
1138;17
1139;13
1140;15
1141;15
1142;12
1143;14
1144;17
1145;15
1146;7
1147;12
1148;9
1149;8
1150;13
1151;19
1152;18
1153;17
1154;13
1155;9
1156;17
1157;13
1158;20
1159;20
1160;10
1161;12
1162;14
1163;13
1164;9
1165;9
1166;15
1167;17
1168;17
1169;11
1170;18
1171;18
1172;12
1173;14
1174;16
1175;13
1176;18
1177;18
1178;18
1179;15
1180;18
1181;23
1182;18
1183;13
1184;16
1185;16
1186;12
1187;13
1188;18
1189;27
1190;9
1191;8
1192;25
1193;22
1194;13
1195;17
1196;14
1197;17
1198;10
1199;19
1200;20
1201;20
1202;18
1203;20
1204;10
1205;18
1206;16
1207;20
1208;14
1209;13
1210;16
1211;11
1212;17
1213;12
1214;18
1215;19
1216;17
1217;18
1218;21
1219;25
1220;14
1221;23
1222;21
1223;21
1224;18
1225;17
1226;19
1227;18
1228;16
1229;16
1230;9
1231;14
1232;13
1233;9
1234;26
1235;16
1236;12
1237;21
1238;16
1239;19
1240;16
1241;15
1242;13
1243;18
1244;17
1245;23
1246;13
1247;18
1248;10
1249;12
1250;12
1251;14
1252;14
1253;18
1254;15
1255;15
1256;13
1257;24
1258;13
1259;21
1260;21
1261;17
1262;14
1263;9
1264;15
1265;25
1266;21
1267;8
1268;26
1269;18
1270;13
1271;15
1272;13
1273;17
1274;20
1275;19
1276;21
1277;19
1278;17
1279;12
1280;21
1281;17
1282;16
1283;8
1284;17
1285;16
1286;20
1287;13
1288;14
1289;13
1290;18
1291;16
1292;15
1293;27
1294;14
1295;25
1296;14
1297;22
1298;22
1299;12
1300;18
1301;19
1302;24
1303;18
1304;17
1305;14
1306;17
1307;23
1308;23
1309;15
1310;26
1311;19
1312;21
1313;10
1314;24
1315;19
1316;13
1317;23
1318;18
1319;13
1320;18
1321;21
1322;29
1323;19
1324;25
1325;25
1326;21
1327;23
1328;18
1329;23
1330;20
1331;29
1332;27
1333;31
1334;20
1335;21
1336;24
1337;26
1338;24
1339;18
1340;24
1341;15
1342;19
1343;30
1344;26
1345;20
1346;24
1347;28
1348;25
1349;30
1350;34
1351;24
1352;32
1353;23
1354;26
1355;32
1356;22
1357;21
1358;29
1359;24
1360;28
1361;35
1362;22
1363;18
1364;27
1365;37
1366;28
1367;27
1368;34
1369;34
1370;24
1371;38
1372;35
1373;30
1374;36
1375;27
1376;26
1377;28
1378;31
1379;29
1380;37
1381;34
1382;41
1383;23
1384;38
1385;24
1386;22
1387;35
1388;38
1389;35
1390;32
1391;27
1392;39
1393;36
1394;44
1395;37
1396;30
1397;35
1398;27
1399;34
1400;35
1401;32
1402;26
1403;25
1404;36
1405;36
1406;38
1407;24
1408;33
1409;32
1410;44
1411;29
1412;28
1413;31
1414;32
1415;26
1416;39
1417;37
1418;23
1419;43
1420;39
1421;35
1422;32
1423;30
1424;28
1425;37
1426;33
1427;37
1428;29
1429;31
1430;31
1431;31
1432;31
1433;35
1434;35
1435;41
1436;38
1437;35
1438;36
1439;35
1440;33
1441;30
1442;45
1443;32
1444;27
1445;29
1446;38
1447;27
1448;34
1449;36
1450;35
1451;34
1452;41
1453;33
1454;28
1455;37
1456;33
1457;26
1458;32
1459;36
1460;23
1461;26
1462;30
1463;29
1464;28
1465;27
1466;22
1467;26
1468;33
1469;33
1470;31
1471;22
1472;30
1473;19
1474;30
1475;29
1476;25
1477;23
1478;22
1479;37
1480;28
1481;21
1482;30
1483;26
1484;23
1485;19
1486;19
1487;23
1488;28
1489;25
1490;26
1491;28
1492;22
1493;27
1494;19
1495;32
1496;34
1497;24
1498;20
1499;23
1500;11
1501;20
1502;19
1503;23
1504;15
1505;18
1506;13
1507;17
1508;14
1509;17
1510;14
1511;19
1512;17
1513;17
1514;30
1515;22
1516;19
1517;13
1518;17
1519;20
1520;23
1521;23
1522;25
1523;12
1524;19
1525;24
1526;13
1527;20
1528;17
1529;19
1530;19
1531;22
1532;18
1533;18
1534;18
1535;16
1536;14
1537;15
1538;15
1539;12
1540;19
1541;26
1542;16
1543;25
1544;10
1545;16
1546;11
1547;20
1548;14
1549;12
1550;18
1551;22
1552;16
1553;23
1554;20
1555;9
1556;16
1557;25
1558;23
1559;17
1560;19
1561;19
1562;16
1563;13
1564;21
1565;23
1566;18
1567;15
1568;17
1569;13
1570;16
1571;17
1572;19
1573;12
1574;19
1575;18
1576;19
1577;15
1578;13
1579;22
1580;15
1581;19
1582;19
1583;14
1584;13
1585;16
1586;18
1587;18
1588;11
1589;12
1590;11
1591;13
1592;13
1593;16
1594;22
1595;6
1596;15
1597;9
1598;13
1599;19
1600;19
1601;15
1602;14
1603;14
1604;9
1605;15
1606;16
1607;17
1608;12
1609;19
1610;14
1611;14
1612;22
1613;10
1614;16
1615;14
1616;9
1617;14
1618;12
1619;11
1620;13
1621;11
1622;17
1623;5
1624;18
1625;15
1626;14
1627;17
1628;14
1629;15
1630;13
1631;23
1632;15
1633;15
1634;16
1635;10
1636;14
1637;17
1638;14
1639;14
1640;15
1641;14
1642;18
1643;18
1644;11
1645;16
1646;10
1647;10
1648;17
1649;12
1650;11
1651;18
1652;9
1653;16
1654;16
1655;16
1656;18
1657;17
1658;20
1659;16
1660;13
1661;10
1662;17
1663;11
1664;15
1665;14
1666;15
1667;19
1668;16
1669;16
1670;21
1671;15
1672;18
1673;13
1674;17
1675;29
1676;19
1677;13
1678;14
1679;23
1680;19
1681;20
1682;14
1683;15
1684;8
1685;24
1686;18
1687;22
1688;17
1689;25
1690;13
1691;28
1692;22
1693;16
1694;20
1695;29
1696;19
1697;15
1698;18
1699;20
1700;21
1701;18
1702;18
1703;15
1704;18
1705;23
1706;22
1707;21
1708;20
1709;15
1710;14
1711;20
1712;13
1713;22
1714;23
1715;20
1716;19
1717;14
1718;21
1719;15
1720;26
1721;25
1722;19
1723;15
1724;15
1725;12
1726;25
1727;20
1728;27
1729;21
1730;15
1731;17
1732;16
1733;21
1734;14
1735;18
1736;19
1737;13
1738;16
1739;18
1740;25
1741;24
1742;18
1743;10
1744;19
1745;19
1746;19
1747;21
1748;21
1749;19
1750;26
1751;17
1752;23
1753;16
1754;20
1755;14
1756;20
1757;18
1758;23
1759;21
1760;24
1761;19
1762;22
1763;23
1764;11
1765;17
1766;16
1767;22
1768;16
1769;18
1770;14
1771;21
1772;18
1773;23
1774;16
1775;16
1776;18
1777;21
1778;18
1779;22
1780;16
1781;21
1782;12
1783;23
1784;18
1785;20
1786;21
1787;16
1788;14
1789;30
1790;15
1791;19
1792;26
1793;20
1794;19
1795;28
1796;13
1797;16
1798;20
1799;18
1800;24
1801;16
1802;17
1803;24
1804;19
1805;22
1806;30
1807;17
1808;24
1809;22
1810;17
1811;23
1812;22
1813;17
1814;22
1815;18
1816;22
1817;33
1818;19
1819;11
1820;27
1821;27
1822;21
1823;25
1824;23
1825;30
1826;24
1827;21
1828;26
1829;26
1830;17
1831;27
1832;24
1833;31
1834;21
1835;21
1836;20
1837;27
1838;20
1839;24
1840;21
1841;9
1842;24
1843;19
1844;24
1845;27
1846;20
1847;25
1848;22
1849;26
1850;16
1851;22
1852;15
1853;20
1854;18
1855;19
1856;20
1857;22
1858;18
1859;35
1860;17
1861;30
1862;23
1863;28
1864;27
1865;16
1866;18
1867;25
1868;31
1869;21
1870;20
1871;27
1872;18
1873;15
1874;24
1875;22
1876;22
1877;27
1878;32
1879;29
1880;25
1881;21
1882;19
1883;18
1884;17
1885;32
1886;28
1887;23
1888;15
1889;20
1890;24
1891;23
1892;23
1893;27
1894;23
1895;29
1896;20
1897;26
1898;15
1899;35
1900;22
1901;23
1902;22
1903;33
1904;20
1905;17
1906;20
1907;25
1908;20
1909;23
1910;28
1911;19
1912;23
1913;19
1914;21
1915;27
1916;16
1917;24
1918;24
1919;23
1920;27
1921;23
1922;29
1923;15
1924;22
1925;21
1926;20
1927;26
1928;21
1929;29
1930;20
1931;27
1932;30
1933;24
1934;18
1935;21
1936;23
1937;28
1938;18
1939;16
1940;24
1941;24
1942;28
1943;22
1944;20
1945;16
1946;28
1947;26
1948;28
1949;16
1950;21
1951;28
1952;15
1953;24
1954;24
1955;25
1956;20
1957;26
1958;29
1959;20
1960;32
1961;23
1962;27
1963;35
1964;17
1965;26
1966;26
1967;27
1968;32
1969;23
1970;22
1971;26
1972;24
1973;30
1974;21
1975;22
1976;15
1977;31
1978;24
1979;23
1980;25
1981;21
1982;26
1983;18
1984;26
1985;30
1986;27
1987;25
1988;21
1989;15
1990;32
1991;28
1992;28
1993;26
1994;30
1995;22
1996;24
1997;21
1998;34
1999;18
2000;24
2001;23
2002;21
2003;32
2004;30
2005;16
2006;24
2007;27
2008;27
2009;22
2010;17
2011;26
2012;24
2013;33
2014;30
2015;21
2016;19
2017;27
2018;24
2019;24
2020;27
2021;28
2022;25
2023;32
2024;17
2025;26
2026;29
2027;22
2028;17
2029;23
2030;30
2031;29
2032;16
2033;36
2034;30
2035;21
2036;27
2037;24
2038;29
2039;19
2040;29
2041;21
2042;23
2043;16
2044;22
2045;27
2046;24
2047;21
2048;29
2049;29
2050;23
2051;32
2052;18
2053;27
2054;26
2055;30
2056;29
2057;17
2058;21
2059;24
2060;24
2061;15
2062;18
2063;28
2064;28
2065;19
2066;31
2067;14
2068;16
2069;27
2070;26
2071;17
2072;12
2073;22
2074;26
2075;21
2076;16
2077;28
2078;17
2079;25
2080;16
2081;16
2082;23
2083;25
2084;19
2085;17
2086;25
2087;28
2088;22
2089;27
2090;25
2091;19
2092;26
2093;23
2094;18
2095;25
2096;22
2097;14
2098;16
2099;21
2100;27
2101;24
2102;21
2103;30
2104;22
2105;19
2106;23
2107;15
2108;19
2109;21
2110;22
2111;29
2112;25
2113;33
2114;17
2115;13
2116;25
2117;14
2118;23
2119;26
2120;23
2121;26
2122;20
2123;17
2124;27
2125;19
2126;18
2127;22
2128;19
2129;14
2130;14
2131;22
2132;26
2133;26
2134;21
2135;20
2136;22
2137;20
2138;23
2139;25
2140;13
2141;27
2142;27
2143;18
2144;22
2145;20
2146;21
2147;22
2148;17
2149;18
2150;16
2151;11
2152;17
2153;17
2154;16
2155;21
2156;18
2157;28
2158;20
2159;24
2160;17
2161;22
2162;23
2163;21
2164;25
2165;22
2166;21
2167;24
2168;15
2169;22
2170;22
2171;11
2172;17
2173;12
2174;25
2175;23
2176;14
2177;17
2178;20
2179;19
2180;27
2181;25
2182;18
2183;19
2184;17
2185;15
2186;19
2187;22
2188;11
2189;18
2190;20
2191;19
2192;21
2193;16
2194;18
2195;19
2196;23
2197;16
2198;25
2199;25
2200;17
2201;24
2202;15
2203;16
2204;17
2205;17
2206;19
2207;20
2208;20
2209;13
2210;17
2211;16
2212;21
2213;17
2214;16
2215;10
2216;17
2217;18
2218;11
2219;19
2220;13
2221;19
2222;21
2223;12
2224;15
2225;19
2226;9
2227;27
2228;15
2229;23
2230;13
2231;20
2232;23
2233;20
2234;15
2235;20
2236;19
2237;14
2238;21
2239;24
2240;14
2241;11
2242;14
2243;18
2244;18
2245;16
2246;15
2247;17
2248;15
2249;18
2250;20
2251;11
2252;13
2253;17
2254;14
2255;17
2256;13
2257;18
2258;17
2259;18
2260;15
2261;13
2262;16
2263;22
2264;24
2265;17
2266;23
2267;23
2268;15
2269;15
2270;17
2271;15
2272;15
2273;13
2274;18
2275;12
2276;11
2277;16
2278;18
2279;9
2280;15
2281;10
2282;13
2283;11
2284;19
2285;13
2286;13
2287;9
2288;23
2289;15
2290;17
2291;20
2292;14
2293;14
2294;19
2295;14
2296;17
2297;18
2298;13
2299;13
2300;15
2301;14
2302;21
2303;20
2304;15
2305;20
2306;22
2307;20
2308;14
2309;21
2310;10
2311;19
2312;23
2313;17
2314;13
2315;15
2316;11
2317;11
2318;17
2319;14
2320;18
2321;16
2322;10
2323;12
2324;17
2325;9
2326;13
2327;18
2328;17
2329;14
2330;18
2331;16
2332;13
2333;10
2334;16
2335;14
2336;26
2337;17
2338;16
2339;22
2340;14
2341;10
2342;13
2343;19
2344;12
2345;13
2346;18
2347;8
2348;19
2349;16
2350;21
2351;13
2352;19
2353;19
2354;13
2355;7
2356;14
2357;15
2358;15
2359;11
2360;16
2361;12
2362;17
2363;9
2364;20
2365;13
2366;20
2367;15
2368;16
2369;17
2370;18
2371;11
2372;13
2373;23
2374;17
2375;17
2376;23
2377;14
2378;15
2379;11
2380;11
2381;15
2382;21
2383;17
2384;10
2385;11
2386;14
2387;17
2388;8
2389;13
2390;17
2391;10
2392;17
2393;19
2394;13
2395;21
2396;18
2397;18
2398;13
2399;11
2400;16
2401;16
2402;19
2403;9
2404;17
2405;13
2406;21
2407;26
2408;19
2409;23
2410;11
2411;15
2412;13
2413;12
2414;19
2415;12
2416;12
2417;10
2418;10
2419;17
2420;19
2421;20
2422;20
2423;15
2424;16
2425;11
2426;12
2427;13
2428;9
2429;18
2430;10
2431;11
2432;17
2433;13
2434;20
2435;17
2436;14
2437;10
2438;12
2439;9
2440;17
2441;14
2442;15
2443;15
2444;17
2445;16
2446;17
2447;21
2448;12
2449;8
2450;18
2451;15
2452;15
2453;15
2454;9
2455;26
2456;13
2457;17
2458;12
2459;11
2460;11
2461;8
2462;15
2463;13
2464;18
2465;8
2466;21
2467;8
2468;13
2469;17
2470;13
2471;13
2472;12
2473;11
2474;14
2475;20
2476;11
2477;10
2478;11
2479;17
2480;15
2481;14
2482;16
2483;11
2484;11
2485;15
2486;21
2487;16
2488;12
2489;23
2490;9
2491;13
2492;12
2493;9
2494;17
2495;9
2496;19
2497;17
2498;12
2499;13
2500;13
2501;18
2502;18
2503;14
2504;19
2505;14
2506;8
2507;10
2508;15
2509;12
2510;11
2511;19
2512;12
2513;15
2514;16
2515;13
2516;12
2517;19
2518;14
2519;15
2520;19
2521;17
2522;9
2523;8
2524;18
2525;10
2526;9
2527;13
2528;9
2529;11
2530;10
2531;20
2532;19
2533;12
2534;12
2535;20
2536;10
2537;11
2538;10
2539;15
2540;13
2541;12
2542;13
2543;9
2544;16
2545;14
2546;15
2547;16
2548;14
2549;11
2550;10
2551;9
2552;13
2553;15
2554;13
2555;14
2556;13
2557;30
2558;17
2559;8
2560;14
2561;10
2562;14
2563;14
2564;10
2565;11
2566;16
2567;15
2568;7
2569;15
2570;11
2571;18
2572;13
2573;15
2574;5
2575;10
2576;11
2577;13
2578;14
2579;12
2580;12
2581;10
2582;13
2583;12
2584;12
2585;10
2586;10
2587;10
2588;12
2589;17
2590;19
2591;11
2592;8
2593;8
2594;9
2595;7
2596;19
2597;8
2598;10
2599;10
2600;11
2601;9
2602;11
2603;11
2604;11
2605;13
2606;14
2607;12
2608;14
2609;7
2610;16
2611;13
2612;6
2613;10
2614;7
2615;12
2616;17
2617;14
2618;13
2619;10
2620;8
2621;12
2622;9
2623;7
2624;12
2625;12
2626;11
2627;17
2628;10
2629;14
2630;10
2631;15
2632;9
2633;11
2634;15
2635;7
2636;12
2637;13
2638;7
2639;9
2640;11
2641;13
2642;5
2643;9
2644;11
2645;6
2646;8
2647;10
2648;4
2649;12
2650;13
2651;18
2652;11
2653;8
2654;16
2655;10
2656;9
2657;15
2658;12
2659;11
2660;8
2661;6
2662;8
2663;17
2664;9
2665;3
2666;11
2667;13
2668;8
2669;10
2670;13
2671;8
2672;13
2673;12
2674;8
2675;14
2676;8
2677;9
2678;8
2679;8
2680;8
2681;11
2682;7
2683;12
2684;13
2685;9
2686;13
2687;11
2688;18
2689;9
2690;12
2691;12
2692;10
2693;13
2694;6
2695;8
2696;7
2697;10
2698;4
2699;11
2700;9
2701;11
2702;10
2703;6
2704;7
2705;9
2706;7
2707;10
2708;8
2709;15
2710;7
2711;9
2712;4
2713;8
2714;7
2715;8
2716;9
2717;12
2718;10
2719;10
2720;13
2721;6
2722;9
2723;10
2724;9
2725;8
2726;8
2727;10
2728;8
2729;11
2730;7
2731;10
2732;7
2733;13
2734;11
2735;11
2736;5
2737;12
2738;9
2739;10
2740;10
2741;15
2742;10
2743;10
2744;10
2745;6
2746;13
2747;7
2748;15
2749;8
2750;6
2751;3
2752;11
2753;9
2754;9
2755;15
2756;9
2757;7
2758;14
2759;10
2760;4
2761;15
2762;8
2763;5
2764;9
2765;10
2766;9
2767;12
2768;12
2769;10
2770;9
2771;4
2772;9
2773;13
2774;10
2775;14
2776;8
2777;8
2778;9
2779;9
2780;10
2781;10
2782;12
2783;8
2784;6
2785;11
2786;8
2787;9
2788;15
2789;6
2790;12
2791;8
2792;15
2793;7
2794;4
2795;8
2796;5
2797;9
2798;11
2799;11
2800;10
2801;3
2802;7
2803;4
2804;7
2805;8
2806;10
2807;9
2808;7
2809;7
2810;9
2811;11
2812;6
2813;15
2814;7
2815;7
2816;11
2817;9
2818;13
2819;9
2820;8
2821;6
2822;9
2823;13
2824;7
2825;10
2826;13
2827;17
2828;2
2829;13
2830;12
2831;9
2832;7
2833;3
2834;6
2835;5
2836;7
2837;6
2838;14
2839;9
2840;10
2841;13
2842;13
2843;5
2844;5
2845;8
2846;12
2847;14
2848;10
2849;7
2850;9
2851;13
2852;4
2853;9
2854;8
2855;9
2856;6
2857;8
2858;7
2859;12
2860;7
2861;11
2862;10
2863;8
2864;9
2865;11
2866;10
2867;10
2868;11
2869;13
2870;10
2871;8
2872;9
2873;3
2874;11
2875;8
2876;7
2877;5
2878;5
2879;9
2880;9
2881;10
2882;12
2883;3
2884;16
2885;5
2886;8
2887;7
2888;7
2889;8
2890;9
2891;11
2892;8
2893;14
2894;12
2895;5
2896;10
2897;7
2898;6
2899;9
2900;11
2901;11
2902;15
2903;3
2904;11
2905;11
2906;9
2907;10
2908;12
2909;7
2910;11
2911;12
2912;8
2913;9
2914;8
2915;9
2916;7
2917;9
2918;11
2919;8
2920;12
2921;13
2922;8
2923;8
2924;12
2925;7
2926;7
2927;8
2928;6
2929;7
2930;4
2931;3
2932;10
2933;12
2934;12
2935;14
2936;8
2937;10
2938;11
2939;7
2940;5
2941;6
2942;13
2943;7
2944;15
2945;8
2946;9
2947;7
2948;8
2949;8
2950;3
2951;11
2952;10
2953;10
2954;7
2955;5
2956;2
2957;8
2958;5
2959;3
2960;3
2961;12
2962;5
2963;7
2964;12
2965;12
2966;5
2967;4
2968;3
2969;13
2970;12
2971;6
2972;12
2973;10
2974;8
2975;1
2976;8
2977;11
2978;5
2979;12
2980;7
2981;9
2982;8
2983;4
2984;6
2985;8
2986;6
2987;9
2988;6
2989;9
2990;4
2991;9
2992;10
2993;6
2994;8
2995;8
2996;12
2997;9
2998;3
2999;7
3000;10
3001;13
3002;12
3003;5
3004;11
3005;9
3006;3
3007;5
3008;7
3009;5
3010;11
3011;4
3012;10
3013;6
3014;6
3015;10
3016;11
3017;5
3018;10
3019;9
3020;6
3021;7
3022;13
3023;5
3024;6
3025;6
3026;9
3027;10
3028;8
3029;13
3030;11
3031;8
3032;4
3033;10
3034;5
3035;5
3036;5
3037;9
3038;9
3039;5
3040;7
3041;5
3042;10
3043;8
3044;6
3045;14
3046;6
3047;9
3048;4
3049;9
3050;5
3051;7
3052;6
3053;5
3054;8
3055;4
3056;10
3057;6
3058;3
3059;11
3060;11
3061;9
3062;6
3063;9
3064;10
3065;7
3066;5
3067;11
3068;7
3069;9
3070;9
3071;7
3072;6
3073;7
3074;6
3075;5
3076;6
3077;4
3078;5
3079;12
3080;8
3081;6
3082;11
3083;4
3084;8
3085;4
3086;10
3087;8
3088;7
3089;10
3090;10
3091;13
3092;9
3093;9
3094;6
3095;9
3096;4
3097;5
3098;7
3099;8
3100;14
3101;10
3102;10
3103;3
3104;11
3105;11
3106;5
3107;8
3108;10
3109;4
3110;7
3111;8
3112;8
3113;11
3114;9
3115;9
3116;9
3117;4
3118;9
3119;10
3120;5
3121;10
3122;11
3123;9
3124;3
3125;6
3126;5
3127;6
3128;4
3129;5
3130;6
3131;5
3132;10
3133;6
3134;4
3135;10
3136;9
3137;6
3138;5
3139;12
3140;5
3141;3
3142;7
3143;5
3144;7
3145;6
3146;3
3147;8
3148;10
3149;5
3150;2
3151;5
3152;6
3153;10
3154;5
3155;4
3156;7
3157;6
3158;6
3159;2
3160;9
3161;8
3162;6
3163;7
3164;2
3165;3
3166;7
3167;6
3168;3
3169;9
3170;6
3171;7
3172;11
3173;8
3174;7
3175;4
3176;9
3177;6
3178;11
3179;7
3180;8
3181;7
3182;6
3183;2
3184;5
3185;4
3186;9
3187;8
3188;9
3189;7
3190;12
3191;6
3192;8
3193;6
3194;7
3195;6
3196;10
3197;6
3198;5
3199;11
3200;10
3201;4
3202;5
3203;14
3204;7
3205;8
3206;6
3207;7
3208;9
3209;11
3210;8
3211;6
3212;2
3213;8
3214;6
3215;7
3216;7
3217;5
3218;8
3219;8
3220;5
3221;6
3222;9
3223;8
3224;6
3225;6
3226;10
3227;9
3228;8
3229;10
3230;8
3231;4
3232;11
3233;7
3234;6
3235;7
3236;5
3237;5
3238;10
3239;8
3240;2
3241;11
3242;8
3243;6
3244;6
3245;14
3246;7
3247;8
3248;8
3249;11
3250;8
3251;3
3252;9
3253;3
3254;8
3255;4
3256;3
3257;13
3258;7
3259;7
3260;13
3261;6
3262;6
3263;8
3264;6
3265;10
3266;10
3267;4
3268;5
3269;3
3270;7
3271;6
3272;7
3273;8
3274;11
3275;7
3276;8
3277;8
3278;7
3279;5
3280;5
3281;10
3282;10
3283;13
3284;7
3285;6
3286;7
3287;8
3288;9
3289;5
3290;6
3291;12
3292;14
3293;7
3294;3
3295;6
3296;10
3297;12
3298;7
3299;10
3300;8
3301;10
3302;5
3303;7
3304;13
3305;10
3306;6
3307;5
3308;8
3309;8
3310;7
3311;2
3312;5
3313;5
3314;13
3315;11
3316;3
3317;5
3318;10
3319;8
3320;7
3321;12
3322;8
3323;16
3324;7
3325;10
3326;11
3327;4
3328;15
3329;3
3330;5
3331;14
3332;10
3333;8
3334;6
3335;5
3336;9
3337;10
3338;6
3339;4
3340;9
3341;6
3342;8
3343;10
3344;6
3345;4
3346;15
3347;14
3348;7
3349;9
3350;6
3351;5
3352;12
3353;4
3354;9
3355;9
3356;10
3357;17
3358;8
3359;12
3360;5
3361;10
3362;10
3363;9
3364;11
3365;10
3366;9
3367;12
3368;10
3369;11
3370;7
3371;5
3372;15
3373;7
3374;8
3375;15
3376;8
3377;9
3378;12
3379;12
3380;12
3381;14
3382;12
3383;13
3384;16
3385;10
3386;9
3387;11
3388;5
3389;11
3390;6
3391;9
3392;11
3393;12
3394;11
3395;11
3396;10
3397;12
3398;12
3399;10
3400;11
3401;5
3402;10
3403;13
3404;8
3405;8
3406;7
3407;6
3408;9
3409;16
3410;13
3411;13
3412;14
3413;15
3414;7
3415;11
3416;9
3417;18
3418;16
3419;14
3420;16
3421;14
3422;15
3423;11
3424;20
3425;16
3426;12
3427;12
3428;15
3429;5
3430;11
3431;15
3432;11
3433;16
3434;14
3435;14
3436;12
3437;15
3438;20
3439;20
3440;12
3441;14
3442;14
3443;10
3444;14
3445;15
3446;14
3447;14
3448;9
3449;10
3450;13
3451;16
3452;9
3453;16
3454;14
3455;21
3456;12
3457;11
3458;15
3459;14
3460;16
3461;16
3462;18
3463;15
3464;11
3465;9
3466;13
3467;11
3468;20
3469;15
3470;13
3471;16
3472;10
3473;10
3474;14
3475;13
3476;20
3477;7
3478;11
3479;10
3480;21
3481;11
3482;14
3483;17
3484;13
3485;16
3486;14
3487;20
3488;16
3489;16
3490;12
3491;13
3492;22
3493;15
3494;15
3495;16
3496;18
3497;21
3498;18
3499;16
3500;17
3501;9
3502;15
3503;20
3504;12
3505;18
3506;17
3507;18
3508;17
3509;24
3510;15
3511;18
3512;20
3513;16
3514;11
3515;18
3516;14
3517;20
3518;14
3519;14
3520;23
3521;17
3522;24
3523;17
3524;18
3525;13
3526;18
3527;19
3528;17
3529;13
3530;20
3531;13
3532;18
3533;24
3534;15
3535;18
3536;23
3537;13
3538;7
3539;25
3540;26
3541;15
3542;15
3543;16
3544;20
3545;14
3546;18
3547;16
3548;22
3549;14
3550;8
3551;15
3552;13
3553;18
3554;17
3555;16
3556;17
3557;13
3558;18
3559;17
3560;16
3561;16
3562;11
3563;19
3564;15
3565;22
3566;14
3567;13
3568;10
3569;12
3570;11
3571;16
3572;15
3573;13
3574;24
3575;13
3576;16
3577;13
3578;15
3579;22
3580;16
3581;24
3582;11
3583;14
3584;24
3585;16
3586;21
3587;17
3588;14
3589;16
3590;22
3591;13
3592;16
3593;17
3594;20
3595;13
3596;23
3597;13
3598;21
3599;17
3600;17
3601;18
3602;19
3603;15
3604;12
3605;18
3606;20
3607;19
3608;14
3609;15
3610;11
3611;22
3612;22
3613;14
3614;18
3615;10
3616;19
3617;12
3618;10
3619;14
3620;16
3621;20
3622;19
3623;18
3624;20
3625;12
3626;18
3627;17
3628;20
3629;15
3630;24
3631;19
3632;13
3633;17
3634;24
3635;14
3636;21
3637;15
3638;12
3639;22
3640;12
3641;16
3642;13
3643;15
3644;16
3645;19
3646;12
3647;25
3648;20
3649;18
3650;14
3651;20
3652;19
3653;32
3654;21
3655;19
3656;19
3657;21
3658;19
3659;12
3660;15
3661;13
3662;16
3663;21
3664;24
3665;15
3666;16
3667;18
3668;21
3669;20
3670;30
3671;26
3672;13
3673;14
3674;24
3675;21
3676;25
3677;25
3678;22
3679;19
3680;24
3681;24
3682;16
3683;20
3684;12
3685;23
3686;20
3687;19
3688;13
3689;16
3690;19
3691;21
3692;24
3693;13
3694;22
3695;22
3696;23
3697;12
3698;19
3699;22
3700;21
3701;24
3702;13
3703;24
3704;21
3705;23
3706;26
3707;13
3708;18
3709;16
3710;23
3711;19
3712;17
3713;17
3714;25
3715;26
3716;24
3717;27
3718;20
3719;16
3720;20
3721;27
3722;19
3723;17
3724;24
3725;18
3726;16
3727;25
3728;20
3729;32
3730;19
3731;24
3732;24
3733;16
3734;20
3735;23
3736;20
3737;24
3738;23
3739;23
3740;21
3741;22
3742;22
3743;27
3744;13
3745;17
3746;19
3747;23
3748;26
3749;23
3750;29
3751;16
3752;21
3753;32
3754;17
3755;29
3756;28
3757;28
3758;25
3759;20
3760;21
3761;17
3762;27
3763;24
3764;23
3765;15
3766;23
3767;24
3768;14
3769;32
3770;15
3771;21
3772;20
3773;19
3774;16
3775;35
3776;25
3777;19
3778;27
3779;17
3780;31
3781;31
3782;23
3783;28
3784;29
3785;31
3786;23
3787;23
3788;30
3789;21
3790;22
3791;21
3792;23
3793;35
3794;17
3795;27
3796;18
3797;17
3798;22
3799;27
3800;29
3801;29
3802;16
3803;23
3804;32
3805;26
3806;20
3807;30
3808;37
3809;30
3810;35
3811;29
3812;30
3813;23
3814;23
3815;34
3816;34
3817;26
3818;26
3819;30
3820;28
3821;31
3822;32
3823;24
3824;24
3825;29
3826;37
3827;34
3828;33
3829;24
3830;38
3831;27
3832;17
3833;20
3834;32
3835;21
3836;29
3837;26
3838;34
3839;24
3840;24
3841;38
3842;33
3843;25
3844;24
3845;48
3846;32
3847;25
3848;20
3849;30
3850;24
3851;24
3852;25
3853;23
3854;26
3855;25
3856;22
3857;32
3858;38
3859;31
3860;37
3861;36
3862;40
3863;23
3864;22
3865;37
3866;27
3867;27
3868;21
3869;25
3870;25
3871;33
3872;30
3873;34
3874;22
3875;34
3876;33
3877;29
3878;24
3879;32
3880;30
3881;42
3882;21
3883;26
3884;26
3885;36
3886;31
3887;35
3888;34
3889;28
3890;39
3891;21
3892;37
3893;33
3894;42
3895;30
3896;37
3897;27
3898;25
3899;31
3900;42
3901;22
3902;34
3903;19
3904;26
3905;30
3906;35
3907;27
3908;27
3909;31
3910;43
3911;40
3912;30
3913;38
3914;29
3915;25
3916;29
3917;31
3918;25
3919;29
3920;40
3921;34
3922;35
3923;24
3924;44
3925;37
3926;38
3927;38
3928;25
3929;34
3930;32
3931;26
3932;31
3933;25
3934;30
3935;30
3936;40
3937;33
3938;44
3939;32
3940;26
3941;31
3942;29
3943;23
3944;39
3945;27
3946;31
3947;40
3948;35
3949;26
3950;31
3951;35
3952;24
3953;33
3954;34
3955;34
3956;44
3957;31
3958;29
3959;31
3960;37
3961;31
3962;42
3963;35
3964;43
3965;28
3966;34
3967;34
3968;33
3969;31
3970;29
3971;31
3972;27
3973;45
3974;33
3975;32
3976;28
3977;25
3978;33
3979;29
3980;37
3981;34
3982;32
3983;22
3984;30
3985;28
3986;29
3987;33
3988;36
3989;25
3990;37
3991;33
3992;34
3993;31
3994;26
3995;32
3996;21
3997;33
3998;32
3999;22
4000;32
4001;32
4002;28
4003;18
4004;24
4005;28
4006;24
4007;32
4008;21
4009;30
4010;31
4011;30
4012;35
4013;33
4014;31
4015;29
4016;27
4017;21
4018;30
4019;31
4020;25
4021;26
4022;35
4023;35
4024;31
4025;24
4026;21
4027;21
4028;35
4029;27
4030;25
4031;24
4032;32
4033;35
4034;20
4035;23
4036;19
4037;19
4038;26
4039;26
4040;27
4041;18
4042;25
4043;40
4044;28
4045;26
4046;25
4047;20
4048;30
4049;18
4050;19
4051;23
4052;26
4053;26
4054;19
4055;27
4056;27
4057;24
4058;28
4059;26
4060;19
4061;22
4062;20
4063;31
4064;26
4065;21
4066;25
4067;18
4068;26
4069;26
4070;15
4071;24
4072;18
4073;16
4074;25
4075;26
4076;25
4077;18
4078;23
4079;30
4080;26
4081;20
4082;26
4083;23
4084;23
4085;26
4086;24
4087;21
4088;14
4089;19
4090;16
4091;16
4092;18
4093;20
4094;22
4095;14
4096;22
4097;16
4098;26
4099;18
4100;14
4101;23
4102;21
4103;21
4104;21
4105;17
4106;12
4107;15
4108;17
4109;11
4110;19
4111;22
4112;23
4113;19
4114;22
4115;18
4116;22
4117;24
4118;18
4119;17
4120;15
4121;20
4122;19
4123;19
4124;18
4125;16
4126;9
4127;23
4128;9
4129;17
4130;22
4131;15
4132;23
4133;11
4134;14
4135;20
4136;16
4137;8
4138;13
4139;9
4140;11
4141;16
4142;15
4143;13
4144;7
4145;15
4146;17
4147;20
4148;21
4149;10
4150;15
4151;17
4152;12
4153;15
4154;13
4155;17
4156;20
4157;19
4158;20
4159;14
4160;13
4161;11
4162;18
4163;15
4164;11
4165;14
4166;17
4167;17
4168;18
4169;16
4170;17
4171;11
4172;14
4173;13
4174;11
4175;17
4176;18
4177;15
4178;17
4179;8
4180;14
4181;13
4182;12
4183;18
4184;10
4185;15
4186;11
4187;20
4188;14
4189;18
4190;13
4191;10
4192;9
4193;11
4194;13
4195;12
4196;14
4197;21
4198;12
4199;14
4200;11
4201;13
4202;6
4203;14
4204;20
4205;17
4206;13
4207;13
4208;9
4209;22
4210;13
4211;14
4212;10
4213;16
4214;15
4215;16
4216;10
4217;13
4218;17
4219;14
4220;11
4221;15
4222;10
4223;15
4224;11
4225;13
4226;15
4227;20
4228;11
4229;12
4230;14
4231;12
4232;14
4233;16
4234;18
4235;22
4236;9
4237;7
4238;13
4239;17
4240;11
4241;9
4242;16
4243;17
4244;15
4245;14
4246;10
4247;15
4248;13
4249;17
4250;19
4251;16
4252;13
4253;10
4254;14
4255;11
4256;13
4257;15
4258;16
4259;13
4260;25
4261;17
4262;15
4263;28
4264;11
4265;15
4266;19
4267;12
4268;13
4269;16
4270;18
4271;12
4272;19
4273;11
4274;13
4275;7
4276;21
4277;24
4278;14
4279;15
4280;18
4281;14
4282;16
4283;17
4284;16
4285;19
4286;15
4287;16
4288;17
4289;20
4290;26
4291;26
4292;19
4293;14
4294;24
4295;13
4296;20
4297;23
4298;18
4299;17
4300;19
4301;19
4302;28
4303;15
4304;13
4305;25
4306;22
4307;19
4308;15
4309;19
4310;21
4311;20
4312;23
4313;18
4314;22
4315;26
4316;22
4317;19
4318;19
4319;17
4320;21
4321;17
4322;28
4323;11
4324;13
4325;19
4326;15
4327;20
4328;21
4329;25
4330;14
4331;30
4332;24
4333;19
4334;26
4335;27
4336;29
4337;24
4338;14
4339;22
4340;31
4341;19
4342;11
4343;24
4344;23
4345;35
4346;28
4347;21
4348;18
4349;31
4350;32
4351;27
4352;33
4353;37
4354;17
4355;38
4356;25
4357;20
4358;29
4359;29
4360;31
4361;20
4362;29
4363;24
4364;35
4365;30
4366;23
4367;31
4368;32
4369;25
4370;32
4371;36
4372;28
4373;38
4374;34
4375;32
4376;29
4377;23
4378;36
4379;46
4380;33
4381;35
4382;33
4383;41
4384;31
4385;28
4386;29
4387;33
4388;48
4389;37
4390;31
4391;36
4392;38
4393;42
4394;49
4395;31
4396;32
4397;41
4398;33
4399;43
4400;34
4401;39
4402;41
4403;37
4404;37
4405;45
4406;41
4407;39
4408;38
4409;32
4410;37
4411;29
4412;30
4413;37
4414;37
4415;43
4416;54
4417;36
4418;34
4419;48
4420;44
4421;35
4422;46
4423;37
4424;44
4425;51
4426;48
4427;44
4428;44
4429;50
4430;40
4431;44
4432;48
4433;55
4434;32
4435;50
4436;62
4437;51
4438;39
4439;47
4440;56
4441;52
4442;50
4443;50
4444;43
4445;57
4446;43
4447;50
4448;41
4449;47
4450;57
4451;42
4452;54
4453;38
4454;49
4455;40
4456;58
4457;39
4458;59
4459;48
4460;55
4461;58
4462;60
4463;47
4464;52
4465;52
4466;46
4467;55
4468;62
4469;60
4470;50
4471;60
4472;54
4473;53
4474;55
4475;47
4476;57
4477;55
4478;52
4479;52
4480;47
4481;66
4482;64
4483;65
4484;59
4485;51
4486;61
4487;48
4488;49
4489;52
4490;58
4491;55
4492;48
4493;60
4494;65
4495;71
4496;55
4497;51
4498;76
4499;60
4500;61
4501;61
4502;56
4503;53
4504;63
4505;68
4506;62
4507;68
4508;58
4509;60
4510;58
4511;59
4512;60
4513;66
4514;72
4515;57
4516;55
4517;63
4518;71
4519;54
4520;60
4521;70
4522;71
4523;52
4524;72
4525;54
4526;63
4527;74
4528;61
4529;52
4530;57
4531;61
4532;75
4533;47
4534;69
4535;60
4536;59
4537;71
4538;68
4539;56
4540;65
4541;67
4542;58
4543;59
4544;69
4545;90
4546;77
4547;65
4548;50
4549;70
4550;83
4551;60
4552;68
4553;74
4554;90
4555;58
4556;62
4557;82
4558;66
4559;88
4560;62
4561;54
4562;71
4563;91
4564;80
4565;88
4566;71
4567;69
4568;66
4569;59
4570;74
4571;82
4572;76
4573;81
4574;74
4575;58
4576;75
4577;84
4578;73
4579;65
4580;66
4581;72
4582;75
4583;76
4584;69
4585;85
4586;79
4587;76
4588;83
4589;95
4590;69
4591;69
4592;66
4593;77
4594;62
4595;78
4596;77
4597;67
4598;65
4599;67
4600;80
4601;70
4602;76
4603;64
4604;64
4605;74
4606;62
4607;81
4608;93
4609;84
4610;71
4611;86
4612;76
4613;84
4614;87
4615;59
4616;81
4617;84
4618;73
4619;72
4620;81
4621;76
4622;70
4623;65
4624;60
4625;74
4626;85
4627;78
4628;75
4629;86
4630;87
4631;71
4632;84
4633;74
4634;81
4635;75
4636;82
4637;79
4638;83
4639;64
4640;84
4641;76
4642;87
4643;81
4644;82
4645;86
4646;76
4647;78
4648;87
4649;77
4650;60
4651;93
4652;79
4653;72
4654;67
4655;85
4656;90
4657;67
4658;65
4659;78
4660;84
4661;90
4662;78
4663;74
4664;70
4665;74
4666;86
4667;71
4668;61
4669;81
4670;70
4671;79
4672;75
4673;59
4674;71
4675;62
4676;88
4677;79
4678;79
4679;76
4680;89
4681;87
4682;64
4683;86
4684;90
4685;72
4686;80
4687;80
4688;70
4689;86
4690;70
4691;59
4692;76
4693;75
4694;79
4695;62
4696;68
4697;78
4698;77
4699;65
4700;70
4701;76
4702;76
4703;77
4704;69
4705;58
4706;68
4707;73
4708;86
4709;80
4710;74
4711;79
4712;70
4713;77
4714;64
4715;81
4716;70
4717;80
4718;70
4719;64
4720;62
4721;68
4722;74
4723;69
4724;74
4725;70
4726;65
4727;71
4728;76
4729;70
4730;60
4731;76
4732;52
4733;66
4734;72
4735;72
4736;72
4737;64
4738;65
4739;47
4740;72
4741;63
4742;73
4743;57
4744;68
4745;65
4746;71
4747;66
4748;57
4749;74
4750;56
4751;68
4752;62
4753;70
4754;66
4755;57
4756;48
4757;67
4758;64
4759;51
4760;67
4761;59
4762;55
4763;60
4764;59
4765;58
4766;58
4767;59
4768;62
4769;54
4770;61
4771;73
4772;62
4773;67
4774;47
4775;59
4776;73
4777;52
4778;56
4779;66
4780;69
4781;59
4782;67
4783;58
4784;57
4785;63
4786;56
4787;64
4788;51
4789;61
4790;67
4791;49
4792;55
4793;53
4794;58
4795;51
4796;46
4797;47
4798;69
4799;72
4800;60
4801;58
4802;46
4803;56
4804;47
4805;56
4806;61
4807;64
4808;64
4809;62
4810;52
4811;56
4812;51
4813;64
4814;50
4815;51
4816;42
4817;48
4818;53
4819;57
4820;56
4821;48
4822;44
4823;53
4824;60
4825;51
4826;48
4827;45
4828;55
4829;40
4830;47
4831;60
4832;52
4833;46
4834;46
4835;57
4836;60
4837;45
4838;47
4839;63
4840;45
4841;43
4842;49
4843;44
4844;40
4845;36
4846;59
4847;44
4848;49
4849;31
4850;53
4851;45
4852;50
4853;50
4854;42
4855;38
4856;47
4857;52
4858;41
4859;44
4860;38
4861;46
4862;45
4863;56
4864;36
4865;51
4866;34
4867;52
4868;44
4869;49
4870;39
4871;41
4872;37
4873;45
4874;40
4875;40
4876;37
4877;48
4878;45
4879;33
4880;41
4881;37
4882;44
4883;31
4884;30
4885;32
4886;34
4887;50
4888;39
4889;39
4890;44
4891;31
4892;36
4893;42
4894;35
4895;36
4896;35
4897;34
4898;33
4899;31
4900;48
4901;43
4902;33
4903;45
4904;28
4905;38
4906;43
4907;29
4908;35
4909;43
4910;40
4911;33
4912;50
4913;45
4914;41
4915;44
4916;50
4917;38
4918;33
4919;34
4920;34
4921;28
4922;37
4923;37
4924;23
4925;36
4926;33
4927;34
4928;36
4929;33
4930;31
4931;37
4932;37
4933;38
4934;37
4935;17
4936;35
4937;31
4938;32
4939;33
4940;39
4941;34
4942;38
4943;30
4944;30
4945;27
4946;37
4947;36
4948;23
4949;34
4950;36
4951;38
4952;33
4953;32
4954;27
4955;34
4956;26
4957;35
4958;33
4959;33
4960;28
4961;23
4962;23
4963;35
4964;33
4965;35
4966;38
4967;32
4968;20
4969;25
4970;34
4971;39
4972;32
4973;35
4974;31
4975;20
4976;29
4977;33
4978;31
4979;35
4980;33
4981;26
4982;21
4983;34
4984;42
4985;21
4986;32
4987;28
4988;20
4989;20
4990;28
4991;24
4992;24
4993;23
4994;26
4995;18
4996;24
4997;28
4998;25
4999;34
5000;36
5001;23
5002;30
5003;28
5004;29
5005;32
5006;31
5007;17
5008;30
5009;25
5010;25
5011;31
5012;42
5013;21
5014;27
5015;27
5016;34
5017;28
5018;29
5019;31
5020;26
5021;23
5022;30
5023;26
5024;24
5025;24
5026;18
5027;33
5028;24
5029;36
5030;30
5031;26
5032;36
5033;25
5034;26
5035;36
5036;28
5037;19
5038;20
5039;38
5040;25
5041;33
5042;21
5043;27
5044;16
5045;23
5046;26
5047;33
5048;23
5049;19
5050;34
5051;27
5052;25
5053;24
5054;31
5055;17
5056;27
5057;31
5058;20
5059;27
5060;32
5061;25
5062;27
5063;33
5064;30
5065;31
5066;23
5067;24
5068;25
5069;27
5070;26
5071;22
5072;24
5073;21
5074;28
5075;30
5076;21
5077;30
5078;19
5079;25
5080;13
5081;27
5082;28
5083;32
5084;23
5085;26
5086;26
5087;23
5088;21
5089;20
5090;24
5091;25
5092;22
5093;22
5094;22
5095;19
5096;15
5097;25
5098;26
5099;28
5100;26
5101;23
5102;28
5103;21
5104;22
5105;34
5106;25
5107;22
5108;14
5109;20
5110;28
5111;29
5112;28
5113;22
5114;25
5115;28
5116;30
5117;27
5118;22
5119;30
5120;20
5121;21
5122;22
5123;21
5124;21
5125;27
5126;25
5127;24
5128;16
5129;38
5130;25
5131;16
5132;23
5133;26
5134;22
5135;28
5136;25
5137;18
5138;22
5139;16
5140;17
5141;19
5142;26
5143;28
5144;21
5145;20
5146;22
5147;26
5148;21
5149;23
5150;13
5151;18
5152;19
5153;25
5154;28
5155;32
5156;23
5157;19
5158;28
5159;18
5160;28
5161;20
5162;14
5163;19
5164;20
5165;32
5166;21
5167;19
5168;17
5169;17
5170;21
5171;23
5172;18
5173;21
5174;26
5175;19
5176;21
5177;20
5178;20
5179;19
5180;14
5181;26
5182;25
5183;16
5184;11
5185;13
5186;29
5187;15
5188;21
5189;20
5190;26
5191;27
5192;19
5193;26
5194;22
5195;12
5196;25
5197;21
5198;18
5199;11
5200;21
5201;17
5202;20
5203;17
5204;22
5205;28
5206;14
5207;20
5208;22
5209;14
5210;18
5211;14
5212;13
5213;12
5214;19
5215;27
5216;16
5217;14
5218;12
5219;17
5220;11
5221;17
5222;21
5223;17
5224;17
5225;20
5226;22
5227;24
5228;20
5229;24
5230;18
5231;16
5232;12
5233;14
5234;14
5235;25
5236;16
5237;21
5238;22
5239;14
5240;13
5241;21
5242;11
5243;13
5244;16
5245;9
5246;9
5247;11
5248;15
5249;16
5250;12
5251;11
5252;11
5253;11
5254;8
5255;16
5256;9
5257;17
5258;15
5259;14
5260;7
5261;12
5262;11
5263;18
5264;13
5265;16
5266;16
5267;14
5268;11
5269;18
5270;14
5271;15
5272;22
5273;12
5274;15
5275;14
5276;21
5277;8
5278;19
5279;21
5280;15
5281;14
5282;10
5283;13
5284;19
5285;14
5286;12
5287;15
5288;10
5289;10
5290;8
5291;14
5292;10
5293;9
5294;13
5295;16
5296;6
5297;11
5298;23
5299;12
5300;7
5301;13
5302;16
5303;9
5304;10
5305;17
5306;15
5307;8
5308;14
5309;15
5310;11
5311;11
5312;11
5313;11
5314;8
5315;11
5316;8
5317;12
5318;11
5319;13
5320;14
5321;14
5322;11
5323;8
5324;19
5325;11
5326;9
5327;5
5328;9
5329;14
5330;14
5331;12
5332;6
5333;5
5334;13
5335;11
5336;12
5337;16
5338;5
5339;11
5340;7
5341;11
5342;7
5343;7
5344;16
5345;14
5346;16
5347;13
5348;14
5349;9
5350;11
5351;6
5352;11
5353;5
5354;12
5355;12
5356;7
5357;9
5358;10
5359;6
5360;11
5361;10
5362;8
5363;8
5364;12
5365;3
5366;7
5367;15
5368;19
5369;14
5370;10
5371;8
5372;5
5373;6
5374;9
5375;8
5376;6
5377;14
5378;5
5379;4
5380;6
5381;7
5382;10
5383;6
5384;6
5385;12
5386;9
5387;6
5388;6
5389;6
5390;6
5391;9
5392;10
5393;7
5394;8
5395;9
5396;7
5397;5
5398;10
5399;8
5400;4
5401;4
5402;11
5403;7
5404;6
5405;9
5406;5
5407;10
5408;9
5409;8
5410;7
5411;9
5412;4
5413;6
5414;4
5415;5
5416;9
5417;6
5418;7
5419;4
5420;6
5421;10
5422;12
5423;8
5424;8
5425;12
5426;5
5427;8
5428;8
5429;3
5430;5
5431;6
5432;5
5433;5
5434;4
5435;8
5436;4
5437;7
5438;4
5439;8
5440;5
5441;5
5442;8
5443;4
5444;9
5445;9
5446;4
5447;6
5448;6
5449;12
5450;6
5451;3
5452;5
5453;8
5454;10
5455;4
5456;7
5457;10
5458;7
5459;1
5460;4
5461;5
5462;6
5463;7
5464;4
5465;8
5466;14
5467;7
5468;4
5469;3
5470;2
5471;7
5472;5
5473;7
5474;6
5475;9
5476;5
5477;8
5478;5
5479;5
5480;4
5481;5
5482;7
5483;4
5484;6
5485;9
5486;4
5487;3
5488;5
5489;4
5490;5
5491;11
5492;2
5493;4
5494;6
5495;8
5496;13
5497;3
5498;6
5499;6
5500;2
5501;7
5502;2
5503;7
5504;8
5505;7
5506;4
5507;3
5508;8
5509;4
5510;7
5511;6
5512;4
5513;3
5514;4
5515;2
5516;6
5517;4
5518;5
5519;3
5520;2
5521;5
5522;6
5523;5
5524;3
5525;5
5526;8
5527;9
5528;4
5529;8
5530;4
5531;1
5532;3
5533;7
5534;3
5535;4
5536;9
5537;3
5538;5
5539;7
5540;3
5541;4
5542;2
5543;8
5544;9
5545;6
5546;9
5547;9
5548;5
5549;6
5550;5
5551;6
5552;5
5553;3
5554;2
5555;3
5556;7
5557;3
5558;4
5559;5
5560;7
5561;3
5562;3
5563;4
5564;8
5565;6
5566;6
5567;2
5568;7
5569;3
5570;2
5571;4
5572;8
5573;4
5574;12
5575;12
5576;5
5577;6
5578;5
5579;8
5580;5
5581;10
5582;7
5583;10
5584;3
5585;12
5586;6
5587;7
5588;2
5589;5
5590;5
5591;4
5592;6
5593;5
5594;6
5595;14
5596;7
5597;4
5598;6
5599;7
5600;6
5601;5
5602;4
5603;8
5604;5
5605;4
5606;8
5607;5
5608;6
5609;8
5610;4
5611;5
5612;11
5613;1
5614;6
5615;6
5616;7
5617;7
5618;6
5619;5
5620;5
5621;8
5622;7
5623;8
5624;3
5625;9
5626;6
5627;4
5628;9
5629;4
5630;2
5631;6
5632;8
5633;7
5634;4
5635;5
5636;6
5637;3
5638;7
5639;7
5640;6
5641;9
5642;9
5643;4
5644;6
5645;6
5646;10
5647;5
5648;12
5649;7
5650;9
5651;8
5652;11
5653;7
5654;6
5655;2
5656;5
5657;4
5658;8
5659;2
5660;7
5661;3
5662;4
5663;4
5664;3
5665;8
5666;3
5667;9
5668;10
5669;12
5670;9
5671;7
5672;7
5673;1
5674;3
5675;8
5676;8
5677;4
5678;2
5679;3
5680;5
5681;11
5682;6
5683;9
5684;4
5685;7
5686;9
5687;5
5688;15
5689;7
5690;14
5691;8
5692;5
5693;8
5694;8
5695;5
5696;8
5697;4
5698;1
5699;6
5700;4
5701;5
5702;9
5703;6
5704;9
5705;11
5706;11
5707;5
5708;7
5709;4
5710;8
5711;7
5712;10
5713;4
5714;8
5715;10
5716;8
5717;2
5718;5
5719;12
5720;10
5721;8
5722;8
5723;3
5724;10
5725;10
5726;4
5727;5
5728;11
5729;9
5730;5
5731;4
5732;10
5733;4
5734;10
5735;10
5736;7
5737;4
5738;5
5739;8
5740;8
5741;5
5742;10
5743;5
5744;9
5745;13
5746;6
5747;8
5748;8
5749;6
5750;9
5751;5
5752;11
5753;6
5754;9
5755;7
5756;9
5757;1
5758;10
5759;8
5760;7
5761;5
5762;9
5763;7
5764;7
5765;3
5766;3
5767;2
5768;11
5769;10
5770;8
5771;6
5772;4
5773;7
5774;8
5775;7
5776;6
5777;10
5778;6
5779;8
5780;6
5781;8
5782;9
5783;6
5784;5
5785;9
5786;10
5787;7
5788;6
5789;9
5790;5
5791;6
5792;12
5793;9
5794;9
5795;6
5796;5
5797;12
5798;6
5799;9
5800;9
5801;5
5802;10
5803;4
5804;6
5805;6
5806;9
5807;9
5808;5
5809;9
5810;7
5811;12
5812;9
5813;6
5814;8
5815;10
5816;8
5817;6
5818;5
5819;9
5820;8
5821;8
5822;9
5823;4
5824;5
5825;11
5826;5
5827;5
5828;8
5829;9
5830;6
5831;8
5832;8
5833;4
5834;9
5835;6
5836;8
5837;7
5838;12
5839;16
5840;11
5841;10
5842;7
5843;6
5844;10
5845;4
5846;10
5847;8
5848;12
5849;6
5850;14
5851;20
5852;6
5853;11
5854;17
5855;11
5856;8
5857;5
5858;7
5859;7
5860;9
5861;8
5862;4
5863;7
5864;10
5865;15
5866;9
5867;11
5868;14
5869;6
5870;8
5871;11
5872;8
5873;11
5874;10
5875;10
5876;12
5877;9
5878;11
5879;2
5880;5
5881;9
5882;10
5883;6
5884;7
5885;5
5886;6
5887;6
5888;7
5889;10
5890;7
5891;5
5892;7
5893;9
5894;11
5895;6
5896;9
5897;11
5898;9
5899;6
5900;11
5901;7
5902;8
5903;2
5904;11
5905;4
5906;4
5907;7
5908;8
5909;10
5910;7
5911;3
5912;8
5913;4
5914;8
5915;10
5916;7
5917;6
5918;8
5919;3
5920;6
5921;1
5922;12
5923;5
5924;9
5925;7
5926;7
5927;6
5928;6
5929;7
5930;3
5931;4
5932;6
5933;7
5934;7
5935;10
5936;6
5937;8
5938;3
5939;7
5940;9
5941;4
5942;6
5943;3
5944;7
5945;12
5946;7
5947;8
5948;8
5949;8
5950;6
5951;2
5952;6
5953;4
5954;6
5955;5
5956;11
5957;7
5958;3
5959;8
5960;7
5961;10
5962;7
5963;4
5964;5
5965;4
5966;6
5967;13
5968;2
5969;6
5970;7
5971;6
5972;7
5973;8
5974;4
5975;6
5976;8
5977;6
5978;8
5979;3
5980;10
5981;8
5982;5
5983;4
5984;8
5985;8
5986;5
5987;14
5988;6
5989;6
5990;7
5991;9
5992;8
5993;6
5994;5
5995;7
5996;2
5997;7
5998;4
5999;8
6000;2
6001;9
6002;7
6003;3
6004;2
6005;3
6006;10
6007;12
6008;7
6009;4
6010;3
6011;2
6012;6
6013;5
6014;6
6015;4
6016;9
6017;5
6018;10
6019;4
6020;6
6021;7
6022;6
6023;7
6024;9
6025;1
6026;3
6027;3
6028;5
6029;9
6030;3
6031;6
6032;3
6033;3
6034;5
6035;6
6036;2
6037;6
6038;6
6039;2
6040;7
6041;5
6042;5
6043;5
6044;7
6045;2
6046;6
6047;5
6048;6
6049;3
6050;9
6051;1
6052;6
6053;6
6054;3
6055;6
6056;3
6057;8
6058;6
6059;2
6060;4
6061;2
6062;2
6063;5
6064;5
6065;4
6066;3
6067;1
6068;3
6069;4
6070;5
6071;4
6072;6
6073;4
6074;2
6075;3
6076;7
6077;1
6078;5
6079;2
6080;4
6081;7
6082;4
6083;3
6084;7
6085;5
6086;7
6087;3
6088;2
6089;4
6090;6
6091;3
6092;1
6093;3
6094;4
6095;4
6096;4
6097;2
6098;0
6099;4
6100;2
6101;2
6102;2
6103;2
6104;3
6105;3
6106;1
6107;4
6108;2
6109;5
6110;5
6111;0
6112;5
6113;4
6114;3
6115;1
6116;4
6117;2
6118;3
6119;3
6120;2
6121;2
6122;5
6123;4
6124;0
6125;2
6126;5
6127;3
6128;2
6129;4
6130;2
6131;4
6132;3
6133;4
6134;2
6135;1
6136;3
6137;5
6138;3
6139;2
6140;4
6141;2
6142;3
6143;1
6144;2
6145;3
6146;1
6147;1
6148;4
6149;2
6150;4
6151;0
6152;4
6153;0
6154;0
6155;2
6156;0
6157;3
6158;3
6159;1
6160;4
6161;2
6162;2
6163;3
6164;3
6165;2
6166;3
6167;6
6168;2
6169;2
6170;2
6171;1
6172;2
6173;1
6174;1
6175;2
6176;1
6177;3
6178;3
6179;2
6180;1
6181;1
6182;2
6183;0
6184;4
6185;1
6186;3
6187;0
6188;1
6189;1
6190;3
6191;1
6192;2
6193;3
6194;4
6195;2
6196;3
6197;0
6198;2
6199;2
6200;2
6201;2
6202;1
6203;1
6204;2
6205;0
6206;0
6207;6
6208;1
6209;2
6210;3
6211;3
6212;1
6213;2
6214;2
6215;2
6216;4
6217;2
6218;1
6219;3
6220;0
6221;1
6222;0
6223;0
6224;0
6225;3
6226;1
6227;1
6228;1
6229;2
6230;3
6231;2
6232;2
6233;2
6234;2
6235;1
6236;1
6237;0
6238;2
6239;2
6240;0
6241;4
6242;3
6243;1
6244;3
6245;1
6246;2
6247;3
6248;0
6249;1
6250;2
6251;1
6252;1
6253;2
6254;1
6255;3
6256;0
6257;3
6258;1
6259;0
6260;3
6261;1
6262;1
6263;1
6264;0
6265;0
6266;0
6267;3
6268;2
6269;4
6270;0
6271;0
6272;3
6273;0
6274;1
6275;0
6276;2
6277;3
6278;2
6279;0
6280;1
6281;1
6282;2
6283;3
6284;3
6285;0
6286;1
6287;3
6288;1
6289;1
6290;1
6291;0
6292;2
6293;0
6294;1
6295;0
6296;0
6297;0
6298;1
6299;3
6300;0
6301;0
6302;2
6303;0
6304;2
6305;2
6306;0
6307;0
6308;1
6309;1
6310;1
6311;2
6312;0
6313;1
6314;0
6315;1
6316;0
6317;1
6318;1
6319;2
6320;0
6321;1
6322;1
6323;0
6324;0
6325;0
6326;2
6327;0
6328;0
6329;0
6330;4
6331;2
6332;1
6333;0
6334;0
6335;1
6336;1
6337;0
6338;2
6339;0
6340;0
6341;1
6342;0
6343;0
6344;0
6345;2
6346;0
6347;2
6348;1
6349;3
6350;0
6351;1
6352;2
6353;0
6354;0
6355;2
6356;0
6357;0
6358;0
6359;2
6360;1
6361;1
6362;0
6363;1
6364;1
6365;0
6366;1
6367;2
6368;2
6369;3
6370;1
6371;0
6372;0
6373;0
6374;0
6375;1
6376;0
6377;1
6378;1
6379;1
6380;2
6381;2
6382;2
6383;0
6384;0
6385;2
6386;1
6387;2
6388;1
6389;0
6390;2
6391;0
6392;0
6393;0
6394;1
6395;0
6396;1
6397;0
6398;0
6399;1
6400;1
6401;2
6402;0
6403;2
6404;0
6405;1
6406;0
6407;2
6408;0
6409;1
6410;0
6411;0
6412;0
6413;0
6414;0
6415;0
6416;2
6417;0
6418;1
6419;0
6420;0
6421;0
6422;1
6423;1
6424;2
6425;1
6426;0
6427;0
6428;0
6429;1
6430;0
6431;0
6432;2
6433;1
6434;2
6435;0
6436;0
6437;0
6438;0
6439;2
6440;1
6441;0
6442;0
6443;2
6444;0
6445;1
6446;0
6447;0
6448;0
6449;1
6450;1
6451;0
6452;2
6453;0
6454;0
6455;0
6456;2
6457;0
6458;1
6459;1
6460;0
6461;1
6462;0
6463;0
6464;1
6465;1
6466;0
6467;1
6468;1
6469;0
6470;0
6471;1
6472;0
6473;1
6474;0
6475;0
6476;0
6477;0
6478;0
6479;2
6480;1
6481;1
6482;1
6483;0
6484;0
6485;0
6486;2
6487;0
6488;1
6489;0
6490;2
6491;2
6492;1
6493;0
6494;1
6495;1
6496;1
6497;0
6498;0
6499;0
6500;1
6501;1
6502;0
6503;1
6504;2
6505;1
6506;0
6507;0
6508;0
6509;0
6510;0
6511;0
6512;0
6513;1
6514;0
6515;0
6516;1
6517;2
6518;0
6519;0
6520;1
6521;2
6522;1
6523;4
6524;0
6525;0
6526;0
6527;0
6528;0
6529;0
6530;0
6531;1
6532;0
6533;0
6534;0
6535;1
6536;0
6537;0
6538;0
6539;0
6540;1
6541;0
6542;0
6543;1
6544;0
6545;0
6546;0
6547;0
6548;0
6549;0
6550;1
6551;1
6552;0
6553;0
6554;0
6555;0
6556;0
6557;0
6558;1
6559;0
6560;0
6561;0
6562;2
6563;1
6564;0
6565;1
6566;0
6567;1
6568;0
6569;1
6570;1
6571;1
6572;0
6573;0
6574;1
6575;1
6576;1
6577;1
6578;1
6579;0
6580;0
6581;0
6582;0
6583;0
6584;0
6585;0
6586;1
6587;0
6588;0
6589;1
6590;0
6591;1
6592;0
6593;1
6594;1
6595;0
6596;0
6597;0
6598;1
6599;0
6600;0
6601;0
6602;0
6603;1
6604;0
6605;1
6606;1
6607;1
6608;1
6609;0
6610;1
6611;0
6612;3
6613;0
6614;1
6615;0
6616;0
6617;0
6618;0
6619;1
6620;0
6621;0
6622;0
6623;0
6624;1
6625;1
6626;0
6627;0
6628;1
6629;1
6630;0
6631;0
6632;0
6633;0
6634;0
6635;0
6636;2
6637;0
6638;0
6639;0
6640;0
6641;0
6642;0
6643;0
6644;0
6645;0
6646;0
6647;2
6648;0
6649;1
6650;0
6651;0
6652;1
6653;0
6654;0
6655;1
6656;0
6657;0
6658;2
6659;0
6660;0
6661;0
6662;0
6663;1
6664;0
6665;0
6666;0
6667;0
6668;1
6669;0
6670;2
6671;0
6672;0
6673;1
6674;2
6675;1
6676;1
6677;0
6678;0
6679;1
6680;0
6681;0
6682;0
6683;0
6684;0
6685;1
6686;1
6687;0
6688;1
6689;1
6690;0
6691;0
6692;1
6693;0
6694;0
6695;0
6696;1
6697;0
6698;0
6699;0
6700;0
6701;0
6702;0
6703;0
6704;0
6705;1
6706;1
6707;0
6708;0
6709;1
6710;0
6711;0
6712;0
6713;0
6714;0
6715;0
6716;0
6717;0
6718;0
6719;0
6720;0
6721;0
6722;1
6723;0
6724;0
6725;0
6726;0
6727;0
6728;0
6729;0
6730;0
6731;0
6732;0
6733;0
6734;1
6735;1
6736;0
6737;0
6738;1
6739;0
6740;0
6741;0
6742;1
6743;1
6744;1
6745;0
6746;0
6747;0
6748;0
6749;0
6750;0
6751;0
6752;1
6753;0
6754;0
6755;0
6756;0
6757;0
6758;0
6759;0
6760;0
6761;0
6762;0
6763;0
6764;0
6765;0
6766;0
6767;0
6768;0
6769;1
6770;0
6771;0
6772;0
6773;0
6774;1
6775;1
6776;0
6777;0
6778;0
6779;0
6780;0
6781;1
6782;0
6783;0
6784;0
6785;0
6786;0
6787;0
6788;0
6789;0
6790;0
6791;0
6792;0
6793;0
6794;0
6795;0
6796;1
6797;0
6798;0
6799;0
6800;0
6801;0
6802;1
6803;2
6804;0
6805;0
6806;0
6807;0
6808;0
6809;0
6810;1
6811;0
6812;0
6813;0
6814;0
6815;0
6816;0
6817;0
6818;0
6819;0
6820;0
6821;0
6822;1
6823;0
6824;0
6825;0
6826;1
6827;0
6828;0
6829;1
6830;0
6831;0
6832;0
6833;0
6834;0
6835;0
6836;0
6837;1
6838;0
6839;0
6840;0
6841;0
6842;1
6843;0
6844;0
6845;0
6846;0
6847;0
6848;0
6849;0
6850;0
6851;0
6852;0
6853;1
6854;0
6855;0
6856;0
6857;0
6858;0
6859;1
6860;0
6861;0
6862;0
6863;0
6864;0
6865;0
6866;1
6867;0
6868;0
6869;1
6870;0
6871;0
6872;0
6873;1
6874;0
6875;1
6876;0
6877;0
6878;0
6879;0
6880;1
6881;0
6882;0
6883;0
6884;0
6885;0
6886;0
6887;0
6888;0
6889;0
6890;0
6891;0
6892;0
6893;1
6894;0
6895;0
6896;0
6897;0
6898;0
6899;0
6900;0
6901;0
6902;0
6903;0
6904;0
6905;0
6906;0
6907;0
6908;0
6909;0
6910;0
6911;0
6912;0
6913;0
6914;0
6915;0
6916;0
6917;0
6918;0
6919;0
6920;0
6921;0
6922;0
6923;0
6924;0
6925;0
6926;0
6927;0
6928;0
6929;0
6930;0
6931;0
6932;0
6933;0
6934;0
6935;0
6936;0
6937;0
6938;0
6939;0
6940;0
6941;0
6942;0
6943;1
6944;0
6945;1
6946;0
6947;0
6948;0
6949;1
6950;3
6951;0
6952;0
6953;1
6954;0
6955;0
6956;0
6957;0
6958;0
6959;0
6960;0
6961;0
6962;0
6963;0
6964;0
6965;0
6966;0
6967;0
6968;0
6969;0
6970;0
6971;0
6972;0
6973;0
6974;0
6975;0
6976;0
6977;0
6978;0
6979;0
6980;1
6981;1
6982;0
6983;0
6984;1
6985;0
6986;0
6987;0
6988;0
6989;0
6990;0
6991;0
6992;0
6993;0
6994;0
6995;0
6996;0
6997;0
6998;0
6999;0
7000;0
7001;0
7002;0
7003;0
7004;1
7005;0
7006;0
7007;1
7008;0
7009;0
7010;0
7011;1
7012;0
7013;1
7014;0
7015;0
7016;0
7017;0
7018;0
7019;0
7020;0
7021;0
7022;0
7023;0
7024;0
7025;0
7026;1
7027;0
7028;0
7029;0
7030;0
7031;0
7032;0
7033;1
7034;0
7035;0
7036;0
7037;0
7038;0
7039;0
7040;1
7041;1
7042;0
7043;0
7044;0
7045;0
7046;0
7047;0
7048;0
7049;0
7050;0
7051;0
7052;0
7053;0
7054;0
7055;0
7056;0
7057;0
7058;0
7059;0
7060;0
7061;2
7062;0
7063;0
7064;0
7065;1
7066;0
7067;0
7068;0
7069;0
7070;0
7071;0
7072;0
7073;0
7074;0
7075;0
7076;0
7077;0
7078;0
7079;0
7080;0
7081;0
7082;0
7083;0
7084;0
7085;1
7086;0
7087;1
7088;0
7089;0
7090;0
7091;1
7092;0
7093;0
7094;0
7095;0
7096;0
7097;0
7098;0
7099;0
7100;1
7101;0
7102;0
7103;0
7104;0
7105;0
7106;0
7107;0
7108;0
7109;0
7110;0
7111;0
7112;0
7113;0
7114;0
7115;0
7116;0
7117;0
7118;1
7119;0
7120;0
7121;1
7122;0
7123;0
7124;0
7125;0
7126;0
7127;0
7128;0
7129;0
7130;0
7131;0
7132;1
7133;0
7134;0
7135;0
7136;1
7137;0
7138;0
7139;0
7140;0
7141;1
7142;1
7143;0
7144;0
7145;0
7146;1
7147;0
7148;0
7149;0
7150;0
7151;0
7152;0
7153;0
7154;0
7155;0
7156;1
7157;0
7158;0
7159;0
7160;0
7161;0
7162;0
7163;0
7164;0
7165;0
7166;0
7167;0
7168;0
7169;0
7170;0
7171;0
7172;0
7173;0
7174;0
7175;1
7176;0
7177;0
7178;1
7179;1
7180;0
7181;0
7182;0
7183;0
7184;1
7185;0
7186;0
7187;0
7188;0
7189;0
7190;1
7191;1
7192;0
7193;0
7194;0
7195;1
7196;1
7197;0
7198;1
7199;0
7200;0
7201;0
7202;0
7203;0
7204;0
7205;0
7206;0
7207;0
7208;0
7209;0
7210;0
7211;0
7212;0
7213;1
7214;0
7215;0
7216;0
7217;0
7218;1
7219;0
7220;0
7221;0
7222;0
7223;0
7224;0
7225;0
7226;0
7227;0
7228;0
7229;0
7230;0
7231;0
7232;0
7233;0
7234;0
7235;0
7236;0
7237;0
7238;0
7239;0
7240;0
7241;0
7242;1
7243;0
7244;0
7245;0
7246;0
7247;0
7248;0
7249;0
7250;0
7251;0
7252;0
7253;0
7254;0
7255;0
7256;0
7257;0
7258;0
7259;0
7260;0
7261;0
7262;0
7263;0
7264;0
7265;0
7266;0
7267;0
7268;0
7269;0
7270;0
7271;0
7272;0
7273;1
7274;1
7275;0
7276;1
7277;2
7278;0
7279;1
7280;0
7281;0
7282;0
7283;0
7284;0
7285;0
7286;0
7287;0
7288;0
7289;0
7290;0
7291;1
7292;0
7293;0
7294;0
7295;1
7296;0
7297;1
7298;0
7299;0
7300;0
7301;0
7302;0
7303;0
7304;0
7305;0
7306;0
7307;0
7308;0
7309;0
7310;1
7311;0
7312;0
7313;0
7314;0
7315;1
7316;1
7317;0
7318;0
7319;0
7320;0
7321;0
7322;0
7323;0
7324;1
7325;0
7326;0
7327;0
7328;0
7329;0
7330;0
7331;0
7332;1
7333;1
7334;0
7335;0
7336;0
7337;0
7338;0
7339;0
7340;0
7341;0
7342;0
7343;0
7344;0
7345;0
7346;0
7347;0
7348;0
7349;1
7350;0
7351;0
7352;0
7353;0
7354;0
7355;0
7356;0
7357;0
7358;0
7359;0
7360;1
7361;0
7362;0
7363;0
7364;1
7365;0
7366;0
7367;0
7368;0
7369;0
7370;0
7371;0
7372;0
7373;1
7374;0
7375;0
7376;0
7377;0
7378;1
7379;0
7380;0
7381;0
7382;1
7383;0
7384;0
7385;0
7386;0
7387;1
7388;0
7389;1
7390;1
7391;0
7392;1
7393;0
7394;0
7395;0
7396;0
7397;0
7398;0
7399;0
7400;1
7401;0
7402;0
7403;0
7404;0
7405;1
7406;0
7407;0
7408;0
7409;0
7410;0
7411;0
7412;1
7413;0
7414;0
7415;1
7416;0
7417;0
7418;0
7419;1
7420;0
7421;0
7422;0
7423;0
7424;0
7425;0
7426;0
7427;0
7428;0
7429;0
7430;0
7431;0
7432;0
7433;0
7434;0
7435;0
7436;0
7437;0
7438;0
7439;0
7440;1
7441;0
7442;0
7443;0
7444;0
7445;0
7446;0
7447;0
7448;0
7449;0
7450;1
7451;0
7452;0
7453;0
7454;0
7455;0
7456;0
7457;0
7458;0
7459;0
7460;0
7461;0
7462;0
7463;1
7464;0
7465;0
7466;1
7467;0
7468;0
7469;0
7470;0
7471;0
7472;2
7473;0
7474;0
7475;0
7476;0
7477;0
7478;0
7479;0
7480;0
7481;0
7482;0
7483;0
7484;0
7485;0
7486;0
7487;0
7488;0
7489;0
7490;0
7491;0
7492;0
7493;0
7494;0
7495;0
7496;1
7497;0
7498;0
7499;1
7500;0
7501;0
7502;0
7503;0
7504;0
7505;0
7506;0
7507;1
7508;0
7509;0
7510;0
7511;0
7512;0
7513;0
7514;0
7515;0
7516;0
7517;0
7518;0
7519;0
7520;0
7521;0
7522;0
7523;0
7524;0
7525;1
7526;0
7527;0
7528;0
7529;0
7530;0
7531;0
7532;0
7533;0
7534;0
7535;0
7536;0
7537;1
7538;0
7539;0
7540;0
7541;0
7542;0
7543;0
7544;1
7545;0
7546;1
7547;0
7548;0
7549;0
7550;0
7551;0
7552;0
7553;0
7554;1
7555;0
7556;0
7557;2
7558;0
7559;0
7560;0
7561;0
7562;0
7563;0
7564;1
7565;0
7566;0
7567;0
7568;0
7569;0
7570;0
7571;0
7572;0
7573;0
7574;0
7575;0
7576;0
7577;0
7578;0
7579;0
7580;0
7581;0
7582;0
7583;0
7584;0
7585;0
7586;0
7587;0
7588;0
7589;1
7590;0
7591;0
7592;0
7593;0
7594;0
7595;0
7596;0
7597;0
7598;0
7599;0
7600;0
7601;0
7602;0
7603;0
7604;0
7605;0
7606;0
7607;1
7608;0
7609;0
7610;0
7611;1
7612;0
7613;0
7614;0
7615;0
7616;0
7617;0
7618;0
7619;1
7620;0
7621;0
7622;0
7623;0
7624;0
7625;1
7626;0
7627;0
7628;0
7629;0
7630;0
7631;0
7632;0
7633;1
7634;0
7635;0
7636;0
7637;0
7638;0
7639;1
7640;0
7641;0
7642;0
7643;0
7644;0
7645;0
7646;0
7647;0
7648;0
7649;0
7650;0
7651;0
7652;1
7653;0
7654;0
7655;0
7656;0
7657;0
7658;0
7659;1
7660;1
7661;0
7662;0
7663;0
7664;0
7665;1
7666;0
7667;0
7668;0
7669;0
7670;0
7671;0
7672;0
7673;0
7674;0
7675;0
7676;0
7677;0
7678;0
7679;1
7680;0
7681;0
7682;0
7683;0
7684;0
7685;0
7686;0
7687;0
7688;0
7689;1
7690;0
7691;0
7692;0
7693;0
7694;1
7695;1
7696;0
7697;0
7698;0
7699;0
7700;0
7701;0
7702;0
7703;0
7704;0
7705;0
7706;0
7707;0
7708;0
7709;0
7710;0
7711;0
7712;0
7713;1
7714;0
7715;0
7716;0
7717;0
7718;0
7719;0
7720;0
7721;0
7722;0
7723;0
7724;0
7725;0
7726;0
7727;1
7728;0
7729;1
7730;0
7731;0
7732;0
7733;0
7734;0
7735;0
7736;0
7737;0
7738;0
7739;0
7740;1
7741;0
7742;0
7743;0
7744;0
7745;0
7746;1
7747;0
7748;0
7749;0
7750;0
7751;0
7752;0
7753;0
7754;0
7755;0
7756;0
7757;0
7758;0
7759;0
7760;0
7761;0
7762;0
7763;0
7764;0
7765;0
7766;0
7767;0
7768;0
7769;0
7770;0
7771;0
7772;0
7773;0
7774;0
7775;0
7776;0
7777;0
7778;0
7779;0
7780;1
7781;0
7782;0
7783;0
7784;0
7785;0
7786;0
7787;0
7788;0
7789;0
7790;0
7791;0
7792;0
7793;0
7794;0
7795;0
7796;0
7797;0
7798;0
7799;1
7800;0
7801;0
7802;1
7803;1
7804;0
7805;0
7806;1
7807;0
7808;1
7809;0
7810;0
7811;0
7812;0
7813;0
7814;0
7815;0
7816;0
7817;0
7818;0
7819;1
7820;0
7821;1
7822;1
7823;0
7824;0
7825;0
7826;0
7827;0
7828;0
7829;1
7830;0
7831;0
7832;0
7833;0
7834;0
7835;0
7836;0
7837;0
7838;1
7839;0
7840;0
7841;0
7842;0
7843;0
7844;0
7845;1
7846;2
7847;0
7848;0
7849;0
7850;0
7851;2
7852;0
7853;1
7854;0
7855;0
7856;0
7857;0
7858;1
7859;0
7860;0
7861;0
7862;0
7863;0
7864;0
7865;0
7866;0
7867;0
7868;0
7869;0
7870;0
7871;0
7872;0
7873;0
7874;0
7875;0
7876;0
7877;0
7878;0
7879;0
7880;0
7881;0
7882;0
7883;0
7884;0
7885;0
7886;0
7887;0
7888;0
7889;0
7890;0
7891;1
7892;0
7893;0
7894;0
7895;0
7896;0
7897;0
7898;0
7899;0
7900;0
7901;0
7902;0
7903;0
7904;0
7905;0
7906;0
7907;0
7908;0
7909;0
7910;0
7911;0
7912;0
7913;0
7914;0
7915;0
7916;0
7917;0
7918;0
7919;0
7920;0
7921;0
7922;0
7923;0
7924;0
7925;0
7926;0
7927;0
7928;0
7929;0
7930;0
7931;0
7932;1
7933;0
7934;0
7935;0
7936;0
7937;0
7938;0
7939;0
7940;0
7941;0
7942;0
7943;0
7944;0
7945;0
7946;0
7947;0
7948;0
7949;0
7950;0
7951;0
7952;0
7953;0
7954;0
7955;0
7956;0
7957;0
7958;0
7959;0
7960;0
7961;0
7962;0
7963;0
7964;0
7965;0
7966;0
7967;0
7968;0
7969;0
7970;0
7971;0
7972;0
7973;0
7974;0
7975;0
7976;0
7977;0
7978;0
7979;0
7980;0
7981;0
7982;0
7983;0
7984;0
7985;0
7986;0
7987;1
7988;0
7989;0
7990;0
7991;0
7992;0
7993;0
7994;0
7995;0
7996;0
7997;0
7998;0
7999;0
8000;0
8001;0
8002;0
8003;0
8004;0
8005;0
8006;0
8007;0
8008;0
8009;0
8010;0
8011;0
8012;0
8013;0
8014;0
8015;0
8016;0
8017;0
8018;0
8019;0
8020;0
8021;0
8022;0
8023;0
8024;0
8025;0
8026;0
8027;0
8028;0
8029;0
8030;0
8031;0
8032;0
8033;0
8034;0
8035;0
8036;0
8037;0
8038;0
8039;0
8040;0
8041;0
8042;0
8043;0
8044;0
8045;0
8046;0
8047;0
8048;0
8049;0
8050;0
8051;0
8052;0
8053;0
8054;0
8055;0
8056;0
8057;0
8058;0
8059;0
8060;0
8061;0
8062;0
8063;0
8064;0
8065;0
8066;0
8067;0
8068;0
8069;0
8070;0
8071;0
8072;0
8073;0
8074;0
8075;0
8076;0
8077;0
8078;0
8079;0
8080;0
8081;0
8082;0
8083;0
8084;0
8085;0
8086;0
8087;0
8088;0
8089;0
8090;0
8091;0
8092;0
8093;0
8094;0
8095;0
8096;0
8097;0
8098;0
8099;0
8100;0
8101;0
8102;0
8103;0
8104;0
8105;0
8106;0
8107;0
8108;0
8109;0
8110;0
8111;0
8112;0
8113;0
8114;0
8115;0
8116;0
8117;0
8118;0
8119;0
8120;0
8121;0
8122;0
8123;0
8124;0
8125;0
8126;0
8127;0
8128;0
8129;0
8130;0
8131;0
8132;0
8133;0
8134;0
8135;0
8136;0
8137;0
8138;0
8139;0
8140;0
8141;0
8142;0
8143;0
8144;0
8145;0
8146;0
8147;0
8148;0
8149;0
8150;0
8151;0
8152;0
8153;0
8154;0
8155;0
8156;0
8157;0
8158;0
8159;0
8160;0
8161;0
8162;0
8163;0
8164;0
8165;0
8166;0
8167;0
8168;0
8169;0
8170;0
8171;0
8172;0
8173;0
8174;0
8175;0
8176;0
8177;0
8178;0
8179;0
8180;0
8181;0
8182;0
8183;0
8184;0
8185;0
8186;0
8187;0
8188;0
8189;0
8190;0
8191;0
