0;0
1;0
2;0
3;0
4;0
5;0
6;0
7;0
8;0
9;0
10;0
11;0
12;0
13;0
14;0
15;0
16;0
17;0
18;0
19;0
20;0
21;0
22;0
23;0
24;0
25;0
26;0
27;0
28;0
29;0
30;0
31;0
32;0
33;0
34;0
35;0
36;0
37;0
38;0
39;0
40;0
41;0
42;0
43;0
44;0
45;0
46;0
47;1
48;0
49;0
50;0
51;0
52;0
53;0
54;0
55;0
56;0
57;0
58;0
59;0
60;0
61;0
62;0
63;0
64;0
65;0
66;0
67;0
68;0
69;0
70;0
71;1
72;0
73;0
74;0
75;0
76;1
77;0
78;0
79;0
80;0
81;0
82;0
83;0
84;0
85;0
86;0
87;0
88;0
89;0
90;0
91;0
92;0
93;0
94;0
95;0
96;0
97;0
98;0
99;0
100;0
101;0
102;0
103;0
104;0
105;0
106;0
107;0
108;0
109;0
110;0
111;0
112;0
113;0
114;0
115;0
116;0
117;0
118;1
119;0
120;0
121;0
122;0
123;0
124;0
125;0
126;0
127;0
128;0
129;0
130;0
131;0
132;0
133;0
134;1
135;0
136;0
137;0
138;1
139;0
140;0
141;0
142;0
143;0
144;0
145;0
146;0
147;0
148;0
149;1
150;0
151;0
152;0
153;0
154;0
155;0
156;0
157;0
158;1
159;0
160;0
161;0
162;1
163;1
164;0
165;0
166;0
167;0
168;0
169;0
170;0
171;0
172;1
173;1
174;2
175;1
176;0
177;0
178;0
179;1
180;0
181;0
182;0
183;0
184;0
185;1
186;3
187;0
188;0
189;0
190;3
191;5
192;3
193;0
194;1
195;0
196;1
197;0
198;2
199;1
200;2
201;2
202;4
203;1
204;2
205;2
206;1
207;0
208;1
209;2
210;3
211;5
212;1
213;1
214;2
215;0
216;1
217;2
218;3
219;4
220;3
221;7
222;2
223;3
224;3
225;5
226;4
227;5
228;6
229;12
230;6
231;6
232;6
233;5
234;12
235;6
236;8
237;6
238;12
239;12
240;11
241;10
242;12
243;11
244;13
245;15
246;19
247;15
248;21
249;17
250;10
251;14
252;25
253;22
254;33
255;22
256;24
257;18
258;21
259;24
260;24
261;20
262;33
263;24
264;29
265;33
266;31
267;27
268;19
269;35
270;40
271;34
272;40
273;31
274;29
275;38
276;35
277;27
278;30
279;35
280;27
281;28
282;34
283;37
284;30
285;36
286;36
287;23
288;38
289;35
290;36
291;43
292;36
293;37
294;27
295;41
296;38
297;29
298;24
299;39
300;33
301;46
302;38
303;42
304;25
305;28
306;38
307;38
308;31
309;29
310;32
311;37
312;39
313;34
314;34
315;33
316;22
317;26
318;32
319;33
320;24
321;31
322;36
323;31
324;42
325;28
326;41
327;28
328;38
329;28
330;36
331;32
332;40
333;46
334;36
335;31
336;34
337;32
338;34
339;41
340;42
341;30
342;37
343;32
344;18
345;28
346;33
347;24
348;20
349;27
350;29
351;32
352;26
353;18
354;25
355;25
356;21
357;24
358;14
359;24
360;25
361;17
362;24
363;20
364;22
365;21
366;20
367;19
368;22
369;14
370;14
371;14
372;19
373;15
374;18
375;21
376;14
377;22
378;11
379;17
380;14
381;13
382;13
383;17
384;13
385;20
386;11
387;20
388;15
389;14
390;20
391;13
392;15
393;9
394;18
395;8
396;11
397;16
398;16
399;9
400;13
401;16
402;16
403;14
404;19
405;14
406;18
407;16
408;12
409;12
410;20
411;18
412;16
413;17
414;18
415;14
416;23
417;18
418;13
419;22
420;19
421;17
422;17
423;23
424;18
425;24
426;25
427;26
428;19
429;24
430;17
431;22
432;18
433;29
434;26
435;34
436;22
437;33
438;29
439;20
440;25
441;32
442;31
443;35
444;29
445;27
446;25
447;25
448;30
449;24
450;32
451;39
452;31
453;33
454;21
455;34
456;32
457;43
458;40
459;36
460;36
461;41
462;45
463;51
464;44
465;42
466;35
467;37
468;46
469;45
470;46
471;36
472;48
473;39
474;49
475;51
476;51
477;49
478;70
479;55
480;50
481;53
482;55
483;53
484;48
485;63
486;63
487;53
488;66
489;49
490;50
491;70
492;60
493;53
494;76
495;56
496;63
497;57
498;64
499;70
500;65
501;56
502;78
503;64
504;77
505;73
506;72
507;82
508;67
509;81
510;86
511;96
512;82
513;95
514;89
515;78
516;115
517;76
518;86
519;90
520;92
521;94
522;85
523;115
524;94
525;101
526;105
527;91
528;99
529;89
530;99
531;94
532;96
533;95
534;95
535;104
536;107
537;100
538;86
539;89
540;97
541;87
542;97
543;109
544;119
545;114
546;104
547;92
548;94
549;97
550;114
551;122
552;112
553;93
554;118
555;92
556;113
557;111
558;117
559;110
560;103
561;112
562;90
563;96
564;117
565;117
566;116
567;103
568;117
569;111
570;116
571;116
572;117
573;79
574;103
575;117
576;103
577;113
578;111
579;101
580;111
581;95
582;87
583;109
584;102
585;99
586;94
587;110
588;129
589;103
590;102
591;99
592;81
593;85
594;89
595;88
596;94
597;99
598;88
599;114
600;108
601;107
602;90
603;98
604;76
605;88
606;108
607;94
608;94
609;109
610;98
611;87
612;92
613;113
614;106
615;87
616;85
617;96
618;84
619;94
620;86
621;80
622;101
623;98
624;89
625;86
626;89
627;94
628;74
629;87
630;93
631;81
632;93
633;79
634;79
635;83
636;101
637;79
638;97
639;92
640;91
641;77
642;88
643;97
644;108
645;85
646;91
647;90
648;84
649;96
650;95
651;84
652;95
653;105
654;78
655;100
656;98
657;92
658;86
659;99
660;107
661;114
662;97
663;83
664;111
665;109
666;113
667;88
668;113
669;106
670;107
671;88
672;104
673;106
674;115
675;130
676;113
677;133
678;107
679;106
680;125
681;121
682;121
683;106
684;112
685;138
686;120
687;105
688;120
689;143
690;134
691;122
692;124
693;132
694;150
695;140
696;137
697;148
698;128
699;158
700;132
701;144
702;136
703;145
704;138
705;123
706;151
707;158
708;134
709;153
710;136
711;129
712;141
713;144
714;146
715;152
716;135
717;132
718;164
719;154
720;128
721;143
722;149
723;138
724;151
725;141
726;132
727;142
728;130
729;146
730;140
731;126
732;130
733;123
734;128
735;137
736;120
737;124
738;130
739;133
740;131
741;121
742;126
743;133
744;143
745;106
746;127
747;131
748;142
749;138
750;116
751;123
752;134
753;140
754;134
755;106
756;123
757;117
758;110
759;127
760;129
761;127
762;128
763;120
764;126
765;120
766;128
767;112
768;105
769;90
770;112
771;126
772;108
773;116
774;108
775;111
776;118
777;112
778;120
779;109
780;111
781;111
782;117
783;100
784;119
785;128
786;117
787;116
788;102
789;95
790;118
791;107
792;125
793;101
794;124
795;108
796;122
797;122
798;118
799;98
800;104
801;110
802;108
803;105
804;98
805;118
806;94
807;115
808;127
809;103
810;110
811;119
812;132
813;132
814;109
815;122
816;118
817;114
818;113
819;123
820;118
821;127
822;124
823;115
824;110
825;129
826;126
827;137
828;121
829;130
830;121
831;122
832;127
833;139
834;135
835;146
836;132
837;151
838;154
839;133
840;162
841;150
842;177
843;142
844;167
845;161
846;175
847;169
848;176
849;155
850;208
851;185
852;182
853;195
854;197
855;181
856;185
857;196
858;206
859;241
860;215
861;219
862;236
863;243
864;194
865;247
866;227
867;224
868;268
869;251
870;254
871;260
872;255
873;291
874;286
875;272
876;283
877;284
878;317
879;316
880;325
881;326
882;305
883;343
884;302
885;329
886;333
887;364
888;380
889;355
890;373
891;353
892;404
893;388
894;401
895;410
896;445
897;439
898;416
899;430
900;432
901;455
902;464
903;435
904;499
905;462
906;453
907;499
908;501
909;504
910;540
911;553
912;533
913;568
914;571
915;526
916;576
917;568
918;592
919;602
920;630
921;631
922;594
923;617
924;652
925;641
926;636
927;627
928;669
929;644
930;653
931;695
932;701
933;728
934;707
935;734
936;726
937;734
938;723
939;734
940;703
941;775
942;702
943;756
944;717
945;777
946;716
947;726
948;750
949;767
950;736
951;731
952;764
953;763
954;751
955;720
956;725
957;725
958;719
959;729
960;748
961;697
962;713
963;706
964;719
965;706
966;706
967;720
968;677
969;709
970;692
971;652
972;691
973;659
974;674
975;636
976;641
977;658
978;627
979;598
980;588
981;604
982;664
983;614
984;575
985;576
986;574
987;535
988;560
989;537
990;495
991;507
992;542
993;474
994;504
995;481
996;431
997;417
998;444
999;433
1000;424
1001;390
1002;401
1003;387
1004;360
1005;368
1006;390
1007;359
1008;365
1009;351
1010;319
1011;321
1012;287
1013;290
1014;301
1015;273
1016;266
1017;224
1018;266
1019;236
1020;250
1021;235
1022;222
1023;233
1024;223
1025;215
1026;187
1027;221
1028;186
1029;193
1030;166
1031;171
1032;168
1033;158
1034;134
1035;170
1036;144
1037;133
1038;134
1039;146
1040;136
1041;124
1042;133
1043;109
1044;136
1045;110
1046;127
1047;94
1048;127
1049;95
1050;95
1051;86
1052;93
1053;83
1054;80
1055;79
1056;89
1057;75
1058;66
1059;83
1060;72
1061;62
1062;72
1063;70
1064;74
1065;78
1066;70
1067;62
1068;53
1069;62
1070;55
1071;55
1072;66
1073;53
1074;59
1075;49
1076;71
1077;35
1078;58
1079;59
1080;51
1081;43
1082;54
1083;59
1084;48
1085;41
1086;41
1087;40
1088;39
1089;45
1090;46
1091;47
1092;52
1093;36
1094;41
1095;46
1096;51
1097;44
1098;57
1099;43
1100;37
1101;44
1102;40
1103;27
1104;35
1105;38
1106;51
1107;41
1108;46
1109;33
1110;50
1111;39
1112;33
1113;26
1114;35
1115;40
1116;38
1117;53
1118;41
1119;39
1120;37
1121;41
1122;32
1123;35
1124;43
1125;50
1126;42
1127;30
1128;35
1129;43
1130;57
1131;28
1132;35
1133;38
1134;39
1135;44
1136;48
1137;36
1138;35
1139;35
1140;33
1141;40
1142;39
1143;43
1144;44
1145;37
1146;34
1147;41
1148;44
1149;36
1150;51
1151;46
1152;41
1153;38
1154;42
1155;40
1156;45
1157;42
1158;43
1159;39
1160;43
1161;34
1162;40
1163;33
1164;47
1165;29
1166;34
1167;44
1168;40
1169;37
1170;30
1171;36
1172;39
1173;31
1174;41
1175;40
1176;40
1177;35
1178;51
1179;23
1180;31
1181;36
1182;47
1183;38
1184;42
1185;47
1186;43
1187;40
1188;44
1189;46
1190;50
1191;49
1192;33
1193;37
1194;48
1195;30
1196;45
1197;48
1198;32
1199;31
1200;40
1201;46
1202;50
1203;42
1204;54
1205;37
1206;40
1207;50
1208;43
1209;46
1210;29
1211;43
1212;37
1213;38
1214;43
1215;36
1216;55
1217;36
1218;46
1219;43
1220;46
1221;44
1222;51
1223;39
1224;39
1225;36
1226;52
1227;46
1228;49
1229;50
1230;39
1231;46
1232;40
1233;42
1234;39
1235;35
1236;39
1237;46
1238;40
1239;41
1240;47
1241;44
1242;40
1243;52
1244;36
1245;40
1246;36
1247;52
1248;45
1249;39
1250;43
1251;44
1252;59
1253;46
1254;52
1255;31
1256;45
1257;50
1258;54
1259;43
1260;51
1261;42
1262;37
1263;40
1264;49
1265;34
1266;40
1267;46
1268;48
1269;41
1270;43
1271;37
1272;38
1273;53
1274;43
1275;45
1276;40
1277;47
1278;36
1279;55
1280;56
1281;47
1282;38
1283;64
1284;41
1285;59
1286;51
1287;39
1288;50
1289;46
1290;37
1291;44
1292;44
1293;50
1294;61
1295;60
1296;52
1297;51
1298;52
1299;54
1300;41
1301;51
1302;63
1303;45
1304;60
1305;59
1306;63
1307;62
1308;41
1309;50
1310;60
1311;57
1312;56
1313;55
1314;50
1315;55
1316;67
1317;58
1318;62
1319;56
1320;69
1321;49
1322;65
1323;67
1324;66
1325;57
1326;55
1327;60
1328;63
1329;69
1330;65
1331;55
1332;67
1333;54
1334;63
1335;67
1336;66
1337;78
1338;76
1339;81
1340;67
1341;58
1342;61
1343;64
1344;67
1345;59
1346;72
1347;90
1348;77
1349;72
1350;79
1351;74
1352;81
1353;89
1354;89
1355;90
1356;96
1357;74
1358;76
1359;80
1360;68
1361;66
1362;89
1363;77
1364;79
1365;78
1366;72
1367;87
1368;90
1369;70
1370;80
1371;84
1372;75
1373;75
1374;65
1375;81
1376;100
1377;76
1378;75
1379;67
1380;78
1381;88
1382;83
1383;79
1384;81
1385;79
1386;76
1387;81
1388;84
1389;75
1390;72
1391;74
1392;71
1393;118
1394;74
1395;86
1396;105
1397;91
1398;93
1399;88
1400;71
1401;101
1402;89
1403;73
1404;69
1405;81
1406;93
1407;83
1408;81
1409;96
1410;89
1411;75
1412;72
1413;85
1414;81
1415;79
1416;84
1417;87
1418;82
1419;88
1420;71
1421;69
1422;76
1423;79
1424;85
1425;93
1426;83
1427;82
1428;72
1429;76
1430;69
1431;88
1432;73
1433;74
1434;78
1435;87
1436;78
1437;60
1438;60
1439;68
1440;73
1441;87
1442;66
1443;65
1444;56
1445;73
1446;76
1447;68
1448;56
1449;66
1450;72
1451;86
1452;79
1453;76
1454;71
1455;53
1456;65
1457;48
1458;64
1459;62
1460;50
1461;56
1462;58
1463;48
1464;43
1465;59
1466;64
1467;58
1468;51
1469;68
1470;67
1471;55
1472;59
1473;50
1474;49
1475;58
1476;59
1477;59
1478;57
1479;53
1480;47
1481;61
1482;52
1483;47
1484;49
1485;41
1486;46
1487;43
1488;47
1489;39
1490;49
1491;53
1492;43
1493;49
1494;47
1495;47
1496;37
1497;38
1498;52
1499;51
1500;60
1501;56
1502;47
1503;41
1504;46
1505;46
1506;35
1507;34
1508;47
1509;28
1510;51
1511;42
1512;36
1513;52
1514;41
1515;49
1516;51
1517;50
1518;45
1519;43
1520;50
1521;43
1522;45
1523;43
1524;32
1525;43
1526;36
1527;47
1528;61
1529;42
1530;59
1531;35
1532;43
1533;43
1534;37
1535;53
1536;42
1537;46
1538;30
1539;36
1540;52
1541;49
1542;48
1543;44
1544;47
1545;44
1546;50
1547;53
1548;26
1549;39
1550;35
1551;35
1552;53
1553;47
1554;43
1555;43
1556;43
1557;43
1558;39
1559;36
1560;37
1561;41
1562;49
1563;36
1564;35
1565;47
1566;36
1567;51
1568;37
1569;35
1570;34
1571;48
1572;41
1573;42
1574;37
1575;42
1576;58
1577;47
1578;55
1579;31
1580;42
1581;36
1582;38
1583;47
1584;40
1585;43
1586;48
1587;40
1588;49
1589;39
1590;33
1591;30
1592;40
1593;36
1594;42
1595;32
1596;45
1597;32
1598;51
1599;46
1600;50
1601;36
1602;42
1603;35
1604;45
1605;39
1606;35
1607;52
1608;46
1609;37
1610;35
1611;38
1612;37
1613;47
1614;41
1615;37
1616;40
1617;35
1618;41
1619;46
1620;44
1621;47
1622;42
1623;54
1624;65
1625;45
1626;46
1627;48
1628;43
1629;37
1630;43
1631;34
1632;40
1633;42
1634;45
1635;37
1636;53
1637;52
1638;44
1639;40
1640;45
1641;49
1642;54
1643;39
1644;59
1645;37
1646;44
1647;44
1648;43
1649;43
1650;36
1651;43
1652;48
1653;27
1654;46
1655;44
1656;58
1657;39
1658;57
1659;49
1660;46
1661;46
1662;50
1663;32
1664;45
1665;49
1666;52
1667;47
1668;50
1669;56
1670;41
1671;45
1672;54
1673;44
1674;45
1675;43
1676;46
1677;43
1678;59
1679;45
1680;44
1681;38
1682;51
1683;53
1684;41
1685;50
1686;52
1687;52
1688;59
1689;52
1690;39
1691;46
1692;56
1693;48
1694;54
1695;53
1696;46
1697;39
1698;46
1699;71
1700;52
1701;33
1702;61
1703;57
1704;60
1705;44
1706;45
1707;51
1708;40
1709;50
1710;54
1711;56
1712;58
1713;53
1714;55
1715;52
1716;56
1717;46
1718;54
1719;48
1720;66
1721;54
1722;52
1723;59
1724;59
1725;56
1726;64
1727;58
1728;47
1729;49
1730;47
1731;53
1732;54
1733;50
1734;69
1735;60
1736;54
1737;49
1738;56
1739;53
1740;52
1741;51
1742;67
1743;45
1744;58
1745;64
1746;62
1747;72
1748;46
1749;54
1750;57
1751;48
1752;66
1753;51
1754;60
1755;53
1756;41
1757;48
1758;64
1759;57
1760;50
1761;59
1762;59
1763;60
1764;60
1765;50
1766;62
1767;49
1768;49
1769;52
1770;57
1771;57
1772;52
1773;66
1774;68
1775;47
1776;67
1777;44
1778;70
1779;52
1780;69
1781;55
1782;60
1783;58
1784;68
1785;59
1786;60
1787;53
1788;49
1789;64
1790;57
1791;49
1792;73
1793;54
1794;49
1795;63
1796;62
1797;53
1798;69
1799;61
1800;61
1801;52
1802;73
1803;59
1804;73
1805;70
1806;46
1807;75
1808;75
1809;53
1810;72
1811;64
1812;49
1813;67
1814;66
1815;68
1816;63
1817;58
1818;63
1819;72
1820;84
1821;77
1822;69
1823;75
1824;75
1825;52
1826;76
1827;53
1828;76
1829;66
1830;77
1831;56
1832;70
1833;64
1834;71
1835;55
1836;51
1837;73
1838;69
1839;73
1840;72
1841;58
1842;63
1843;84
1844;66
1845;75
1846;68
1847;59
1848;64
1849;61
1850;69
1851;56
1852;71
1853;59
1854;69
1855;72
1856;66
1857;53
1858;69
1859;66
1860;82
1861;66
1862;54
1863;70
1864;62
1865;55
1866;63
1867;63
1868;60
1869;83
1870;50
1871;73
1872;83
1873;66
1874;70
1875;66
1876;84
1877;63
1878;75
1879;65
1880;89
1881;76
1882;87
1883;69
1884;58
1885;67
1886;62
1887;73
1888;75
1889;70
1890;80
1891;69
1892;75
1893;65
1894;60
1895;53
1896;60
1897;60
1898;76
1899;77
1900;72
1901;76
1902;61
1903;79
1904;62
1905;62
1906;62
1907;72
1908;64
1909;65
1910;74
1911;77
1912;67
1913;61
1914;84
1915;69
1916;60
1917;69
1918;74
1919;71
1920;63
1921;76
1922;59
1923;67
1924;64
1925;76
1926;61
1927;66
1928;74
1929;55
1930;66
1931;62
1932;60
1933;73
1934;83
1935;90
1936;68
1937;62
1938;77
1939;74
1940;67
1941;68
1942;68
1943;69
1944;73
1945;63
1946;67
1947;61
1948;71
1949;58
1950;63
1951;69
1952;63
1953;55
1954;68
1955;64
1956;56
1957;62
1958;64
1959;68
1960;78
1961;65
1962;56
1963;74
1964;60
1965;56
1966;63
1967;64
1968;65
1969;62
1970;63
1971;48
1972;70
1973;72
1974;61
1975;51
1976;58
1977;53
1978;63
1979;69
1980;47
1981;56
1982;55
1983;47
1984;64
1985;64
1986;60
1987;67
1988;49
1989;81
1990;68
1991;65
1992;61
1993;69
1994;70
1995;56
1996;65
1997;65
1998;75
1999;54
2000;68
2001;43
2002;71
2003;73
2004;74
2005;49
2006;51
2007;59
2008;55
2009;63
2010;57
2011;67
2012;63
2013;69
2014;63
2015;64
2016;70
2017;56
2018;56
2019;58
2020;59
2021;67
2022;61
2023;48
2024;66
2025;70
2026;64
2027;75
2028;45
2029;58
2030;65
2031;62
2032;56
2033;55
2034;54
2035;62
2036;45
2037;64
2038;52
2039;52
2040;61
2041;58
2042;52
2043;51
2044;57
2045;53
2046;59
2047;46
2048;57
2049;51
2050;62
2051;45
2052;73
2053;50
2054;70
2055;52
2056;63
2057;59
2058;51
2059;55
2060;63
2061;60
2062;60
2063;53
2064;53
2065;62
2066;65
2067;61
2068;42
2069;70
2070;62
2071;48
2072;58
2073;57
2074;49
2075;62
2076;54
2077;52
2078;50
2079;48
2080;66
2081;60
2082;55
2083;40
2084;43
2085;59
2086;65
2087;54
2088;48
2089;54
2090;44
2091;59
2092;55
2093;50
2094;49
2095;58
2096;54
2097;55
2098;44
2099;36
2100;44
2101;60
2102;51
2103;56
2104;55
2105;48
2106;40
2107;69
2108;50
2109;62
2110;45
2111;52
2112;48
2113;52
2114;57
2115;49
2116;45
2117;38
2118;69
2119;54
2120;54
2121;54
2122;60
2123;46
2124;59
2125;58
2126;44
2127;56
2128;47
2129;57
2130;43
2131;44
2132;50
2133;52
2134;51
2135;50
2136;61
2137;49
2138;46
2139;38
2140;41
2141;44
2142;51
2143;53
2144;46
2145;39
2146;49
2147;47
2148;45
2149;44
2150;58
2151;47
2152;39
2153;35
2154;42
2155;48
2156;47
2157;45
2158;34
2159;47
2160;53
2161;56
2162;46
2163;53
2164;50
2165;46
2166;32
2167;45
2168;52
2169;47
2170;35
2171;48
2172;51
2173;44
2174;28
2175;41
2176;70
2177;39
2178;46
2179;48
2180;43
2181;40
2182;46
2183;45
2184;51
2185;50
2186;42
2187;40
2188;31
2189;42
2190;46
2191;55
2192;36
2193;49
2194;44
2195;48
2196;48
2197;46
2198;33
2199;57
2200;42
2201;48
2202;33
2203;39
2204;56
2205;32
2206;59
2207;42
2208;43
2209;53
2210;43
2211;38
2212;39
2213;42
2214;41
2215;43
2216;45
2217;41
2218;46
2219;32
2220;46
2221;51
2222;51
2223;44
2224;37
2225;47
2226;40
2227;48
2228;36
2229;41
2230;40
2231;39
2232;36
2233;32
2234;34
2235;41
2236;53
2237;41
2238;29
2239;31
2240;38
2241;46
2242;42
2243;44
2244;49
2245;47
2246;49
2247;41
2248;35
2249;47
2250;47
2251;46
2252;41
2253;36
2254;54
2255;37
2256;61
2257;48
2258;44
2259;38
2260;49
2261;53
2262;36
2263;48
2264;48
2265;44
2266;42
2267;48
2268;38
2269;41
2270;46
2271;34
2272;50
2273;37
2274;53
2275;31
2276;41
2277;34
2278;54
2279;42
2280;51
2281;38
2282;36
2283;55
2284;43
2285;35
2286;59
2287;38
2288;41
2289;42
2290;40
2291;40
2292;33
2293;34
2294;30
2295;42
2296;43
2297;43
2298;41
2299;48
2300;37
2301;32
2302;34
2303;41
2304;43
2305;41
2306;41
2307;44
2308;34
2309;41
2310;38
2311;32
2312;41
2313;48
2314;30
2315;40
2316;34
2317;45
2318;46
2319;46
2320;36
2321;34
2322;42
2323;43
2324;29
2325;43
2326;45
2327;32
2328;46
2329;41
2330;47
2331;41
2332;47
2333;50
2334;37
2335;48
2336;48
2337;35
2338;38
2339;35
2340;42
2341;40
2342;58
2343;47
2344;48
2345;35
2346;49
2347;36
2348;35
2349;42
2350;38
2351;36
2352;47
2353;46
2354;29
2355;45
2356;37
2357;37
2358;33
2359;35
2360;29
2361;29
2362;47
2363;40
2364;34
2365;31
2366;43
2367;42
2368;45
2369;42
2370;49
2371;23
2372;39
2373;32
2374;40
2375;32
2376;37
2377;31
2378;34
2379;38
2380;41
2381;40
2382;35
2383;37
2384;26
2385;42
2386;39
2387;34
2388;44
2389;23
2390;37
2391;38
2392;32
2393;35
2394;47
2395;36
2396;30
2397;29
2398;44
2399;27
2400;30
2401;33
2402;39
2403;43
2404;39
2405;42
2406;36
2407;35
2408;42
2409;38
2410;31
2411;26
2412;36
2413;27
2414;40
2415;43
2416;40
2417;32
2418;36
2419;33
2420;45
2421;40
2422;37
2423;34
2424;44
2425;34
2426;30
2427;38
2428;34
2429;31
2430;31
2431;41
2432;31
2433;34
2434;31
2435;38
2436;36
2437;30
2438;28
2439;37
2440;39
2441;31
2442;40
2443;40
2444;34
2445;26
2446;38
2447;41
2448;36
2449;30
2450;32
2451;30
2452;33
2453;27
2454;37
2455;33
2456;38
2457;29
2458;32
2459;31
2460;35
2461;34
2462;36
2463;33
2464;41
2465;22
2466;26
2467;37
2468;25
2469;32
2470;27
2471;24
2472;29
2473;33
2474;27
2475;31
2476;26
2477;33
2478;27
2479;16
2480;33
2481;26
2482;27
2483;32
2484;31
2485;33
2486;36
2487;26
2488;27
2489;32
2490;40
2491;38
2492;30
2493;32
2494;27
2495;28
2496;30
2497;29
2498;35
2499;42
2500;16
2501;39
2502;31
2503;26
2504;34
2505;30
2506;30
2507;30
2508;31
2509;27
2510;26
2511;21
2512;31
2513;28
2514;31
2515;23
2516;36
2517;31
2518;29
2519;34
2520;31
2521;23
2522;34
2523;40
2524;28
2525;20
2526;35
2527;17
2528;31
2529;26
2530;33
2531;25
2532;33
2533;25
2534;33
2535;22
2536;27
2537;25
2538;25
2539;32
2540;31
2541;21
2542;28
2543;30
2544;32
2545;26
2546;18
2547;24
2548;24
2549;20
2550;30
2551;21
2552;21
2553;22
2554;24
2555;32
2556;27
2557;25
2558;33
2559;31
2560;26
2561;27
2562;23
2563;26
2564;38
2565;23
2566;28
2567;28
2568;27
2569;29
2570;29
2571;23
2572;29
2573;27
2574;23
2575;21
2576;26
2577;28
2578;24
2579;23
2580;29
2581;23
2582;36
2583;39
2584;27
2585;37
2586;25
2587;29
2588;34
2589;30
2590;33
2591;20
2592;27
2593;32
2594;27
2595;9
2596;23
2597;25
2598;26
2599;28
2600;25
2601;31
2602;29
2603;31
2604;29
2605;31
2606;22
2607;29
2608;24
2609;33
2610;22
2611;34
2612;28
2613;23
2614;19
2615;27
2616;30
2617;36
2618;26
2619;34
2620;25
2621;24
2622;26
2623;18
2624;20
2625;30
2626;30
2627;17
2628;28
2629;24
2630;27
2631;18
2632;29
2633;24
2634;22
2635;25
2636;25
2637;20
2638;33
2639;27
2640;15
2641;25
2642;23
2643;19
2644;21
2645;26
2646;21
2647;26
2648;25
2649;17
2650;16
2651;29
2652;23
2653;25
2654;21
2655;24
2656;23
2657;23
2658;27
2659;17
2660;29
2661;31
2662;31
2663;24
2664;17
2665;25
2666;37
2667;29
2668;25
2669;16
2670;25
2671;16
2672;25
2673;20
2674;24
2675;18
2676;28
2677;31
2678;18
2679;22
2680;30
2681;24
2682;24
2683;26
2684;25
2685;23
2686;29
2687;19
2688;32
2689;24
2690;31
2691;16
2692;32
2693;25
2694;25
2695;22
2696;23
2697;21
2698;28
2699;31
2700;25
2701;24
2702;33
2703;20
2704;16
2705;27
2706;20
2707;22
2708;26
2709;19
2710;16
2711;27
2712;32
2713;18
2714;31
2715;20
2716;28
2717;34
2718;25
2719;23
2720;10
2721;20
2722;27
2723;20
2724;16
2725;23
2726;31
2727;25
2728;28
2729;23
2730;21
2731;24
2732;28
2733;22
2734;34
2735;26
2736;23
2737;19
2738;20
2739;15
2740;25
2741;23
2742;26
2743;29
2744;22
2745;24
2746;12
2747;21
2748;25
2749;29
2750;17
2751;18
2752;33
2753;20
2754;23
2755;32
2756;22
2757;34
2758;20
2759;22
2760;23
2761;20
2762;23
2763;22
2764;20
2765;26
2766;30
2767;17
2768;20
2769;18
2770;12
2771;19
2772;21
2773;24
2774;21
2775;22
2776;23
2777;26
2778;25
2779;19
2780;14
2781;28
2782;29
2783;28
2784;18
2785;21
2786;18
2787;21
2788;14
2789;20
2790;17
2791;20
2792;26
2793;26
2794;26
2795;15
2796;18
2797;21
2798;24
2799;13
2800;23
2801;23
2802;17
2803;20
2804;23
2805;21
2806;39
2807;21
2808;24
2809;19
2810;27
2811;23
2812;25
2813;17
2814;26
2815;28
2816;21
2817;21
2818;16
2819;19
2820;22
2821;23
2822;21
2823;21
2824;26
2825;19
2826;34
2827;17
2828;28
2829;31
2830;21
2831;22
2832;18
2833;24
2834;16
2835;20
2836;27
2837;21
2838;25
2839;29
2840;28
2841;18
2842;25
2843;21
2844;22
2845;22
2846;21
2847;13
2848;24
2849;20
2850;14
2851;17
2852;17
2853;18
2854;21
2855;15
2856;18
2857;18
2858;27
2859;19
2860;21
2861;24
2862;16
2863;24
2864;21
2865;18
2866;22
2867;27
2868;21
2869;12
2870;23
2871;25
2872;24
2873;24
2874;17
2875;16
2876;22
2877;21
2878;13
2879;22
2880;17
2881;18
2882;18
2883;22
2884;17
2885;24
2886;21
2887;19
2888;20
2889;16
2890;20
2891;17
2892;28
2893;27
2894;16
2895;16
2896;15
2897;19
2898;24
2899;16
2900;21
2901;14
2902;27
2903;17
2904;14
2905;23
2906;21
2907;31
2908;14
2909;19
2910;21
2911;20
2912;18
2913;28
2914;18
2915;30
2916;15
2917;23
2918;21
2919;23
2920;17
2921;17
2922;23
2923;23
2924;17
2925;16
2926;24
2927;20
2928;15
2929;9
2930;22
2931;24
2932;20
2933;11
2934;24
2935;25
2936;19
2937;17
2938;14
2939;19
2940;11
2941;21
2942;16
2943;10
2944;21
2945;26
2946;18
2947;20
2948;18
2949;16
2950;17
2951;23
2952;23
2953;22
2954;16
2955;18
2956;15
2957;17
2958;13
2959;13
2960;22
2961;25
2962;25
2963;19
2964;16
2965;19
2966;25
2967;19
2968;18
2969;27
2970;22
2971;14
2972;15
2973;14
2974;18
2975;20
2976;16
2977;12
2978;23
2979;22
2980;20
2981;16
2982;22
2983;16
2984;10
2985;16
2986;13
2987;12
2988;16
2989;17
2990;18
2991;13
2992;22
2993;19
2994;17
2995;16
2996;25
2997;25
2998;25
2999;21
3000;25
3001;14
3002;13
3003;14
3004;19
3005;9
3006;20
3007;24
3008;20
3009;16
3010;19
3011;15
3012;11
3013;20
3014;18
3015;13
3016;16
3017;20
3018;15
3019;22
3020;21
3021;14
3022;13
3023;25
3024;17
3025;14
3026;27
3027;12
3028;19
3029;14
3030;17
3031;21
3032;24
3033;22
3034;24
3035;17
3036;16
3037;12
3038;17
3039;18
3040;21
3041;13
3042;17
3043;20
3044;20
3045;21
3046;11
3047;20
3048;14
3049;12
3050;18
3051;15
3052;20
3053;8
3054;12
3055;22
3056;14
3057;20
3058;19
3059;16
3060;19
3061;17
3062;15
3063;16
3064;18
3065;24
3066;14
3067;19
3068;17
3069;27
3070;15
3071;21
3072;13
3073;13
3074;21
3075;14
3076;16
3077;17
3078;16
3079;18
3080;17
3081;16
3082;14
3083;21
3084;14
3085;12
3086;20
3087;15
3088;11
3089;8
3090;18
3091;23
3092;18
3093;20
3094;21
3095;19
3096;24
3097;20
3098;18
3099;16
3100;15
3101;16
3102;18
3103;15
3104;20
3105;19
3106;15
3107;19
3108;22
3109;22
3110;23
3111;14
3112;19
3113;19
3114;17
3115;19
3116;22
3117;13
3118;28
3119;16
3120;21
3121;17
3122;18
3123;19
3124;18
3125;22
3126;21
3127;16
3128;16
3129;21
3130;21
3131;26
3132;22
3133;16
3134;21
3135;21
3136;32
3137;16
3138;13
3139;22
3140;26
3141;17
3142;22
3143;20
3144;27
3145;23
3146;29
3147;25
3148;20
3149;17
3150;21
3151;10
3152;14
3153;9
3154;12
3155;25
3156;26
3157;16
3158;14
3159;18
3160;28
3161;21
3162;15
3163;23
3164;27
3165;24
3166;19
3167;16
3168;31
3169;22
3170;15
3171;20
3172;25
3173;22
3174;20
3175;29
3176;24
3177;24
3178;19
3179;28
3180;21
3181;13
3182;33
3183;20
3184;24
3185;24
3186;22
3187;24
3188;28
3189;24
3190;28
3191;30
3192;34
3193;27
3194;23
3195;20
3196;22
3197;30
3198;28
3199;26
3200;34
3201;25
3202;23
3203;38
3204;28
3205;26
3206;22
3207;24
3208;24
3209;28
3210;18
3211;20
3212;26
3213;30
3214;30
3215;30
3216;25
3217;24
3218;30
3219;27
3220;28
3221;33
3222;25
3223;37
3224;25
3225;24
3226;26
3227;36
3228;27
3229;24
3230;28
3231;16
3232;24
3233;31
3234;36
3235;26
3236;27
3237;27
3238;22
3239;39
3240;28
3241;27
3242;30
3243;36
3244;24
3245;39
3246;30
3247;31
3248;25
3249;26
3250;31
3251;28
3252;21
3253;36
3254;27
3255;35
3256;27
3257;25
3258;31
3259;39
3260;34
3261;45
3262;30
3263;36
3264;26
3265;38
3266;29
3267;21
3268;39
3269;34
3270;35
3271;37
3272;34
3273;40
3274;34
3275;30
3276;35
3277;33
3278;30
3279;40
3280;35
3281;33
3282;32
3283;30
3284;36
3285;36
3286;40
3287;37
3288;35
3289;33
3290;37
3291;30
3292;37
3293;31
3294;42
3295;39
3296;35
3297;50
3298;36
3299;35
3300;42
3301;38
3302;41
3303;43
3304;35
3305;32
3306;49
3307;30
3308;44
3309;34
3310;45
3311;34
3312;32
3313;41
3314;37
3315;50
3316;52
3317;31
3318;39
3319;41
3320;40
3321;53
3322;49
3323;31
3324;41
3325;40
3326;52
3327;35
3328;52
3329;50
3330;35
3331;48
3332;37
3333;34
3334;42
3335;37
3336;38
3337;45
3338;50
3339;45
3340;47
3341;58
3342;42
3343;43
3344;39
3345;39
3346;39
3347;39
3348;51
3349;37
3350;42
3351;41
3352;41
3353;26
3354;37
3355;52
3356;42
3357;38
3358;42
3359;57
3360;50
3361;47
3362;46
3363;34
3364;39
3365;36
3366;53
3367;43
3368;51
3369;38
3370;41
3371;42
3372;46
3373;46
3374;42
3375;45
3376;41
3377;34
3378;41
3379;50
3380;42
3381;53
3382;45
3383;46
3384;58
3385;52
3386;51
3387;46
3388;53
3389;44
3390;43
3391;45
3392;42
3393;44
3394;56
3395;39
3396;45
3397;48
3398;47
3399;50
3400;58
3401;43
3402;59
3403;41
3404;48
3405;56
3406;55
3407;47
3408;48
3409;33
3410;37
3411;36
3412;47
3413;53
3414;39
3415;55
3416;35
3417;58
3418;45
3419;40
3420;34
3421;50
3422;51
3423;51
3424;48
3425;34
3426;47
3427;66
3428;48
3429;41
3430;46
3431;53
3432;43
3433;46
3434;43
3435;49
3436;56
3437;50
3438;46
3439;44
3440;58
3441;43
3442;41
3443;50
3444;39
3445;51
3446;49
3447;41
3448;48
3449;40
3450;65
3451;48
3452;51
3453;59
3454;48
3455;45
3456;42
3457;41
3458;48
3459;46
3460;45
3461;45
3462;43
3463;53
3464;55
3465;45
3466;54
3467;52
3468;61
3469;50
3470;52
3471;60
3472;56
3473;46
3474;48
3475;46
3476;54
3477;48
3478;52
3479;36
3480;42
3481;52
3482;53
3483;44
3484;45
3485;50
3486;51
3487;55
3488;59
3489;46
3490;58
3491;64
3492;42
3493;62
3494;55
3495;48
3496;47
3497;66
3498;45
3499;61
3500;71
3501;51
3502;55
3503;54
3504;59
3505;39
3506;50
3507;44
3508;65
3509;53
3510;65
3511;45
3512;55
3513;54
3514;51
3515;63
3516;57
3517;57
3518;47
3519;54
3520;59
3521;42
3522;51
3523;51
3524;48
3525;55
3526;67
3527;65
3528;54
3529;50
3530;63
3531;57
3532;46
3533;59
3534;72
3535;46
3536;65
3537;59
3538;67
3539;58
3540;69
3541;52
3542;59
3543;59
3544;60
3545;48
3546;41
3547;55
3548;71
3549;77
3550;64
3551;71
3552;65
3553;60
3554;64
3555;78
3556;49
3557;62
3558;46
3559;79
3560;52
3561;59
3562;70
3563;58
3564;71
3565;66
3566;60
3567;58
3568;59
3569;57
3570;66
3571;75
3572;77
3573;53
3574;40
3575;60
3576;69
3577;58
3578;71
3579;64
3580;79
3581;69
3582;56
3583;64
3584;73
3585;66
3586;70
3587;73
3588;80
3589;58
3590;61
3591;69
3592;53
3593;62
3594;58
3595;60
3596;70
3597;78
3598;69
3599;88
3600;55
3601;66
3602;63
3603;75
3604;70
3605;71
3606;72
3607;80
3608;65
3609;68
3610;67
3611;71
3612;65
3613;64
3614;79
3615;64
3616;82
3617;76
3618;75
3619;77
3620;74
3621;81
3622;74
3623;82
3624;83
3625;57
3626;86
3627;79
3628;78
3629;68
3630;67
3631;77
3632;65
3633;76
3634;72
3635;72
3636;88
3637;74
3638;93
3639;48
3640;71
3641;82
3642;69
3643;98
3644;79
3645;81
3646;74
3647;66
3648;73
3649;71
3650;79
3651;81
3652;80
3653;67
3654;75
3655;91
3656;80
3657;104
3658;69
3659;77
3660;79
3661;75
3662;71
3663;72
3664;65
3665;75
3666;87
3667;83
3668;89
3669;79
3670;92
3671;90
3672;97
3673;70
3674;79
3675;76
3676;100
3677;77
3678;72
3679;87
3680;90
3681;93
3682;80
3683;94
3684;69
3685;75
3686;81
3687;86
3688;73
3689;69
3690;81
3691;88
3692;82
3693;80
3694;105
3695;90
3696;92
3697;77
3698;99
3699;93
3700;70
3701;73
3702;82
3703;95
3704;85
3705;76
3706;86
3707;100
3708;87
3709;83
3710;87
3711;88
3712;89
3713;69
3714;71
3715;102
3716;83
3717;92
3718;87
3719;113
3720;90
3721;95
3722;77
3723;74
3724;74
3725;82
3726;99
3727;74
3728;91
3729;80
3730;92
3731;78
3732;84
3733;90
3734;80
3735;104
3736;91
3737;82
3738;64
3739;95
3740;76
3741;112
3742;84
3743;81
3744;95
3745;92
3746;78
3747;66
3748;101
3749;73
3750;82
3751;77
3752;79
3753;75
3754;75
3755;77
3756;83
3757;87
3758;78
3759;81
3760;91
3761;73
3762;81
3763;116
3764;77
3765;78
3766;71
3767;68
3768;84
3769;80
3770;82
3771;80
3772;95
3773;101
3774;74
3775;81
3776;67
3777;93
3778;83
3779;90
3780;89
3781;96
3782;80
3783;63
3784;73
3785;101
3786;82
3787;83
3788;83
3789;98
3790;73
3791;79
3792;72
3793;87
3794;73
3795;100
3796;93
3797;88
3798;87
3799;68
3800;73
3801;86
3802;110
3803;85
3804;87
3805;64
3806;75
3807;67
3808;91
3809;86
3810;68
3811;57
3812;70
3813;87
3814;64
3815;90
3816;53
3817;74
3818;76
3819;62
3820;68
3821;60
3822;60
3823;86
3824;63
3825;67
3826;69
3827;67
3828;73
3829;38
3830;77
3831;74
3832;76
3833;71
3834;63
3835;75
3836;58
3837;67
3838;81
3839;57
3840;63
3841;59
3842;80
3843;64
3844;90
3845;59
3846;63
3847;61
3848;82
3849;67
3850;74
3851;56
3852;73
3853;55
3854;61
3855;75
3856;64
3857;60
3858;61
3859;70
3860;81
3861;56
3862;54
3863;59
3864;65
3865;60
3866;54
3867;58
3868;62
3869;47
3870;68
3871;56
3872;55
3873;47
3874;61
3875;49
3876;51
3877;56
3878;47
3879;63
3880;56
3881;66
3882;55
3883;52
3884;46
3885;55
3886;58
3887;67
3888;51
3889;60
3890;51
3891;55
3892;53
3893;62
3894;51
3895;55
3896;51
3897;48
3898;47
3899;59
3900;60
3901;55
3902;49
3903;39
3904;39
3905;50
3906;54
3907;65
3908;54
3909;40
3910;42
3911;51
3912;45
3913;46
3914;59
3915;46
3916;47
3917;48
3918;40
3919;38
3920;44
3921;41
3922;32
3923;46
3924;43
3925;37
3926;45
3927;44
3928;36
3929;48
3930;35
3931;42
3932;52
3933;36
3934;52
3935;45
3936;37
3937;35
3938;39
3939;43
3940;49
3941;34
3942;39
3943;42
3944;36
3945;41
3946;41
3947;49
3948;45
3949;35
3950;38
3951;44
3952;33
3953;28
3954;42
3955;40
3956;44
3957;33
3958;35
3959;45
3960;41
3961;38
3962;33
3963;38
3964;41
3965;41
3966;36
3967;32
3968;32
3969;35
3970;26
3971;31
3972;43
3973;31
3974;40
3975;40
3976;43
3977;39
3978;27
3979;37
3980;37
3981;49
3982;30
3983;41
3984;28
3985;29
3986;28
3987;41
3988;42
3989;35
3990;35
3991;34
3992;53
3993;32
3994;38
3995;27
3996;36
3997;29
3998;32
3999;26
4000;30
4001;32
4002;40
4003;35
4004;34
4005;48
4006;39
4007;38
4008;28
4009;26
4010;33
4011;23
4012;31
4013;32
4014;37
4015;30
4016;36
4017;40
4018;35
4019;37
4020;44
4021;32
4022;28
4023;30
4024;42
4025;43
4026;38
4027;36
4028;37
4029;33
4030;47
4031;31
4032;37
4033;32
4034;37
4035;41
4036;39
4037;47
4038;43
4039;49
4040;47
4041;44
4042;39
4043;33
4044;33
4045;40
4046;46
4047;38
4048;44
4049;29
4050;49
4051;46
4052;39
4053;48
4054;59
4055;33
4056;41
4057;36
4058;46
4059;33
4060;38
4061;48
4062;41
4063;42
4064;51
4065;32
4066;40
4067;52
4068;46
4069;49
4070;48
4071;44
4072;57
4073;61
4074;46
4075;46
4076;50
4077;53
4078;39
4079;47
4080;48
4081;47
4082;55
4083;52
4084;33
4085;57
4086;57
4087;55
4088;49
4089;46
4090;59
4091;51
4092;42
4093;54
4094;67
4095;62
4096;59
4097;58
4098;54
4099;64
4100;52
4101;62
4102;51
4103;53
4104;52
4105;46
4106;59
4107;44
4108;62
4109;63
4110;48
4111;53
4112;52
4113;52
4114;51
4115;67
4116;74
4117;53
4118;75
4119;74
4120;80
4121;57
4122;68
4123;61
4124;62
4125;73
4126;67
4127;64
4128;63
4129;62
4130;66
4131;75
4132;67
4133;69
4134;69
4135;72
4136;79
4137;61
4138;87
4139;83
4140;72
4141;64
4142;89
4143;74
4144;72
4145;81
4146;90
4147;58
4148;73
4149;90
4150;96
4151;75
4152;83
4153;83
4154;72
4155;89
4156;97
4157;79
4158;94
4159;94
4160;82
4161;104
4162;87
4163;75
4164;99
4165;96
4166;87
4167;109
4168;94
4169;88
4170;89
4171;105
4172;90
4173;104
4174;91
4175;93
4176;100
4177;94
4178;87
4179;115
4180;98
4181;105
4182;121
4183;95
4184;98
4185;113
4186;115
4187;101
4188;124
4189;90
4190;102
4191;112
4192;118
4193;119
4194;100
4195;102
4196;121
4197;109
4198;123
4199;97
4200;99
4201;108
4202;116
4203;109
4204;98
4205;119
4206;115
4207;132
4208;99
4209;125
4210;125
4211;122
4212;142
4213;118
4214;117
4215;144
4216;122
4217;137
4218;123
4219;134
4220;115
4221;112
4222;146
4223;128
4224;129
4225;119
4226;138
4227;142
4228;137
4229;136
4230;127
4231;118
4232;138
4233;128
4234;149
4235;153
4236;129
4237;146
4238;133
4239;143
4240;148
4241;147
4242;126
4243;142
4244;149
4245;148
4246;155
4247;143
4248;145
4249;157
4250;148
4251;143
4252;147
4253;120
4254;172
4255;162
4256;168
4257;163
4258;146
4259;170
4260;148
4261;185
4262;172
4263;160
4264;149
4265;156
4266;171
4267;168
4268;165
4269;177
4270;168
4271;156
4272;172
4273;175
4274;161
4275;177
4276;150
4277;144
4278;165
4279;181
4280;171
4281;172
4282;170
4283;167
4284;166
4285;175
4286;184
4287;195
4288;182
4289;173
4290;164
4291;162
4292;181
4293;168
4294;172
4295;171
4296;193
4297;186
4298;193
4299;185
4300;184
4301;183
4302;173
4303;190
4304;187
4305;207
4306;170
4307;167
4308;185
4309;210
4310;170
4311;183
4312;186
4313;165
4314;209
4315;180
4316;176
4317;195
4318;181
4319;161
4320;188
4321;199
4322;204
4323;197
4324;206
4325;209
4326;212
4327;184
4328;191
4329;235
4330;191
4331;190
4332;187
4333;209
4334;219
4335;151
4336;205
4337;185
4338;189
4339;190
4340;175
4341;190
4342;180
4343;186
4344;219
4345;202
4346;210
4347;210
4348;205
4349;212
4350;199
4351;197
4352;182
4353;213
4354;200
4355;197
4356;193
4357;224
4358;200
4359;209
4360;166
4361;201
4362;196
4363;206
4364;213
4365;192
4366;210
4367;219
4368;190
4369;219
4370;188
4371;215
4372;224
4373;219
4374;221
4375;208
4376;210
4377;220
4378;182
4379;208
4380;228
4381;216
4382;220
4383;220
4384;219
4385;212
4386;196
4387;222
4388;229
4389;199
4390;219
4391;175
4392;215
4393;202
4394;238
4395;227
4396;198
4397;220
4398;235
4399;243
4400;197
4401;225
4402;168
4403;230
4404;198
4405;216
4406;186
4407;195
4408;211
4409;177
4410;207
4411;213
4412;216
4413;216
4414;208
4415;200
4416;224
4417;207
4418;237
4419;221
4420;198
4421;198
4422;203
4423;199
4424;226
4425;225
4426;179
4427;193
4428;216
4429;235
4430;206
4431;226
4432;224
4433;209
4434;200
4435;198
4436;195
4437;216
4438;191
4439;203
4440;203
4441;191
4442;220
4443;210
4444;201
4445;197
4446;201
4447;204
4448;214
4449;190
4450;173
4451;216
4452;224
4453;167
4454;197
4455;166
4456;198
4457;187
4458;178
4459;176
4460;174
4461;206
4462;197
4463;161
4464;201
4465;176
4466;185
4467;181
4468;204
4469;170
4470;189
4471;172
4472;188
4473;185
4474;186
4475;199
4476;166
4477;157
4478;186
4479;199
4480;167
4481;173
4482;182
4483;182
4484;183
4485;180
4486;173
4487;167
4488;183
4489;198
4490;176
4491;182
4492;159
4493;180
4494;181
4495;205
4496;167
4497;187
4498;178
4499;164
4500;165
4501;173
4502;182
4503;205
4504;168
4505;153
4506;186
4507;180
4508;179
4509;168
4510;160
4511;152
4512;172
4513;162
4514;173
4515;144
4516;147
4517;181
4518;151
4519;147
4520;171
4521;145
4522;182
4523;142
4524;178
4525;153
4526;174
4527;170
4528;133
4529;154
4530;146
4531;155
4532;151
4533;163
4534;137
4535;156
4536;138
4537;133
4538;142
4539;158
4540;155
4541;181
4542;149
4543;160
4544;125
4545;146
4546;151
4547;122
4548;163
4549;140
4550;148
4551;146
4552;131
4553;124
4554;124
4555;156
4556;124
4557;132
4558;143
4559;146
4560;147
4561;155
4562;134
4563;118
4564;124
4565;145
4566;144
4567;156
4568;142
4569;117
4570;128
4571;128
4572;136
4573;147
4574;122
4575;132
4576;124
4577;127
4578;91
4579;122
4580;122
4581;118
4582;131
4583;128
4584;116
4585;119
4586;116
4587;139
4588;99
4589;110
4590;114
4591;118
4592;115
4593;104
4594;123
4595;118
4596;97
4597;108
4598;120
4599;98
4600;108
4601;130
4602;116
4603;112
4604;90
4605;112
4606;104
4607;108
4608;112
4609;105
4610;114
4611;93
4612;131
4613;94
4614;102
4615;114
4616;105
4617;105
4618;108
4619;113
4620;114
4621;109
4622;105
4623;98
4624;96
4625;99
4626;102
4627;106
4628;126
4629;94
4630;93
4631;102
4632;102
4633;105
4634;117
4635;95
4636;77
4637;100
4638;89
4639;87
4640;91
4641;87
4642;78
4643;106
4644;98
4645;102
4646;105
4647;104
4648;109
4649;77
4650;108
4651;109
4652;87
4653;90
4654;81
4655;101
4656;101
4657;94
4658;97
4659;101
4660;83
4661;73
4662;90
4663;70
4664;91
4665;68
4666;81
4667;80
4668;78
4669;94
4670;75
4671;80
4672;62
4673;77
4674;91
4675;82
4676;80
4677;92
4678;88
4679;105
4680;83
4681;74
4682;76
4683;86
4684;88
4685;84
4686;90
4687;74
4688;89
4689;94
4690;99
4691;71
4692;72
4693;82
4694;77
4695;68
4696;84
4697;87
4698;79
4699;107
4700;81
4701;74
4702;79
4703;92
4704;60
4705;70
4706;58
4707;67
4708;75
4709;74
4710;72
4711;72
4712;66
4713;78
4714;87
4715;75
4716;68
4717;69
4718;79
4719;64
4720;78
4721;82
4722;72
4723;78
4724;80
4725;58
4726;63
4727;66
4728;68
4729;65
4730;75
4731;68
4732;81
4733;67
4734;71
4735;71
4736;70
4737;84
4738;66
4739;69
4740;57
4741;71
4742;68
4743;68
4744;76
4745;95
4746;71
4747;66
4748;69
4749;68
4750;74
4751;73
4752;74
4753;63
4754;60
4755;56
4756;65
4757;75
4758;67
4759;63
4760;61
4761;65
4762;58
4763;64
4764;77
4765;84
4766;68
4767;72
4768;52
4769;62
4770;61
4771;71
4772;59
4773;78
4774;74
4775;78
4776;74
4777;69
4778;69
4779;62
4780;58
4781;58
4782;81
4783;73
4784;66
4785;55
4786;52
4787;74
4788;49
4789;59
4790;70
4791;76
4792;59
4793;73
4794;64
4795;53
4796;69
4797;65
4798;66
4799;75
4800;79
4801;58
4802;58
4803;63
4804;57
4805;63
4806;66
4807;70
4808;69
4809;40
4810;61
4811;53
4812;51
4813;64
4814;65
4815;61
4816;87
4817;60
4818;62
4819;73
4820;56
4821;76
4822;59
4823;49
4824;51
4825;64
4826;64
4827;78
4828;65
4829;67
4830;48
4831;58
4832;60
4833;67
4834;63
4835;55
4836;57
4837;57
4838;58
4839;51
4840;60
4841;55
4842;73
4843;69
4844;68
4845;52
4846;72
4847;56
4848;62
4849;69
4850;54
4851;55
4852;46
4853;54
4854;60
4855;46
4856;65
4857;63
4858;55
4859;57
4860;49
4861;52
4862;64
4863;49
4864;49
4865;48
4866;57
4867;49
4868;48
4869;50
4870;56
4871;53
4872;69
4873;47
4874;53
4875;61
4876;67
4877;67
4878;63
4879;53
4880;50
4881;49
4882;47
4883;54
4884;60
4885;65
4886;56
4887;44
4888;43
4889;62
4890;53
4891;50
4892;52
4893;58
4894;55
4895;53
4896;44
4897;51
4898;54
4899;44
4900;45
4901;44
4902;55
4903;55
4904;54
4905;60
4906;47
4907;47
4908;35
4909;52
4910;50
4911;47
4912;47
4913;50
4914;53
4915;55
4916;41
4917;47
4918;57
4919;36
4920;44
4921;56
4922;45
4923;47
4924;44
4925;41
4926;49
4927;47
4928;39
4929;50
4930;45
4931;48
4932;41
4933;48
4934;40
4935;34
4936;40
4937;48
4938;45
4939;49
4940;45
4941;36
4942;38
4943;44
4944;53
4945;46
4946;50
4947;41
4948;33
4949;43
4950;50
4951;48
4952;31
4953;52
4954;35
4955;45
4956;35
4957;35
4958;42
4959;34
4960;29
4961;41
4962;47
4963;31
4964;37
4965;33
4966;46
4967;47
4968;33
4969;42
4970;40
4971;45
4972;33
4973;38
4974;43
4975;40
4976;25
4977;54
4978;40
4979;28
4980;34
4981;31
4982;40
4983;28
4984;43
4985;29
4986;34
4987;21
4988;28
4989;40
4990;52
4991;38
4992;26
4993;28
4994;32
4995;31
4996;28
4997;28
4998;25
4999;28
5000;36
5001;29
5002;24
5003;27
5004;40
5005;28
5006;29
5007;37
5008;34
5009;27
5010;23
5011;48
5012;30
5013;25
5014;34
5015;30
5016;34
5017;34
5018;32
5019;22
5020;25
5021;34
5022;34
5023;29
5024;28
5025;24
5026;25
5027;35
5028;28
5029;25
5030;35
5031;29
5032;23
5033;26
5034;31
5035;23
5036;20
5037;22
5038;29
5039;18
5040;23
5041;22
5042;22
5043;26
5044;26
5045;19
5046;22
5047;21
5048;29
5049;31
5050;31
5051;23
5052;21
5053;19
5054;20
5055;26
5056;23
5057;24
5058;31
5059;36
5060;26
5061;22
5062;26
5063;20
5064;17
5065;23
5066;25
5067;12
5068;30
5069;12
5070;22
5071;20
5072;15
5073;18
5074;19
5075;20
5076;27
5077;31
5078;23
5079;27
5080;30
5081;15
5082;22
5083;13
5084;22
5085;27
5086;20
5087;11
5088;18
5089;27
5090;23
5091;19
5092;22
5093;19
5094;26
5095;17
5096;21
5097;16
5098;23
5099;19
5100;20
5101;14
5102;11
5103;15
5104;25
5105;22
5106;27
5107;19
5108;19
5109;28
5110;15
5111;24
5112;18
5113;21
5114;11
5115;22
5116;18
5117;20
5118;25
5119;12
5120;12
5121;19
5122;24
5123;11
5124;13
5125;18
5126;16
5127;16
5128;15
5129;9
5130;16
5131;14
5132;13
5133;22
5134;16
5135;19
5136;12
5137;18
5138;13
5139;14
5140;15
5141;16
5142;17
5143;5
5144;18
5145;11
5146;11
5147;13
5148;23
5149;16
5150;14
5151;16
5152;19
5153;13
5154;12
5155;15
5156;16
5157;11
5158;16
5159;10
5160;12
5161;13
5162;15
5163;15
5164;16
5165;21
5166;21
5167;15
5168;16
5169;13
5170;15
5171;10
5172;16
5173;17
5174;16
5175;14
5176;14
5177;9
5178;21
5179;14
5180;14
5181;14
5182;10
5183;11
5184;12
5185;15
5186;5
5187;9
5188;21
5189;17
5190;17
5191;12
5192;11
5193;14
5194;13
5195;15
5196;13
5197;12
5198;15
5199;14
5200;18
5201;15
5202;9
5203;8
5204;11
5205;13
5206;12
5207;9
5208;12
5209;22
5210;17
5211;14
5212;22
5213;8
5214;18
5215;16
5216;12
5217;14
5218;15
5219;18
5220;9
5221;16
5222;16
5223;13
5224;8
5225;17
5226;8
5227;13
5228;12
5229;13
5230;12
5231;10
5232;12
5233;13
5234;9
5235;17
5236;15
5237;10
5238;13
5239;15
5240;10
5241;17
5242;16
5243;13
5244;9
5245;14
5246;10
5247;16
5248;9
5249;9
5250;11
5251;12
5252;15
5253;14
5254;16
5255;12
5256;18
5257;9
5258;13
5259;17
5260;9
5261;10
5262;17
5263;16
5264;13
5265;12
5266;18
5267;15
5268;14
5269;11
5270;15
5271;17
5272;10
5273;14
5274;8
5275;15
5276;14
5277;13
5278;12
5279;11
5280;10
5281;15
5282;14
5283;16
5284;13
5285;12
5286;3
5287;9
5288;14
5289;10
5290;14
5291;21
5292;18
5293;15
5294;11
5295;14
5296;13
5297;12
5298;14
5299;8
5300;15
5301;17
5302;17
5303;12
5304;16
5305;16
5306;15
5307;17
5308;13
5309;12
5310;10
5311;14
5312;14
5313;15
5314;15
5315;17
5316;14
5317;14
5318;13
5319;14
5320;19
5321;14
5322;14
5323;16
5324;13
5325;14
5326;16
5327;16
5328;18
5329;16
5330;17
5331;13
5332;17
5333;19
5334;13
5335;16
5336;13
5337;8
5338;7
5339;15
5340;17
5341;9
5342;15
5343;13
5344;17
5345;13
5346;20
5347;14
5348;15
5349;19
5350;12
5351;9
5352;16
5353;16
5354;24
5355;23
5356;13
5357;20
5358;13
5359;18
5360;14
5361;16
5362;11
5363;14
5364;20
5365;18
5366;13
5367;12
5368;18
5369;13
5370;19
5371;13
5372;15
5373;19
5374;24
5375;17
5376;11
5377;15
5378;17
5379;11
5380;16
5381;14
5382;19
5383;10
5384;19
5385;22
5386;20
5387;12
5388;18
5389;19
5390;21
5391;18
5392;17
5393;13
5394;19
5395;24
5396;14
5397;17
5398;22
5399;23
5400;13
5401;15
5402;17
5403;9
5404;25
5405;19
5406;12
5407;24
5408;18
5409;16
5410;13
5411;18
5412;23
5413;10
5414;10
5415;22
5416;9
5417;15
5418;16
5419;20
5420;23
5421;24
5422;17
5423;16
5424;12
5425;16
5426;17
5427;16
5428;17
5429;12
5430;21
5431;13
5432;19
5433;18
5434;23
5435;15
5436;20
5437;22
5438;17
5439;20
5440;20
5441;18
5442;24
5443;21
5444;16
5445;10
5446;22
5447;28
5448;18
5449;17
5450;22
5451;17
5452;20
5453;32
5454;14
5455;20
5456;17
5457;21
5458;8
5459;18
5460;21
5461;12
5462;15
5463;22
5464;22
5465;20
5466;15
5467;17
5468;14
5469;27
5470;20
5471;24
5472;18
5473;17
5474;21
5475;15
5476;16
5477;24
5478;16
5479;19
5480;20
5481;20
5482;15
5483;19
5484;18
5485;23
5486;15
5487;16
5488;15
5489;16
5490;16
5491;19
5492;19
5493;25
5494;20
5495;19
5496;28
5497;19
5498;21
5499;16
5500;20
5501;21
5502;21
5503;21
5504;26
5505;17
5506;15
5507;13
5508;24
5509;18
5510;12
5511;18
5512;18
5513;18
5514;22
5515;14
5516;17
5517;16
5518;19
5519;28
5520;17
5521;14
5522;15
5523;17
5524;22
5525;22
5526;17
5527;25
5528;16
5529;23
5530;22
5531;15
5532;21
5533;17
5534;13
5535;17
5536;23
5537;19
5538;23
5539;20
5540;17
5541;22
5542;19
5543;18
5544;14
5545;12
5546;16
5547;18
5548;25
5549;15
5550;20
5551;15
5552;16
5553;22
5554;20
5555;14
5556;11
5557;18
5558;18
5559;23
5560;16
5561;16
5562;22
5563;25
5564;21
5565;20
5566;25
5567;16
5568;23
5569;19
5570;23
5571;19
5572;20
5573;22
5574;26
5575;18
5576;16
5577;12
5578;14
5579;15
5580;13
5581;11
5582;19
5583;16
5584;16
5585;15
5586;20
5587;13
5588;18
5589;19
5590;23
5591;15
5592;24
5593;20
5594;26
5595;17
5596;22
5597;17
5598;18
5599;16
5600;19
5601;23
5602;12
5603;16
5604;15
5605;12
5606;13
5607;20
5608;9
5609;13
5610;12
5611;15
5612;14
5613;15
5614;15
5615;14
5616;13
5617;18
5618;19
5619;20
5620;18
5621;14
5622;10
5623;12
5624;17
5625;15
5626;11
5627;16
5628;9
5629;16
5630;18
5631;16
5632;16
5633;16
5634;17
5635;17
5636;18
5637;12
5638;14
5639;15
5640;16
5641;16
5642;14
5643;12
5644;8
5645;21
5646;12
5647;10
5648;14
5649;17
5650;8
5651;14
5652;19
5653;17
5654;14
5655;17
5656;11
5657;12
5658;11
5659;10
5660;12
5661;14
5662;14
5663;19
5664;15
5665;13
5666;19
5667;19
5668;19
5669;13
5670;13
5671;14
5672;13
5673;17
5674;14
5675;14
5676;13
5677;15
5678;16
5679;21
5680;7
5681;9
5682;15
5683;9
5684;10
5685;9
5686;5
5687;10
5688;7
5689;12
5690;12
5691;11
5692;13
5693;11
5694;13
5695;17
5696;15
5697;9
5698;12
5699;7
5700;11
5701;5
5702;13
5703;13
5704;12
5705;18
5706;10
5707;15
5708;6
5709;8
5710;8
5711;12
5712;4
5713;15
5714;13
5715;7
5716;13
5717;13
5718;6
5719;16
5720;8
5721;15
5722;10
5723;8
5724;9
5725;7
5726;5
5727;8
5728;7
5729;11
5730;8
5731;9
5732;8
5733;5
5734;13
5735;7
5736;6
5737;5
5738;12
5739;11
5740;5
5741;9
5742;5
5743;5
5744;8
5745;10
5746;4
5747;5
5748;12
5749;10
5750;7
5751;5
5752;7
5753;12
5754;7
5755;7
5756;12
5757;8
5758;10
5759;11
5760;6
5761;6
5762;4
5763;3
5764;9
5765;11
5766;8
5767;9
5768;6
5769;1
5770;4
5771;9
5772;8
5773;7
5774;8
5775;8
5776;8
5777;6
5778;4
5779;9
5780;6
5781;4
5782;5
5783;5
5784;3
5785;8
5786;11
5787;3
5788;2
5789;6
5790;5
5791;7
5792;2
5793;6
5794;5
5795;4
5796;6
5797;10
5798;16
5799;10
5800;10
5801;5
5802;3
5803;9
5804;4
5805;4
5806;8
5807;2
5808;4
5809;3
5810;5
5811;4
5812;6
5813;6
5814;6
5815;4
5816;3
5817;5
5818;5
5819;3
5820;5
5821;6
5822;4
5823;6
5824;2
5825;3
5826;10
5827;3
5828;2
5829;3
5830;5
5831;3
5832;8
5833;5
5834;9
5835;7
5836;2
5837;7
5838;5
5839;10
5840;3
5841;4
5842;2
5843;6
5844;7
5845;3
5846;7
5847;4
5848;7
5849;4
5850;5
5851;4
5852;0
5853;5
5854;5
5855;7
5856;6
5857;4
5858;4
5859;3
5860;2
5861;2
5862;4
5863;4
5864;8
5865;0
5866;4
5867;3
5868;3
5869;2
5870;3
5871;4
5872;4
5873;3
5874;6
5875;6
5876;8
5877;7
5878;3
5879;6
5880;4
5881;4
5882;5
5883;4
5884;4
5885;4
5886;2
5887;5
5888;3
5889;7
5890;3
5891;3
5892;5
5893;1
5894;4
5895;2
5896;1
5897;2
5898;0
5899;2
5900;3
5901;2
5902;4
5903;2
5904;3
5905;4
5906;3
5907;3
5908;5
5909;1
5910;3
5911;2
5912;2
5913;3
5914;2
5915;0
5916;2
5917;2
5918;2
5919;4
5920;3
5921;3
5922;2
5923;3
5924;3
5925;3
5926;1
5927;2
5928;3
5929;2
5930;0
5931;1
5932;2
5933;4
5934;2
5935;3
5936;2
5937;1
5938;2
5939;2
5940;2
5941;3
5942;1
5943;7
5944;2
5945;2
5946;3
5947;1
5948;2
5949;1
5950;1
5951;2
5952;3
5953;3
5954;1
5955;1
5956;2
5957;3
5958;1
5959;1
5960;5
5961;3
5962;0
5963;5
5964;4
5965;3
5966;2
5967;3
5968;6
5969;8
5970;1
5971;2
5972;1
5973;2
5974;1
5975;0
5976;5
5977;1
5978;4
5979;0
5980;6
5981;2
5982;4
5983;0
5984;2
5985;5
5986;1
5987;5
5988;2
5989;3
5990;1
5991;2
5992;0
5993;1
5994;1
5995;3
5996;2
5997;2
5998;3
5999;3
6000;4
6001;2
6002;1
6003;2
6004;3
6005;2
6006;1
6007;1
6008;0
6009;0
6010;2
6011;2
6012;5
6013;0
6014;2
6015;3
6016;7
6017;0
6018;2
6019;2
6020;1
6021;2
6022;2
6023;3
6024;3
6025;3
6026;0
6027;1
6028;3
6029;1
6030;4
6031;1
6032;3
6033;3
6034;1
6035;0
6036;6
6037;0
6038;3
6039;4
6040;2
6041;2
6042;2
6043;0
6044;1
6045;2
6046;1
6047;3
6048;2
6049;0
6050;4
6051;3
6052;1
6053;1
6054;1
6055;3
6056;3
6057;1
6058;1
6059;5
6060;1
6061;2
6062;2
6063;1
6064;1
6065;1
6066;0
6067;2
6068;1
6069;1
6070;2
6071;2
6072;3
6073;0
6074;0
6075;2
6076;1
6077;3
6078;2
6079;3
6080;1
6081;0
6082;3
6083;1
6084;1
6085;2
6086;2
6087;1
6088;1
6089;0
6090;1
6091;2
6092;0
6093;4
6094;2
6095;0
6096;1
6097;2
6098;1
6099;0
6100;1
6101;1
6102;0
6103;2
6104;0
6105;0
6106;2
6107;2
6108;2
6109;4
6110;5
6111;2
6112;0
6113;1
6114;3
6115;1
6116;1
6117;2
6118;0
6119;0
6120;1
6121;1
6122;1
6123;4
6124;3
6125;4
6126;1
6127;4
6128;1
6129;3
6130;3
6131;1
6132;0
6133;1
6134;1
6135;1
6136;0
6137;3
6138;0
6139;2
6140;1
6141;0
6142;1
6143;2
6144;1
6145;0
6146;1
6147;3
6148;2
6149;1
6150;0
6151;1
6152;1
6153;2
6154;3
6155;1
6156;1
6157;1
6158;2
6159;1
6160;1
6161;1
6162;2
6163;2
6164;0
6165;0
6166;0
6167;0
6168;1
6169;1
6170;4
6171;2
6172;1
6173;2
6174;2
6175;0
6176;1
6177;2
6178;1
6179;1
6180;1
6181;1
6182;1
6183;1
6184;1
6185;3
6186;3
6187;1
6188;0
6189;1
6190;3
6191;1
6192;2
6193;0
6194;1
6195;3
6196;0
6197;0
6198;2
6199;2
6200;0
6201;1
6202;2
6203;0
6204;0
6205;2
6206;1
6207;2
6208;0
6209;2
6210;0
6211;1
6212;1
6213;0
6214;1
6215;1
6216;2
6217;2
6218;3
6219;0
6220;2
6221;1
6222;0
6223;2
6224;1
6225;2
6226;0
6227;0
6228;2
6229;1
6230;1
6231;0
6232;1
6233;0
6234;0
6235;1
6236;1
6237;0
6238;0
6239;0
6240;3
6241;3
6242;0
6243;3
6244;2
6245;2
6246;2
6247;1
6248;0
6249;1
6250;0
6251;1
6252;1
6253;0
6254;0
6255;1
6256;0
6257;0
6258;2
6259;0
6260;1
6261;1
6262;0
6263;0
6264;1
6265;2
6266;2
6267;2
6268;2
6269;0
6270;1
6271;2
6272;0
6273;1
6274;0
6275;1
6276;1
6277;2
6278;0
6279;2
6280;3
6281;0
6282;0
6283;1
6284;0
6285;2
6286;1
6287;1
6288;2
6289;0
6290;3
6291;0
6292;1
6293;1
6294;1
6295;0
6296;1
6297;2
6298;1
6299;3
6300;0
6301;0
6302;2
6303;2
6304;1
6305;0
6306;1
6307;0
6308;1
6309;0
6310;0
6311;2
6312;1
6313;0
6314;0
6315;1
6316;3
6317;2
6318;0
6319;1
6320;1
6321;2
6322;0
6323;0
6324;1
6325;0
6326;0
6327;1
6328;1
6329;0
6330;3
6331;1
6332;0
6333;0
6334;0
6335;1
6336;0
6337;0
6338;0
6339;0
6340;1
6341;2
6342;2
6343;0
6344;0
6345;1
6346;2
6347;0
6348;0
6349;1
6350;1
6351;2
6352;0
6353;1
6354;1
6355;1
6356;2
6357;0
6358;2
6359;0
6360;3
6361;0
6362;1
6363;0
6364;1
6365;0
6366;2
6367;0
6368;0
6369;0
6370;0
6371;1
6372;3
6373;1
6374;2
6375;0
6376;1
6377;0
6378;0
6379;0
6380;0
6381;0
6382;2
6383;1
6384;0
6385;2
6386;0
6387;0
6388;0
6389;1
6390;0
6391;1
6392;2
6393;0
6394;0
6395;2
6396;3
6397;1
6398;0
6399;0
6400;1
6401;0
6402;1
6403;2
6404;0
6405;0
6406;0
6407;1
6408;0
6409;2
6410;0
6411;0
6412;0
6413;0
6414;2
6415;0
6416;0
6417;0
6418;0
6419;0
6420;2
6421;0
6422;1
6423;0
6424;0
6425;0
6426;2
6427;1
6428;1
6429;1
6430;0
6431;0
6432;0
6433;0
6434;0
6435;0
6436;3
6437;0
6438;1
6439;0
6440;0
6441;0
6442;0
6443;0
6444;1
6445;0
6446;0
6447;0
6448;0
6449;0
6450;1
6451;1
6452;1
6453;1
6454;0
6455;1
6456;1
6457;1
6458;2
6459;0
6460;0
6461;1
6462;1
6463;0
6464;0
6465;0
6466;0
6467;2
6468;0
6469;1
6470;0
6471;0
6472;0
6473;0
6474;1
6475;0
6476;2
6477;0
6478;0
6479;0
6480;1
6481;1
6482;0
6483;0
6484;1
6485;1
6486;0
6487;1
6488;0
6489;1
6490;3
6491;1
6492;0
6493;1
6494;1
6495;0
6496;0
6497;2
6498;1
6499;0
6500;1
6501;1
6502;0
6503;1
6504;2
6505;0
6506;1
6507;0
6508;0
6509;0
6510;1
6511;0
6512;1
6513;0
6514;0
6515;0
6516;1
6517;0
6518;0
6519;0
6520;1
6521;0
6522;0
6523;0
6524;0
6525;2
6526;0
6527;0
6528;0
6529;2
6530;0
6531;0
6532;0
6533;1
6534;0
6535;0
6536;0
6537;0
6538;0
6539;0
6540;2
6541;2
6542;1
6543;1
6544;0
6545;0
6546;2
6547;0
6548;1
6549;1
6550;0
6551;0
6552;1
6553;0
6554;0
6555;0
6556;1
6557;1
6558;2
6559;2
6560;0
6561;1
6562;1
6563;0
6564;0
6565;0
6566;0
6567;0
6568;0
6569;0
6570;0
6571;1
6572;0
6573;1
6574;3
6575;1
6576;0
6577;1
6578;0
6579;0
6580;0
6581;0
6582;1
6583;1
6584;0
6585;2
6586;1
6587;0
6588;0
6589;1
6590;0
6591;0
6592;0
6593;0
6594;2
6595;0
6596;0
6597;1
6598;0
6599;0
6600;0
6601;1
6602;3
6603;1
6604;0
6605;1
6606;0
6607;2
6608;1
6609;1
6610;0
6611;0
6612;1
6613;1
6614;1
6615;2
6616;0
6617;1
6618;0
6619;0
6620;1
6621;0
6622;1
6623;1
6624;1
6625;2
6626;0
6627;1
6628;1
6629;0
6630;2
6631;1
6632;1
6633;1
6634;2
6635;0
6636;1
6637;0
6638;2
6639;0
6640;0
6641;1
6642;0
6643;1
6644;1
6645;1
6646;0
6647;0
6648;0
6649;0
6650;0
6651;0
6652;0
6653;0
6654;1
6655;1
6656;0
6657;1
6658;1
6659;0
6660;1
6661;0
6662;1
6663;0
6664;1
6665;0
6666;0
6667;1
6668;0
6669;4
6670;1
6671;1
6672;1
6673;0
6674;0
6675;1
6676;0
6677;0
6678;1
6679;0
6680;1
6681;0
6682;0
6683;0
6684;1
6685;0
6686;0
6687;1
6688;0
6689;0
6690;0
6691;0
6692;0
6693;2
6694;0
6695;0
6696;1
6697;0
6698;1
6699;0
6700;0
6701;1
6702;1
6703;1
6704;0
6705;0
6706;0
6707;1
6708;0
6709;0
6710;0
6711;1
6712;0
6713;0
6714;1
6715;1
6716;0
6717;0
6718;2
6719;0
6720;0
6721;0
6722;0
6723;0
6724;0
6725;0
6726;1
6727;0
6728;1
6729;1
6730;1
6731;0
6732;1
6733;0
6734;2
6735;0
6736;2
6737;0
6738;0
6739;0
6740;0
6741;0
6742;1
6743;0
6744;1
6745;1
6746;0
6747;2
6748;0
6749;0
6750;0
6751;0
6752;1
6753;0
6754;0
6755;0
6756;0
6757;1
6758;1
6759;1
6760;0
6761;0
6762;0
6763;0
6764;0
6765;0
6766;0
6767;0
6768;1
6769;2
6770;0
6771;0
6772;0
6773;1
6774;0
6775;1
6776;1
6777;1
6778;0
6779;0
6780;1
6781;0
6782;0
6783;1
6784;1
6785;0
6786;1
6787;0
6788;2
6789;0
6790;1
6791;0
6792;0
6793;1
6794;0
6795;1
6796;0
6797;0
6798;0
6799;0
6800;0
6801;0
6802;0
6803;0
6804;1
6805;1
6806;1
6807;1
6808;0
6809;2
6810;1
6811;0
6812;1
6813;0
6814;0
6815;1
6816;0
6817;0
6818;0
6819;2
6820;0
6821;0
6822;0
6823;1
6824;0
6825;1
6826;0
6827;0
6828;0
6829;2
6830;1
6831;1
6832;0
6833;0
6834;0
6835;0
6836;1
6837;0
6838;0
6839;0
6840;0
6841;0
6842;1
6843;0
6844;0
6845;0
6846;0
6847;0
6848;0
6849;0
6850;0
6851;1
6852;1
6853;2
6854;0
6855;0
6856;2
6857;0
6858;0
6859;1
6860;2
6861;1
6862;1
6863;0
6864;1
6865;0
6866;1
6867;0
6868;0
6869;1
6870;0
6871;0
6872;2
6873;1
6874;0
6875;0
6876;1
6877;0
6878;0
6879;0
6880;1
6881;1
6882;0
6883;0
6884;0
6885;1
6886;0
6887;1
6888;1
6889;0
6890;1
6891;1
6892;0
6893;0
6894;0
6895;2
6896;1
6897;1
6898;1
6899;0
6900;0
6901;0
6902;1
6903;0
6904;1
6905;1
6906;0
6907;0
6908;0
6909;1
6910;1
6911;1
6912;0
6913;0
6914;0
6915;1
6916;2
6917;0
6918;0
6919;0
6920;0
6921;1
6922;0
6923;0
6924;1
6925;1
6926;1
6927;0
6928;1
6929;3
6930;0
6931;0
6932;0
6933;0
6934;2
6935;0
6936;0
6937;1
6938;0
6939;0
6940;0
6941;0
6942;0
6943;1
6944;0
6945;1
6946;1
6947;0
6948;0
6949;1
6950;1
6951;1
6952;0
6953;3
6954;0
6955;1
6956;0
6957;0
6958;0
6959;1
6960;0
6961;2
6962;0
6963;0
6964;1
6965;0
6966;0
6967;1
6968;0
6969;1
6970;1
6971;0
6972;0
6973;1
6974;1
6975;1
6976;0
6977;0
6978;0
6979;1
6980;0
6981;2
6982;1
6983;1
6984;0
6985;0
6986;0
6987;0
6988;0
6989;0
6990;0
6991;1
6992;1
6993;1
6994;0
6995;0
6996;1
6997;0
6998;0
6999;0
7000;0
7001;1
7002;0
7003;1
7004;0
7005;0
7006;1
7007;1
7008;0
7009;1
7010;1
7011;0
7012;0
7013;2
7014;1
7015;2
7016;0
7017;1
7018;4
7019;0
7020;0
7021;0
7022;0
7023;0
7024;0
7025;0
7026;0
7027;0
7028;0
7029;0
7030;1
7031;0
7032;0
7033;2
7034;0
7035;0
7036;0
7037;1
7038;0
7039;0
7040;1
7041;0
7042;1
7043;2
7044;1
7045;0
7046;0
7047;1
7048;0
7049;1
7050;0
7051;0
7052;1
7053;0
7054;1
7055;0
7056;1
7057;0
7058;0
7059;0
7060;0
7061;2
7062;0
7063;0
7064;0
7065;0
7066;0
7067;0
7068;0
7069;0
7070;0
7071;0
7072;0
7073;0
7074;0
7075;1
7076;0
7077;0
7078;0
7079;1
7080;0
7081;0
7082;2
7083;0
7084;0
7085;0
7086;0
7087;0
7088;0
7089;0
7090;0
7091;0
7092;0
7093;2
7094;1
7095;1
7096;1
7097;1
7098;0
7099;0
7100;0
7101;0
7102;1
7103;0
7104;0
7105;0
7106;0
7107;1
7108;0
7109;0
7110;1
7111;1
7112;1
7113;0
7114;0
7115;0
7116;0
7117;0
7118;0
7119;0
7120;0
7121;0
7122;0
7123;1
7124;1
7125;0
7126;1
7127;1
7128;0
7129;1
7130;1
7131;0
7132;1
7133;1
7134;0
7135;0
7136;0
7137;1
7138;0
7139;1
7140;1
7141;1
7142;0
7143;0
7144;0
7145;1
7146;0
7147;0
7148;1
7149;1
7150;0
7151;1
7152;0
7153;1
7154;0
7155;1
7156;0
7157;0
7158;0
7159;0
7160;0
7161;2
7162;1
7163;0
7164;0
7165;0
7166;0
7167;1
7168;1
7169;2
7170;0
7171;0
7172;0
7173;0
7174;0
7175;0
7176;1
7177;0
7178;1
7179;0
7180;0
7181;0
7182;1
7183;0
7184;0
7185;0
7186;2
7187;0
7188;0
7189;1
7190;1
7191;0
7192;0
7193;1
7194;0
7195;0
7196;0
7197;2
7198;0
7199;1
7200;0
7201;0
7202;0
7203;0
7204;0
7205;0
7206;2
7207;1
7208;0
7209;0
7210;0
7211;0
7212;0
7213;1
7214;0
7215;0
7216;0
7217;0
7218;1
7219;1
7220;0
7221;1
7222;0
7223;0
7224;0
7225;0
7226;0
7227;0
7228;0
7229;0
7230;0
7231;0
7232;2
7233;0
7234;0
7235;0
7236;0
7237;0
7238;0
7239;1
7240;0
7241;0
7242;2
7243;0
7244;0
7245;0
7246;0
7247;1
7248;0
7249;0
7250;0
7251;0
7252;1
7253;1
7254;0
7255;0
7256;1
7257;0
7258;0
7259;0
7260;0
7261;1
7262;0
7263;2
7264;0
7265;0
7266;1
7267;0
7268;0
7269;0
7270;1
7271;0
7272;0
7273;0
7274;1
7275;1
7276;0
7277;0
7278;0
7279;0
7280;1
7281;0
7282;0
7283;0
7284;1
7285;0
7286;0
7287;0
7288;1
7289;0
7290;0
7291;0
7292;1
7293;0
7294;0
7295;0
7296;0
7297;0
7298;0
7299;0
7300;0
7301;0
7302;1
7303;0
7304;0
7305;0
7306;0
7307;1
7308;1
7309;1
7310;1
7311;0
7312;0
7313;0
7314;2
7315;1
7316;1
7317;0
7318;0
7319;0
7320;0
7321;0
7322;0
7323;0
7324;1
7325;1
7326;0
7327;1
7328;1
7329;2
7330;1
7331;0
7332;0
7333;0
7334;0
7335;0
7336;0
7337;1
7338;0
7339;0
7340;2
7341;2
7342;1
7343;0
7344;0
7345;1
7346;2
7347;1
7348;2
7349;0
7350;0
7351;0
7352;0
7353;1
7354;0
7355;0
7356;0
7357;0
7358;0
7359;0
7360;0
7361;0
7362;0
7363;0
7364;2
7365;0
7366;0
7367;1
7368;1
7369;0
7370;0
7371;0
7372;0
7373;0
7374;0
7375;0
7376;0
7377;0
7378;0
7379;0
7380;0
7381;1
7382;0
7383;1
7384;0
7385;0
7386;0
7387;0
7388;0
7389;0
7390;0
7391;0
7392;0
7393;0
7394;1
7395;0
7396;0
7397;1
7398;0
7399;2
7400;0
7401;0
7402;0
7403;0
7404;0
7405;0
7406;1
7407;0
7408;0
7409;2
7410;0
7411;0
7412;0
7413;0
7414;1
7415;1
7416;1
7417;1
7418;0
7419;0
7420;0
7421;0
7422;0
7423;1
7424;1
7425;1
7426;0
7427;0
7428;1
7429;1
7430;0
7431;1
7432;0
7433;0
7434;0
7435;1
7436;0
7437;1
7438;2
7439;0
7440;0
7441;1
7442;2
7443;0
7444;1
7445;2
7446;1
7447;0
7448;0
7449;0
7450;0
7451;1
7452;1
7453;0
7454;0
7455;0
7456;0
7457;0
7458;1
7459;0
7460;0
7461;1
7462;0
7463;0
7464;2
7465;1
7466;3
7467;1
7468;0
7469;0
7470;0
7471;0
7472;0
7473;1
7474;0
7475;0
7476;0
7477;0
7478;1
7479;0
7480;0
7481;1
7482;0
7483;0
7484;1
7485;0
7486;1
7487;1
7488;0
7489;0
7490;2
7491;0
7492;1
7493;0
7494;2
7495;0
7496;0
7497;0
7498;0
7499;1
7500;0
7501;0
7502;0
7503;0
7504;1
7505;0
7506;1
7507;1
7508;0
7509;1
7510;0
7511;1
7512;0
7513;2
7514;1
7515;0
7516;0
7517;0
7518;1
7519;1
7520;1
7521;0
7522;0
7523;0
7524;3
7525;1
7526;1
7527;1
7528;0
7529;0
7530;0
7531;0
7532;0
7533;0
7534;0
7535;1
7536;1
7537;0
7538;0
7539;1
7540;0
7541;1
7542;1
7543;1
7544;1
7545;1
7546;1
7547;0
7548;0
7549;2
7550;3
7551;0
7552;0
7553;1
7554;0
7555;0
7556;1
7557;1
7558;0
7559;0
7560;0
7561;1
7562;0
7563;0
7564;1
7565;0
7566;1
7567;0
7568;0
7569;1
7570;0
7571;1
7572;0
7573;0
7574;0
7575;1
7576;1
7577;1
7578;0
7579;0
7580;0
7581;1
7582;0
7583;0
7584;0
7585;0
7586;1
7587;0
7588;1
7589;0
7590;0
7591;0
7592;0
7593;1
7594;1
7595;0
7596;0
7597;0
7598;0
7599;1
7600;0
7601;0
7602;0
7603;0
7604;0
7605;0
7606;0
7607;0
7608;0
7609;0
7610;2
7611;1
7612;1
7613;0
7614;2
7615;0
7616;1
7617;0
7618;1
7619;1
7620;0
7621;1
7622;1
7623;0
7624;1
7625;1
7626;0
7627;0
7628;0
7629;0
7630;0
7631;0
7632;0
7633;0
7634;0
7635;1
7636;1
7637;0
7638;0
7639;0
7640;0
7641;0
7642;1
7643;2
7644;0
7645;0
7646;1
7647;0
7648;1
7649;0
7650;0
7651;0
7652;1
7653;2
7654;1
7655;0
7656;0
7657;0
7658;2
7659;0
7660;0
7661;0
7662;0
7663;0
7664;1
7665;0
7666;1
7667;1
7668;0
7669;0
7670;0
7671;0
7672;1
7673;1
7674;0
7675;0
7676;2
7677;0
7678;0
7679;0
7680;1
7681;0
7682;0
7683;1
7684;1
7685;1
7686;2
7687;0
7688;1
7689;0
7690;0
7691;0
7692;0
7693;1
7694;0
7695;0
7696;0
7697;0
7698;0
7699;2
7700;0
7701;1
7702;0
7703;0
7704;1
7705;0
7706;0
7707;2
7708;0
7709;0
7710;0
7711;0
7712;1
7713;0
7714;1
7715;0
7716;0
7717;0
7718;1
7719;0
7720;0
7721;1
7722;0
7723;0
7724;0
7725;0
7726;1
7727;1
7728;0
7729;0
7730;0
7731;0
7732;0
7733;0
7734;0
7735;0
7736;0
7737;3
7738;1
7739;1
7740;0
7741;0
7742;0
7743;0
7744;0
7745;1
7746;1
7747;1
7748;0
7749;0
7750;0
7751;0
7752;0
7753;1
7754;0
7755;1
7756;0
7757;0
7758;0
7759;0
7760;0
7761;0
7762;1
7763;0
7764;1
7765;0
7766;0
7767;1
7768;1
7769;0
7770;1
7771;0
7772;0
7773;0
7774;0
7775;0
7776;0
7777;0
7778;0
7779;0
7780;0
7781;0
7782;0
7783;0
7784;0
7785;0
7786;1
7787;0
7788;0
7789;0
7790;0
7791;1
7792;1
7793;0
7794;0
7795;0
7796;0
7797;1
7798;0
7799;1
7800;0
7801;1
7802;0
7803;0
7804;1
7805;1
7806;1
7807;0
7808;0
7809;0
7810;0
7811;0
7812;0
7813;0
7814;0
7815;0
7816;0
7817;0
7818;1
7819;0
7820;1
7821;0
7822;0
7823;0
7824;0
7825;0
7826;0
7827;2
7828;1
7829;0
7830;0
7831;0
7832;0
7833;0
7834;0
7835;0
7836;1
7837;1
7838;0
7839;0
7840;0
7841;0
7842;0
7843;1
7844;0
7845;0
7846;0
7847;0
7848;0
7849;1
7850;0
7851;0
7852;0
7853;1
7854;0
7855;0
7856;1
7857;0
7858;0
7859;1
7860;0
7861;0
7862;0
7863;0
7864;0
7865;0
7866;0
7867;1
7868;0
7869;0
7870;0
7871;0
7872;0
7873;0
7874;1
7875;0
7876;0
7877;0
7878;1
7879;1
7880;0
7881;0
7882;1
7883;0
7884;0
7885;1
7886;1
7887;1
7888;1
7889;0
7890;1
7891;0
7892;1
7893;1
7894;0
7895;0
7896;0
7897;0
7898;0
7899;0
7900;0
7901;0
7902;1
7903;0
7904;0
7905;1
7906;0
7907;0
7908;1
7909;0
7910;0
7911;0
7912;0
7913;0
7914;2
7915;0
7916;0
7917;0
7918;0
7919;0
7920;0
7921;0
7922;0
7923;0
7924;1
7925;0
7926;1
7927;1
7928;0
7929;1
7930;0
7931;1
7932;1
7933;0
7934;0
7935;0
7936;0
7937;1
7938;0
7939;1
7940;1
7941;1
7942;0
7943;0
7944;1
7945;2
7946;1
7947;0
7948;0
7949;0
7950;0
7951;1
7952;0
7953;0
7954;0
7955;0
7956;1
7957;0
7958;0
7959;0
7960;1
7961;0
7962;0
7963;0
7964;0
7965;1
7966;0
7967;1
7968;0
7969;0
7970;0
7971;0
7972;0
7973;0
7974;0
7975;0
7976;0
7977;0
7978;0
7979;0
7980;0
7981;1
7982;0
7983;0
7984;0
7985;0
7986;0
7987;0
7988;0
7989;0
7990;0
7991;0
7992;0
7993;0
7994;0
7995;1
7996;1
7997;0
7998;0
7999;0
8000;1
8001;0
8002;0
8003;0
8004;0
8005;0
8006;0
8007;0
8008;0
8009;0
8010;0
8011;0
8012;1
8013;1
8014;0
8015;0
8016;0
8017;0
8018;0
8019;0
8020;0
8021;0
8022;0
8023;0
8024;0
8025;0
8026;0
8027;0
8028;0
8029;0
8030;0
8031;0
8032;0
8033;0
8034;0
8035;0
8036;0
8037;0
8038;0
8039;0
8040;0
8041;0
8042;0
8043;1
8044;0
8045;0
8046;1
8047;0
8048;0
8049;0
8050;0
8051;0
8052;0
8053;0
8054;0
8055;0
8056;0
8057;0
8058;0
8059;0
8060;0
8061;0
8062;0
8063;0
8064;0
8065;0
8066;0
8067;0
8068;0
8069;0
8070;0
8071;0
8072;0
8073;0
8074;0
8075;0
8076;0
8077;0
8078;0
8079;0
8080;0
8081;0
8082;0
8083;0
8084;0
8085;0
8086;0
8087;0
8088;0
8089;0
8090;0
8091;0
8092;0
8093;0
8094;0
8095;0
8096;0
8097;0
8098;0
8099;0
8100;0
8101;0
8102;0
8103;0
8104;0
8105;0
8106;0
8107;0
8108;0
8109;0
8110;0
8111;0
8112;0
8113;0
8114;0
8115;0
8116;0
8117;0
8118;0
8119;0
8120;0
8121;0
8122;0
8123;0
8124;0
8125;0
8126;0
8127;0
8128;0
8129;0
8130;0
8131;0
8132;0
8133;0
8134;0
8135;0
8136;0
8137;0
8138;0
8139;0
8140;0
8141;0
8142;0
8143;0
8144;0
8145;0
8146;0
8147;0
8148;0
8149;0
8150;0
8151;0
8152;0
8153;0
8154;0
8155;0
8156;0
8157;0
8158;0
8159;0
8160;0
8161;0
8162;0
8163;0
8164;0
8165;0
8166;0
8167;0
8168;0
8169;0
8170;0
8171;0
8172;0
8173;0
8174;0
8175;0
8176;0
8177;0
8178;0
8179;0
8180;0
8181;0
8182;0
8183;0
8184;0
8185;0
8186;0
8187;0
8188;0
8189;0
8190;0
8191;0
