0;0
1;0
2;0
3;0
4;0
5;0
6;0
7;0
8;0
9;0
10;0
11;0
12;0
13;0
14;0
15;0
16;0
17;0
18;0
19;0
20;0
21;0
22;0
23;0
24;0
25;0
26;0
27;0
28;0
29;0
30;0
31;0
32;0
33;0
34;1
35;0
36;0
37;0
38;0
39;0
40;0
41;0
42;0
43;0
44;0
45;0
46;0
47;0
48;0
49;0
50;0
51;0
52;0
53;0
54;0
55;0
56;0
57;0
58;0
59;0
60;0
61;0
62;0
63;0
64;0
65;0
66;0
67;0
68;0
69;0
70;0
71;0
72;0
73;0
74;0
75;0
76;0
77;0
78;0
79;0
80;0
81;0
82;0
83;0
84;0
85;0
86;0
87;0
88;0
89;0
90;0
91;0
92;0
93;0
94;0
95;0
96;0
97;0
98;0
99;0
100;0
101;0
102;0
103;0
104;0
105;0
106;0
107;0
108;0
109;0
110;0
111;0
112;0
113;0
114;0
115;0
116;0
117;0
118;0
119;0
120;0
121;0
122;0
123;0
124;0
125;0
126;0
127;0
128;0
129;0
130;0
131;0
132;0
133;0
134;0
135;0
136;0
137;0
138;0
139;0
140;0
141;0
142;0
143;0
144;1
145;0
146;0
147;0
148;0
149;0
150;0
151;0
152;0
153;0
154;0
155;0
156;0
157;0
158;0
159;0
160;0
161;0
162;0
163;0
164;0
165;0
166;0
167;0
168;0
169;0
170;0
171;0
172;1
173;0
174;0
175;0
176;0
177;0
178;0
179;0
180;0
181;0
182;0
183;0
184;0
185;0
186;0
187;0
188;0
189;0
190;0
191;0
192;0
193;0
194;0
195;0
196;0
197;0
198;0
199;0
200;0
201;0
202;0
203;0
204;0
205;0
206;0
207;0
208;0
209;0
210;0
211;0
212;0
213;0
214;0
215;0
216;0
217;0
218;0
219;0
220;0
221;0
222;0
223;0
224;0
225;0
226;0
227;0
228;0
229;0
230;0
231;0
232;0
233;0
234;0
235;0
236;0
237;0
238;0
239;0
240;0
241;2
242;0
243;0
244;0
245;0
246;0
247;0
248;0
249;0
250;0
251;0
252;0
253;0
254;0
255;0
256;0
257;0
258;0
259;0
260;0
261;0
262;0
263;0
264;0
265;0
266;0
267;0
268;0
269;0
270;0
271;0
272;1
273;0
274;0
275;0
276;0
277;0
278;0
279;0
280;0
281;0
282;0
283;0
284;0
285;0
286;0
287;0
288;0
289;0
290;0
291;0
292;0
293;0
294;0
295;0
296;0
297;0
298;0
299;0
300;0
301;0
302;0
303;0
304;0
305;0
306;0
307;0
308;0
309;0
310;0
311;0
312;0
313;0
314;0
315;0
316;0
317;0
318;0
319;0
320;0
321;0
322;0
323;0
324;1
325;0
326;0
327;0
328;0
329;0
330;0
331;0
332;0
333;0
334;0
335;0
336;0
337;0
338;0
339;0
340;0
341;0
342;0
343;0
344;0
345;0
346;0
347;1
348;0
349;0
350;0
351;0
352;1
353;0
354;0
355;0
356;0
357;2
358;0
359;0
360;0
361;0
362;1
363;0
364;0
365;0
366;2
367;0
368;0
369;1
370;0
371;1
372;0
373;0
374;1
375;0
376;0
377;1
378;0
379;0
380;0
381;0
382;0
383;0
384;1
385;0
386;1
387;0
388;1
389;1
390;0
391;0
392;1
393;2
394;0
395;0
396;3
397;2
398;2
399;1
400;0
401;1
402;1
403;5
404;1
405;4
406;3
407;2
408;5
409;1
410;0
411;5
412;1
413;3
414;9
415;3
416;3
417;4
418;2
419;8
420;2
421;1
422;3
423;4
424;7
425;7
426;7
427;7
428;5
429;13
430;9
431;7
432;7
433;7
434;11
435;15
436;8
437;11
438;8
439;6
440;16
441;13
442;13
443;11
444;17
445;19
446;14
447;17
448;22
449;17
450;31
451;15
452;18
453;28
454;14
455;24
456;27
457;19
458;24
459;23
460;29
461;27
462;19
463;30
464;23
465;32
466;31
467;25
468;28
469;28
470;32
471;39
472;37
473;48
474;30
475;28
476;38
477;32
478;37
479;37
480;33
481;35
482;39
483;36
484;44
485;36
486;43
487;33
488;37
489;35
490;47
491;47
492;37
493;51
494;39
495;41
496;31
497;38
498;47
499;34
500;43
501;42
502;32
503;42
504;32
505;44
506;38
507;31
508;43
509;37
510;35
511;27
512;40
513;33
514;38
515;47
516;28
517;39
518;33
519;36
520;37
521;47
522;47
523;38
524;47
525;38
526;39
527;30
528;37
529;42
530;47
531;35
532;32
533;35
534;36
535;45
536;28
537;46
538;33
539;51
540;35
541;41
542;43
543;39
544;37
545;35
546;33
547;49
548;38
549;36
550;34
551;26
552;30
553;33
554;32
555;30
556;34
557;26
558;39
559;27
560;28
561;24
562;29
563;32
564;30
565;29
566;23
567;26
568;24
569;30
570;29
571;23
572;26
573;24
574;24
575;19
576;32
577;22
578;14
579;23
580;20
581;28
582;26
583;19
584;24
585;22
586;11
587;27
588;22
589;22
590;18
591;18
592;13
593;22
594;21
595;13
596;22
597;23
598;16
599;21
600;17
601;24
602;21
603;17
604;13
605;13
606;14
607;19
608;30
609;16
610;14
611;22
612;18
613;20
614;16
615;15
616;21
617;17
618;14
619;19
620;25
621;22
622;17
623;23
624;17
625;24
626;19
627;21
628;27
629;17
630;26
631;22
632;26
633;28
634;23
635;26
636;18
637;17
638;19
639;35
640;30
641;29
642;24
643;25
644;37
645;32
646;24
647;24
648;22
649;25
650;31
651;29
652;33
653;30
654;36
655;21
656;30
657;24
658;33
659;31
660;26
661;28
662;35
663;30
664;31
665;19
666;34
667;33
668;38
669;35
670;41
671;37
672;43
673;37
674;38
675;34
676;43
677;33
678;41
679;48
680;37
681;37
682;45
683;35
684;44
685;52
686;37
687;54
688;33
689;50
690;55
691;55
692;40
693;41
694;45
695;60
696;42
697;50
698;54
699;54
700;54
701;48
702;51
703;46
704;55
705;50
706;53
707;64
708;51
709;64
710;62
711;63
712;62
713;48
714;63
715;64
716;68
717;58
718;53
719;51
720;60
721;80
722;57
723;72
724;63
725;62
726;58
727;52
728;73
729;63
730;61
731;72
732;73
733;70
734;58
735;66
736;66
737;46
738;78
739;67
740;51
741;61
742;53
743;67
744;66
745;67
746;75
747;82
748;79
749;74
750;74
751;77
752;89
753;72
754;66
755;78
756;72
757;63
758;61
759;77
760;73
761;66
762;83
763;66
764;65
765;93
766;66
767;69
768;93
769;84
770;79
771;64
772;65
773;74
774;70
775;81
776;72
777;73
778;78
779;59
780;72
781;90
782;68
783;87
784;78
785;81
786;59
787;73
788;88
789;85
790;71
791;75
792;73
793;84
794;82
795;76
796;80
797;70
798;68
799;63
800;66
801;83
802;70
803;78
804;72
805;63
806;78
807;73
808;70
809;85
810;75
811;72
812;49
813;54
814;67
815;78
816;55
817;62
818;82
819;49
820;63
821;77
822;69
823;74
824;70
825;53
826;69
827;71
828;61
829;50
830;56
831;79
832;82
833;63
834;67
835;73
836;51
837;56
838;42
839;66
840;59
841;56
842;64
843;59
844;53
845;64
846;67
847;53
848;63
849;60
850;56
851;43
852;66
853;49
854;64
855;50
856;48
857;57
858;49
859;53
860;58
861;79
862;44
863;60
864;53
865;59
866;60
867;72
868;56
869;69
870;66
871;73
872;66
873;60
874;66
875;50
876;66
877;66
878;86
879;50
880;73
881;67
882;74
883;59
884;63
885;64
886;70
887;76
888;78
889;59
890;85
891;71
892;83
893;74
894;76
895;64
896;97
897;84
898;71
899;74
900;79
901;81
902;72
903;70
904;88
905;83
906;85
907;76
908;77
909;85
910;69
911;83
912;95
913;95
914;92
915;81
916;83
917;93
918;74
919;72
920;99
921;97
922;91
923;105
924;99
925;77
926;95
927;91
928;96
929;95
930;94
931;99
932;88
933;95
934;96
935;100
936;107
937;94
938;99
939;87
940;82
941;85
942;88
943;109
944;102
945;94
946;76
947;95
948;101
949;82
950;88
951;81
952;104
953;103
954;90
955;81
956;89
957;95
958;101
959;80
960;95
961;99
962;84
963;81
964;95
965;72
966;117
967;81
968;88
969;110
970;96
971;88
972;91
973;88
974;94
975;92
976;83
977;80
978;88
979;75
980;90
981;70
982;80
983;76
984;88
985;87
986;92
987;80
988;82
989;72
990;100
991;79
992;79
993;87
994;68
995;69
996;100
997;72
998;87
999;83
1000;91
1001;92
1002;78
1003;79
1004;82
1005;76
1006;81
1007;67
1008;79
1009;86
1010;74
1011;62
1012;83
1013;92
1014;83
1015;72
1016;73
1017;83
1018;84
1019;81
1020;94
1021;77
1022;64
1023;86
1024;68
1025;85
1026;69
1027;77
1028;68
1029;82
1030;77
1031;72
1032;81
1033;68
1034;88
1035;79
1036;92
1037;71
1038;71
1039;61
1040;78
1041;84
1042;78
1043;86
1044;85
1045;92
1046;110
1047;90
1048;79
1049;88
1050;94
1051;95
1052;90
1053;99
1054;91
1055;78
1056;91
1057;89
1058;87
1059;101
1060;92
1061;110
1062;110
1063;100
1064;86
1065;101
1066;114
1067;97
1068;125
1069;82
1070;126
1071;110
1072;126
1073;118
1074;123
1075;103
1076;110
1077;117
1078;127
1079;108
1080;121
1081;106
1082;114
1083;121
1084;128
1085;127
1086;147
1087;136
1088;154
1089;120
1090;152
1091;126
1092;162
1093;165
1094;148
1095;153
1096;144
1097;150
1098;163
1099;168
1100;164
1101;182
1102;155
1103;193
1104;177
1105;202
1106;203
1107;195
1108;176
1109;201
1110;201
1111;201
1112;230
1113;204
1114;208
1115;218
1116;205
1117;207
1118;219
1119;213
1120;249
1121;222
1122;258
1123;264
1124;261
1125;244
1126;260
1127;266
1128;289
1129;262
1130;280
1131;283
1132;281
1133;256
1134;283
1135;281
1136;307
1137;331
1138;307
1139;320
1140;306
1141;343
1142;330
1143;328
1144;309
1145;380
1146;365
1147;365
1148;377
1149;359
1150;347
1151;384
1152;405
1153;361
1154;375
1155;353
1156;376
1157;351
1158;398
1159;407
1160;411
1161;422
1162;434
1163;436
1164;441
1165;442
1166;412
1167;461
1168;427
1169;448
1170;432
1171;420
1172;433
1173;464
1174;478
1175;465
1176;438
1177;470
1178;440
1179;454
1180;440
1181;481
1182;478
1183;480
1184;449
1185;466
1186;459
1187;449
1188;466
1189;474
1190;444
1191;449
1192;491
1193;485
1194;478
1195;516
1196;455
1197;464
1198;444
1199;484
1200;434
1201;442
1202;421
1203;405
1204;427
1205;465
1206;445
1207;415
1208;437
1209;419
1210;426
1211;422
1212;416
1213;430
1214;421
1215;416
1216;397
1217;434
1218;397
1219;418
1220;393
1221;355
1222;392
1223;337
1224;381
1225;390
1226;346
1227;390
1228;360
1229;370
1230;318
1231;350
1232;344
1233;294
1234;327
1235;294
1236;302
1237;293
1238;297
1239;295
1240;275
1241;292
1242;301
1243;315
1244;271
1245;253
1246;269
1247;219
1248;248
1249;258
1250;221
1251;222
1252;237
1253;213
1254;224
1255;224
1256;227
1257;205
1258;194
1259;178
1260;177
1261;185
1262;193
1263;173
1264;171
1265;155
1266;161
1267;158
1268;181
1269;186
1270;142
1271;146
1272;131
1273;134
1274;119
1275;127
1276;129
1277;128
1278;122
1279;112
1280;108
1281;122
1282;114
1283;105
1284;100
1285;101
1286;91
1287;93
1288;86
1289;81
1290;99
1291;89
1292;89
1293;83
1294;82
1295;76
1296;68
1297;86
1298;62
1299;62
1300;66
1301;70
1302;73
1303;67
1304;48
1305;54
1306;61
1307;61
1308;57
1309;54
1310;58
1311;66
1312;54
1313;55
1314;51
1315;58
1316;35
1317;37
1318;50
1319;44
1320;48
1321;50
1322;32
1323;44
1324;39
1325;47
1326;39
1327;33
1328;46
1329;42
1330;37
1331;42
1332;44
1333;48
1334;33
1335;28
1336;29
1337;21
1338;30
1339;27
1340;32
1341;26
1342;37
1343;27
1344;41
1345;31
1346;32
1347;17
1348;31
1349;27
1350;30
1351;21
1352;25
1353;29
1354;30
1355;35
1356;26
1357;31
1358;27
1359;35
1360;25
1361;33
1362;30
1363;29
1364;46
1365;25
1366;18
1367;39
1368;31
1369;25
1370;24
1371;31
1372;39
1373;23
1374;37
1375;20
1376;31
1377;21
1378;34
1379;22
1380;22
1381;23
1382;29
1383;24
1384;31
1385;32
1386;26
1387;30
1388;28
1389;19
1390;28
1391;31
1392;34
1393;26
1394;35
1395;30
1396;28
1397;24
1398;34
1399;25
1400;29
1401;28
1402;31
1403;24
1404;19
1405;25
1406;27
1407;23
1408;25
1409;34
1410;22
1411;34
1412;14
1413;25
1414;45
1415;34
1416;21
1417;30
1418;30
1419;30
1420;31
1421;33
1422;34
1423;36
1424;24
1425;19
1426;29
1427;30
1428;28
1429;24
1430;32
1431;27
1432;27
1433;34
1434;33
1435;30
1436;16
1437;22
1438;29
1439;29
1440;23
1441;34
1442;24
1443;25
1444;32
1445;26
1446;28
1447;26
1448;34
1449;35
1450;28
1451;26
1452;27
1453;43
1454;27
1455;25
1456;32
1457;25
1458;27
1459;25
1460;26
1461;36
1462;34
1463;28
1464;31
1465;24
1466;26
1467;35
1468;32
1469;28
1470;22
1471;30
1472;37
1473;34
1474;27
1475;23
1476;23
1477;26
1478;34
1479;36
1480;30
1481;31
1482;26
1483;28
1484;17
1485;39
1486;30
1487;36
1488;32
1489;29
1490;33
1491;30
1492;39
1493;33
1494;25
1495;25
1496;19
1497;27
1498;26
1499;27
1500;32
1501;28
1502;34
1503;32
1504;30
1505;27
1506;33
1507;21
1508;24
1509;23
1510;42
1511;28
1512;32
1513;37
1514;30
1515;27
1516;24
1517;31
1518;39
1519;39
1520;32
1521;35
1522;35
1523;39
1524;21
1525;33
1526;37
1527;29
1528;27
1529;32
1530;31
1531;44
1532;40
1533;31
1534;31
1535;28
1536;38
1537;33
1538;38
1539;37
1540;36
1541;39
1542;43
1543;33
1544;29
1545;25
1546;40
1547;45
1548;31
1549;42
1550;35
1551;33
1552;44
1553;38
1554;39
1555;47
1556;39
1557;33
1558;40
1559;33
1560;42
1561;40
1562;43
1563;34
1564;34
1565;44
1566;41
1567;42
1568;43
1569;41
1570;33
1571;32
1572;35
1573;38
1574;41
1575;42
1576;40
1577;38
1578;37
1579;41
1580;43
1581;36
1582;43
1583;40
1584;35
1585;47
1586;59
1587;49
1588;39
1589;55
1590;42
1591;40
1592;51
1593;44
1594;47
1595;45
1596;54
1597;56
1598;49
1599;47
1600;43
1601;51
1602;60
1603;49
1604;49
1605;52
1606;49
1607;41
1608;65
1609;68
1610;56
1611;50
1612;59
1613;55
1614;81
1615;58
1616;51
1617;47
1618;60
1619;54
1620;60
1621;56
1622;67
1623;55
1624;57
1625;61
1626;49
1627;69
1628;62
1629;50
1630;65
1631;55
1632;57
1633;63
1634;48
1635;58
1636;48
1637;54
1638;60
1639;59
1640;55
1641;48
1642;62
1643;55
1644;57
1645;55
1646;73
1647;60
1648;57
1649;62
1650;63
1651;53
1652;58
1653;71
1654;77
1655;72
1656;62
1657;64
1658;56
1659;63
1660;52
1661;67
1662;58
1663;55
1664;59
1665;61
1666;77
1667;61
1668;56
1669;69
1670;52
1671;51
1672;64
1673;69
1674;68
1675;57
1676;66
1677;72
1678;60
1679;55
1680;61
1681;55
1682;52
1683;38
1684;59
1685;44
1686;67
1687;57
1688;52
1689;49
1690;64
1691;60
1692;58
1693;64
1694;47
1695;52
1696;54
1697;67
1698;43
1699;61
1700;46
1701;48
1702;48
1703;60
1704;60
1705;56
1706;65
1707;51
1708;50
1709;50
1710;53
1711;49
1712;51
1713;65
1714;50
1715;45
1716;44
1717;48
1718;48
1719;48
1720;50
1721;51
1722;45
1723;51
1724;44
1725;46
1726;46
1727;46
1728;64
1729;51
1730;48
1731;39
1732;41
1733;36
1734;54
1735;41
1736;30
1737;36
1738;33
1739;57
1740;45
1741;56
1742;61
1743;34
1744;29
1745;36
1746;50
1747;42
1748;33
1749;41
1750;36
1751;41
1752;51
1753;50
1754;35
1755;38
1756;27
1757;42
1758;28
1759;33
1760;38
1761;42
1762;36
1763;50
1764;31
1765;30
1766;31
1767;23
1768;36
1769;38
1770;41
1771;32
1772;31
1773;31
1774;38
1775;27
1776;29
1777;34
1778;37
1779;38
1780;23
1781;36
1782;22
1783;36
1784;36
1785;31
1786;34
1787;29
1788;26
1789;37
1790;33
1791;26
1792;33
1793;36
1794;37
1795;36
1796;40
1797;27
1798;29
1799;28
1800;32
1801;24
1802;40
1803;33
1804;29
1805;26
1806;33
1807;27
1808;24
1809;31
1810;26
1811;30
1812;19
1813;25
1814;29
1815;25
1816;30
1817;32
1818;24
1819;22
1820;22
1821;30
1822;28
1823;24
1824;38
1825;23
1826;38
1827;22
1828;36
1829;25
1830;27
1831;24
1832;28
1833;19
1834;25
1835;22
1836;35
1837;23
1838;25
1839;27
1840;25
1841;20
1842;48
1843;38
1844;28
1845;23
1846;34
1847;31
1848;29
1849;19
1850;22
1851;36
1852;27
1853;37
1854;36
1855;29
1856;28
1857;26
1858;26
1859;23
1860;36
1861;25
1862;34
1863;24
1864;30
1865;24
1866;27
1867;28
1868;30
1869;20
1870;27
1871;26
1872;36
1873;33
1874;28
1875;27
1876;36
1877;30
1878;28
1879;27
1880;29
1881;31
1882;34
1883;25
1884;33
1885;41
1886;48
1887;12
1888;17
1889;29
1890;41
1891;23
1892;24
1893;23
1894;39
1895;36
1896;17
1897;25
1898;26
1899;21
1900;23
1901;27
1902;31
1903;29
1904;34
1905;24
1906;35
1907;24
1908;30
1909;23
1910;30
1911;33
1912;20
1913;32
1914;24
1915;26
1916;24
1917;20
1918;25
1919;30
1920;24
1921;23
1922;33
1923;35
1924;24
1925;32
1926;23
1927;28
1928;26
1929;31
1930;40
1931;30
1932;29
1933;25
1934;32
1935;24
1936;27
1937;36
1938;28
1939;28
1940;32
1941;28
1942;21
1943;31
1944;24
1945;35
1946;37
1947;30
1948;33
1949;33
1950;28
1951;36
1952;27
1953;30
1954;41
1955;23
1956;30
1957;39
1958;27
1959;36
1960;27
1961;37
1962;29
1963;29
1964;33
1965;29
1966;36
1967;39
1968;36
1969;30
1970;33
1971;32
1972;36
1973;26
1974;33
1975;43
1976;30
1977;31
1978;28
1979;35
1980;37
1981;38
1982;43
1983;31
1984;36
1985;44
1986;38
1987;34
1988;37
1989;37
1990;34
1991;30
1992;33
1993;37
1994;40
1995;36
1996;28
1997;38
1998;38
1999;43
2000;34
2001;28
2002;33
2003;36
2004;34
2005;34
2006;18
2007;52
2008;34
2009;32
2010;44
2011;38
2012;30
2013;31
2014;33
2015;41
2016;29
2017;32
2018;28
2019;43
2020;41
2021;44
2022;34
2023;27
2024;42
2025;39
2026;33
2027;39
2028;32
2029;37
2030;39
2031;40
2032;37
2033;42
2034;46
2035;39
2036;38
2037;31
2038;41
2039;51
2040;36
2041;38
2042;39
2043;41
2044;32
2045;54
2046;32
2047;35
2048;39
2049;34
2050;38
2051;40
2052;54
2053;34
2054;42
2055;37
2056;41
2057;34
2058;43
2059;38
2060;43
2061;37
2062;42
2063;43
2064;24
2065;38
2066;37
2067;40
2068;47
2069;40
2070;44
2071;49
2072;38
2073;31
2074;31
2075;45
2076;41
2077;33
2078;46
2079;43
2080;50
2081;48
2082;55
2083;29
2084;49
2085;31
2086;39
2087;38
2088;33
2089;47
2090;42
2091;35
2092;46
2093;49
2094;43
2095;23
2096;46
2097;36
2098;43
2099;39
2100;54
2101;40
2102;55
2103;51
2104;60
2105;42
2106;36
2107;39
2108;43
2109;37
2110;44
2111;54
2112;60
2113;40
2114;42
2115;39
2116;40
2117;51
2118;52
2119;34
2120;50
2121;45
2122;38
2123;46
2124;44
2125;41
2126;35
2127;45
2128;39
2129;38
2130;43
2131;51
2132;54
2133;44
2134;39
2135;44
2136;44
2137;39
2138;39
2139;39
2140;50
2141;36
2142;40
2143;38
2144;40
2145;34
2146;34
2147;41
2148;39
2149;45
2150;57
2151;41
2152;44
2153;45
2154;42
2155;36
2156;43
2157;48
2158;45
2159;36
2160;44
2161;40
2162;47
2163;50
2164;43
2165;49
2166;45
2167;49
2168;46
2169;51
2170;36
2171;53
2172;31
2173;44
2174;52
2175;44
2176;49
2177;44
2178;39
2179;46
2180;39
2181;50
2182;39
2183;29
2184;53
2185;37
2186;44
2187;36
2188;46
2189;42
2190;47
2191;42
2192;50
2193;45
2194;38
2195;45
2196;43
2197;50
2198;42
2199;44
2200;50
2201;46
2202;41
2203;50
2204;44
2205;43
2206;41
2207;44
2208;46
2209;34
2210;40
2211;37
2212;37
2213;34
2214;40
2215;35
2216;34
2217;42
2218;46
2219;32
2220;47
2221;47
2222;37
2223;44
2224;35
2225;47
2226;50
2227;49
2228;44
2229;34
2230;45
2231;44
2232;44
2233;44
2234;37
2235;50
2236;43
2237;43
2238;33
2239;37
2240;34
2241;39
2242;50
2243;59
2244;30
2245;40
2246;49
2247;46
2248;35
2249;36
2250;42
2251;41
2252;50
2253;43
2254;48
2255;44
2256;38
2257;41
2258;40
2259;45
2260;41
2261;40
2262;43
2263;46
2264;48
2265;48
2266;55
2267;37
2268;37
2269;42
2270;30
2271;58
2272;39
2273;44
2274;44
2275;31
2276;36
2277;30
2278;43
2279;42
2280;31
2281;45
2282;34
2283;44
2284;40
2285;49
2286;45
2287;33
2288;44
2289;42
2290;28
2291;34
2292;53
2293;41
2294;40
2295;50
2296;44
2297;40
2298;41
2299;39
2300;45
2301;43
2302;46
2303;39
2304;40
2305;37
2306;36
2307;41
2308;38
2309;37
2310;35
2311;45
2312;44
2313;32
2314;40
2315;36
2316;41
2317;37
2318;33
2319;33
2320;41
2321;30
2322;43
2323;35
2324;42
2325;47
2326;37
2327;38
2328;27
2329;38
2330;37
2331;24
2332;43
2333;31
2334;34
2335;43
2336;32
2337;38
2338;41
2339;40
2340;27
2341;44
2342;41
2343;36
2344;40
2345;26
2346;27
2347;29
2348;34
2349;39
2350;41
2351;33
2352;36
2353;40
2354;47
2355;36
2356;35
2357;35
2358;33
2359;49
2360;47
2361;26
2362;32
2363;36
2364;39
2365;39
2366;41
2367;34
2368;37
2369;33
2370;34
2371;35
2372;39
2373;34
2374;38
2375;30
2376;28
2377;27
2378;30
2379;26
2380;43
2381;25
2382;36
2383;35
2384;32
2385;37
2386;41
2387;32
2388;30
2389;36
2390;35
2391;37
2392;32
2393;35
2394;28
2395;31
2396;33
2397;32
2398;33
2399;31
2400;50
2401;32
2402;44
2403;31
2404;31
2405;27
2406;31
2407;32
2408;38
2409;39
2410;33
2411;31
2412;36
2413;26
2414;35
2415;25
2416;35
2417;40
2418;29
2419;44
2420;26
2421;38
2422;36
2423;29
2424;41
2425;36
2426;22
2427;28
2428;36
2429;26
2430;33
2431;36
2432;30
2433;28
2434;36
2435;35
2436;28
2437;33
2438;32
2439;39
2440;42
2441;27
2442;23
2443;26
2444;20
2445;35
2446;32
2447;30
2448;26
2449;29
2450;33
2451;43
2452;36
2453;31
2454;28
2455;28
2456;43
2457;34
2458;44
2459;28
2460;26
2461;38
2462;34
2463;28
2464;31
2465;30
2466;31
2467;37
2468;23
2469;30
2470;30
2471;25
2472;33
2473;28
2474;25
2475;25
2476;30
2477;29
2478;35
2479;33
2480;30
2481;34
2482;35
2483;28
2484;31
2485;31
2486;24
2487;22
2488;21
2489;34
2490;34
2491;27
2492;34
2493;35
2494;26
2495;37
2496;38
2497;21
2498;24
2499;37
2500;31
2501;28
2502;30
2503;29
2504;31
2505;23
2506;23
2507;28
2508;28
2509;39
2510;23
2511;34
2512;18
2513;32
2514;23
2515;33
2516;23
2517;39
2518;26
2519;23
2520;23
2521;32
2522;25
2523;29
2524;34
2525;28
2526;27
2527;35
2528;33
2529;28
2530;23
2531;26
2532;40
2533;34
2534;26
2535;33
2536;26
2537;28
2538;33
2539;28
2540;23
2541;32
2542;36
2543;32
2544;35
2545;27
2546;28
2547;30
2548;19
2549;29
2550;30
2551;31
2552;26
2553;28
2554;24
2555;35
2556;26
2557;29
2558;26
2559;22
2560;24
2561;32
2562;35
2563;20
2564;36
2565;36
2566;25
2567;32
2568;31
2569;27
2570;29
2571;29
2572;27
2573;31
2574;26
2575;19
2576;27
2577;30
2578;24
2579;34
2580;22
2581;23
2582;25
2583;29
2584;24
2585;21
2586;28
2587;21
2588;31
2589;32
2590;27
2591;28
2592;27
2593;29
2594;17
2595;28
2596;27
2597;22
2598;24
2599;24
2600;23
2601;27
2602;26
2603;21
2604;31
2605;41
2606;24
2607;29
2608;35
2609;32
2610;26
2611;23
2612;23
2613;29
2614;26
2615;29
2616;26
2617;20
2618;28
2619;17
2620;28
2621;18
2622;22
2623;27
2624;31
2625;31
2626;25
2627;20
2628;25
2629;36
2630;24
2631;23
2632;24
2633;26
2634;26
2635;22
2636;19
2637;34
2638;25
2639;15
2640;30
2641;29
2642;29
2643;30
2644;18
2645;20
2646;24
2647;42
2648;26
2649;22
2650;26
2651;18
2652;29
2653;26
2654;28
2655;29
2656;35
2657;19
2658;25
2659;23
2660;29
2661;23
2662;17
2663;25
2664;29
2665;16
2666;24
2667;18
2668;23
2669;21
2670;25
2671;34
2672;26
2673;20
2674;26
2675;32
2676;20
2677;24
2678;29
2679;29
2680;21
2681;24
2682;25
2683;21
2684;26
2685;29
2686;28
2687;23
2688;22
2689;27
2690;28
2691;31
2692;33
2693;21
2694;24
2695;22
2696;25
2697;27
2698;21
2699;16
2700;18
2701;22
2702;20
2703;24
2704;25
2705;19
2706;35
2707;24
2708;23
2709;17
2710;24
2711;27
2712;31
2713;30
2714;17
2715;26
2716;28
2717;23
2718;27
2719;28
2720;25
2721;16
2722;22
2723;23
2724;27
2725;17
2726;23
2727;18
2728;28
2729;25
2730;31
2731;25
2732;22
2733;27
2734;22
2735;16
2736;33
2737;23
2738;18
2739;18
2740;23
2741;18
2742;20
2743;25
2744;24
2745;21
2746;22
2747;24
2748;37
2749;27
2750;34
2751;25
2752;15
2753;22
2754;25
2755;23
2756;20
2757;15
2758;27
2759;13
2760;27
2761;23
2762;24
2763;25
2764;24
2765;22
2766;22
2767;26
2768;26
2769;28
2770;20
2771;23
2772;18
2773;29
2774;20
2775;25
2776;29
2777;14
2778;18
2779;20
2780;27
2781;15
2782;18
2783;22
2784;31
2785;25
2786;18
2787;16
2788;27
2789;21
2790;26
2791;20
2792;25
2793;20
2794;20
2795;28
2796;26
2797;20
2798;17
2799;25
2800;28
2801;19
2802;12
2803;9
2804;29
2805;23
2806;19
2807;23
2808;27
2809;21
2810;25
2811;24
2812;25
2813;18
2814;18
2815;19
2816;19
2817;12
2818;12
2819;15
2820;29
2821;23
2822;16
2823;18
2824;24
2825;18
2826;20
2827;27
2828;20
2829;27
2830;15
2831;23
2832;25
2833;21
2834;23
2835;23
2836;10
2837;29
2838;18
2839;19
2840;28
2841;14
2842;23
2843;16
2844;17
2845;19
2846;28
2847;16
2848;20
2849;22
2850;16
2851;15
2852;24
2853;18
2854;28
2855;20
2856;22
2857;24
2858;17
2859;18
2860;16
2861;21
2862;14
2863;20
2864;16
2865;16
2866;22
2867;14
2868;21
2869;21
2870;15
2871;30
2872;21
2873;16
2874;19
2875;22
2876;18
2877;32
2878;14
2879;33
2880;20
2881;14
2882;21
2883;16
2884;18
2885;20
2886;20
2887;25
2888;15
2889;19
2890;16
2891;18
2892;23
2893;20
2894;23
2895;20
2896;25
2897;18
2898;20
2899;11
2900;14
2901;15
2902;26
2903;18
2904;17
2905;28
2906;14
2907;20
2908;21
2909;16
2910;24
2911;24
2912;21
2913;18
2914;22
2915;20
2916;17
2917;21
2918;21
2919;17
2920;15
2921;19
2922;17
2923;14
2924;24
2925;14
2926;17
2927;12
2928;23
2929;10
2930;16
2931;22
2932;25
2933;21
2934;14
2935;14
2936;30
2937;19
2938;13
2939;21
2940;14
2941;17
2942;15
2943;14
2944;15
2945;9
2946;11
2947;13
2948;16
2949;18
2950;13
2951;15
2952;20
2953;16
2954;14
2955;25
2956;20
2957;12
2958;21
2959;22
2960;16
2961;24
2962;19
2963;20
2964;18
2965;14
2966;23
2967;18
2968;14
2969;20
2970;24
2971;20
2972;16
2973;20
2974;25
2975;14
2976;12
2977;23
2978;17
2979;12
2980;11
2981;19
2982;17
2983;17
2984;10
2985;22
2986;18
2987;17
2988;13
2989;19
2990;19
2991;15
2992;13
2993;18
2994;28
2995;21
2996;22
2997;13
2998;14
2999;19
3000;20
3001;14
3002;18
3003;15
3004;19
3005;16
3006;10
3007;25
3008;20
3009;18
3010;15
3011;17
3012;14
3013;18
3014;18
3015;25
3016;14
3017;9
3018;28
3019;21
3020;17
3021;20
3022;14
3023;20
3024;20
3025;16
3026;11
3027;20
3028;21
3029;9
3030;18
3031;16
3032;18
3033;11
3034;13
3035;21
3036;14
3037;22
3038;18
3039;21
3040;18
3041;12
3042;17
3043;15
3044;21
3045;13
3046;17
3047;12
3048;17
3049;27
3050;18
3051;24
3052;15
3053;18
3054;14
3055;14
3056;17
3057;22
3058;15
3059;14
3060;17
3061;24
3062;20
3063;23
3064;15
3065;21
3066;22
3067;13
3068;18
3069;15
3070;22
3071;18
3072;20
3073;7
3074;14
3075;9
3076;19
3077;10
3078;15
3079;24
3080;19
3081;20
3082;12
3083;12
3084;13
3085;26
3086;18
3087;15
3088;22
3089;16
3090;16
3091;22
3092;20
3093;17
3094;16
3095;9
3096;14
3097;19
3098;15
3099;15
3100;15
3101;17
3102;22
3103;9
3104;22
3105;21
3106;13
3107;13
3108;20
3109;15
3110;17
3111;21
3112;16
3113;15
3114;18
3115;13
3116;11
3117;13
3118;15
3119;13
3120;15
3121;13
3122;10
3123;13
3124;12
3125;17
3126;15
3127;20
3128;12
3129;14
3130;12
3131;14
3132;17
3133;17
3134;23
3135;10
3136;11
3137;16
3138;14
3139;17
3140;11
3141;10
3142;15
3143;13
3144;16
3145;12
3146;14
3147;14
3148;13
3149;11
3150;18
3151;18
3152;18
3153;13
3154;21
3155;10
3156;16
3157;16
3158;14
3159;17
3160;13
3161;10
3162;10
3163;13
3164;13
3165;12
3166;10
3167;19
3168;16
3169;12
3170;24
3171;16
3172;20
3173;20
3174;15
3175;11
3176;14
3177;9
3178;12
3179;10
3180;13
3181;19
3182;17
3183;17
3184;17
3185;13
3186;19
3187;11
3188;13
3189;13
3190;11
3191;14
3192;13
3193;15
3194;17
3195;10
3196;17
3197;10
3198;15
3199;10
3200;15
3201;9
3202;16
3203;19
3204;9
3205;14
3206;25
3207;10
3208;13
3209;16
3210;17
3211;13
3212;9
3213;11
3214;17
3215;15
3216;15
3217;18
3218;17
3219;16
3220;10
3221;9
3222;12
3223;15
3224;9
3225;13
3226;12
3227;11
3228;14
3229;11
3230;14
3231;12
3232;16
3233;17
3234;7
3235;20
3236;12
3237;12
3238;20
3239;18
3240;15
3241;17
3242;17
3243;9
3244;9
3245;9
3246;14
3247;16
3248;14
3249;15
3250;16
3251;14
3252;16
3253;15
3254;11
3255;14
3256;21
3257;8
3258;14
3259;13
3260;15
3261;17
3262;11
3263;12
3264;10
3265;13
3266;12
3267;13
3268;9
3269;11
3270;13
3271;18
3272;14
3273;12
3274;10
3275;16
3276;11
3277;16
3278;7
3279;19
3280;13
3281;14
3282;10
3283;11
3284;14
3285;6
3286;11
3287;14
3288;15
3289;15
3290;13
3291;15
3292;15
3293;17
3294;11
3295;12
3296;15
3297;13
3298;19
3299;13
3300;12
3301;14
3302;12
3303;15
3304;15
3305;17
3306;9
3307;20
3308;15
3309;18
3310;13
3311;14
3312;17
3313;6
3314;8
3315;7
3316;19
3317;10
3318;18
3319;18
3320;15
3321;14
3322;10
3323;15
3324;7
3325;14
3326;11
3327;19
3328;9
3329;17
3330;16
3331;22
3332;10
3333;12
3334;12
3335;11
3336;15
3337;14
3338;14
3339;15
3340;8
3341;11
3342;12
3343;15
3344;16
3345;12
3346;11
3347;15
3348;15
3349;8
3350;9
3351;15
3352;17
3353;16
3354;17
3355;11
3356;16
3357;14
3358;19
3359;13
3360;11
3361;8
3362;10
3363;14
3364;16
3365;14
3366;6
3367;15
3368;11
3369;9
3370;14
3371;13
3372;15
3373;15
3374;13
3375;9
3376;12
3377;11
3378;12
3379;9
3380;8
3381;16
3382;11
3383;12
3384;17
3385;11
3386;14
3387;15
3388;10
3389;15
3390;15
3391;17
3392;14
3393;9
3394;15
3395;13
3396;14
3397;10
3398;14
3399;14
3400;13
3401;12
3402;10
3403;12
3404;13
3405;17
3406;15
3407;16
3408;15
3409;12
3410;14
3411;8
3412;15
3413;16
3414;14
3415;11
3416;7
3417;18
3418;14
3419;14
3420;18
3421;10
3422;21
3423;14
3424;12
3425;10
3426;22
3427;14
3428;5
3429;12
3430;4
3431;15
3432;11
3433;13
3434;22
3435;9
3436;12
3437;7
3438;13
3439;14
3440;18
3441;14
3442;11
3443;13
3444;9
3445;12
3446;11
3447;13
3448;17
3449;19
3450;18
3451;15
3452;16
3453;12
3454;9
3455;12
3456;21
3457;13
3458;18
3459;18
3460;14
3461;17
3462;24
3463;12
3464;17
3465;14
3466;17
3467;16
3468;9
3469;16
3470;9
3471;18
3472;17
3473;16
3474;18
3475;12
3476;8
3477;19
3478;19
3479;18
3480;16
3481;18
3482;15
3483;23
3484;12
3485;21
3486;14
3487;15
3488;15
3489;11
3490;13
3491;16
3492;19
3493;15
3494;16
3495;21
3496;8
3497;11
3498;13
3499;15
3500;14
3501;20
3502;8
3503;15
3504;10
3505;14
3506;17
3507;21
3508;11
3509;14
3510;18
3511;18
3512;16
3513;16
3514;15
3515;14
3516;15
3517;17
3518;17
3519;19
3520;20
3521;16
3522;18
3523;15
3524;21
3525;20
3526;14
3527;21
3528;15
3529;17
3530;13
3531;25
3532;25
3533;16
3534;12
3535;20
3536;14
3537;12
3538;21
3539;22
3540;11
3541;31
3542;28
3543;17
3544;21
3545;14
3546;20
3547;14
3548;20
3549;13
3550;11
3551;19
3552;12
3553;22
3554;14
3555;26
3556;24
3557;15
3558;38
3559;23
3560;24
3561;17
3562;24
3563;18
3564;24
3565;15
3566;19
3567;23
3568;19
3569;24
3570;16
3571;21
3572;19
3573;17
3574;18
3575;27
3576;20
3577;36
3578;25
3579;24
3580;22
3581;22
3582;23
3583;19
3584;19
3585;22
3586;20
3587;26
3588;20
3589;14
3590;16
3591;21
3592;28
3593;22
3594;32
3595;34
3596;28
3597;26
3598;16
3599;27
3600;22
3601;21
3602;18
3603;23
3604;23
3605;25
3606;26
3607;26
3608;18
3609;31
3610;26
3611;32
3612;37
3613;25
3614;32
3615;16
3616;29
3617;24
3618;21
3619;23
3620;18
3621;27
3622;23
3623;17
3624;26
3625;23
3626;25
3627;37
3628;24
3629;23
3630;30
3631;25
3632;25
3633;20
3634;20
3635;26
3636;25
3637;25
3638;24
3639;32
3640;34
3641;26
3642;24
3643;30
3644;25
3645;31
3646;24
3647;27
3648;32
3649;25
3650;32
3651;23
3652;22
3653;27
3654;19
3655;29
3656;29
3657;34
3658;35
3659;33
3660;28
3661;29
3662;25
3663;32
3664;26
3665;26
3666;33
3667;22
3668;27
3669;29
3670;28
3671;26
3672;43
3673;36
3674;24
3675;28
3676;28
3677;30
3678;28
3679;26
3680;28
3681;26
3682;24
3683;20
3684;34
3685;23
3686;31
3687;35
3688;26
3689;36
3690;20
3691;27
3692;31
3693;25
3694;31
3695;27
3696;29
3697;29
3698;25
3699;29
3700;31
3701;37
3702;35
3703;34
3704;20
3705;37
3706;32
3707;34
3708;26
3709;33
3710;29
3711;23
3712;40
3713;25
3714;31
3715;39
3716;34
3717;32
3718;27
3719;34
3720;30
3721;34
3722;32
3723;30
3724;30
3725;23
3726;28
3727;39
3728;39
3729;29
3730;33
3731;34
3732;32
3733;31
3734;36
3735;27
3736;32
3737;30
3738;22
3739;32
3740;35
3741;31
3742;36
3743;26
3744;35
3745;28
3746;30
3747;33
3748;48
3749;26
3750;29
3751;34
3752;31
3753;31
3754;45
3755;36
3756;26
3757;33
3758;36
3759;24
3760;32
3761;39
3762;31
3763;19
3764;27
3765;42
3766;25
3767;39
3768;35
3769;31
3770;34
3771;35
3772;40
3773;34
3774;36
3775;35
3776;31
3777;41
3778;29
3779;33
3780;30
3781;27
3782;26
3783;36
3784;33
3785;26
3786;28
3787;29
3788;33
3789;30
3790;32
3791;42
3792;40
3793;44
3794;34
3795;36
3796;27
3797;34
3798;29
3799;28
3800;26
3801;38
3802;34
3803;35
3804;26
3805;35
3806;38
3807;27
3808;34
3809;33
3810;41
3811;41
3812;32
3813;26
3814;27
3815;30
3816;39
3817;36
3818;42
3819;30
3820;38
3821;36
3822;42
3823;36
3824;32
3825;33
3826;40
3827;40
3828;45
3829;30
3830;45
3831;50
3832;37
3833;43
3834;29
3835;50
3836;43
3837;49
3838;41
3839;32
3840;44
3841;43
3842;31
3843;33
3844;35
3845;39
3846;36
3847;45
3848;35
3849;28
3850;38
3851;32
3852;40
3853;28
3854;41
3855;44
3856;43
3857;32
3858;35
3859;45
3860;35
3861;40
3862;46
3863;35
3864;26
3865;41
3866;44
3867;38
3868;41
3869;26
3870;35
3871;31
3872;47
3873;35
3874;38
3875;44
3876;36
3877;36
3878;50
3879;40
3880;31
3881;34
3882;34
3883;45
3884;46
3885;41
3886;30
3887;53
3888;36
3889;44
3890;56
3891;39
3892;36
3893;28
3894;44
3895;38
3896;37
3897;39
3898;37
3899;43
3900;41
3901;41
3902;45
3903;44
3904;41
3905;49
3906;28
3907;39
3908;28
3909;44
3910;30
3911;33
3912;41
3913;30
3914;36
3915;50
3916;47
3917;46
3918;44
3919;49
3920;42
3921;43
3922;48
3923;49
3924;46
3925;40
3926;53
3927;46
3928;39
3929;47
3930;39
3931;42
3932;44
3933;46
3934;43
3935;61
3936;54
3937;45
3938;54
3939;44
3940;35
3941;37
3942;44
3943;31
3944;55
3945;35
3946;48
3947;58
3948;44
3949;47
3950;49
3951;46
3952;49
3953;47
3954;48
3955;53
3956;55
3957;54
3958;48
3959;48
3960;55
3961;37
3962;51
3963;41
3964;48
3965;47
3966;42
3967;53
3968;41
3969;53
3970;50
3971;57
3972;44
3973;45
3974;43
3975;60
3976;47
3977;47
3978;43
3979;52
3980;40
3981;49
3982;54
3983;42
3984;28
3985;61
3986;57
3987;54
3988;55
3989;50
3990;45
3991;51
3992;50
3993;49
3994;45
3995;46
3996;49
3997;58
3998;56
3999;46
4000;53
4001;59
4002;52
4003;45
4004;47
4005;49
4006;52
4007;46
4008;52
4009;44
4010;54
4011;50
4012;57
4013;63
4014;54
4015;46
4016;47
4017;45
4018;46
4019;61
4020;47
4021;52
4022;48
4023;40
4024;63
4025;69
4026;43
4027;62
4028;54
4029;49
4030;47
4031;51
4032;51
4033;78
4034;68
4035;55
4036;61
4037;60
4038;66
4039;75
4040;53
4041;51
4042;56
4043;50
4044;46
4045;42
4046;62
4047;59
4048;52
4049;80
4050;48
4051;46
4052;38
4053;65
4054;63
4055;55
4056;55
4057;82
4058;51
4059;55
4060;66
4061;62
4062;45
4063;66
4064;58
4065;70
4066;53
4067;57
4068;58
4069;69
4070;63
4071;59
4072;62
4073;60
4074;64
4075;70
4076;52
4077;49
4078;65
4079;61
4080;47
4081;70
4082;46
4083;65
4084;58
4085;72
4086;67
4087;63
4088;73
4089;60
4090;66
4091;50
4092;63
4093;51
4094;55
4095;56
4096;63
4097;56
4098;78
4099;53
4100;43
4101;37
4102;55
4103;48
4104;50
4105;54
4106;56
4107;67
4108;62
4109;60
4110;52
4111;49
4112;67
4113;50
4114;65
4115;57
4116;54
4117;67
4118;43
4119;72
4120;70
4121;61
4122;58
4123;49
4124;42
4125;49
4126;61
4127;51
4128;58
4129;65
4130;60
4131;58
4132;50
4133;53
4134;52
4135;57
4136;46
4137;51
4138;57
4139;53
4140;62
4141;59
4142;52
4143;60
4144;59
4145;46
4146;54
4147;55
4148;44
4149;45
4150;59
4151;59
4152;57
4153;53
4154;54
4155;54
4156;53
4157;55
4158;53
4159;58
4160;48
4161;54
4162;49
4163;57
4164;50
4165;51
4166;54
4167;60
4168;50
4169;51
4170;43
4171;54
4172;45
4173;52
4174;37
4175;46
4176;59
4177;41
4178;60
4179;43
4180;48
4181;61
4182;55
4183;45
4184;56
4185;45
4186;49
4187;53
4188;51
4189;60
4190;61
4191;46
4192;45
4193;39
4194;47
4195;49
4196;55
4197;54
4198;47
4199;58
4200;60
4201;38
4202;53
4203;59
4204;42
4205;39
4206;43
4207;47
4208;55
4209;54
4210;48
4211;43
4212;36
4213;49
4214;43
4215;34
4216;50
4217;51
4218;43
4219;48
4220;52
4221;52
4222;48
4223;43
4224;53
4225;28
4226;46
4227;51
4228;56
4229;49
4230;40
4231;45
4232;41
4233;37
4234;45
4235;42
4236;34
4237;43
4238;34
4239;35
4240;48
4241;39
4242;41
4243;41
4244;42
4245;35
4246;43
4247;49
4248;38
4249;42
4250;27
4251;47
4252;44
4253;39
4254;41
4255;46
4256;41
4257;30
4258;29
4259;34
4260;34
4261;37
4262;32
4263;33
4264;40
4265;33
4266;30
4267;39
4268;45
4269;41
4270;44
4271;35
4272;35
4273;28
4274;38
4275;39
4276;37
4277;29
4278;35
4279;35
4280;43
4281;36
4282;25
4283;30
4284;25
4285;33
4286;31
4287;30
4288;43
4289;25
4290;43
4291;38
4292;32
4293;36
4294;27
4295;44
4296;35
4297;31
4298;32
4299;26
4300;22
4301;31
4302;32
4303;37
4304;41
4305;32
4306;28
4307;37
4308;37
4309;28
4310;35
4311;23
4312;36
4313;39
4314;31
4315;47
4316;27
4317;30
4318;26
4319;26
4320;34
4321;30
4322;25
4323;26
4324;18
4325;27
4326;36
4327;27
4328;31
4329;27
4330;27
4331;26
4332;33
4333;29
4334;37
4335;24
4336;31
4337;34
4338;26
4339;20
4340;33
4341;34
4342;17
4343;35
4344;41
4345;30
4346;33
4347;28
4348;33
4349;32
4350;36
4351;20
4352;26
4353;27
4354;36
4355;31
4356;32
4357;36
4358;32
4359;30
4360;33
4361;32
4362;20
4363;29
4364;28
4365;29
4366;38
4367;31
4368;29
4369;36
4370;20
4371;30
4372;31
4373;36
4374;31
4375;24
4376;32
4377;32
4378;35
4379;33
4380;28
4381;22
4382;32
4383;29
4384;33
4385;35
4386;25
4387;28
4388;22
4389;32
4390;22
4391;23
4392;26
4393;26
4394;25
4395;27
4396;16
4397;27
4398;29
4399;24
4400;25
4401;33
4402;28
4403;22
4404;29
4405;21
4406;37
4407;40
4408;28
4409;17
4410;21
4411;26
4412;28
4413;36
4414;31
4415;30
4416;28
4417;24
4418;35
4419;28
4420;32
4421;36
4422;29
4423;27
4424;30
4425;29
4426;29
4427;32
4428;30
4429;20
4430;27
4431;35
4432;32
4433;33
4434;31
4435;33
4436;34
4437;29
4438;33
4439;36
4440;23
4441;29
4442;27
4443;40
4444;28
4445;41
4446;28
4447;46
4448;40
4449;38
4450;35
4451;31
4452;35
4453;32
4454;34
4455;33
4456;36
4457;44
4458;47
4459;30
4460;44
4461;31
4462;41
4463;36
4464;29
4465;36
4466;55
4467;43
4468;35
4469;29
4470;47
4471;42
4472;36
4473;44
4474;35
4475;41
4476;52
4477;44
4478;53
4479;40
4480;44
4481;49
4482;38
4483;41
4484;36
4485;54
4486;41
4487;36
4488;50
4489;39
4490;39
4491;56
4492;37
4493;40
4494;43
4495;35
4496;40
4497;46
4498;49
4499;49
4500;45
4501;51
4502;58
4503;33
4504;42
4505;55
4506;60
4507;54
4508;47
4509;51
4510;47
4511;50
4512;63
4513;57
4514;49
4515;43
4516;51
4517;51
4518;49
4519;52
4520;52
4521;58
4522;44
4523;62
4524;56
4525;55
4526;74
4527;49
4528;49
4529;74
4530;61
4531;48
4532;62
4533;67
4534;60
4535;63
4536;58
4537;57
4538;61
4539;76
4540;69
4541;75
4542;72
4543;64
4544;60
4545;80
4546;66
4547;82
4548;69
4549;64
4550;66
4551;60
4552;71
4553;70
4554;62
4555;60
4556;82
4557;59
4558;54
4559;69
4560;65
4561;76
4562;71
4563;71
4564;62
4565;68
4566;47
4567;75
4568;76
4569;81
4570;74
4571;73
4572;61
4573;81
4574;81
4575;73
4576;78
4577;90
4578;84
4579;68
4580;75
4581;78
4582;84
4583;84
4584;76
4585;74
4586;96
4587;93
4588;67
4589;84
4590;68
4591;68
4592;91
4593;74
4594;104
4595;79
4596;91
4597;90
4598;73
4599;94
4600;88
4601;83
4602;88
4603;92
4604;83
4605;90
4606;81
4607;80
4608;76
4609;83
4610;104
4611;101
4612;106
4613;84
4614;91
4615;93
4616;88
4617;124
4618;94
4619;91
4620;86
4621;105
4622;104
4623;86
4624;105
4625;91
4626;101
4627;108
4628;105
4629;106
4630;98
4631;103
4632;100
4633;120
4634;93
4635;107
4636;88
4637;110
4638;114
4639;99
4640;117
4641;94
4642;121
4643;136
4644;98
4645;98
4646;101
4647;113
4648;95
4649;122
4650;92
4651;113
4652;98
4653;117
4654;109
4655;106
4656;132
4657;111
4658;98
4659;106
4660;93
4661;97
4662;113
4663;118
4664;114
4665;127
4666;113
4667;137
4668;118
4669;133
4670;114
4671;101
4672;110
4673;125
4674;129
4675;106
4676;122
4677;127
4678;136
4679;134
4680;124
4681;114
4682;114
4683;140
4684;126
4685;115
4686;127
4687;126
4688;129
4689;139
4690;127
4691;130
4692;120
4693;138
4694;130
4695;134
4696;122
4697;142
4698;119
4699;119
4700;128
4701;121
4702;161
4703;127
4704;115
4705;121
4706;149
4707;133
4708;131
4709;122
4710;120
4711;125
4712;138
4713;110
4714;161
4715;129
4716;135
4717;118
4718;125
4719;136
4720;141
4721;140
4722;117
4723;133
4724;118
4725;122
4726;131
4727;117
4728;130
4729;124
4730;138
4731;126
4732;126
4733;150
4734;140
4735;143
4736;152
4737;141
4738;138
4739;136
4740;149
4741;120
4742;145
4743;152
4744;114
4745;140
4746;126
4747;143
4748;133
4749;154
4750;140
4751;124
4752;121
4753;142
4754;122
4755;134
4756;132
4757;149
4758;139
4759;166
4760;138
4761;154
4762;135
4763;135
4764;134
4765;144
4766;152
4767;145
4768;150
4769;125
4770;144
4771;148
4772;131
4773;135
4774;145
4775;149
4776;134
4777;111
4778;161
4779;150
4780;160
4781;135
4782;117
4783;139
4784;134
4785;150
4786;134
4787;157
4788;128
4789;174
4790;142
4791;153
4792;144
4793;153
4794;141
4795;169
4796;154
4797;144
4798;139
4799;154
4800;138
4801;142
4802;131
4803;141
4804;140
4805;131
4806;138
4807;135
4808;124
4809;150
4810;154
4811;142
4812;141
4813;127
4814;130
4815;133
4816;144
4817;143
4818;143
4819;130
4820;138
4821;133
4822;133
4823;140
4824;139
4825;95
4826;128
4827;134
4828;128
4829;127
4830;148
4831;131
4832;111
4833;138
4834;134
4835;154
4836;141
4837;130
4838;139
4839;159
4840;151
4841;149
4842;136
4843;151
4844;151
4845;129
4846;119
4847;142
4848;131
4849;150
4850;124
4851;137
4852;123
4853;144
4854;138
4855;132
4856;151
4857;144
4858;126
4859;121
4860;140
4861;134
4862;128
4863;119
4864;110
4865;141
4866;126
4867;143
4868;129
4869;126
4870;127
4871;127
4872;124
4873;128
4874;142
4875;138
4876;110
4877;139
4878;128
4879;115
4880;128
4881;113
4882;119
4883;133
4884;125
4885;129
4886;131
4887;124
4888;120
4889;119
4890;112
4891;130
4892;142
4893;118
4894;114
4895;134
4896;119
4897;101
4898;122
4899;121
4900;111
4901;125
4902;105
4903;128
4904;136
4905;106
4906;110
4907;121
4908;104
4909;122
4910;131
4911;123
4912;115
4913;115
4914;113
4915;104
4916;96
4917;116
4918;116
4919;104
4920;97
4921;118
4922;134
4923;123
4924;108
4925;117
4926;106
4927;107
4928;119
4929;114
4930;97
4931;109
4932;122
4933;111
4934;101
4935;96
4936;109
4937;93
4938;113
4939;102
4940;98
4941;110
4942;116
4943;86
4944;98
4945;118
4946;119
4947;117
4948;99
4949;122
4950;95
4951;100
4952;98
4953;97
4954;94
4955;105
4956;108
4957;93
4958;93
4959;108
4960;102
4961;87
4962;92
4963;106
4964;106
4965;99
4966;92
4967;74
4968;99
4969;110
4970;85
4971;80
4972;97
4973;114
4974;92
4975;96
4976;97
4977;82
4978;77
4979;100
4980;95
4981;83
4982;77
4983;89
4984;66
4985;103
4986;90
4987;108
4988;90
4989;76
4990;91
4991;91
4992;75
4993;82
4994;92
4995;93
4996;96
4997;87
4998;99
4999;79
5000;95
5001;73
5002;87
5003;92
5004;93
5005;83
5006;78
5007;91
5008;77
5009;78
5010;75
5011;85
5012;91
5013;75
5014;73
5015;98
5016;79
5017;69
5018;75
5019;82
5020;86
5021;67
5022;76
5023;74
5024;83
5025;73
5026;85
5027;75
5028;91
5029;86
5030;69
5031;59
5032;84
5033;77
5034;82
5035;78
5036;71
5037;81
5038;66
5039;85
5040;61
5041;61
5042;81
5043;74
5044;63
5045;70
5046;70
5047;79
5048;71
5049;71
5050;60
5051;69
5052;69
5053;70
5054;67
5055;90
5056;71
5057;55
5058;61
5059;66
5060;66
5061;71
5062;60
5063;64
5064;68
5065;63
5066;75
5067;68
5068;81
5069;75
5070;71
5071;51
5072;55
5073;65
5074;77
5075;64
5076;63
5077;67
5078;53
5079;58
5080;68
5081;52
5082;66
5083;60
5084;59
5085;72
5086;77
5087;58
5088;66
5089;52
5090;48
5091;66
5092;64
5093;59
5094;63
5095;58
5096;55
5097;63
5098;47
5099;56
5100;78
5101;60
5102;79
5103;52
5104;48
5105;65
5106;49
5107;55
5108;53
5109;71
5110;64
5111;67
5112;64
5113;63
5114;51
5115;51
5116;50
5117;43
5118;41
5119;54
5120;60
5121;65
5122;52
5123;63
5124;58
5125;60
5126;53
5127;61
5128;56
5129;47
5130;59
5131;55
5132;58
5133;64
5134;56
5135;54
5136;63
5137;58
5138;64
5139;55
5140;71
5141;54
5142;55
5143;53
5144;55
5145;49
5146;51
5147;64
5148;57
5149;62
5150;57
5151;51
5152;64
5153;63
5154;58
5155;44
5156;51
5157;60
5158;58
5159;50
5160;59
5161;76
5162;61
5163;65
5164;52
5165;53
5166;52
5167;50
5168;49
5169;53
5170;62
5171;56
5172;46
5173;56
5174;57
5175;63
5176;56
5177;49
5178;50
5179;60
5180;47
5181;53
5182;57
5183;52
5184;45
5185;50
5186;47
5187;58
5188;57
5189;51
5190;47
5191;53
5192;44
5193;52
5194;47
5195;51
5196;33
5197;54
5198;50
5199;48
5200;53
5201;47
5202;40
5203;46
5204;40
5205;46
5206;48
5207;51
5208;46
5209;50
5210;44
5211;58
5212;41
5213;59
5214;55
5215;41
5216;45
5217;50
5218;53
5219;50
5220;37
5221;54
5222;34
5223;46
5224;46
5225;50
5226;50
5227;46
5228;40
5229;55
5230;48
5231;42
5232;53
5233;53
5234;43
5235;51
5236;47
5237;49
5238;39
5239;54
5240;40
5241;54
5242;43
5243;42
5244;39
5245;49
5246;44
5247;50
5248;57
5249;49
5250;58
5251;45
5252;56
5253;63
5254;54
5255;35
5256;59
5257;43
5258;45
5259;34
5260;33
5261;56
5262;43
5263;43
5264;30
5265;44
5266;54
5267;39
5268;50
5269;43
5270;42
5271;42
5272;38
5273;43
5274;51
5275;35
5276;50
5277;49
5278;40
5279;54
5280;46
5281;39
5282;45
5283;47
5284;42
5285;43
5286;41
5287;49
5288;49
5289;44
5290;41
5291;33
5292;48
5293;41
5294;45
5295;43
5296;46
5297;37
5298;37
5299;37
5300;53
5301;49
5302;41
5303;43
5304;37
5305;52
5306;33
5307;35
5308;32
5309;27
5310;44
5311;43
5312;47
5313;38
5314;42
5315;48
5316;36
5317;34
5318;38
5319;46
5320;46
5321;41
5322;32
5323;35
5324;35
5325;41
5326;34
5327;42
5328;30
5329;31
5330;30
5331;45
5332;37
5333;36
5334;40
5335;37
5336;42
5337;37
5338;37
5339;42
5340;39
5341;31
5342;38
5343;37
5344;34
5345;36
5346;27
5347;34
5348;35
5349;52
5350;34
5351;27
5352;31
5353;41
5354;28
5355;27
5356;34
5357;38
5358;26
5359;34
5360;31
5361;44
5362;40
5363;32
5364;43
5365;30
5366;37
5367;36
5368;38
5369;23
5370;41
5371;40
5372;26
5373;34
5374;32
5375;35
5376;35
5377;35
5378;32
5379;29
5380;32
5381;21
5382;35
5383;29
5384;29
5385;40
5386;42
5387;27
5388;36
5389;27
5390;29
5391;36
5392;26
5393;32
5394;35
5395;39
5396;23
5397;26
5398;32
5399;28
5400;24
5401;28
5402;33
5403;45
5404;26
5405;16
5406;27
5407;32
5408;29
5409;34
5410;22
5411;22
5412;35
5413;23
5414;30
5415;21
5416;26
5417;27
5418;25
5419;27
5420;22
5421;19
5422;26
5423;32
5424;21
5425;38
5426;26
5427;22
5428;22
5429;18
5430;23
5431;31
5432;19
5433;24
5434;23
5435;31
5436;18
5437;23
5438;23
5439;32
5440;27
5441;29
5442;27
5443;23
5444;27
5445;23
5446;28
5447;21
5448;31
5449;17
5450;29
5451;24
5452;26
5453;23
5454;25
5455;28
5456;26
5457;22
5458;12
5459;21
5460;19
5461;17
5462;28
5463;19
5464;27
5465;32
5466;30
5467;19
5468;22
5469;16
5470;21
5471;21
5472;29
5473;19
5474;20
5475;12
5476;21
5477;23
5478;27
5479;16
5480;26
5481;15
5482;16
5483;19
5484;14
5485;28
5486;21
5487;25
5488;22
5489;21
5490;19
5491;19
5492;21
5493;19
5494;24
5495;19
5496;20
5497;25
5498;17
5499;11
5500;13
5501;16
5502;16
5503;18
5504;25
5505;20
5506;14
5507;14
5508;21
5509;20
5510;23
5511;24
5512;19
5513;26
5514;21
5515;15
5516;14
5517;14
5518;11
5519;23
5520;13
5521;17
5522;16
5523;4
5524;21
5525;14
5526;20
5527;21
5528;13
5529;19
5530;17
5531;16
5532;18
5533;10
5534;10
5535;13
5536;18
5537;16
5538;16
5539;16
5540;20
5541;17
5542;14
5543;19
5544;15
5545;21
5546;17
5547;19
5548;11
5549;21
5550;11
5551;14
5552;8
5553;17
5554;10
5555;10
5556;24
5557;13
5558;14
5559;15
5560;16
5561;12
5562;15
5563;19
5564;14
5565;8
5566;18
5567;8
5568;18
5569;10
5570;18
5571;15
5572;13
5573;20
5574;11
5575;10
5576;16
5577;9
5578;11
5579;11
5580;10
5581;18
5582;12
5583;12
5584;14
5585;11
5586;23
5587;9
5588;5
5589;10
5590;13
5591;15
5592;17
5593;14
5594;20
5595;11
5596;14
5597;13
5598;12
5599;19
5600;9
5601;14
5602;14
5603;9
5604;13
5605;10
5606;12
5607;6
5608;10
5609;18
5610;16
5611;8
5612;6
5613;11
5614;15
5615;11
5616;12
5617;14
5618;17
5619;11
5620;18
5621;11
5622;5
5623;8
5624;12
5625;9
5626;11
5627;15
5628;9
5629;18
5630;11
5631;18
5632;11
5633;10
5634;13
5635;13
5636;11
5637;15
5638;11
5639;15
5640;10
5641;12
5642;14
5643;9
5644;9
5645;11
5646;21
5647;10
5648;12
5649;17
5650;16
5651;5
5652;13
5653;13
5654;8
5655;9
5656;6
5657;11
5658;9
5659;7
5660;10
5661;15
5662;10
5663;10
5664;13
5665;13
5666;7
5667;7
5668;15
5669;12
5670;8
5671;8
5672;17
5673;12
5674;9
5675;19
5676;10
5677;14
5678;12
5679;12
5680;10
5681;7
5682;9
5683;11
5684;16
5685;8
5686;10
5687;13
5688;4
5689;12
5690;15
5691;9
5692;13
5693;11
5694;8
5695;8
5696;12
5697;8
5698;10
5699;16
5700;8
5701;14
5702;19
5703;5
5704;12
5705;13
5706;9
5707;10
5708;14
5709;13
5710;7
5711;7
5712;8
5713;14
5714;6
5715;10
5716;11
5717;14
5718;6
5719;12
5720;14
5721;7
5722;10
5723;7
5724;16
5725;9
5726;13
5727;6
5728;15
5729;17
5730;15
5731;7
5732;15
5733;12
5734;6
5735;20
5736;9
5737;14
5738;7
5739;11
5740;20
5741;13
5742;16
5743;15
5744;17
5745;13
5746;12
5747;9
5748;16
5749;20
5750;10
5751;11
5752;17
5753;12
5754;11
5755;12
5756;15
5757;10
5758;10
5759;8
5760;11
5761;9
5762;14
5763;11
5764;19
5765;12
5766;10
5767;9
5768;14
5769;7
5770;8
5771;13
5772;9
5773;18
5774;10
5775;17
5776;9
5777;11
5778;9
5779;18
5780;14
5781;13
5782;10
5783;14
5784;17
5785;16
5786;9
5787;14
5788;7
5789;16
5790;13
5791;20
5792;12
5793;14
5794;17
5795;11
5796;12
5797;15
5798;11
5799;14
5800;17
5801;9
5802;19
5803;15
5804;8
5805;11
5806;15
5807;11
5808;4
5809;16
5810;11
5811;16
5812;10
5813;13
5814;21
5815;17
5816;18
5817;16
5818;14
5819;14
5820;16
5821;13
5822;8
5823;11
5824;15
5825;21
5826;12
5827;14
5828;14
5829;16
5830;19
5831;14
5832;13
5833;17
5834;9
5835;14
5836;19
5837;12
5838;16
5839;11
5840;12
5841;15
5842;15
5843;10
5844;18
5845;13
5846;17
5847;9
5848;15
5849;17
5850;16
5851;22
5852;16
5853;17
5854;10
5855;17
5856;17
5857;19
5858;17
5859;14
5860;14
5861;13
5862;16
5863;21
5864;7
5865;14
5866;15
5867;8
5868;16
5869;17
5870;22
5871;11
5872;14
5873;12
5874;22
5875;15
5876;16
5877;15
5878;18
5879;14
5880;19
5881;17
5882;15
5883;17
5884;20
5885;15
5886;19
5887;16
5888;17
5889;7
5890;6
5891;9
5892;15
5893;15
5894;13
5895;12
5896;16
5897;16
5898;15
5899;19
5900;9
5901;13
5902;14
5903;13
5904;12
5905;17
5906;17
5907;15
5908;18
5909;20
5910;18
5911;14
5912;19
5913;9
5914;16
5915;13
5916;18
5917;13
5918;12
5919;10
5920;24
5921;19
5922;14
5923;18
5924;15
5925;15
5926;13
5927;14
5928;10
5929;17
5930;15
5931;23
5932;16
5933;14
5934;15
5935;23
5936;13
5937;23
5938;21
5939;18
5940;15
5941;11
5942;18
5943;18
5944;23
5945;17
5946;12
5947;15
5948;16
5949;13
5950;12
5951;13
5952;15
5953;16
5954;13
5955;16
5956;20
5957;18
5958;19
5959;13
5960;18
5961;12
5962;22
5963;11
5964;16
5965;24
5966;19
5967;15
5968;16
5969;10
5970;15
5971;22
5972;11
5973;20
5974;17
5975;20
5976;22
5977;18
5978;14
5979;16
5980;11
5981;14
5982;13
5983;23
5984;20
5985;13
5986;8
5987;13
5988;16
5989;26
5990;16
5991;20
5992;19
5993;18
5994;18
5995;20
5996;17
5997;20
5998;16
5999;19
6000;18
6001;8
6002;16
6003;13
6004;21
6005;14
6006;19
6007;16
6008;15
6009;11
6010;20
6011;17
6012;17
6013;12
6014;15
6015;12
6016;11
6017;13
6018;15
6019;20
6020;16
6021;12
6022;15
6023;13
6024;19
6025;24
6026;16
6027;11
6028;9
6029;11
6030;23
6031;23
6032;26
6033;11
6034;11
6035;13
6036;11
6037;11
6038;16
6039;21
6040;16
6041;19
6042;12
6043;11
6044;13
6045;16
6046;17
6047;13
6048;10
6049;10
6050;23
6051;11
6052;15
6053;21
6054;15
6055;11
6056;14
6057;11
6058;13
6059;10
6060;16
6061;14
6062;15
6063;13
6064;14
6065;10
6066;17
6067;19
6068;14
6069;15
6070;11
6071;13
6072;14
6073;10
6074;11
6075;13
6076;16
6077;14
6078;12
6079;15
6080;13
6081;12
6082;19
6083;17
6084;14
6085;10
6086;10
6087;14
6088;10
6089;10
6090;11
6091;17
6092;19
6093;15
6094;16
6095;18
6096;18
6097;12
6098;11
6099;3
6100;13
6101;10
6102;13
6103;19
6104;10
6105;12
6106;23
6107;7
6108;12
6109;6
6110;21
6111;16
6112;9
6113;15
6114;12
6115;12
6116;13
6117;7
6118;9
6119;17
6120;13
6121;6
6122;13
6123;14
6124;8
6125;13
6126;11
6127;7
6128;13
6129;11
6130;10
6131;9
6132;13
6133;9
6134;7
6135;12
6136;9
6137;12
6138;12
6139;10
6140;9
6141;10
6142;6
6143;10
6144;9
6145;10
6146;7
6147;8
6148;12
6149;11
6150;15
6151;12
6152;14
6153;18
6154;9
6155;7
6156;13
6157;16
6158;9
6159;11
6160;10
6161;11
6162;9
6163;8
6164;8
6165;8
6166;10
6167;13
6168;6
6169;7
6170;8
6171;9
6172;12
6173;8
6174;11
6175;15
6176;6
6177;10
6178;18
6179;10
6180;2
6181;11
6182;12
6183;7
6184;11
6185;11
6186;14
6187;11
6188;10
6189;14
6190;9
6191;13
6192;9
6193;12
6194;8
6195;20
6196;7
6197;8
6198;8
6199;4
6200;11
6201;9
6202;7
6203;6
6204;10
6205;11
6206;6
6207;13
6208;3
6209;14
6210;6
6211;5
6212;4
6213;8
6214;10
6215;6
6216;6
6217;6
6218;8
6219;3
6220;2
6221;6
6222;10
6223;9
6224;5
6225;7
6226;7
6227;8
6228;5
6229;3
6230;7
6231;3
6232;5
6233;7
6234;7
6235;7
6236;7
6237;9
6238;8
6239;6
6240;2
6241;5
6242;3
6243;11
6244;5
6245;4
6246;12
6247;6
6248;7
6249;4
6250;6
6251;4
6252;7
6253;7
6254;2
6255;7
6256;5
6257;2
6258;4
6259;4
6260;5
6261;6
6262;6
6263;10
6264;5
6265;8
6266;4
6267;1
6268;5
6269;6
6270;7
6271;1
6272;4
6273;6
6274;6
6275;8
6276;6
6277;6
6278;3
6279;4
6280;6
6281;2
6282;3
6283;5
6284;5
6285;5
6286;3
6287;4
6288;5
6289;10
6290;1
6291;4
6292;3
6293;3
6294;11
6295;6
6296;3
6297;8
6298;3
6299;4
6300;5
6301;1
6302;6
6303;7
6304;3
6305;5
6306;6
6307;2
6308;5
6309;2
6310;3
6311;5
6312;8
6313;3
6314;5
6315;6
6316;4
6317;6
6318;8
6319;3
6320;7
6321;2
6322;9
6323;2
6324;4
6325;4
6326;3
6327;7
6328;7
6329;5
6330;3
6331;5
6332;3
6333;3
6334;5
6335;2
6336;4
6337;3
6338;1
6339;3
6340;2
6341;5
6342;2
6343;3
6344;3
6345;6
6346;3
6347;3
6348;3
6349;4
6350;1
6351;5
6352;5
6353;2
6354;4
6355;4
6356;4
6357;4
6358;2
6359;4
6360;2
6361;1
6362;1
6363;6
6364;1
6365;4
6366;2
6367;4
6368;1
6369;3
6370;1
6371;3
6372;1
6373;4
6374;4
6375;2
6376;7
6377;1
6378;1
6379;3
6380;6
6381;2
6382;4
6383;1
6384;3
6385;3
6386;3
6387;4
6388;4
6389;2
6390;2
6391;5
6392;3
6393;4
6394;2
6395;3
6396;3
6397;2
6398;3
6399;2
6400;1
6401;0
6402;5
6403;4
6404;2
6405;1
6406;5
6407;3
6408;1
6409;0
6410;3
6411;3
6412;4
6413;3
6414;2
6415;3
6416;2
6417;5
6418;2
6419;5
6420;1
6421;4
6422;2
6423;3
6424;4
6425;2
6426;1
6427;2
6428;2
6429;3
6430;0
6431;1
6432;0
6433;1
6434;1
6435;2
6436;6
6437;3
6438;2
6439;2
6440;1
6441;4
6442;3
6443;2
6444;2
6445;2
6446;4
6447;1
6448;3
6449;1
6450;2
6451;1
6452;2
6453;3
6454;1
6455;3
6456;5
6457;3
6458;0
6459;0
6460;1
6461;0
6462;0
6463;2
6464;2
6465;1
6466;0
6467;2
6468;1
6469;7
6470;2
6471;2
6472;3
6473;1
6474;4
6475;5
6476;2
6477;3
6478;0
6479;1
6480;4
6481;6
6482;0
6483;2
6484;0
6485;1
6486;2
6487;3
6488;2
6489;3
6490;2
6491;3
6492;2
6493;4
6494;3
6495;4
6496;1
6497;1
6498;1
6499;2
6500;4
6501;4
6502;3
6503;0
6504;1
6505;1
6506;3
6507;5
6508;1
6509;1
6510;0
6511;1
6512;3
6513;1
6514;1
6515;2
6516;3
6517;1
6518;3
6519;2
6520;1
6521;5
6522;2
6523;2
6524;3
6525;1
6526;0
6527;2
6528;1
6529;2
6530;0
6531;1
6532;1
6533;1
6534;0
6535;1
6536;0
6537;3
6538;0
6539;1
6540;2
6541;3
6542;2
6543;5
6544;3
6545;3
6546;1
6547;2
6548;1
6549;1
6550;1
6551;3
6552;2
6553;2
6554;5
6555;3
6556;1
6557;0
6558;2
6559;4
6560;1
6561;2
6562;3
6563;4
6564;1
6565;2
6566;0
6567;3
6568;4
6569;4
6570;2
6571;0
6572;3
6573;1
6574;2
6575;1
6576;1
6577;2
6578;2
6579;5
6580;0
6581;1
6582;3
6583;1
6584;1
6585;2
6586;1
6587;5
6588;2
6589;0
6590;1
6591;1
6592;0
6593;1
6594;1
6595;2
6596;2
6597;0
6598;1
6599;0
6600;0
6601;3
6602;1
6603;0
6604;4
6605;0
6606;1
6607;2
6608;3
6609;2
6610;2
6611;1
6612;1
6613;0
6614;2
6615;1
6616;4
6617;2
6618;1
6619;3
6620;3
6621;2
6622;1
6623;0
6624;4
6625;2
6626;0
6627;0
6628;2
6629;2
6630;0
6631;0
6632;1
6633;3
6634;3
6635;3
6636;0
6637;1
6638;4
6639;2
6640;0
6641;2
6642;1
6643;1
6644;0
6645;0
6646;0
6647;3
6648;2
6649;2
6650;2
6651;0
6652;1
6653;0
6654;3
6655;1
6656;1
6657;1
6658;0
6659;1
6660;0
6661;2
6662;0
6663;3
6664;0
6665;1
6666;1
6667;0
6668;1
6669;0
6670;0
6671;3
6672;0
6673;3
6674;2
6675;1
6676;0
6677;0
6678;2
6679;2
6680;1
6681;1
6682;1
6683;0
6684;2
6685;2
6686;0
6687;0
6688;1
6689;1
6690;1
6691;1
6692;1
6693;0
6694;1
6695;0
6696;0
6697;0
6698;0
6699;1
6700;1
6701;0
6702;0
6703;0
6704;1
6705;0
6706;2
6707;0
6708;3
6709;2
6710;1
6711;0
6712;0
6713;2
6714;1
6715;2
6716;0
6717;0
6718;2
6719;0
6720;0
6721;1
6722;1
6723;1
6724;1
6725;3
6726;1
6727;4
6728;0
6729;0
6730;1
6731;1
6732;1
6733;1
6734;1
6735;0
6736;0
6737;0
6738;2
6739;2
6740;0
6741;0
6742;0
6743;0
6744;0
6745;1
6746;0
6747;1
6748;0
6749;1
6750;1
6751;1
6752;1
6753;0
6754;0
6755;0
6756;0
6757;3
6758;1
6759;0
6760;0
6761;0
6762;0
6763;1
6764;2
6765;0
6766;1
6767;0
6768;2
6769;1
6770;2
6771;0
6772;0
6773;1
6774;0
6775;6
6776;2
6777;0
6778;1
6779;1
6780;0
6781;1
6782;1
6783;0
6784;1
6785;0
6786;2
6787;1
6788;2
6789;0
6790;1
6791;1
6792;0
6793;2
6794;0
6795;2
6796;2
6797;0
6798;3
6799;0
6800;1
6801;0
6802;0
6803;2
6804;2
6805;1
6806;0
6807;1
6808;2
6809;0
6810;1
6811;0
6812;0
6813;0
6814;1
6815;0
6816;0
6817;0
6818;0
6819;1
6820;0
6821;0
6822;1
6823;1
6824;0
6825;0
6826;1
6827;1
6828;0
6829;2
6830;0
6831;1
6832;1
6833;0
6834;0
6835;2
6836;0
6837;0
6838;1
6839;2
6840;1
6841;2
6842;1
6843;1
6844;0
6845;0
6846;2
6847;0
6848;1
6849;1
6850;0
6851;1
6852;0
6853;1
6854;0
6855;0
6856;1
6857;3
6858;1
6859;1
6860;0
6861;1
6862;0
6863;0
6864;0
6865;0
6866;0
6867;0
6868;0
6869;2
6870;0
6871;1
6872;2
6873;2
6874;0
6875;1
6876;0
6877;2
6878;0
6879;0
6880;0
6881;1
6882;0
6883;0
6884;0
6885;0
6886;2
6887;0
6888;1
6889;0
6890;1
6891;1
6892;0
6893;0
6894;2
6895;0
6896;0
6897;0
6898;2
6899;0
6900;1
6901;0
6902;1
6903;1
6904;0
6905;1
6906;0
6907;0
6908;0
6909;0
6910;0
6911;0
6912;0
6913;0
6914;1
6915;0
6916;0
6917;0
6918;1
6919;0
6920;1
6921;0
6922;0
6923;1
6924;0
6925;0
6926;1
6927;2
6928;0
6929;0
6930;0
6931;0
6932;0
6933;0
6934;0
6935;1
6936;0
6937;0
6938;0
6939;0
6940;1
6941;1
6942;0
6943;0
6944;0
6945;0
6946;0
6947;1
6948;0
6949;0
6950;0
6951;1
6952;0
6953;0
6954;0
6955;1
6956;0
6957;1
6958;0
6959;0
6960;0
6961;0
6962;0
6963;0
6964;1
6965;0
6966;1
6967;1
6968;0
6969;1
6970;2
6971;0
6972;1
6973;1
6974;0
6975;0
6976;1
6977;0
6978;0
6979;1
6980;0
6981;1
6982;0
6983;0
6984;2
6985;0
6986;0
6987;1
6988;0
6989;1
6990;0
6991;0
6992;0
6993;1
6994;0
6995;1
6996;2
6997;0
6998;1
6999;0
7000;1
7001;0
7002;1
7003;0
7004;1
7005;3
7006;1
7007;0
7008;0
7009;1
7010;0
7011;0
7012;0
7013;0
7014;0
7015;1
7016;1
7017;0
7018;0
7019;0
7020;0
7021;0
7022;0
7023;0
7024;1
7025;2
7026;0
7027;0
7028;1
7029;1
7030;0
7031;0
7032;1
7033;0
7034;1
7035;1
7036;1
7037;0
7038;1
7039;1
7040;2
7041;0
7042;0
7043;0
7044;2
7045;1
7046;1
7047;0
7048;0
7049;1
7050;0
7051;1
7052;1
7053;0
7054;0
7055;1
7056;0
7057;0
7058;0
7059;1
7060;1
7061;0
7062;0
7063;0
7064;2
7065;1
7066;0
7067;0
7068;0
7069;0
7070;0
7071;0
7072;0
7073;1
7074;1
7075;1
7076;1
7077;0
7078;1
7079;0
7080;0
7081;1
7082;1
7083;1
7084;2
7085;2
7086;0
7087;1
7088;1
7089;0
7090;0
7091;0
7092;3
7093;1
7094;1
7095;0
7096;0
7097;0
7098;2
7099;2
7100;1
7101;0
7102;0
7103;2
7104;0
7105;0
7106;0
7107;1
7108;0
7109;0
7110;1
7111;1
7112;1
7113;0
7114;1
7115;0
7116;0
7117;0
7118;0
7119;1
7120;0
7121;0
7122;2
7123;0
7124;1
7125;2
7126;0
7127;0
7128;0
7129;1
7130;0
7131;1
7132;1
7133;0
7134;1
7135;1
7136;0
7137;2
7138;0
7139;0
7140;0
7141;0
7142;0
7143;1
7144;0
7145;0
7146;0
7147;0
7148;0
7149;1
7150;0
7151;1
7152;0
7153;0
7154;0
7155;0
7156;0
7157;0
7158;0
7159;0
7160;0
7161;0
7162;0
7163;0
7164;1
7165;1
7166;1
7167;0
7168;0
7169;0
7170;0
7171;0
7172;1
7173;1
7174;2
7175;0
7176;0
7177;0
7178;0
7179;0
7180;0
7181;2
7182;1
7183;0
7184;0
7185;0
7186;1
7187;1
7188;1
7189;0
7190;0
7191;0
7192;0
7193;1
7194;0
7195;0
7196;0
7197;0
7198;1
7199;0
7200;0
7201;0
7202;0
7203;1
7204;0
7205;0
7206;0
7207;0
7208;0
7209;0
7210;1
7211;0
7212;0
7213;0
7214;0
7215;1
7216;1
7217;0
7218;1
7219;1
7220;0
7221;0
7222;0
7223;0
7224;0
7225;1
7226;1
7227;0
7228;0
7229;1
7230;0
7231;0
7232;0
7233;0
7234;0
7235;2
7236;0
7237;0
7238;0
7239;0
7240;0
7241;0
7242;0
7243;0
7244;1
7245;1
7246;0
7247;0
7248;2
7249;1
7250;0
7251;0
7252;0
7253;0
7254;1
7255;0
7256;0
7257;0
7258;1
7259;0
7260;0
7261;1
7262;0
7263;0
7264;1
7265;2
7266;1
7267;0
7268;1
7269;1
7270;0
7271;0
7272;0
7273;0
7274;1
7275;0
7276;0
7277;0
7278;0
7279;0
7280;1
7281;0
7282;0
7283;0
7284;0
7285;0
7286;0
7287;0
7288;0
7289;0
7290;1
7291;0
7292;0
7293;0
7294;0
7295;1
7296;0
7297;0
7298;0
7299;0
7300;0
7301;0
7302;1
7303;0
7304;0
7305;2
7306;1
7307;1
7308;1
7309;0
7310;0
7311;1
7312;0
7313;1
7314;0
7315;2
7316;0
7317;0
7318;2
7319;1
7320;1
7321;1
7322;2
7323;1
7324;0
7325;0
7326;0
7327;1
7328;0
7329;0
7330;0
7331;0
7332;0
7333;2
7334;0
7335;1
7336;2
7337;0
7338;0
7339;0
7340;0
7341;0
7342;0
7343;1
7344;0
7345;1
7346;0
7347;1
7348;0
7349;2
7350;0
7351;1
7352;0
7353;0
7354;1
7355;0
7356;0
7357;0
7358;0
7359;0
7360;0
7361;1
7362;1
7363;1
7364;2
7365;0
7366;0
7367;0
7368;1
7369;0
7370;0
7371;0
7372;0
7373;0
7374;0
7375;0
7376;1
7377;0
7378;1
7379;0
7380;1
7381;1
7382;0
7383;1
7384;0
7385;0
7386;0
7387;0
7388;1
7389;0
7390;1
7391;1
7392;1
7393;1
7394;0
7395;0
7396;0
7397;0
7398;0
7399;0
7400;0
7401;0
7402;0
7403;1
7404;0
7405;2
7406;0
7407;0
7408;1
7409;1
7410;1
7411;1
7412;2
7413;0
7414;0
7415;0
7416;0
7417;0
7418;1
7419;1
7420;3
7421;1
7422;0
7423;0
7424;0
7425;0
7426;1
7427;1
7428;0
7429;1
7430;0
7431;0
7432;0
7433;0
7434;1
7435;0
7436;0
7437;0
7438;2
7439;0
7440;0
7441;0
7442;0
7443;0
7444;1
7445;0
7446;0
7447;0
7448;0
7449;0
7450;0
7451;0
7452;0
7453;1
7454;0
7455;0
7456;0
7457;1
7458;0
7459;0
7460;0
7461;0
7462;0
7463;0
7464;0
7465;0
7466;0
7467;0
7468;1
7469;0
7470;0
7471;2
7472;0
7473;0
7474;1
7475;0
7476;0
7477;0
7478;1
7479;1
7480;1
7481;1
7482;2
7483;0
7484;0
7485;0
7486;1
7487;0
7488;0
7489;0
7490;0
7491;0
7492;0
7493;0
7494;2
7495;0
7496;1
7497;0
7498;1
7499;1
7500;0
7501;0
7502;0
7503;1
7504;0
7505;1
7506;1
7507;0
7508;0
7509;0
7510;1
7511;1
7512;1
7513;0
7514;1
7515;1
7516;1
7517;1
7518;0
7519;0
7520;0
7521;1
7522;3
7523;0
7524;0
7525;1
7526;0
7527;0
7528;0
7529;0
7530;0
7531;0
7532;0
7533;0
7534;1
7535;1
7536;0
7537;0
7538;0
7539;0
7540;1
7541;0
7542;2
7543;0
7544;0
7545;0
7546;0
7547;1
7548;0
7549;0
7550;0
7551;0
7552;0
7553;1
7554;1
7555;0
7556;0
7557;0
7558;0
7559;0
7560;1
7561;0
7562;1
7563;0
7564;0
7565;2
7566;1
7567;0
7568;0
7569;0
7570;0
7571;1
7572;0
7573;1
7574;1
7575;1
7576;0
7577;0
7578;0
7579;0
7580;1
7581;0
7582;0
7583;0
7584;0
7585;0
7586;0
7587;0
7588;0
7589;1
7590;0
7591;0
7592;1
7593;1
7594;0
7595;0
7596;0
7597;0
7598;0
7599;1
7600;1
7601;0
7602;0
7603;0
7604;1
7605;0
7606;0
7607;0
7608;1
7609;1
7610;0
7611;1
7612;0
7613;0
7614;0
7615;0
7616;0
7617;2
7618;0
7619;1
7620;0
7621;0
7622;0
7623;0
7624;3
7625;0
7626;0
7627;0
7628;0
7629;0
7630;0
7631;0
7632;0
7633;1
7634;0
7635;0
7636;1
7637;1
7638;0
7639;0
7640;0
7641;0
7642;0
7643;0
7644;0
7645;0
7646;0
7647;0
7648;0
7649;0
7650;1
7651;1
7652;2
7653;0
7654;0
7655;0
7656;1
7657;0
7658;0
7659;0
7660;1
7661;0
7662;1
7663;0
7664;0
7665;0
7666;1
7667;0
7668;2
7669;0
7670;0
7671;1
7672;1
7673;0
7674;0
7675;1
7676;0
7677;0
7678;0
7679;0
7680;2
7681;0
7682;1
7683;1
7684;1
7685;0
7686;0
7687;0
7688;0
7689;1
7690;0
7691;0
7692;1
7693;0
7694;0
7695;0
7696;0
7697;0
7698;0
7699;0
7700;2
7701;0
7702;1
7703;0
7704;0
7705;1
7706;1
7707;0
7708;0
7709;0
7710;1
7711;0
7712;0
7713;0
7714;0
7715;1
7716;0
7717;0
7718;1
7719;0
7720;0
7721;1
7722;0
7723;1
7724;0
7725;0
7726;0
7727;0
7728;1
7729;0
7730;0
7731;0
7732;0
7733;0
7734;0
7735;1
7736;0
7737;0
7738;0
7739;0
7740;1
7741;0
7742;0
7743;0
7744;0
7745;0
7746;1
7747;0
7748;0
7749;0
7750;0
7751;0
7752;0
7753;0
7754;0
7755;0
7756;0
7757;0
7758;0
7759;0
7760;0
7761;1
7762;0
7763;0
7764;2
7765;0
7766;0
7767;0
7768;1
7769;0
7770;1
7771;0
7772;0
7773;0
7774;1
7775;0
7776;1
7777;0
7778;0
7779;0
7780;0
7781;0
7782;0
7783;0
7784;0
7785;1
7786;0
7787;1
7788;0
7789;0
7790;0
7791;0
7792;0
7793;0
7794;1
7795;0
7796;0
7797;0
7798;0
7799;0
7800;2
7801;0
7802;0
7803;0
7804;1
7805;2
7806;0
7807;0
7808;0
7809;0
7810;0
7811;0
7812;1
7813;1
7814;0
7815;0
7816;0
7817;0
7818;0
7819;1
7820;0
7821;0
7822;0
7823;0
7824;0
7825;0
7826;3
7827;0
7828;0
7829;0
7830;0
7831;0
7832;0
7833;1
7834;0
7835;0
7836;0
7837;0
7838;1
7839;1
7840;1
7841;1
7842;0
7843;0
7844;0
7845;0
7846;1
7847;0
7848;1
7849;0
7850;0
7851;1
7852;0
7853;0
7854;0
7855;0
7856;0
7857;0
7858;0
7859;0
7860;0
7861;0
7862;0
7863;1
7864;0
7865;0
7866;0
7867;0
7868;2
7869;0
7870;0
7871;0
7872;0
7873;0
7874;0
7875;0
7876;0
7877;1
7878;0
7879;0
7880;0
7881;0
7882;0
7883;0
7884;0
7885;0
7886;0
7887;1
7888;0
7889;0
7890;0
7891;0
7892;1
7893;1
7894;0
7895;1
7896;0
7897;0
7898;0
7899;0
7900;0
7901;0
7902;1
7903;0
7904;0
7905;0
7906;0
7907;0
7908;0
7909;0
7910;1
7911;0
7912;0
7913;0
7914;0
7915;0
7916;0
7917;0
7918;0
7919;1
7920;0
7921;0
7922;1
7923;0
7924;0
7925;0
7926;0
7927;0
7928;0
7929;0
7930;0
7931;0
7932;0
7933;1
7934;0
7935;1
7936;0
7937;1
7938;0
7939;1
7940;0
7941;0
7942;0
7943;0
7944;0
7945;0
7946;0
7947;0
7948;1
7949;1
7950;0
7951;0
7952;0
7953;0
7954;0
7955;1
7956;1
7957;0
7958;0
7959;0
7960;0
7961;1
7962;0
7963;0
7964;0
7965;0
7966;0
7967;0
7968;0
7969;1
7970;0
7971;1
7972;1
7973;1
7974;0
7975;0
7976;0
7977;0
7978;0
7979;1
7980;0
7981;0
7982;2
7983;0
7984;0
7985;0
7986;0
7987;0
7988;0
7989;1
7990;0
7991;0
7992;0
7993;0
7994;0
7995;0
7996;0
7997;0
7998;1
7999;0
8000;0
8001;0
8002;0
8003;0
8004;0
8005;0
8006;0
8007;0
8008;0
8009;0
8010;0
8011;1
8012;0
8013;0
8014;0
8015;0
8016;0
8017;0
8018;0
8019;0
8020;0
8021;0
8022;0
8023;0
8024;0
8025;1
8026;0
8027;0
8028;1
8029;0
8030;0
8031;0
8032;0
8033;0
8034;1
8035;0
8036;0
8037;0
8038;0
8039;0
8040;0
8041;0
8042;0
8043;0
8044;0
8045;0
8046;0
8047;0
8048;0
8049;1
8050;0
8051;0
8052;0
8053;0
8054;0
8055;0
8056;0
8057;0
8058;0
8059;0
8060;0
8061;0
8062;0
8063;0
8064;0
8065;0
8066;0
8067;0
8068;0
8069;0
8070;0
8071;0
8072;0
8073;0
8074;0
8075;0
8076;0
8077;0
8078;0
8079;0
8080;0
8081;0
8082;0
8083;0
8084;0
8085;0
8086;0
8087;0
8088;0
8089;0
8090;0
8091;0
8092;0
8093;0
8094;0
8095;0
8096;0
8097;0
8098;0
8099;0
8100;0
8101;0
8102;0
8103;0
8104;0
8105;0
8106;0
8107;0
8108;0
8109;0
8110;0
8111;0
8112;0
8113;0
8114;0
8115;0
8116;0
8117;0
8118;0
8119;0
8120;0
8121;0
8122;0
8123;0
8124;0
8125;0
8126;0
8127;0
8128;0
8129;0
8130;0
8131;0
8132;0
8133;0
8134;0
8135;0
8136;0
8137;0
8138;0
8139;0
8140;0
8141;0
8142;0
8143;0
8144;0
8145;0
8146;0
8147;0
8148;0
8149;0
8150;0
8151;0
8152;0
8153;0
8154;0
8155;0
8156;0
8157;0
8158;0
8159;0
8160;0
8161;0
8162;0
8163;0
8164;0
8165;0
8166;0
8167;0
8168;0
8169;0
8170;0
8171;0
8172;0
8173;0
8174;0
8175;0
8176;0
8177;0
8178;0
8179;0
8180;0
8181;0
8182;0
8183;0
8184;0
8185;0
8186;0
8187;0
8188;0
8189;0
8190;0
8191;0
