0;0
1;0
2;0
3;0
4;0
5;0
6;0
7;0
8;0
9;0
10;0
11;0
12;0
13;0
14;0
15;0
16;0
17;0
18;0
19;0
20;0
21;0
22;0
23;0
24;0
25;0
26;0
27;0
28;0
29;0
30;0
31;0
32;0
33;0
34;0
35;0
36;0
37;0
38;0
39;0
40;0
41;0
42;0
43;0
44;0
45;0
46;0
47;0
48;0
49;0
50;0
51;0
52;0
53;0
54;0
55;0
56;0
57;0
58;0
59;0
60;0
61;0
62;0
63;0
64;0
65;0
66;0
67;0
68;0
69;0
70;0
71;0
72;0
73;0
74;0
75;0
76;0
77;0
78;0
79;0
80;0
81;0
82;0
83;0
84;0
85;0
86;0
87;0
88;0
89;0
90;0
91;0
92;0
93;0
94;0
95;0
96;0
97;0
98;0
99;0
100;0
101;0
102;0
103;0
104;0
105;0
106;0
107;0
108;0
109;0
110;0
111;0
112;0
113;0
114;0
115;0
116;0
117;0
118;0
119;0
120;0
121;0
122;0
123;0
124;0
125;0
126;0
127;0
128;0
129;0
130;0
131;0
132;0
133;0
134;0
135;1
136;0
137;0
138;0
139;1
140;0
141;0
142;0
143;0
144;0
145;0
146;0
147;1
148;0
149;1
150;0
151;0
152;0
153;1
154;0
155;0
156;0
157;0
158;0
159;0
160;0
161;0
162;1
163;0
164;0
165;1
166;1
167;0
168;0
169;0
170;0
171;0
172;0
173;0
174;0
175;1
176;0
177;0
178;0
179;2
180;0
181;0
182;0
183;0
184;0
185;0
186;0
187;0
188;0
189;0
190;0
191;0
192;0
193;1
194;2
195;0
196;1
197;0
198;0
199;0
200;0
201;1
202;0
203;0
204;1
205;0
206;1
207;0
208;0
209;0
210;1
211;0
212;1
213;1
214;1
215;0
216;0
217;0
218;0
219;0
220;0
221;0
222;1
223;0
224;0
225;0
226;0
227;0
228;1
229;0
230;1
231;0
232;0
233;0
234;0
235;0
236;0
237;1
238;1
239;1
240;0
241;0
242;0
243;1
244;2
245;1
246;0
247;1
248;0
249;0
250;0
251;1
252;0
253;0
254;0
255;2
256;1
257;0
258;0
259;0
260;1
261;0
262;0
263;0
264;0
265;0
266;0
267;0
268;1
269;0
270;0
271;1
272;0
273;0
274;0
275;0
276;0
277;0
278;0
279;1
280;0
281;0
282;0
283;1
284;0
285;0
286;0
287;0
288;0
289;0
290;0
291;1
292;0
293;0
294;0
295;0
296;0
297;0
298;0
299;1
300;0
301;0
302;0
303;0
304;0
305;0
306;1
307;0
308;0
309;0
310;0
311;0
312;1
313;0
314;0
315;0
316;0
317;1
318;0
319;0
320;0
321;0
322;0
323;0
324;1
325;0
326;0
327;1
328;0
329;0
330;0
331;0
332;0
333;0
334;0
335;0
336;0
337;1
338;0
339;0
340;0
341;0
342;1
343;0
344;1
345;1
346;1
347;0
348;0
349;1
350;0
351;0
352;1
353;0
354;0
355;1
356;0
357;0
358;0
359;0
360;0
361;1
362;0
363;0
364;0
365;2
366;1
367;0
368;1
369;1
370;0
371;0
372;0
373;0
374;0
375;0
376;0
377;0
378;0
379;0
380;1
381;0
382;0
383;0
384;1
385;0
386;0
387;0
388;0
389;0
390;0
391;1
392;0
393;0
394;0
395;0
396;0
397;1
398;1
399;0
400;1
401;1
402;0
403;0
404;0
405;1
406;0
407;0
408;0
409;0
410;1
411;1
412;1
413;0
414;0
415;0
416;0
417;0
418;0
419;0
420;0
421;0
422;0
423;0
424;0
425;0
426;0
427;1
428;0
429;0
430;0
431;1
432;0
433;0
434;1
435;0
436;0
437;0
438;0
439;0
440;0
441;0
442;0
443;0
444;0
445;0
446;1
447;0
448;0
449;0
450;0
451;0
452;1
453;0
454;0
455;0
456;1
457;0
458;1
459;0
460;0
461;0
462;0
463;0
464;0
465;1
466;0
467;0
468;0
469;0
470;0
471;0
472;0
473;0
474;1
475;0
476;0
477;0
478;0
479;1
480;1
481;0
482;0
483;1
484;0
485;0
486;0
487;1
488;0
489;0
490;0
491;0
492;0
493;1
494;0
495;1
496;0
497;0
498;1
499;0
500;0
501;0
502;0
503;0
504;0
505;0
506;0
507;0
508;0
509;0
510;0
511;1
512;1
513;0
514;0
515;1
516;1
517;0
518;0
519;1
520;0
521;0
522;0
523;0
524;0
525;0
526;1
527;1
528;0
529;0
530;0
531;0
532;0
533;0
534;0
535;0
536;0
537;0
538;0
539;0
540;1
541;0
542;0
543;1
544;0
545;0
546;0
547;1
548;2
549;0
550;0
551;1
552;0
553;0
554;0
555;0
556;1
557;1
558;0
559;0
560;1
561;1
562;0
563;0
564;0
565;0
566;0
567;0
568;0
569;0
570;0
571;0
572;0
573;0
574;0
575;0
576;0
577;0
578;2
579;0
580;0
581;0
582;1
583;0
584;0
585;1
586;1
587;0
588;1
589;0
590;1
591;1
592;0
593;0
594;0
595;2
596;2
597;0
598;0
599;1
600;0
601;1
602;4
603;0
604;0
605;2
606;0
607;2
608;0
609;1
610;2
611;1
612;0
613;1
614;1
615;1
616;0
617;0
618;2
619;0
620;0
621;0
622;1
623;1
624;3
625;1
626;0
627;0
628;1
629;0
630;0
631;2
632;0
633;2
634;0
635;0
636;0
637;1
638;0
639;1
640;1
641;0
642;1
643;1
644;1
645;2
646;1
647;0
648;1
649;1
650;4
651;1
652;0
653;0
654;3
655;1
656;2
657;0
658;0
659;0
660;3
661;0
662;0
663;1
664;1
665;2
666;4
667;3
668;0
669;1
670;1
671;2
672;1
673;0
674;4
675;2
676;2
677;1
678;2
679;1
680;2
681;1
682;0
683;4
684;2
685;2
686;2
687;3
688;2
689;1
690;2
691;2
692;0
693;2
694;1
695;2
696;1
697;2
698;3
699;5
700;2
701;0
702;4
703;2
704;1
705;2
706;1
707;3
708;2
709;1
710;0
711;0
712;3
713;3
714;1
715;3
716;1
717;1
718;1
719;1
720;2
721;3
722;4
723;2
724;1
725;6
726;4
727;0
728;1
729;2
730;7
731;5
732;1
733;1
734;1
735;2
736;3
737;4
738;6
739;3
740;2
741;3
742;3
743;5
744;2
745;7
746;0
747;2
748;3
749;1
750;3
751;2
752;5
753;3
754;3
755;3
756;4
757;2
758;1
759;3
760;5
761;2
762;1
763;3
764;1
765;2
766;4
767;5
768;6
769;4
770;5
771;5
772;5
773;3
774;6
775;7
776;4
777;11
778;5
779;3
780;4
781;5
782;6
783;2
784;6
785;9
786;5
787;5
788;3
789;2
790;4
791;8
792;5
793;2
794;8
795;3
796;9
797;5
798;4
799;7
800;6
801;4
802;6
803;8
804;7
805;5
806;7
807;7
808;4
809;4
810;8
811;5
812;6
813;4
814;5
815;2
816;4
817;9
818;3
819;3
820;8
821;5
822;6
823;11
824;3
825;8
826;5
827;14
828;10
829;7
830;6
831;7
832;12
833;7
834;7
835;5
836;8
837;8
838;10
839;11
840;5
841;5
842;8
843;8
844;11
845;9
846;6
847;7
848;14
849;10
850;9
851;9
852;4
853;11
854;9
855;17
856;14
857;10
858;13
859;13
860;9
861;11
862;8
863;13
864;11
865;7
866;12
867;17
868;9
869;9
870;7
871;11
872;9
873;7
874;11
875;10
876;11
877;11
878;11
879;11
880;14
881;8
882;14
883;14
884;7
885;11
886;15
887;15
888;10
889;8
890;15
891;12
892;15
893;11
894;14
895;14
896;17
897;7
898;14
899;12
900;12
901;13
902;10
903;12
904;13
905;14
906;11
907;13
908;14
909;16
910;16
911;16
912;16
913;21
914;15
915;17
916;14
917;15
918;24
919;11
920;15
921;16
922;17
923;11
924;21
925;17
926;25
927;20
928;16
929;15
930;19
931;16
932;24
933;19
934;15
935;15
936;14
937;15
938;14
939;21
940;29
941;17
942;31
943;10
944;15
945;11
946;12
947;22
948;25
949;16
950;14
951;21
952;20
953;28
954;17
955;23
956;19
957;23
958;17
959;25
960;18
961;16
962;27
963;19
964;20
965;13
966;12
967;19
968;16
969;19
970;18
971;22
972;17
973;20
974;21
975;21
976;25
977;19
978;27
979;27
980;20
981;21
982;28
983;21
984;22
985;19
986;21
987;20
988;20
989;14
990;29
991;17
992;17
993;22
994;22
995;30
996;18
997;23
998;32
999;22
1000;21
1001;26
1002;22
1003;20
1004;24
1005;26
1006;25
1007;25
1008;18
1009;27
1010;8
1011;32
1012;25
1013;29
1014;28
1015;28
1016;29
1017;26
1018;22
1019;23
1020;24
1021;19
1022;24
1023;22
1024;23
1025;31
1026;27
1027;28
1028;18
1029;26
1030;33
1031;22
1032;34
1033;24
1034;23
1035;28
1036;34
1037;20
1038;25
1039;28
1040;26
1041;25
1042;23
1043;29
1044;37
1045;35
1046;30
1047;34
1048;27
1049;22
1050;30
1051;35
1052;33
1053;36
1054;31
1055;25
1056;36
1057;28
1058;33
1059;29
1060;37
1061;31
1062;34
1063;28
1064;35
1065;37
1066;39
1067;26
1068;40
1069;36
1070;38
1071;32
1072;37
1073;40
1074;41
1075;41
1076;36
1077;27
1078;42
1079;36
1080;32
1081;21
1082;38
1083;35
1084;30
1085;41
1086;35
1087;32
1088;33
1089;27
1090;34
1091;42
1092;43
1093;38
1094;36
1095;56
1096;35
1097;36
1098;39
1099;47
1100;40
1101;32
1102;31
1103;38
1104;38
1105;34
1106;29
1107;36
1108;48
1109;34
1110;28
1111;49
1112;43
1113;60
1114;45
1115;42
1116;30
1117;41
1118;41
1119;26
1120;38
1121;42
1122;40
1123;44
1124;51
1125;38
1126;58
1127;44
1128;37
1129;45
1130;49
1131;37
1132;51
1133;49
1134;39
1135;37
1136;38
1137;44
1138;37
1139;49
1140;51
1141;51
1142;44
1143;48
1144;38
1145;44
1146;43
1147;40
1148;56
1149;41
1150;59
1151;39
1152;50
1153;46
1154;59
1155;34
1156;47
1157;52
1158;52
1159;49
1160;60
1161;55
1162;42
1163;44
1164;51
1165;48
1166;50
1167;49
1168;48
1169;42
1170;51
1171;50
1172;41
1173;44
1174;55
1175;49
1176;63
1177;56
1178;38
1179;51
1180;67
1181;39
1182;46
1183;54
1184;66
1185;50
1186;49
1187;40
1188;57
1189;62
1190;50
1191;47
1192;32
1193;58
1194;75
1195;43
1196;60
1197;50
1198;59
1199;68
1200;46
1201;53
1202;49
1203;54
1204;53
1205;61
1206;61
1207;55
1208;58
1209;50
1210;50
1211;54
1212;42
1213;65
1214;59
1215;50
1216;53
1217;56
1218;62
1219;58
1220;60
1221;48
1222;51
1223;63
1224;64
1225;48
1226;55
1227;68
1228;58
1229;63
1230;53
1231;48
1232;64
1233;65
1234;60
1235;50
1236;66
1237;38
1238;55
1239;61
1240;55
1241;60
1242;66
1243;64
1244;77
1245;74
1246;60
1247;45
1248;53
1249;67
1250;65
1251;57
1252;65
1253;64
1254;68
1255;59
1256;83
1257;65
1258;57
1259;64
1260;56
1261;54
1262;63
1263;61
1264;65
1265;57
1266;59
1267;67
1268;68
1269;65
1270;61
1271;73
1272;62
1273;65
1274;62
1275;66
1276;68
1277;56
1278;59
1279;64
1280;64
1281;72
1282;74
1283;67
1284;67
1285;61
1286;59
1287;87
1288;66
1289;72
1290;61
1291;67
1292;77
1293;69
1294;61
1295;66
1296;73
1297;57
1298;69
1299;67
1300;68
1301;64
1302;82
1303;79
1304;56
1305;80
1306;74
1307;63
1308;75
1309;78
1310;70
1311;62
1312;62
1313;67
1314;81
1315;67
1316;70
1317;74
1318;73
1319;80
1320;60
1321;72
1322;69
1323;89
1324;90
1325;68
1326;63
1327;66
1328;80
1329;83
1330;83
1331;65
1332;70
1333;67
1334;61
1335;67
1336;54
1337;61
1338;74
1339;101
1340;72
1341;89
1342;69
1343;73
1344;69
1345;75
1346;63
1347;63
1348;74
1349;64
1350;76
1351;75
1352;70
1353;70
1354;88
1355;66
1356;87
1357;80
1358;68
1359;65
1360;76
1361;65
1362;88
1363;87
1364;81
1365;57
1366;61
1367;83
1368;73
1369;64
1370;58
1371;81
1372;74
1373;84
1374;86
1375;85
1376;81
1377;65
1378;94
1379;69
1380;75
1381;68
1382;87
1383;86
1384;74
1385;80
1386;78
1387;71
1388;75
1389;75
1390;91
1391;83
1392;81
1393;83
1394;85
1395;75
1396;85
1397;68
1398;77
1399;100
1400;78
1401;92
1402;71
1403;71
1404;79
1405;80
1406;67
1407;83
1408;89
1409;93
1410;70
1411;81
1412;68
1413;80
1414;73
1415;71
1416;73
1417;88
1418;62
1419;95
1420;83
1421;76
1422;93
1423;85
1424;97
1425;80
1426;90
1427;81
1428;89
1429;70
1430;90
1431;80
1432;93
1433;66
1434;89
1435;82
1436;87
1437;77
1438;77
1439;78
1440;91
1441;89
1442;94
1443;87
1444;87
1445;90
1446;75
1447;69
1448;71
1449;82
1450;85
1451;85
1452;79
1453;77
1454;70
1455;100
1456;79
1457;72
1458;93
1459;90
1460;94
1461;66
1462;81
1463;91
1464;85
1465;81
1466;86
1467;88
1468;96
1469;71
1470;70
1471;81
1472;88
1473;86
1474;77
1475;89
1476;84
1477;97
1478;97
1479;95
1480;91
1481;78
1482;88
1483;83
1484;99
1485;99
1486;97
1487;84
1488;74
1489;88
1490;72
1491;72
1492;90
1493;84
1494;84
1495;72
1496;105
1497;95
1498;79
1499;81
1500;90
1501;73
1502;84
1503;89
1504;80
1505;97
1506;86
1507;100
1508;84
1509;77
1510;82
1511;91
1512;96
1513;93
1514;76
1515;81
1516;95
1517;85
1518;83
1519;83
1520;80
1521;71
1522;87
1523;89
1524;82
1525;86
1526;81
1527;77
1528;92
1529;83
1530;89
1531;98
1532;86
1533;92
1534;96
1535;114
1536;62
1537;74
1538;86
1539;80
1540;89
1541;101
1542;94
1543;93
1544;88
1545;74
1546;97
1547;92
1548;93
1549;78
1550;66
1551;76
1552;103
1553;84
1554;80
1555;93
1556;87
1557;78
1558;83
1559;97
1560;86
1561;86
1562;88
1563;89
1564;84
1565;84
1566;83
1567;86
1568;83
1569;100
1570;83
1571;82
1572;97
1573;89
1574;85
1575;90
1576;112
1577;82
1578;90
1579;94
1580;86
1581;84
1582;87
1583;114
1584;80
1585;84
1586;89
1587;78
1588;99
1589;106
1590;105
1591;84
1592;80
1593;97
1594;88
1595;86
1596;81
1597;82
1598;90
1599;75
1600;80
1601;101
1602;107
1603;96
1604;82
1605;76
1606;85
1607;120
1608;105
1609;88
1610;84
1611;103
1612;95
1613;87
1614;101
1615;77
1616;88
1617;86
1618;79
1619;81
1620;102
1621;73
1622;91
1623;99
1624;80
1625;103
1626;93
1627;97
1628;90
1629;86
1630;93
1631;84
1632;89
1633;83
1634;78
1635;87
1636;80
1637;90
1638;89
1639;86
1640;88
1641;97
1642;92
1643;77
1644;90
1645;70
1646;87
1647;76
1648;86
1649;79
1650;94
1651;84
1652;73
1653;83
1654;86
1655;86
1656;99
1657;87
1658;81
1659;73
1660;89
1661;70
1662;97
1663;89
1664;94
1665;98
1666;80
1667;98
1668;81
1669;85
1670;86
1671;96
1672;71
1673;98
1674;88
1675;94
1676;82
1677;82
1678;67
1679;85
1680;88
1681;108
1682;72
1683;84
1684;90
1685;86
1686;84
1687;102
1688;84
1689;98
1690;85
1691;82
1692;83
1693;91
1694;87
1695;91
1696;103
1697;100
1698;82
1699;71
1700;107
1701;91
1702;81
1703;90
1704;81
1705;87
1706;88
1707;83
1708;94
1709;81
1710;98
1711;95
1712;83
1713;74
1714;103
1715;99
1716;80
1717;90
1718;73
1719;114
1720;80
1721;89
1722;100
1723;68
1724;103
1725;93
1726;83
1727;95
1728;90
1729;79
1730;95
1731;99
1732;101
1733;82
1734;80
1735;71
1736;89
1737;74
1738;88
1739;93
1740;77
1741;94
1742;87
1743;85
1744;92
1745;80
1746;81
1747;82
1748;111
1749;78
1750;70
1751;102
1752;77
1753;70
1754;82
1755;90
1756;79
1757;102
1758;92
1759;76
1760;81
1761;90
1762;92
1763;81
1764;87
1765;69
1766;76
1767;99
1768;77
1769;83
1770;74
1771;89
1772;90
1773;75
1774;112
1775;102
1776;77
1777;83
1778;87
1779;93
1780;94
1781;96
1782;74
1783;86
1784;92
1785;105
1786;72
1787;77
1788;77
1789;94
1790;94
1791;92
1792;79
1793;78
1794;92
1795;91
1796;79
1797;98
1798;69
1799;91
1800;87
1801;79
1802;79
1803;81
1804;95
1805;92
1806;86
1807;89
1808;91
1809;72
1810;72
1811;96
1812;98
1813;78
1814;82
1815;93
1816;93
1817;81
1818;81
1819;77
1820;89
1821;67
1822;84
1823;95
1824;77
1825;82
1826;101
1827;91
1828;69
1829;87
1830;90
1831;74
1832;76
1833;85
1834;91
1835;71
1836;83
1837;80
1838;81
1839;95
1840;82
1841;92
1842;100
1843;72
1844;94
1845;72
1846;85
1847;79
1848;73
1849;87
1850;81
1851;70
1852;90
1853;85
1854;64
1855;87
1856;77
1857;82
1858;77
1859;88
1860;89
1861;93
1862;87
1863;67
1864;79
1865;82
1866;83
1867;91
1868;98
1869;87
1870;88
1871;77
1872;87
1873;78
1874;75
1875;84
1876;88
1877;91
1878;66
1879;82
1880;68
1881;84
1882;88
1883;80
1884;76
1885;87
1886;98
1887;78
1888;74
1889;74
1890;90
1891;79
1892;87
1893;90
1894;83
1895;78
1896;85
1897;105
1898;87
1899;80
1900;87
1901;76
1902;77
1903;84
1904;87
1905;96
1906;85
1907;105
1908;71
1909;72
1910;82
1911;67
1912;87
1913;71
1914;80
1915;95
1916;72
1917;71
1918;79
1919;85
1920;94
1921;80
1922;77
1923;66
1924;76
1925;79
1926;104
1927;66
1928;84
1929;81
1930;82
1931;79
1932;91
1933;77
1934;79
1935;77
1936;82
1937;99
1938;71
1939;100
1940;71
1941;78
1942;80
1943;88
1944;83
1945;74
1946;79
1947;80
1948;81
1949;86
1950;89
1951;64
1952;77
1953;99
1954;83
1955;81
1956;82
1957;80
1958;79
1959;76
1960;92
1961;74
1962;73
1963;85
1964;87
1965;85
1966;90
1967;89
1968;87
1969;80
1970;74
1971;69
1972;69
1973;78
1974;89
1975;75
1976;84
1977;60
1978;68
1979;75
1980;84
1981;84
1982;66
1983;90
1984;80
1985;75
1986;75
1987;77
1988;84
1989;87
1990;82
1991;94
1992;73
1993;82
1994;87
1995;88
1996;83
1997;84
1998;83
1999;83
2000;72
2001;87
2002;77
2003;77
2004;76
2005;69
2006;70
2007;98
2008;73
2009;66
2010;78
2011;78
2012;56
2013;87
2014;81
2015;68
2016;68
2017;70
2018;59
2019;72
2020;70
2021;98
2022;71
2023;76
2024;78
2025;73
2026;74
2027;81
2028;77
2029;80
2030;88
2031;72
2032;79
2033;82
2034;86
2035;82
2036;74
2037;75
2038;67
2039;74
2040;79
2041;80
2042;83
2043;71
2044;70
2045;88
2046;91
2047;83
2048;75
2049;73
2050;65
2051;87
2052;72
2053;74
2054;68
2055;72
2056;75
2057;90
2058;77
2059;70
2060;70
2061;73
2062;86
2063;73
2064;72
2065;78
2066;73
2067;68
2068;73
2069;71
2070;59
2071;71
2072;77
2073;74
2074;79
2075;68
2076;76
2077;85
2078;74
2079;73
2080;55
2081;60
2082;65
2083;69
2084;74
2085;78
2086;77
2087;75
2088;72
2089;61
2090;75
2091;80
2092;86
2093;76
2094;76
2095;85
2096;62
2097;88
2098;79
2099;77
2100;71
2101;72
2102;65
2103;66
2104;74
2105;67
2106;57
2107;72
2108;68
2109;77
2110;61
2111;69
2112;80
2113;72
2114;69
2115;76
2116;64
2117;73
2118;66
2119;76
2120;70
2121;59
2122;84
2123;78
2124;64
2125;75
2126;63
2127;79
2128;54
2129;85
2130;76
2131;66
2132;62
2133;76
2134;80
2135;61
2136;87
2137;64
2138;65
2139;68
2140;73
2141;69
2142;73
2143;63
2144;68
2145;78
2146;62
2147;79
2148;82
2149;67
2150;78
2151;67
2152;70
2153;70
2154;62
2155;63
2156;68
2157;65
2158;71
2159;63
2160;80
2161;54
2162;70
2163;70
2164;57
2165;67
2166;79
2167;55
2168;71
2169;67
2170;64
2171;74
2172;59
2173;74
2174;64
2175;73
2176;67
2177;72
2178;56
2179;65
2180;61
2181;67
2182;87
2183;81
2184;75
2185;63
2186;74
2187;74
2188;88
2189;62
2190;81
2191;74
2192;61
2193;70
2194;66
2195;86
2196;76
2197;66
2198;77
2199;61
2200;73
2201;60
2202;67
2203;71
2204;60
2205;59
2206;61
2207;61
2208;53
2209;64
2210;57
2211;72
2212;65
2213;64
2214;71
2215;66
2216;59
2217;61
2218;58
2219;65
2220;66
2221;62
2222;76
2223;59
2224;78
2225;52
2226;44
2227;67
2228;63
2229;59
2230;61
2231;86
2232;57
2233;60
2234;63
2235;69
2236;50
2237;55
2238;53
2239;67
2240;57
2241;58
2242;55
2243;57
2244;71
2245;73
2246;70
2247;56
2248;64
2249;57
2250;62
2251;69
2252;63
2253;56
2254;65
2255;47
2256;65
2257;52
2258;75
2259;72
2260;63
2261;64
2262;57
2263;70
2264;57
2265;52
2266;63
2267;65
2268;66
2269;55
2270;59
2271;52
2272;62
2273;56
2274;54
2275;60
2276;68
2277;61
2278;54
2279;61
2280;65
2281;57
2282;58
2283;60
2284;55
2285;63
2286;60
2287;63
2288;61
2289;47
2290;55
2291;54
2292;65
2293;64
2294;69
2295;51
2296;55
2297;56
2298;58
2299;65
2300;55
2301;70
2302;61
2303;41
2304;59
2305;69
2306;57
2307;70
2308;48
2309;54
2310;71
2311;50
2312;52
2313;52
2314;58
2315;54
2316;64
2317;66
2318;57
2319;70
2320;61
2321;59
2322;52
2323;48
2324;76
2325;63
2326;74
2327;48
2328;60
2329;58
2330;57
2331;66
2332;72
2333;53
2334;78
2335;46
2336;56
2337;49
2338;62
2339;61
2340;75
2341;60
2342;53
2343;56
2344;56
2345;51
2346;57
2347;64
2348;55
2349;46
2350;45
2351;64
2352;57
2353;63
2354;58
2355;62
2356;50
2357;66
2358;62
2359;62
2360;64
2361;67
2362;69
2363;41
2364;46
2365;41
2366;51
2367;50
2368;67
2369;43
2370;49
2371;55
2372;47
2373;62
2374;45
2375;60
2376;49
2377;65
2378;45
2379;48
2380;58
2381;54
2382;55
2383;45
2384;56
2385;53
2386;50
2387;66
2388;52
2389;63
2390;55
2391;56
2392;47
2393;51
2394;45
2395;53
2396;48
2397;66
2398;51
2399;54
2400;54
2401;50
2402;58
2403;56
2404;48
2405;56
2406;45
2407;54
2408;58
2409;62
2410;65
2411;39
2412;50
2413;47
2414;63
2415;47
2416;45
2417;37
2418;56
2419;50
2420;58
2421;53
2422;52
2423;60
2424;57
2425;52
2426;67
2427;46
2428;43
2429;57
2430;52
2431;41
2432;64
2433;60
2434;52
2435;41
2436;56
2437;44
2438;46
2439;40
2440;40
2441;49
2442;44
2443;45
2444;39
2445;49
2446;63
2447;52
2448;64
2449;49
2450;43
2451;50
2452;63
2453;41
2454;47
2455;46
2456;48
2457;50
2458;62
2459;56
2460;44
2461;47
2462;54
2463;53
2464;46
2465;55
2466;41
2467;44
2468;47
2469;46
2470;49
2471;52
2472;47
2473;41
2474;63
2475;61
2476;50
2477;48
2478;41
2479;46
2480;50
2481;41
2482;44
2483;46
2484;44
2485;51
2486;46
2487;55
2488;44
2489;45
2490;52
2491;51
2492;51
2493;48
2494;47
2495;62
2496;60
2497;47
2498;53
2499;44
2500;58
2501;54
2502;41
2503;36
2504;48
2505;48
2506;56
2507;45
2508;52
2509;47
2510;45
2511;45
2512;50
2513;45
2514;49
2515;39
2516;56
2517;45
2518;48
2519;37
2520;40
2521;37
2522;49
2523;51
2524;47
2525;46
2526;49
2527;57
2528;58
2529;43
2530;37
2531;46
2532;54
2533;47
2534;53
2535;41
2536;50
2537;51
2538;39
2539;54
2540;45
2541;39
2542;43
2543;44
2544;34
2545;38
2546;46
2547;45
2548;34
2549;50
2550;36
2551;38
2552;57
2553;46
2554;39
2555;50
2556;43
2557;43
2558;51
2559;41
2560;43
2561;56
2562;45
2563;40
2564;32
2565;33
2566;53
2567;48
2568;42
2569;44
2570;27
2571;41
2572;43
2573;53
2574;32
2575;45
2576;40
2577;51
2578;42
2579;44
2580;49
2581;47
2582;50
2583;34
2584;44
2585;37
2586;37
2587;35
2588;48
2589;34
2590;58
2591;39
2592;45
2593;58
2594;50
2595;36
2596;35
2597;41
2598;41
2599;47
2600;42
2601;31
2602;38
2603;39
2604;49
2605;43
2606;43
2607;48
2608;39
2609;45
2610;43
2611;41
2612;48
2613;51
2614;37
2615;46
2616;40
2617;42
2618;40
2619;35
2620;44
2621;40
2622;35
2623;44
2624;39
2625;51
2626;32
2627;42
2628;37
2629;42
2630;44
2631;47
2632;38
2633;39
2634;42
2635;49
2636;38
2637;34
2638;32
2639;36
2640;39
2641;32
2642;38
2643;40
2644;44
2645;39
2646;45
2647;46
2648;40
2649;43
2650;42
2651;34
2652;48
2653;32
2654;41
2655;30
2656;51
2657;55
2658;45
2659;39
2660;34
2661;46
2662;32
2663;40
2664;40
2665;40
2666;32
2667;50
2668;30
2669;33
2670;35
2671;33
2672;36
2673;39
2674;42
2675;34
2676;27
2677;38
2678;37
2679;38
2680;36
2681;32
2682;43
2683;46
2684;43
2685;41
2686;41
2687;35
2688;27
2689;40
2690;46
2691;32
2692;51
2693;35
2694;34
2695;32
2696;43
2697;39
2698;32
2699;38
2700;28
2701;55
2702;30
2703;38
2704;43
2705;43
2706;42
2707;33
2708;28
2709;36
2710;52
2711;39
2712;36
2713;32
2714;35
2715;35
2716;36
2717;38
2718;40
2719;44
2720;45
2721;34
2722;33
2723;46
2724;27
2725;43
2726;37
2727;38
2728;33
2729;33
2730;34
2731;42
2732;35
2733;36
2734;36
2735;51
2736;35
2737;35
2738;41
2739;33
2740;35
2741;42
2742;40
2743;35
2744;29
2745;34
2746;26
2747;41
2748;37
2749;31
2750;41
2751;28
2752;38
2753;37
2754;40
2755;33
2756;42
2757;37
2758;34
2759;30
2760;29
2761;44
2762;37
2763;39
2764;27
2765;34
2766;47
2767;33
2768;31
2769;25
2770;35
2771;32
2772;29
2773;39
2774;33
2775;30
2776;36
2777;37
2778;32
2779;34
2780;32
2781;25
2782;41
2783;36
2784;45
2785;24
2786;29
2787;30
2788;32
2789;30
2790;25
2791;33
2792;25
2793;42
2794;29
2795;35
2796;26
2797;36
2798;37
2799;32
2800;27
2801;25
2802;38
2803;32
2804;40
2805;34
2806;34
2807;38
2808;29
2809;37
2810;28
2811;42
2812;30
2813;35
2814;33
2815;37
2816;37
2817;33
2818;24
2819;36
2820;29
2821;22
2822;38
2823;41
2824;42
2825;24
2826;31
2827;27
2828;40
2829;31
2830;30
2831;31
2832;28
2833;35
2834;32
2835;31
2836;27
2837;31
2838;34
2839;28
2840;23
2841;38
2842;32
2843;30
2844;35
2845;32
2846;46
2847;42
2848;30
2849;35
2850;32
2851;34
2852;26
2853;31
2854;26
2855;29
2856;28
2857;25
2858;36
2859;27
2860;33
2861;33
2862;23
2863;31
2864;29
2865;32
2866;29
2867;14
2868;30
2869;25
2870;20
2871;38
2872;26
2873;28
2874;28
2875;29
2876;23
2877;21
2878;28
2879;49
2880;33
2881;28
2882;40
2883;33
2884;29
2885;30
2886;32
2887;29
2888;36
2889;26
2890;36
2891;31
2892;24
2893;29
2894;30
2895;36
2896;32
2897;34
2898;22
2899;25
2900;29
2901;45
2902;37
2903;39
2904;26
2905;21
2906;23
2907;40
2908;34
2909;32
2910;32
2911;33
2912;25
2913;34
2914;20
2915;24
2916;27
2917;34
2918;33
2919;29
2920;31
2921;29
2922;32
2923;22
2924;31
2925;25
2926;21
2927;29
2928;28
2929;24
2930;33
2931;32
2932;35
2933;34
2934;34
2935;22
2936;35
2937;30
2938;28
2939;21
2940;26
2941;23
2942;27
2943;31
2944;26
2945;32
2946;23
2947;41
2948;29
2949;28
2950;27
2951;24
2952;34
2953;25
2954;26
2955;34
2956;27
2957;31
2958;27
2959;25
2960;26
2961;28
2962;29
2963;38
2964;25
2965;25
2966;27
2967;24
2968;18
2969;35
2970;31
2971;34
2972;25
2973;25
2974;29
2975;31
2976;31
2977;33
2978;25
2979;16
2980;29
2981;30
2982;28
2983;33
2984;24
2985;27
2986;27
2987;16
2988;27
2989;17
2990;29
2991;22
2992;25
2993;20
2994;28
2995;21
2996;24
2997;30
2998;34
2999;23
3000;22
3001;24
3002;25
3003;28
3004;34
3005;18
3006;24
3007;21
3008;18
3009;33
3010;18
3011;29
3012;25
3013;28
3014;21
3015;21
3016;26
3017;25
3018;22
3019;27
3020;24
3021;21
3022;27
3023;26
3024;21
3025;15
3026;32
3027;21
3028;25
3029;25
3030;28
3031;21
3032;30
3033;28
3034;27
3035;19
3036;33
3037;19
3038;27
3039;24
3040;30
3041;31
3042;23
3043;17
3044;18
3045;16
3046;27
3047;21
3048;21
3049;25
3050;18
3051;21
3052;21
3053;20
3054;31
3055;19
3056;22
3057;29
3058;26
3059;30
3060;30
3061;25
3062;22
3063;18
3064;19
3065;22
3066;21
3067;22
3068;18
3069;28
3070;20
3071;27
3072;23
3073;18
3074;32
3075;24
3076;26
3077;24
3078;23
3079;21
3080;20
3081;23
3082;23
3083;18
3084;25
3085;23
3086;24
3087;18
3088;20
3089;26
3090;23
3091;26
3092;19
3093;28
3094;21
3095;24
3096;23
3097;22
3098;23
3099;22
3100;26
3101;22
3102;20
3103;20
3104;21
3105;19
3106;18
3107;16
3108;16
3109;26
3110;25
3111;26
3112;27
3113;21
3114;21
3115;21
3116;31
3117;23
3118;19
3119;17
3120;23
3121;17
3122;24
3123;18
3124;17
3125;18
3126;16
3127;15
3128;27
3129;23
3130;17
3131;20
3132;18
3133;16
3134;23
3135;12
3136;15
3137;18
3138;17
3139;21
3140;25
3141;24
3142;19
3143;23
3144;22
3145;26
3146;26
3147;13
3148;7
3149;13
3150;24
3151;26
3152;24
3153;24
3154;26
3155;14
3156;31
3157;18
3158;21
3159;18
3160;19
3161;17
3162;28
3163;21
3164;25
3165;20
3166;13
3167;12
3168;19
3169;13
3170;19
3171;15
3172;38
3173;37
3174;19
3175;21
3176;17
3177;20
3178;23
3179;29
3180;19
3181;17
3182;19
3183;21
3184;18
3185;18
3186;18
3187;13
3188;17
3189;17
3190;22
3191;23
3192;16
3193;16
3194;16
3195;19
3196;20
3197;24
3198;17
3199;19
3200;13
3201;21
3202;25
3203;18
3204;18
3205;18
3206;16
3207;16
3208;16
3209;24
3210;19
3211;17
3212;25
3213;29
3214;22
3215;23
3216;19
3217;20
3218;23
3219;19
3220;20
3221;17
3222;20
3223;15
3224;24
3225;17
3226;14
3227;20
3228;18
3229;11
3230;20
3231;22
3232;21
3233;14
3234;25
3235;18
3236;18
3237;15
3238;18
3239;18
3240;16
3241;21
3242;22
3243;24
3244;18
3245;18
3246;21
3247;21
3248;14
3249;18
3250;20
3251;17
3252;21
3253;21
3254;18
3255;16
3256;19
3257;10
3258;13
3259;15
3260;17
3261;23
3262;17
3263;15
3264;10
3265;18
3266;22
3267;17
3268;17
3269;23
3270;30
3271;17
3272;20
3273;21
3274;15
3275;15
3276;16
3277;18
3278;15
3279;18
3280;14
3281;15
3282;15
3283;12
3284;24
3285;20
3286;9
3287;25
3288;12
3289;18
3290;21
3291;16
3292;22
3293;21
3294;13
3295;13
3296;17
3297;24
3298;13
3299;15
3300;18
3301;19
3302;16
3303;29
3304;13
3305;14
3306;24
3307;13
3308;11
3309;17
3310;15
3311;18
3312;20
3313;21
3314;11
3315;13
3316;17
3317;19
3318;23
3319;20
3320;16
3321;11
3322;17
3323;18
3324;12
3325;17
3326;18
3327;15
3328;17
3329;14
3330;23
3331;12
3332;14
3333;11
3334;17
3335;21
3336;13
3337;11
3338;12
3339;14
3340;20
3341;17
3342;14
3343;12
3344;18
3345;13
3346;15
3347;15
3348;12
3349;15
3350;15
3351;18
3352;16
3353;18
3354;15
3355;24
3356;20
3357;16
3358;20
3359;19
3360;11
3361;12
3362;16
3363;14
3364;15
3365;17
3366;18
3367;18
3368;14
3369;19
3370;16
3371;16
3372;12
3373;14
3374;13
3375;20
3376;15
3377;15
3378;18
3379;8
3380;18
3381;13
3382;12
3383;15
3384;16
3385;24
3386;16
3387;20
3388;15
3389;12
3390;15
3391;9
3392;20
3393;13
3394;14
3395;22
3396;11
3397;17
3398;15
3399;18
3400;8
3401;13
3402;8
3403;13
3404;11
3405;15
3406;15
3407;12
3408;18
3409;17
3410;15
3411;12
3412;17
3413;15
3414;10
3415;13
3416;10
3417;12
3418;14
3419;16
3420;14
3421;10
3422;15
3423;14
3424;22
3425;13
3426;11
3427;11
3428;11
3429;15
3430;13
3431;15
3432;17
3433;13
3434;9
3435;18
3436;9
3437;13
3438;16
3439;10
3440;9
3441;11
3442;15
3443;12
3444;15
3445;11
3446;17
3447;17
3448;13
3449;18
3450;8
3451;15
3452;13
3453;15
3454;17
3455;14
3456;15
3457;12
3458;11
3459;16
3460;20
3461;13
3462;10
3463;12
3464;11
3465;11
3466;12
3467;10
3468;15
3469;12
3470;9
3471;9
3472;17
3473;14
3474;12
3475;20
3476;13
3477;11
3478;18
3479;13
3480;8
3481;18
3482;11
3483;14
3484;12
3485;16
3486;20
3487;21
3488;8
3489;10
3490;15
3491;11
3492;8
3493;15
3494;18
3495;8
3496;21
3497;15
3498;15
3499;10
3500;13
3501;7
3502;10
3503;10
3504;8
3505;12
3506;8
3507;14
3508;11
3509;15
3510;8
3511;9
3512;13
3513;14
3514;17
3515;9
3516;10
3517;23
3518;14
3519;16
3520;23
3521;11
3522;10
3523;16
3524;14
3525;18
3526;15
3527;17
3528;8
3529;17
3530;17
3531;7
3532;16
3533;14
3534;9
3535;15
3536;13
3537;11
3538;14
3539;6
3540;13
3541;9
3542;16
3543;17
3544;13
3545;9
3546;16
3547;10
3548;13
3549;13
3550;14
3551;11
3552;12
3553;13
3554;10
3555;9
3556;14
3557;14
3558;9
3559;18
3560;8
3561;13
3562;8
3563;20
3564;10
3565;12
3566;15
3567;15
3568;12
3569;10
3570;13
3571;9
3572;6
3573;13
3574;15
3575;13
3576;16
3577;8
3578;16
3579;14
3580;15
3581;11
3582;9
3583;8
3584;12
3585;5
3586;13
3587;12
3588;15
3589;10
3590;8
3591;11
3592;11
3593;14
3594;8
3595;11
3596;11
3597;16
3598;5
3599;21
3600;11
3601;6
3602;16
3603;14
3604;8
3605;9
3606;13
3607;12
3608;11
3609;11
3610;13
3611;15
3612;10
3613;10
3614;7
3615;7
3616;12
3617;15
3618;5
3619;17
3620;16
3621;13
3622;12
3623;14
3624;12
3625;6
3626;6
3627;13
3628;13
3629;13
3630;12
3631;10
3632;7
3633;6
3634;6
3635;7
3636;18
3637;9
3638;8
3639;10
3640;8
3641;8
3642;11
3643;12
3644;6
3645;14
3646;9
3647;11
3648;14
3649;9
3650;15
3651;10
3652;7
3653;9
3654;11
3655;13
3656;6
3657;8
3658;14
3659;8
3660;6
3661;6
3662;10
3663;21
3664;16
3665;9
3666;15
3667;6
3668;11
3669;10
3670;10
3671;8
3672;12
3673;9
3674;12
3675;7
3676;16
3677;11
3678;8
3679;9
3680;18
3681;10
3682;7
3683;13
3684;16
3685;11
3686;15
3687;11
3688;11
3689;9
3690;14
3691;10
3692;7
3693;8
3694;11
3695;17
3696;8
3697;12
3698;10
3699;13
3700;10
3701;18
3702;13
3703;10
3704;7
3705;11
3706;9
3707;10
3708;11
3709;13
3710;5
3711;14
3712;8
3713;10
3714;14
3715;8
3716;6
3717;9
3718;13
3719;10
3720;13
3721;11
3722;8
3723;11
3724;11
3725;6
3726;9
3727;15
3728;8
3729;15
3730;10
3731;9
3732;7
3733;12
3734;11
3735;7
3736;6
3737;10
3738;11
3739;5
3740;8
3741;7
3742;8
3743;8
3744;7
3745;8
3746;3
3747;10
3748;11
3749;13
3750;13
3751;7
3752;7
3753;9
3754;7
3755;9
3756;12
3757;11
3758;9
3759;11
3760;9
3761;6
3762;7
3763;11
3764;8
3765;9
3766;16
3767;7
3768;9
3769;8
3770;7
3771;11
3772;5
3773;9
3774;12
3775;10
3776;8
3777;9
3778;8
3779;10
3780;8
3781;9
3782;18
3783;6
3784;4
3785;3
3786;10
3787;8
3788;7
3789;10
3790;7
3791;8
3792;10
3793;11
3794;10
3795;10
3796;9
3797;9
3798;8
3799;7
3800;6
3801;6
3802;7
3803;7
3804;10
3805;3
3806;5
3807;6
3808;7
3809;6
3810;8
3811;4
3812;9
3813;6
3814;10
3815;9
3816;5
3817;7
3818;4
3819;6
3820;10
3821;16
3822;8
3823;8
3824;5
3825;8
3826;4
3827;8
3828;8
3829;9
3830;11
3831;9
3832;7
3833;8
3834;10
3835;7
3836;6
3837;8
3838;10
3839;16
3840;7
3841;10
3842;7
3843;2
3844;12
3845;7
3846;7
3847;6
3848;3
3849;10
3850;2
3851;4
3852;10
3853;14
3854;9
3855;7
3856;8
3857;7
3858;9
3859;7
3860;10
3861;10
3862;10
3863;6
3864;9
3865;6
3866;8
3867;5
3868;11
3869;4
3870;8
3871;11
3872;10
3873;10
3874;7
3875;5
3876;12
3877;7
3878;9
3879;8
3880;8
3881;8
3882;13
3883;9
3884;5
3885;9
3886;12
3887;6
3888;8
3889;4
3890;8
3891;3
3892;8
3893;4
3894;5
3895;9
3896;10
3897;8
3898;6
3899;6
3900;6
3901;6
3902;3
3903;6
3904;10
3905;7
3906;8
3907;8
3908;5
3909;13
3910;5
3911;10
3912;8
3913;8
3914;6
3915;9
3916;7
3917;7
3918;11
3919;9
3920;8
3921;7
3922;7
3923;6
3924;10
3925;8
3926;14
3927;14
3928;11
3929;5
3930;5
3931;7
3932;6
3933;4
3934;5
3935;7
3936;7
3937;8
3938;11
3939;6
3940;8
3941;4
3942;8
3943;9
3944;2
3945;6
3946;9
3947;6
3948;5
3949;5
3950;7
3951;4
3952;9
3953;6
3954;5
3955;8
3956;10
3957;9
3958;11
3959;7
3960;6
3961;11
3962;9
3963;2
3964;5
3965;8
3966;6
3967;6
3968;6
3969;3
3970;9
3971;8
3972;9
3973;4
3974;5
3975;7
3976;5
3977;5
3978;4
3979;6
3980;12
3981;7
3982;9
3983;8
3984;7
3985;6
3986;6
3987;8
3988;10
3989;9
3990;5
3991;12
3992;8
3993;5
3994;12
3995;12
3996;7
3997;3
3998;6
3999;8
4000;8
4001;9
4002;6
4003;6
4004;4
4005;1
4006;14
4007;8
4008;9
4009;6
4010;5
4011;7
4012;8
4013;7
4014;8
4015;5
4016;5
4017;6
4018;8
4019;3
4020;4
4021;6
4022;7
4023;10
4024;10
4025;7
4026;6
4027;7
4028;6
4029;3
4030;4
4031;3
4032;4
4033;5
4034;2
4035;6
4036;7
4037;1
4038;8
4039;1
4040;2
4041;7
4042;6
4043;4
4044;4
4045;7
4046;5
4047;8
4048;3
4049;5
4050;8
4051;6
4052;9
4053;5
4054;6
4055;13
4056;5
4057;10
4058;6
4059;6
4060;2
4061;6
4062;8
4063;5
4064;3
4065;11
4066;7
4067;2
4068;7
4069;7
4070;7
4071;8
4072;10
4073;4
4074;5
4075;7
4076;5
4077;3
4078;9
4079;6
4080;3
4081;12
4082;6
4083;6
4084;5
4085;10
4086;4
4087;11
4088;6
4089;9
4090;4
4091;2
4092;4
4093;4
4094;9
4095;7
4096;6
4097;3
4098;8
4099;3
4100;6
4101;4
4102;4
4103;3
4104;7
4105;5
4106;9
4107;6
4108;6
4109;3
4110;7
4111;4
4112;4
4113;15
4114;5
4115;10
4116;1
4117;7
4118;6
4119;5
4120;4
4121;1
4122;3
4123;8
4124;6
4125;5
4126;7
4127;11
4128;7
4129;9
4130;7
4131;6
4132;3
4133;11
4134;5
4135;5
4136;5
4137;9
4138;6
4139;5
4140;9
4141;4
4142;3
4143;7
4144;5
4145;8
4146;7
4147;5
4148;4
4149;3
4150;9
4151;5
4152;9
4153;5
4154;2
4155;6
4156;6
4157;4
4158;6
4159;2
4160;7
4161;7
4162;6
4163;4
4164;2
4165;5
4166;6
4167;6
4168;14
4169;6
4170;3
4171;7
4172;5
4173;3
4174;7
4175;6
4176;6
4177;4
4178;6
4179;8
4180;7
4181;3
4182;6
4183;3
4184;3
4185;2
4186;4
4187;6
4188;3
4189;4
4190;4
4191;7
4192;2
4193;4
4194;1
4195;5
4196;4
4197;6
4198;5
4199;7
4200;5
4201;9
4202;7
4203;5
4204;4
4205;4
4206;5
4207;7
4208;8
4209;4
4210;4
4211;2
4212;3
4213;5
4214;7
4215;5
4216;7
4217;8
4218;3
4219;5
4220;4
4221;7
4222;7
4223;2
4224;4
4225;4
4226;4
4227;2
4228;7
4229;0
4230;3
4231;10
4232;5
4233;7
4234;5
4235;6
4236;3
4237;3
4238;4
4239;5
4240;5
4241;6
4242;4
4243;4
4244;6
4245;4
4246;4
4247;3
4248;6
4249;4
4250;7
4251;5
4252;6
4253;7
4254;3
4255;4
4256;4
4257;6
4258;2
4259;2
4260;2
4261;4
4262;6
4263;5
4264;3
4265;4
4266;4
4267;4
4268;0
4269;4
4270;7
4271;4
4272;3
4273;5
4274;2
4275;8
4276;4
4277;2
4278;2
4279;5
4280;3
4281;6
4282;1
4283;4
4284;6
4285;6
4286;5
4287;3
4288;4
4289;3
4290;4
4291;3
4292;5
4293;8
4294;11
4295;6
4296;4
4297;7
4298;5
4299;4
4300;4
4301;5
4302;7
4303;4
4304;5
4305;0
4306;7
4307;3
4308;4
4309;4
4310;4
4311;5
4312;2
4313;4
4314;2
4315;3
4316;3
4317;3
4318;4
4319;3
4320;2
4321;3
4322;3
4323;4
4324;7
4325;4
4326;3
4327;3
4328;3
4329;6
4330;5
4331;3
4332;5
4333;3
4334;5
4335;4
4336;4
4337;4
4338;2
4339;2
4340;8
4341;2
4342;4
4343;2
4344;5
4345;1
4346;4
4347;4
4348;3
4349;1
4350;4
4351;6
4352;2
4353;4
4354;6
4355;4
4356;0
4357;6
4358;5
4359;4
4360;8
4361;3
4362;3
4363;3
4364;6
4365;4
4366;6
4367;6
4368;2
4369;4
4370;7
4371;4
4372;5
4373;5
4374;3
4375;2
4376;5
4377;0
4378;4
4379;1
4380;2
4381;3
4382;3
4383;4
4384;5
4385;4
4386;1
4387;3
4388;10
4389;2
4390;4
4391;1
4392;4
4393;5
4394;4
4395;5
4396;4
4397;7
4398;2
4399;3
4400;3
4401;5
4402;3
4403;6
4404;2
4405;4
4406;1
4407;5
4408;2
4409;2
4410;4
4411;4
4412;3
4413;6
4414;7
4415;3
4416;3
4417;4
4418;2
4419;4
4420;4
4421;2
4422;2
4423;2
4424;1
4425;5
4426;5
4427;1
4428;5
4429;2
4430;3
4431;2
4432;6
4433;5
4434;4
4435;3
4436;4
4437;3
4438;3
4439;5
4440;9
4441;1
4442;5
4443;3
4444;4
4445;5
4446;6
4447;0
4448;1
4449;6
4450;4
4451;3
4452;0
4453;5
4454;4
4455;1
4456;6
4457;3
4458;0
4459;3
4460;4
4461;2
4462;4
4463;1
4464;4
4465;4
4466;1
4467;3
4468;1
4469;6
4470;0
4471;6
4472;5
4473;2
4474;1
4475;2
4476;5
4477;1
4478;3
4479;5
4480;4
4481;3
4482;3
4483;5
4484;2
4485;4
4486;5
4487;6
4488;3
4489;3
4490;2
4491;0
4492;5
4493;4
4494;2
4495;1
4496;5
4497;1
4498;2
4499;3
4500;4
4501;3
4502;3
4503;2
4504;7
4505;3
4506;6
4507;5
4508;5
4509;3
4510;1
4511;2
4512;5
4513;5
4514;6
4515;9
4516;3
4517;3
4518;4
4519;6
4520;7
4521;2
4522;2
4523;3
4524;2
4525;2
4526;5
4527;2
4528;2
4529;1
4530;3
4531;2
4532;2
4533;5
4534;2
4535;4
4536;4
4537;5
4538;1
4539;2
4540;4
4541;2
4542;7
4543;2
4544;6
4545;4
4546;2
4547;4
4548;6
4549;3
4550;5
4551;6
4552;2
4553;2
4554;2
4555;7
4556;4
4557;1
4558;2
4559;3
4560;2
4561;3
4562;4
4563;5
4564;4
4565;5
4566;2
4567;4
4568;4
4569;5
4570;4
4571;0
4572;4
4573;3
4574;5
4575;4
4576;2
4577;3
4578;7
4579;2
4580;2
4581;2
4582;4
4583;5
4584;4
4585;1
4586;4
4587;3
4588;2
4589;4
4590;4
4591;3
4592;1
4593;3
4594;1
4595;1
4596;6
4597;3
4598;1
4599;2
4600;3
4601;4
4602;2
4603;0
4604;4
4605;3
4606;4
4607;4
4608;0
4609;2
4610;1
4611;2
4612;2
4613;2
4614;4
4615;1
4616;2
4617;3
4618;3
4619;2
4620;1
4621;4
4622;3
4623;2
4624;2
4625;1
4626;1
4627;3
4628;2
4629;2
4630;2
4631;2
4632;3
4633;3
4634;4
4635;2
4636;4
4637;5
4638;2
4639;3
4640;4
4641;4
4642;1
4643;4
4644;4
4645;2
4646;7
4647;2
4648;4
4649;3
4650;3
4651;5
4652;4
4653;3
4654;4
4655;0
4656;4
4657;3
4658;0
4659;2
4660;2
4661;4
4662;4
4663;5
4664;6
4665;2
4666;1
4667;2
4668;4
4669;4
4670;4
4671;2
4672;4
4673;3
4674;3
4675;4
4676;4
4677;2
4678;0
4679;5
4680;4
4681;1
4682;4
4683;4
4684;4
4685;0
4686;1
4687;0
4688;3
4689;0
4690;3
4691;3
4692;2
4693;2
4694;2
4695;0
4696;6
4697;1
4698;6
4699;1
4700;5
4701;2
4702;4
4703;2
4704;3
4705;4
4706;2
4707;3
4708;3
4709;2
4710;2
4711;2
4712;3
4713;3
4714;1
4715;1
4716;2
4717;3
4718;6
4719;5
4720;2
4721;3
4722;1
4723;3
4724;2
4725;7
4726;3
4727;3
4728;3
4729;3
4730;4
4731;6
4732;2
4733;0
4734;4
4735;0
4736;4
4737;6
4738;4
4739;1
4740;0
4741;1
4742;2
4743;4
4744;3
4745;2
4746;3
4747;1
4748;1
4749;2
4750;4
4751;0
4752;6
4753;6
4754;4
4755;1
4756;4
4757;3
4758;0
4759;1
4760;1
4761;1
4762;2
4763;3
4764;0
4765;5
4766;2
4767;4
4768;3
4769;1
4770;2
4771;3
4772;0
4773;4
4774;4
4775;2
4776;2
4777;2
4778;4
4779;4
4780;2
4781;5
4782;1
4783;2
4784;3
4785;5
4786;3
4787;1
4788;2
4789;1
4790;2
4791;2
4792;4
4793;1
4794;1
4795;3
4796;5
4797;0
4798;0
4799;3
4800;0
4801;4
4802;0
4803;4
4804;1
4805;1
4806;3
4807;2
4808;2
4809;2
4810;4
4811;3
4812;3
4813;0
4814;1
4815;4
4816;3
4817;1
4818;2
4819;3
4820;3
4821;2
4822;1
4823;2
4824;4
4825;5
4826;6
4827;1
4828;2
4829;2
4830;4
4831;1
4832;2
4833;1
4834;1
4835;1
4836;0
4837;3
4838;2
4839;0
4840;3
4841;2
4842;0
4843;1
4844;4
4845;0
4846;1
4847;0
4848;2
4849;3
4850;2
4851;1
4852;0
4853;0
4854;3
4855;1
4856;2
4857;4
4858;1
4859;2
4860;1
4861;2
4862;1
4863;1
4864;4
4865;1
4866;2
4867;3
4868;6
4869;1
4870;2
4871;5
4872;1
4873;1
4874;1
4875;3
4876;1
4877;2
4878;4
4879;0
4880;3
4881;2
4882;3
4883;2
4884;1
4885;4
4886;4
4887;0
4888;2
4889;2
4890;0
4891;2
4892;1
4893;2
4894;2
4895;2
4896;1
4897;2
4898;2
4899;1
4900;1
4901;1
4902;2
4903;3
4904;4
4905;1
4906;3
4907;3
4908;4
4909;2
4910;3
4911;1
4912;1
4913;0
4914;1
4915;1
4916;1
4917;0
4918;3
4919;2
4920;1
4921;0
4922;0
4923;2
4924;0
4925;1
4926;2
4927;4
4928;1
4929;4
4930;1
4931;1
4932;3
4933;2
4934;3
4935;1
4936;3
4937;2
4938;1
4939;1
4940;2
4941;0
4942;2
4943;1
4944;3
4945;0
4946;3
4947;2
4948;3
4949;4
4950;2
4951;0
4952;2
4953;3
4954;3
4955;2
4956;1
4957;0
4958;2
4959;2
4960;3
4961;2
4962;1
4963;0
4964;2
4965;0
4966;1
4967;0
4968;0
4969;0
4970;3
4971;1
4972;2
4973;0
4974;2
4975;2
4976;0
4977;0
4978;0
4979;2
4980;3
4981;1
4982;1
4983;2
4984;0
4985;3
4986;4
4987;3
4988;2
4989;1
4990;2
4991;1
4992;3
4993;3
4994;0
4995;3
4996;0
4997;2
4998;4
4999;1
5000;1
5001;2
5002;1
5003;3
5004;1
5005;0
5006;2
5007;0
5008;0
5009;3
5010;2
5011;1
5012;2
5013;1
5014;3
5015;0
5016;2
5017;3
5018;3
5019;1
5020;1
5021;3
5022;3
5023;4
5024;3
5025;3
5026;0
5027;2
5028;4
5029;1
5030;2
5031;0
5032;0
5033;0
5034;2
5035;2
5036;1
5037;2
5038;2
5039;3
5040;3
5041;2
5042;2
5043;2
5044;0
5045;3
5046;0
5047;0
5048;1
5049;3
5050;1
5051;1
5052;2
5053;0
5054;0
5055;4
5056;1
5057;1
5058;1
5059;0
5060;1
5061;1
5062;2
5063;1
5064;4
5065;2
5066;1
5067;2
5068;3
5069;2
5070;4
5071;0
5072;3
5073;0
5074;1
5075;0
5076;0
5077;1
5078;3
5079;1
5080;0
5081;3
5082;2
5083;0
5084;2
5085;0
5086;6
5087;1
5088;1
5089;2
5090;2
5091;1
5092;3
5093;1
5094;1
5095;2
5096;2
5097;0
5098;1
5099;3
5100;2
5101;1
5102;2
5103;0
5104;2
5105;4
5106;0
5107;2
5108;2
5109;1
5110;1
5111;0
5112;1
5113;1
5114;0
5115;3
5116;4
5117;1
5118;0
5119;1
5120;2
5121;0
5122;2
5123;2
5124;0
5125;1
5126;1
5127;2
5128;1
5129;2
5130;0
5131;0
5132;2
5133;3
5134;1
5135;1
5136;2
5137;1
5138;2
5139;0
5140;1
5141;3
5142;1
5143;0
5144;2
5145;0
5146;0
5147;0
5148;1
5149;1
5150;2
5151;2
5152;1
5153;3
5154;1
5155;0
5156;3
5157;0
5158;1
5159;4
5160;2
5161;2
5162;0
5163;2
5164;0
5165;1
5166;1
5167;3
5168;1
5169;2
5170;2
5171;3
5172;2
5173;2
5174;1
5175;1
5176;1
5177;2
5178;3
5179;1
5180;1
5181;1
5182;0
5183;4
5184;2
5185;0
5186;2
5187;1
5188;1
5189;2
5190;1
5191;0
5192;0
5193;1
5194;1
5195;1
5196;3
5197;2
5198;0
5199;1
5200;2
5201;2
5202;1
5203;1
5204;3
5205;0
5206;3
5207;2
5208;5
5209;3
5210;4
5211;0
5212;1
5213;1
5214;2
5215;1
5216;2
5217;2
5218;0
5219;3
5220;3
5221;2
5222;0
5223;2
5224;1
5225;1
5226;0
5227;0
5228;1
5229;1
5230;2
5231;1
5232;0
5233;0
5234;2
5235;2
5236;1
5237;1
5238;1
5239;3
5240;1
5241;0
5242;3
5243;0
5244;1
5245;0
5246;2
5247;2
5248;3
5249;2
5250;0
5251;0
5252;0
5253;0
5254;1
5255;0
5256;2
5257;1
5258;2
5259;3
5260;2
5261;0
5262;0
5263;1
5264;2
5265;2
5266;1
5267;2
5268;0
5269;2
5270;1
5271;0
5272;1
5273;3
5274;1
5275;0
5276;2
5277;1
5278;0
5279;1
5280;1
5281;1
5282;2
5283;3
5284;1
5285;2
5286;0
5287;0
5288;3
5289;0
5290;0
5291;3
5292;1
5293;0
5294;2
5295;2
5296;0
5297;2
5298;2
5299;2
5300;0
5301;0
5302;1
5303;1
5304;2
5305;1
5306;1
5307;0
5308;0
5309;0
5310;1
5311;2
5312;0
5313;0
5314;1
5315;1
5316;0
5317;1
5318;0
5319;2
5320;0
5321;2
5322;1
5323;0
5324;0
5325;1
5326;0
5327;0
5328;0
5329;1
5330;2
5331;3
5332;0
5333;0
5334;0
5335;0
5336;0
5337;2
5338;3
5339;3
5340;0
5341;1
5342;0
5343;2
5344;1
5345;0
5346;0
5347;1
5348;1
5349;1
5350;1
5351;1
5352;0
5353;3
5354;2
5355;2
5356;1
5357;1
5358;1
5359;0
5360;2
5361;1
5362;3
5363;2
5364;1
5365;0
5366;0
5367;1
5368;0
5369;0
5370;1
5371;3
5372;0
5373;0
5374;1
5375;2
5376;3
5377;0
5378;0
5379;1
5380;2
5381;1
5382;1
5383;0
5384;1
5385;0
5386;1
5387;1
5388;3
5389;1
5390;0
5391;1
5392;3
5393;2
5394;1
5395;3
5396;0
5397;0
5398;1
5399;1
5400;1
5401;0
5402;1
5403;1
5404;1
5405;0
5406;1
5407;0
5408;0
5409;0
5410;0
5411;0
5412;0
5413;0
5414;0
5415;2
5416;1
5417;1
5418;2
5419;0
5420;2
5421;2
5422;0
5423;1
5424;0
5425;0
5426;2
5427;0
5428;0
5429;1
5430;2
5431;1
5432;0
5433;0
5434;1
5435;0
5436;0
5437;0
5438;2
5439;0
5440;1
5441;1
5442;0
5443;0
5444;1
5445;0
5446;1
5447;1
5448;2
5449;2
5450;0
5451;3
5452;2
5453;0
5454;0
5455;2
5456;1
5457;1
5458;0
5459;1
5460;2
5461;1
5462;1
5463;0
5464;1
5465;2
5466;0
5467;0
5468;1
5469;1
5470;1
5471;0
5472;1
5473;0
5474;1
5475;0
5476;0
5477;0
5478;1
5479;2
5480;0
5481;0
5482;0
5483;0
5484;1
5485;2
5486;2
5487;1
5488;1
5489;1
5490;1
5491;1
5492;1
5493;1
5494;0
5495;0
5496;2
5497;0
5498;0
5499;3
5500;0
5501;1
5502;0
5503;1
5504;1
5505;3
5506;0
5507;0
5508;3
5509;0
5510;2
5511;1
5512;1
5513;1
5514;1
5515;1
5516;1
5517;0
5518;1
5519;2
5520;0
5521;0
5522;1
5523;1
5524;1
5525;0
5526;1
5527;0
5528;1
5529;1
5530;0
5531;0
5532;1
5533;1
5534;0
5535;1
5536;1
5537;0
5538;2
5539;1
5540;1
5541;0
5542;0
5543;1
5544;0
5545;1
5546;1
5547;1
5548;0
5549;1
5550;1
5551;0
5552;1
5553;0
5554;2
5555;1
5556;0
5557;2
5558;2
5559;0
5560;1
5561;0
5562;0
5563;0
5564;1
5565;0
5566;2
5567;0
5568;0
5569;1
5570;1
5571;2
5572;1
5573;0
5574;1
5575;1
5576;0
5577;0
5578;0
5579;2
5580;0
5581;0
5582;1
5583;1
5584;2
5585;1
5586;2
5587;1
5588;0
5589;0
5590;1
5591;0
5592;2
5593;1
5594;2
5595;1
5596;2
5597;0
5598;3
5599;1
5600;0
5601;0
5602;0
5603;1
5604;1
5605;0
5606;1
5607;1
5608;0
5609;0
5610;2
5611;0
5612;0
5613;1
5614;2
5615;2
5616;0
5617;0
5618;0
5619;1
5620;0
5621;0
5622;2
5623;1
5624;1
5625;0
5626;0
5627;1
5628;0
5629;1
5630;0
5631;1
5632;0
5633;0
5634;1
5635;0
5636;1
5637;1
5638;1
5639;1
5640;2
5641;1
5642;1
5643;1
5644;0
5645;0
5646;1
5647;1
5648;0
5649;1
5650;0
5651;1
5652;0
5653;0
5654;0
5655;3
5656;0
5657;1
5658;0
5659;0
5660;0
5661;0
5662;0
5663;1
5664;1
5665;0
5666;1
5667;1
5668;0
5669;1
5670;1
5671;0
5672;0
5673;1
5674;2
5675;1
5676;0
5677;0
5678;1
5679;0
5680;0
5681;2
5682;0
5683;1
5684;1
5685;1
5686;1
5687;0
5688;2
5689;1
5690;1
5691;0
5692;2
5693;1
5694;2
5695;2
5696;4
5697;0
5698;1
5699;0
5700;2
5701;0
5702;1
5703;0
5704;0
5705;0
5706;1
5707;0
5708;1
5709;0
5710;0
5711;1
5712;0
5713;1
5714;0
5715;2
5716;0
5717;0
5718;1
5719;1
5720;0
5721;2
5722;0
5723;0
5724;0
5725;1
5726;0
5727;0
5728;0
5729;0
5730;0
5731;0
5732;1
5733;0
5734;0
5735;0
5736;2
5737;1
5738;1
5739;1
5740;0
5741;2
5742;1
5743;1
5744;1
5745;1
5746;1
5747;1
5748;0
5749;0
5750;0
5751;2
5752;1
5753;0
5754;1
5755;0
5756;1
5757;0
5758;1
5759;3
5760;0
5761;2
5762;0
5763;0
5764;0
5765;0
5766;0
5767;0
5768;1
5769;0
5770;0
5771;1
5772;1
5773;1
5774;1
5775;1
5776;1
5777;1
5778;0
5779;1
5780;0
5781;0
5782;2
5783;0
5784;1
5785;1
5786;1
5787;0
5788;1
5789;0
5790;0
5791;0
5792;0
5793;0
5794;0
5795;0
5796;0
5797;0
5798;0
5799;0
5800;1
5801;0
5802;1
5803;1
5804;1
5805;1
5806;0
5807;0
5808;1
5809;0
5810;0
5811;0
5812;2
5813;0
5814;0
5815;0
5816;0
5817;1
5818;2
5819;1
5820;0
5821;1
5822;1
5823;0
5824;0
5825;1
5826;0
5827;0
5828;2
5829;0
5830;0
5831;0
5832;0
5833;0
5834;1
5835;1
5836;1
5837;1
5838;0
5839;1
5840;0
5841;0
5842;1
5843;1
5844;2
5845;0
5846;0
5847;2
5848;0
5849;2
5850;0
5851;1
5852;1
5853;0
5854;0
5855;0
5856;0
5857;0
5858;0
5859;0
5860;0
5861;0
5862;1
5863;2
5864;2
5865;0
5866;0
5867;2
5868;0
5869;0
5870;1
5871;0
5872;0
5873;0
5874;1
5875;1
5876;1
5877;1
5878;1
5879;0
5880;0
5881;1
5882;0
5883;0
5884;0
5885;2
5886;0
5887;1
5888;2
5889;1
5890;1
5891;2
5892;0
5893;1
5894;0
5895;2
5896;1
5897;1
5898;4
5899;0
5900;2
5901;0
5902;1
5903;2
5904;0
5905;0
5906;0
5907;1
5908;0
5909;0
5910;0
5911;1
5912;1
5913;1
5914;1
5915;0
5916;3
5917;1
5918;2
5919;0
5920;0
5921;0
5922;0
5923;0
5924;2
5925;0
5926;0
5927;0
5928;1
5929;0
5930;0
5931;0
5932;0
5933;1
5934;1
5935;0
5936;2
5937;1
5938;1
5939;0
5940;1
5941;3
5942;0
5943;1
5944;0
5945;0
5946;0
5947;0
5948;1
5949;0
5950;0
5951;1
5952;0
5953;1
5954;0
5955;0
5956;0
5957;0
5958;0
5959;0
5960;1
5961;1
5962;2
5963;1
5964;0
5965;0
5966;0
5967;0
5968;0
5969;0
5970;1
5971;0
5972;1
5973;2
5974;1
5975;1
5976;0
5977;1
5978;1
5979;1
5980;0
5981;0
5982;0
5983;0
5984;1
5985;0
5986;1
5987;0
5988;0
5989;2
5990;0
5991;1
5992;0
5993;0
5994;0
5995;0
5996;0
5997;1
5998;0
5999;0
6000;0
6001;0
6002;0
6003;0
6004;2
6005;0
6006;1
6007;0
6008;1
6009;1
6010;1
6011;1
6012;2
6013;0
6014;0
6015;1
6016;1
6017;1
6018;0
6019;0
6020;0
6021;0
6022;0
6023;0
6024;0
6025;1
6026;0
6027;1
6028;0
6029;0
6030;0
6031;1
6032;0
6033;1
6034;1
6035;0
6036;0
6037;1
6038;1
6039;1
6040;1
6041;0
6042;3
6043;1
6044;0
6045;0
6046;3
6047;1
6048;1
6049;0
6050;2
6051;1
6052;0
6053;0
6054;0
6055;1
6056;0
6057;2
6058;2
6059;0
6060;0
6061;0
6062;0
6063;0
6064;1
6065;1
6066;0
6067;0
6068;0
6069;0
6070;1
6071;1
6072;2
6073;3
6074;1
6075;0
6076;1
6077;0
6078;1
6079;1
6080;0
6081;1
6082;2
6083;0
6084;0
6085;0
6086;1
6087;0
6088;1
6089;0
6090;0
6091;1
6092;0
6093;0
6094;0
6095;0
6096;1
6097;1
6098;0
6099;0
6100;0
6101;0
6102;0
6103;0
6104;1
6105;0
6106;1
6107;1
6108;0
6109;0
6110;0
6111;0
6112;1
6113;0
6114;2
6115;2
6116;1
6117;0
6118;1
6119;1
6120;2
6121;1
6122;2
6123;0
6124;0
6125;0
6126;0
6127;1
6128;0
6129;1
6130;0
6131;0
6132;0
6133;0
6134;0
6135;1
6136;2
6137;0
6138;0
6139;1
6140;1
6141;1
6142;2
6143;1
6144;0
6145;0
6146;1
6147;1
6148;0
6149;0
6150;1
6151;0
6152;0
6153;1
6154;0
6155;0
6156;0
6157;1
6158;3
6159;0
6160;0
6161;0
6162;0
6163;1
6164;0
6165;1
6166;1
6167;0
6168;0
6169;0
6170;0
6171;0
6172;0
6173;0
6174;0
6175;0
6176;0
6177;0
6178;1
6179;1
6180;0
6181;1
6182;0
6183;0
6184;0
6185;0
6186;0
6187;1
6188;0
6189;0
6190;0
6191;0
6192;1
6193;0
6194;0
6195;1
6196;1
6197;0
6198;0
6199;0
6200;0
6201;0
6202;2
6203;0
6204;0
6205;0
6206;0
6207;0
6208;0
6209;0
6210;0
6211;0
6212;1
6213;1
6214;0
6215;0
6216;1
6217;0
6218;0
6219;0
6220;0
6221;0
6222;0
6223;0
6224;0
6225;0
6226;0
6227;0
6228;0
6229;0
6230;0
6231;2
6232;0
6233;0
6234;0
6235;1
6236;0
6237;0
6238;0
6239;0
6240;0
6241;1
6242;0
6243;0
6244;0
6245;0
6246;0
6247;0
6248;1
6249;1
6250;0
6251;1
6252;0
6253;0
6254;1
6255;0
6256;0
6257;2
6258;0
6259;0
6260;0
6261;0
6262;1
6263;2
6264;0
6265;1
6266;0
6267;0
6268;0
6269;1
6270;0
6271;0
6272;0
6273;1
6274;1
6275;0
6276;1
6277;0
6278;0
6279;0
6280;1
6281;0
6282;1
6283;0
6284;0
6285;0
6286;0
6287;0
6288;0
6289;0
6290;0
6291;0
6292;0
6293;1
6294;0
6295;0
6296;0
6297;1
6298;0
6299;0
6300;0
6301;0
6302;0
6303;0
6304;0
6305;1
6306;0
6307;0
6308;0
6309;0
6310;1
6311;0
6312;0
6313;2
6314;0
6315;0
6316;1
6317;1
6318;0
6319;0
6320;0
6321;0
6322;2
6323;1
6324;0
6325;0
6326;1
6327;0
6328;0
6329;0
6330;0
6331;0
6332;3
6333;0
6334;0
6335;1
6336;0
6337;1
6338;0
6339;0
6340;0
6341;1
6342;0
6343;0
6344;0
6345;0
6346;0
6347;1
6348;0
6349;0
6350;0
6351;0
6352;0
6353;0
6354;0
6355;0
6356;0
6357;0
6358;0
6359;0
6360;0
6361;0
6362;1
6363;0
6364;0
6365;0
6366;0
6367;0
6368;0
6369;0
6370;0
6371;1
6372;1
6373;1
6374;0
6375;3
6376;0
6377;0
6378;1
6379;3
6380;0
6381;0
6382;0
6383;0
6384;0
6385;1
6386;0
6387;0
6388;1
6389;0
6390;1
6391;0
6392;0
6393;0
6394;0
6395;0
6396;1
6397;1
6398;2
6399;1
6400;1
6401;0
6402;0
6403;0
6404;0
6405;0
6406;0
6407;0
6408;0
6409;1
6410;0
6411;0
6412;0
6413;2
6414;0
6415;0
6416;1
6417;0
6418;0
6419;0
6420;0
6421;0
6422;0
6423;0
6424;0
6425;0
6426;1
6427;1
6428;0
6429;0
6430;1
6431;1
6432;0
6433;0
6434;2
6435;0
6436;1
6437;0
6438;1
6439;1
6440;0
6441;1
6442;1
6443;0
6444;1
6445;0
6446;0
6447;0
6448;0
6449;0
6450;0
6451;0
6452;3
6453;1
6454;0
6455;1
6456;0
6457;0
6458;0
6459;0
6460;0
6461;0
6462;0
6463;0
6464;0
6465;0
6466;1
6467;0
6468;0
6469;0
6470;2
6471;0
6472;0
6473;0
6474;0
6475;0
6476;1
6477;0
6478;2
6479;0
6480;1
6481;0
6482;0
6483;0
6484;0
6485;0
6486;0
6487;0
6488;2
6489;0
6490;0
6491;0
6492;0
6493;0
6494;0
6495;0
6496;3
6497;0
6498;0
6499;0
6500;2
6501;0
6502;0
6503;0
6504;0
6505;0
6506;0
6507;0
6508;0
6509;2
6510;0
6511;0
6512;1
6513;1
6514;1
6515;1
6516;0
6517;0
6518;0
6519;0
6520;0
6521;1
6522;0
6523;0
6524;0
6525;2
6526;0
6527;1
6528;0
6529;0
6530;1
6531;1
6532;0
6533;0
6534;0
6535;0
6536;0
6537;0
6538;0
6539;0
6540;0
6541;0
6542;1
6543;1
6544;2
6545;1
6546;0
6547;1
6548;0
6549;0
6550;0
6551;0
6552;0
6553;0
6554;1
6555;0
6556;0
6557;0
6558;0
6559;0
6560;0
6561;0
6562;1
6563;0
6564;0
6565;0
6566;0
6567;0
6568;0
6569;0
6570;0
6571;1
6572;1
6573;1
6574;0
6575;0
6576;0
6577;0
6578;0
6579;0
6580;0
6581;0
6582;1
6583;0
6584;0
6585;0
6586;1
6587;1
6588;0
6589;0
6590;1
6591;0
6592;1
6593;1
6594;0
6595;1
6596;0
6597;0
6598;1
6599;0
6600;0
6601;0
6602;0
6603;0
6604;1
6605;1
6606;0
6607;0
6608;0
6609;1
6610;0
6611;0
6612;0
6613;0
6614;0
6615;0
6616;0
6617;2
6618;0
6619;1
6620;0
6621;1
6622;1
6623;1
6624;0
6625;0
6626;0
6627;3
6628;1
6629;0
6630;0
6631;0
6632;0
6633;0
6634;0
6635;1
6636;0
6637;1
6638;1
6639;0
6640;0
6641;1
6642;0
6643;0
6644;0
6645;0
6646;0
6647;0
6648;0
6649;0
6650;1
6651;0
6652;1
6653;0
6654;0
6655;0
6656;0
6657;0
6658;0
6659;0
6660;0
6661;0
6662;1
6663;0
6664;1
6665;0
6666;0
6667;0
6668;0
6669;0
6670;0
6671;0
6672;0
6673;0
6674;1
6675;0
6676;0
6677;0
6678;0
6679;0
6680;0
6681;0
6682;0
6683;1
6684;1
6685;0
6686;1
6687;0
6688;0
6689;0
6690;1
6691;0
6692;0
6693;0
6694;0
6695;0
6696;1
6697;0
6698;0
6699;0
6700;0
6701;0
6702;0
6703;0
6704;1
6705;1
6706;0
6707;0
6708;0
6709;0
6710;0
6711;0
6712;0
6713;0
6714;0
6715;0
6716;0
6717;0
6718;0
6719;0
6720;1
6721;0
6722;0
6723;0
6724;0
6725;1
6726;0
6727;0
6728;0
6729;0
6730;0
6731;0
6732;0
6733;1
6734;0
6735;0
6736;0
6737;1
6738;0
6739;1
6740;1
6741;0
6742;0
6743;0
6744;0
6745;0
6746;0
6747;0
6748;0
6749;0
6750;0
6751;0
6752;0
6753;1
6754;2
6755;1
6756;0
6757;0
6758;0
6759;1
6760;1
6761;0
6762;0
6763;0
6764;0
6765;0
6766;0
6767;0
6768;2
6769;0
6770;0
6771;0
6772;0
6773;0
6774;0
6775;0
6776;0
6777;0
6778;0
6779;1
6780;0
6781;0
6782;0
6783;0
6784;0
6785;1
6786;1
6787;0
6788;0
6789;0
6790;0
6791;0
6792;0
6793;0
6794;0
6795;0
6796;0
6797;0
6798;0
6799;0
6800;0
6801;0
6802;0
6803;1
6804;0
6805;0
6806;0
6807;0
6808;0
6809;0
6810;0
6811;0
6812;0
6813;0
6814;0
6815;0
6816;1
6817;0
6818;0
6819;0
6820;0
6821;0
6822;0
6823;0
6824;0
6825;0
6826;0
6827;0
6828;0
6829;1
6830;0
6831;0
6832;1
6833;0
6834;0
6835;1
6836;1
6837;0
6838;0
6839;0
6840;0
6841;0
6842;0
6843;0
6844;1
6845;0
6846;0
6847;0
6848;0
6849;0
6850;0
6851;0
6852;0
6853;0
6854;0
6855;0
6856;0
6857;0
6858;0
6859;0
6860;0
6861;0
6862;0
6863;0
6864;0
6865;0
6866;0
6867;0
6868;1
6869;1
6870;1
6871;0
6872;1
6873;0
6874;0
6875;0
6876;0
6877;0
6878;0
6879;0
6880;0
6881;0
6882;0
6883;1
6884;0
6885;0
6886;0
6887;0
6888;0
6889;0
6890;0
6891;1
6892;0
6893;0
6894;0
6895;0
6896;0
6897;0
6898;0
6899;0
6900;0
6901;0
6902;0
6903;0
6904;1
6905;0
6906;0
6907;0
6908;0
6909;0
6910;0
6911;0
6912;1
6913;1
6914;0
6915;0
6916;0
6917;0
6918;0
6919;0
6920;0
6921;0
6922;0
6923;0
6924;0
6925;0
6926;0
6927;0
6928;0
6929;0
6930;0
6931;0
6932;0
6933;0
6934;0
6935;0
6936;0
6937;0
6938;0
6939;0
6940;0
6941;0
6942;0
6943;0
6944;0
6945;1
6946;0
6947;0
6948;1
6949;0
6950;0
6951;0
6952;0
6953;0
6954;1
6955;0
6956;0
6957;2
6958;0
6959;1
6960;0
6961;2
6962;0
6963;1
6964;0
6965;0
6966;0
6967;0
6968;0
6969;0
6970;0
6971;0
6972;0
6973;0
6974;0
6975;0
6976;0
6977;0
6978;0
6979;0
6980;0
6981;0
6982;1
6983;0
6984;0
6985;0
6986;0
6987;0
6988;0
6989;0
6990;0
6991;0
6992;0
6993;0
6994;0
6995;0
6996;0
6997;1
6998;0
6999;0
7000;0
7001;0
7002;0
7003;0
7004;0
7005;0
7006;0
7007;0
7008;2
7009;1
7010;0
7011;0
7012;0
7013;0
7014;0
7015;0
7016;0
7017;0
7018;0
7019;1
7020;0
7021;0
7022;0
7023;0
7024;0
7025;1
7026;1
7027;1
7028;0
7029;0
7030;0
7031;0
7032;0
7033;0
7034;0
7035;1
7036;0
7037;0
7038;0
7039;0
7040;0
7041;0
7042;0
7043;0
7044;2
7045;0
7046;0
7047;0
7048;0
7049;0
7050;0
7051;0
7052;0
7053;0
7054;0
7055;0
7056;0
7057;0
7058;0
7059;0
7060;1
7061;0
7062;0
7063;1
7064;0
7065;0
7066;1
7067;0
7068;0
7069;0
7070;0
7071;0
7072;0
7073;1
7074;0
7075;0
7076;0
7077;0
7078;0
7079;0
7080;0
7081;0
7082;0
7083;0
7084;1
7085;0
7086;0
7087;0
7088;0
7089;0
7090;0
7091;0
7092;0
7093;0
7094;0
7095;0
7096;0
7097;0
7098;0
7099;0
7100;0
7101;0
7102;0
7103;0
7104;0
7105;0
7106;0
7107;0
7108;0
7109;1
7110;0
7111;0
7112;0
7113;1
7114;1
7115;0
7116;0
7117;1
7118;0
7119;0
7120;0
7121;0
7122;0
7123;0
7124;1
7125;0
7126;1
7127;0
7128;0
7129;1
7130;1
7131;0
7132;0
7133;0
7134;0
7135;0
7136;0
7137;0
7138;0
7139;0
7140;0
7141;0
7142;0
7143;0
7144;0
7145;0
7146;1
7147;1
7148;0
7149;0
7150;0
7151;0
7152;0
7153;0
7154;1
7155;1
7156;0
7157;1
7158;0
7159;0
7160;0
7161;0
7162;0
7163;0
7164;0
7165;0
7166;0
7167;0
7168;0
7169;0
7170;0
7171;1
7172;0
7173;0
7174;0
7175;0
7176;1
7177;0
7178;0
7179;0
7180;0
7181;0
7182;0
7183;0
7184;0
7185;0
7186;0
7187;0
7188;0
7189;0
7190;0
7191;0
7192;0
7193;0
7194;0
7195;0
7196;0
7197;0
7198;0
7199;1
7200;0
7201;0
7202;0
7203;0
7204;0
7205;0
7206;0
7207;0
7208;0
7209;0
7210;0
7211;0
7212;0
7213;0
7214;1
7215;0
7216;0
7217;0
7218;1
7219;0
7220;0
7221;0
7222;0
7223;0
7224;0
7225;0
7226;0
7227;0
7228;0
7229;0
7230;0
7231;2
7232;1
7233;0
7234;0
7235;0
7236;0
7237;0
7238;0
7239;0
7240;0
7241;0
7242;0
7243;0
7244;0
7245;0
7246;1
7247;0
7248;1
7249;0
7250;0
7251;0
7252;0
7253;0
7254;0
7255;0
7256;0
7257;0
7258;0
7259;0
7260;1
7261;0
7262;1
7263;0
7264;0
7265;0
7266;0
7267;0
7268;0
7269;0
7270;0
7271;1
7272;0
7273;0
7274;0
7275;1
7276;0
7277;0
7278;0
7279;0
7280;0
7281;0
7282;0
7283;0
7284;0
7285;0
7286;0
7287;0
7288;0
7289;0
7290;0
7291;1
7292;0
7293;0
7294;0
7295;0
7296;0
7297;1
7298;0
7299;0
7300;0
7301;0
7302;0
7303;0
7304;1
7305;0
7306;0
7307;0
7308;0
7309;0
7310;1
7311;0
7312;0
7313;0
7314;0
7315;0
7316;0
7317;0
7318;0
7319;1
7320;0
7321;0
7322;0
7323;0
7324;0
7325;0
7326;0
7327;0
7328;0
7329;0
7330;1
7331;0
7332;1
7333;0
7334;0
7335;0
7336;0
7337;0
7338;0
7339;0
7340;0
7341;0
7342;0
7343;0
7344;0
7345;1
7346;0
7347;0
7348;0
7349;0
7350;0
7351;0
7352;0
7353;0
7354;0
7355;0
7356;0
7357;0
7358;0
7359;0
7360;0
7361;0
7362;0
7363;0
7364;0
7365;0
7366;1
7367;0
7368;0
7369;0
7370;0
7371;0
7372;0
7373;0
7374;0
7375;0
7376;0
7377;0
7378;0
7379;0
7380;1
7381;0
7382;0
7383;0
7384;0
7385;0
7386;0
7387;0
7388;1
7389;0
7390;0
7391;1
7392;0
7393;0
7394;1
7395;0
7396;0
7397;0
7398;0
7399;0
7400;0
7401;0
7402;0
7403;0
7404;0
7405;0
7406;0
7407;0
7408;0
7409;0
7410;0
7411;1
7412;0
7413;0
7414;0
7415;0
7416;0
7417;0
7418;1
7419;0
7420;0
7421;0
7422;0
7423;1
7424;0
7425;0
7426;0
7427;0
7428;0
7429;0
7430;0
7431;0
7432;0
7433;0
7434;0
7435;0
7436;0
7437;0
7438;0
7439;0
7440;0
7441;0
7442;0
7443;0
7444;0
7445;0
7446;0
7447;0
7448;0
7449;0
7450;0
7451;0
7452;0
7453;0
7454;0
7455;0
7456;0
7457;0
7458;0
7459;0
7460;1
7461;1
7462;0
7463;0
7464;1
7465;0
7466;0
7467;0
7468;0
7469;0
7470;0
7471;0
7472;0
7473;0
7474;0
7475;0
7476;0
7477;0
7478;0
7479;0
7480;0
7481;0
7482;0
7483;0
7484;0
7485;0
7486;0
7487;0
7488;1
7489;0
7490;0
7491;0
7492;0
7493;0
7494;0
7495;0
7496;0
7497;0
7498;0
7499;0
7500;0
7501;0
7502;0
7503;0
7504;0
7505;0
7506;1
7507;0
7508;0
7509;0
7510;0
7511;0
7512;0
7513;0
7514;0
7515;0
7516;0
7517;0
7518;0
7519;0
7520;0
7521;0
7522;0
7523;0
7524;0
7525;0
7526;0
7527;0
7528;0
7529;0
7530;0
7531;0
7532;0
7533;0
7534;0
7535;0
7536;0
7537;0
7538;0
7539;0
7540;0
7541;1
7542;0
7543;0
7544;0
7545;0
7546;0
7547;0
7548;0
7549;0
7550;0
7551;0
7552;0
7553;0
7554;0
7555;0
7556;0
7557;0
7558;0
7559;0
7560;0
7561;0
7562;0
7563;1
7564;0
7565;0
7566;0
7567;0
7568;1
7569;0
7570;0
7571;0
7572;0
7573;0
7574;1
7575;0
7576;0
7577;0
7578;1
7579;0
7580;0
7581;0
7582;0
7583;1
7584;0
7585;1
7586;0
7587;0
7588;0
7589;0
7590;0
7591;0
7592;0
7593;0
7594;0
7595;0
7596;0
7597;1
7598;1
7599;1
7600;0
7601;0
7602;0
7603;0
7604;0
7605;0
7606;0
7607;0
7608;0
7609;0
7610;1
7611;0
7612;0
7613;0
7614;0
7615;1
7616;0
7617;0
7618;1
7619;0
7620;0
7621;0
7622;0
7623;0
7624;0
7625;0
7626;0
7627;0
7628;0
7629;0
7630;0
7631;0
7632;0
7633;0
7634;0
7635;0
7636;0
7637;0
7638;0
7639;0
7640;0
7641;0
7642;0
7643;0
7644;0
7645;1
7646;0
7647;0
7648;0
7649;0
7650;0
7651;0
7652;0
7653;0
7654;1
7655;0
7656;0
7657;0
7658;0
7659;0
7660;0
7661;0
7662;0
7663;0
7664;0
7665;0
7666;0
7667;0
7668;0
7669;0
7670;0
7671;0
7672;0
7673;0
7674;0
7675;0
7676;0
7677;0
7678;0
7679;0
7680;0
7681;1
7682;1
7683;0
7684;0
7685;0
7686;0
7687;0
7688;0
7689;0
7690;1
7691;0
7692;0
7693;0
7694;2
7695;0
7696;0
7697;0
7698;0
7699;0
7700;0
7701;0
7702;0
7703;0
7704;0
7705;0
7706;0
7707;0
7708;2
7709;0
7710;0
7711;0
7712;0
7713;0
7714;0
7715;0
7716;0
7717;0
7718;0
7719;0
7720;0
7721;0
7722;0
7723;0
7724;0
7725;1
7726;0
7727;0
7728;0
7729;0
7730;0
7731;0
7732;1
7733;0
7734;0
7735;0
7736;0
7737;0
7738;0
7739;0
7740;0
7741;0
7742;0
7743;0
7744;0
7745;0
7746;0
7747;0
7748;0
7749;0
7750;1
7751;0
7752;0
7753;0
7754;0
7755;1
7756;0
7757;1
7758;0
7759;0
7760;0
7761;0
7762;0
7763;0
7764;0
7765;0
7766;0
7767;0
7768;0
7769;0
7770;0
7771;0
7772;0
7773;0
7774;0
7775;0
7776;0
7777;0
7778;1
7779;0
7780;1
7781;0
7782;0
7783;0
7784;0
7785;0
7786;0
7787;0
7788;0
7789;0
7790;1
7791;0
7792;0
7793;0
7794;0
7795;0
7796;0
7797;0
7798;0
7799;0
7800;0
7801;0
7802;0
7803;0
7804;1
7805;0
7806;0
7807;0
7808;0
7809;0
7810;0
7811;0
7812;0
7813;0
7814;0
7815;0
7816;1
7817;0
7818;0
7819;0
7820;0
7821;0
7822;0
7823;0
7824;1
7825;0
7826;0
7827;0
7828;0
7829;2
7830;0
7831;0
7832;0
7833;0
7834;0
7835;0
7836;0
7837;0
7838;0
7839;0
7840;0
7841;0
7842;0
7843;0
7844;0
7845;0
7846;1
7847;0
7848;0
7849;0
7850;0
7851;0
7852;0
7853;0
7854;0
7855;0
7856;0
7857;0
7858;1
7859;0
7860;0
7861;1
7862;0
7863;0
7864;0
7865;0
7866;0
7867;0
7868;0
7869;0
7870;0
7871;0
7872;0
7873;0
7874;0
7875;0
7876;0
7877;0
7878;0
7879;0
7880;0
7881;0
7882;0
7883;0
7884;0
7885;0
7886;0
7887;0
7888;0
7889;0
7890;0
7891;0
7892;0
7893;0
7894;0
7895;0
7896;0
7897;0
7898;0
7899;0
7900;0
7901;0
7902;0
7903;0
7904;0
7905;0
7906;0
7907;0
7908;1
7909;0
7910;1
7911;0
7912;0
7913;0
7914;0
7915;0
7916;0
7917;0
7918;0
7919;0
7920;0
7921;0
7922;0
7923;0
7924;1
7925;0
7926;0
7927;0
7928;0
7929;0
7930;1
7931;0
7932;0
7933;0
7934;0
7935;0
7936;0
7937;0
7938;0
7939;0
7940;0
7941;0
7942;0
7943;0
7944;0
7945;0
7946;0
7947;0
7948;0
7949;0
7950;1
7951;0
7952;0
7953;0
7954;0
7955;0
7956;0
7957;0
7958;0
7959;0
7960;0
7961;0
7962;0
7963;0
7964;0
7965;0
7966;1
7967;0
7968;0
7969;0
7970;0
7971;0
7972;0
7973;0
7974;0
7975;0
7976;0
7977;0
7978;0
7979;0
7980;0
7981;0
7982;0
7983;0
7984;0
7985;0
7986;0
7987;0
7988;0
7989;0
7990;0
7991;0
7992;1
7993;0
7994;0
7995;0
7996;0
7997;0
7998;0
7999;0
8000;1
8001;0
8002;0
8003;0
8004;1
8005;0
8006;1
8007;0
8008;0
8009;0
8010;0
8011;0
8012;0
8013;0
8014;0
8015;0
8016;0
8017;0
8018;0
8019;0
8020;0
8021;0
8022;0
8023;0
8024;0
8025;0
8026;0
8027;1
8028;0
8029;0
8030;0
8031;0
8032;0
8033;0
8034;0
8035;0
8036;0
8037;0
8038;0
8039;0
8040;0
8041;0
8042;0
8043;0
8044;0
8045;0
8046;0
8047;0
8048;0
8049;0
8050;0
8051;1
8052;0
8053;0
8054;0
8055;0
8056;0
8057;1
8058;0
8059;0
8060;0
8061;0
8062;0
8063;0
8064;0
8065;0
8066;0
8067;0
8068;0
8069;0
8070;0
8071;0
8072;1
8073;0
8074;0
8075;0
8076;0
8077;0
8078;0
8079;0
8080;0
8081;0
8082;0
8083;0
8084;0
8085;0
8086;0
8087;0
8088;0
8089;0
8090;0
8091;0
8092;0
8093;0
8094;0
8095;0
8096;0
8097;0
8098;0
8099;0
8100;0
8101;0
8102;0
8103;0
8104;0
8105;0
8106;0
8107;0
8108;0
8109;0
8110;0
8111;0
8112;0
8113;0
8114;0
8115;0
8116;0
8117;0
8118;0
8119;0
8120;0
8121;0
8122;0
8123;0
8124;0
8125;0
8126;0
8127;0
8128;0
8129;0
8130;0
8131;0
8132;0
8133;0
8134;0
8135;0
8136;0
8137;0
8138;0
8139;0
8140;0
8141;0
8142;0
8143;0
8144;0
8145;0
8146;0
8147;0
8148;0
8149;0
8150;0
8151;0
8152;0
8153;0
8154;0
8155;0
8156;0
8157;0
8158;0
8159;0
8160;0
8161;0
8162;0
8163;0
8164;0
8165;0
8166;0
8167;0
8168;0
8169;0
8170;0
8171;0
8172;0
8173;0
8174;0
8175;0
8176;0
8177;0
8178;0
8179;0
8180;0
8181;0
8182;0
8183;0
8184;0
8185;0
8186;0
8187;0
8188;0
8189;0
8190;0
8191;0
