0;10
1;0
2;0
3;0
4;0
5;0
6;0
7;1
8;0
9;0
10;0
11;0
12;0
13;0
14;1
15;0
16;1
17;0
18;0
19;1
20;1
21;0
22;0
23;0
24;1
25;2
26;0
27;2
28;0
29;0
30;3
31;21
32;62
33;81
34;87
35;87
36;93
37;83
38;83
39;96
40;83
41;104
42;89
43;83
44;100
45;89
46;87
47;93
48;97
49;115
50;98
51;116
52;103
53;98
54;92
55;104
56;107
57;107
58;93
59;96
60;105
61;104
62;109
63;128
64;97
65;114
66;100
67;121
68;114
69;117
70;125
71;91
72;120
73;96
74;144
75;128
76;111
77;98
78;126
79;120
80;115
81;124
82;143
83;127
84;115
85;120
86;138
87;138
88;128
89;132
90;140
91;144
92;141
93;134
94;179
95;128
96;122
97;136
98;148
99;142
100;133
101;133
102;143
103;129
104;141
105;140
106;134
107;143
108;123
109;138
110;123
111;141
112;138
113;130
114;135
115;151
116;151
117;122
118;140
119;133
120;131
121;125
122;146
123;121
124;137
125;134
126;132
127;139
128;127
129;161
130;144
131;130
132;138
133;135
134;176
135;144
136;147
137;131
138;143
139;155
140;154
141;149
142;145
143;133
144;140
145;133
146;130
147;111
148;135
149;136
150;143
151;135
152;148
153;136
154;128
155;131
156;142
157;132
158;125
159;137
160;145
161;136
162;144
163;117
164;139
165;127
166;123
167;139
168;147
169;141
170;115
171;144
172;131
173;126
174;143
175;137
176;141
177;145
178;148
179;143
180;139
181;146
182;143
183;136
184;128
185;126
186;143
187;152
188;132
189;124
190;153
191;147
192;128
193;146
194;150
195;130
196;149
197;154
198;148
199;149
200;150
201;132
202;126
203;163
204;133
205;176
206;125
207;146
208;149
209;146
210;148
211;164
212;147
213;161
214;174
215;153
216;156
217;147
218;148
219;141
220;131
221;171
222;165
223;167
224;158
225;157
226;168
227;154
228;161
229;180
230;149
231;185
232;168
233;205
234;163
235;199
236;152
237;173
238;165
239;197
240;165
241;192
242;182
243;177
244;192
245;208
246;222
247;188
248;182
249;197
250;212
251;200
252;212
253;215
254;236
255;221
256;215
257;237
258;232
259;224
260;251
261;246
262;257
263;238
264;250
265;246
266;264
267;257
268;250
269;273
270;274
271;291
272;316
273;323
274;276
275;318
276;332
277;298
278;349
279;333
280;361
281;371
282;403
283;390
284;394
285;387
286;434
287;407
288;468
289;440
290;478
291;506
292;473
293;539
294;559
295;567
296;528
297;631
298;624
299;638
300;650
301;653
302;687
303;734
304;799
305;822
306;816
307;868
308;932
309;969
310;916
311;1074
312;1081
313;1087
314;1089
315;1184
316;1268
317;1252
318;1275
319;1346
320;1428
321;1471
322;1421
323;1597
324;1604
325;1658
326;1687
327;1789
328;1860
329;1953
330;1937
331;2004
332;1986
333;2137
334;2147
335;2316
336;2340
337;2347
338;2450
339;2511
340;2471
341;2590
342;2560
343;2623
344;2741
345;2725
346;2727
347;2795
348;2825
349;2911
350;2901
351;2933
352;2985
353;2983
354;2952
355;2971
356;3090
357;3063
358;3012
359;3040
360;3019
361;3007
362;3186
363;3072
364;3123
365;2993
366;3006
367;2999
368;3035
369;2915
370;2848
371;2946
372;2860
373;2778
374;2731
375;2770
376;2678
377;2651
378;2568
379;2459
380;2448
381;2456
382;2423
383;2279
384;2310
385;2262
386;2168
387;2156
388;2109
389;2039
390;1989
391;1995
392;1958
393;1930
394;1781
395;1797
396;1668
397;1674
398;1573
399;1570
400;1547
401;1486
402;1463
403;1350
404;1299
405;1320
406;1307
407;1262
408;1203
409;1182
410;1086
411;1157
412;1043
413;1029
414;1086
415;1036
416;1012
417;1012
418;971
419;860
420;873
421;854
422;866
423;850
424;805
425;867
426;819
427;772
428;717
429;775
430;691
431;697
432;703
433;717
434;649
435;671
436;628
437;608
438;609
439;601
440;548
441;519
442;520
443;535
444;497
445;507
446;499
447;502
448;500
449;459
450;452
451;419
452;405
453;395
454;407
455;411
456;375
457;339
458;373
459;357
460;325
461;341
462;333
463;274
464;277
465;319
466;280
467;316
468;297
469;258
470;258
471;279
472;235
473;253
474;229
475;198
476;209
477;212
478;204
479;196
480;219
481;194
482;186
483;185
484;201
485;165
486;150
487;162
488;175
489;139
490;145
491;139
492;153
493;138
494;149
495;138
496;130
497;121
498;133
499;131
500;122
501;141
502;121
503;134
504;132
505;132
506;121
507;123
508;112
509;113
510;133
511;132
512;116
513;122
514;126
515;111
516;122
517;115
518;120
519;121
520;114
521;125
522;109
523;116
524;119
525;114
526;128
527;119
528;128
529;105
530;118
531;138
532;117
533;116
534;113
535;132
536;113
537;138
538;109
539;129
540;142
541;122
542;108
543;123
544;131
545;121
546;115
547;129
548;122
549;119
550;112
551;114
552;125
553;117
554;142
555;128
556;139
557;139
558;126
559;134
560;123
561;148
562;138
563;148
564;162
565;134
566;137
567;128
568;141
569;126
570;153
571;132
572;151
573;136
574;148
575;142
576;131
577;160
578;154
579;149
580;144
581;148
582;151
583;170
584;138
585;146
586;151
587;165
588;135
589;160
590;148
591;166
592;161
593;177
594;165
595;169
596;171
597;164
598;181
599;158
600;148
601;176
602;162
603;213
604;158
605;160
606;169
607;187
608;193
609;184
610;188
611;172
612;186
613;171
614;175
615;187
616;171
617;200
618;193
619;211
620;177
621;194
622;189
623;220
624;206
625;214
626;201
627;213
628;215
629;188
630;196
631;226
632;175
633;192
634;217
635;210
636;201
637;213
638;202
639;218
640;217
641;184
642;229
643;196
644;191
645;213
646;236
647;221
648;210
649;252
650;220
651;241
652;220
653;229
654;206
655;225
656;247
657;216
658;249
659;223
660;246
661;214
662;225
663;253
664;229
665;226
666;239
667;228
668;252
669;223
670;249
671;225
672;239
673;256
674;235
675;245
676;228
677;236
678;225
679;246
680;241
681;276
682;232
683;245
684;238
685;218
686;236
687;232
688;225
689;211
690;240
691;240
692;207
693;230
694;230
695;254
696;236
697;227
698;223
699;210
700;233
701;193
702;210
703;216
704;211
705;207
706;205
707;222
708;214
709;219
710;209
711;251
712;220
713;233
714;243
715;251
716;224
717;215
718;227
719;226
720;185
721;218
722;225
723;220
724;215
725;210
726;211
727;195
728;226
729;214
730;234
731;200
732;179
733;223
734;164
735;224
736;212
737;180
738;187
739;194
740;186
741;166
742;178
743;204
744;233
745;196
746;184
747;190
748;197
749;173
750;190
751;201
752;186
753;181
754;175
755;182
756;209
757;171
758;176
759;208
760;168
761;156
762;166
763;179
764;190
765;162
766;168
767;200
768;179
769;169
770;174
771;168
772;168
773;167
774;177
775;205
776;193
777;171
778;189
779;182
780;181
781;196
782;183
783;182
784;198
785;154
786;181
787;190
788;193
789;211
790;172
791;207
792;189
793;189
794;200
795;188
796;201
797;219
798;212
799;201
800;193
801;238
802;245
803;191
804;232
805;217
806;203
807;231
808;220
809;221
810;226
811;229
812;220
813;212
814;249
815;245
816;217
817;246
818;269
819;262
820;222
821;235
822;232
823;250
824;258
825;263
826;254
827;272
828;258
829;268
830;267
831;254
832;266
833;256
834;299
835;273
836;251
837;270
838;300
839;269
840;301
841;261
842;246
843;262
844;283
845;257
846;266
847;269
848;274
849;277
850;276
851;272
852;304
853;303
854;271
855;313
856;278
857;251
858;296
859;288
860;314
861;279
862;278
863;265
864;301
865;274
866;307
867;294
868;298
869;294
870;280
871;272
872;287
873;283
874;279
875;280
876;287
877;282
878;294
879;279
880;282
881;274
882;274
883;296
884;273
885;272
886;284
887;267
888;275
889;278
890;287
891;293
892;271
893;261
894;308
895;251
896;258
897;242
898;293
899;257
900;219
901;281
902;247
903;238
904;272
905;232
906;277
907;255
908;237
909;265
910;227
911;251
912;229
913;255
914;234
915;251
916;230
917;229
918;245
919;250
920;235
921;234
922;236
923;252
924;268
925;284
926;237
927;228
928;222
929;205
930;250
931;213
932;243
933;227
934;225
935;235
936;240
937;228
938;197
939;238
940;213
941;253
942;190
943;184
944;227
945;202
946;220
947;230
948;214
949;234
950;231
951;217
952;213
953;221
954;240
955;231
956;220
957;200
958;213
959;218
960;243
961;220
962;232
963;240
964;228
965;248
966;219
967;226
968;233
969;232
970;217
971;247
972;242
973;234
974;227
975;224
976;249
977;231
978;254
979;276
980;233
981;281
982;267
983;286
984;249
985;288
986;259
987;290
988;280
989;284
990;274
991;278
992;278
993;278
994;261
995;282
996;334
997;305
998;310
999;283
1000;281
1001;308
1002;317
1003;321
1004;306
1005;320
1006;319
1007;340
1008;340
1009;325
1010;368
1011;342
1012;343
1013;380
1014;381
1015;367
1016;384
1017;354
1018;394
1019;391
1020;450
1021;410
1022;422
1023;421
1024;381
1025;435
1026;437
1027;470
1028;424
1029;503
1030;471
1031;508
1032;476
1033;502
1034;491
1035;486
1036;483
1037;535
1038;498
1039;534
1040;550
1041;570
1042;543
1043;618
1044;577
1045;630
1046;564
1047;599
1048;610
1049;609
1050;674
1051;693
1052;645
1053;725
1054;670
1055;678
1056;718
1057;690
1058;739
1059;794
1060;765
1061;746
1062;781
1063;779
1064;796
1065;815
1066;781
1067;842
1068;885
1069;843
1070;859
1071;896
1072;873
1073;933
1074;954
1075;949
1076;923
1077;923
1078;947
1079;1003
1080;1031
1081;1054
1082;1051
1083;1059
1084;1055
1085;1031
1086;1084
1087;1081
1088;1118
1089;1090
1090;1056
1091;1116
1092;1153
1093;1229
1094;1132
1095;1187
1096;1167
1097;1233
1098;1212
1099;1197
1100;1164
1101;1178
1102;1177
1103;1175
1104;1201
1105;1216
1106;1232
1107;1241
1108;1170
1109;1254
1110;1306
1111;1271
1112;1328
1113;1293
1114;1252
1115;1299
1116;1298
1117;1324
1118;1275
1119;1317
1120;1367
1121;1232
1122;1322
1123;1267
1124;1220
1125;1349
1126;1241
1127;1289
1128;1258
1129;1197
1130;1231
1131;1215
1132;1225
1133;1228
1134;1164
1135;1135
1136;1201
1137;1171
1138;1118
1139;1227
1140;1168
1141;1213
1142;1140
1143;1129
1144;1153
1145;1102
1146;1046
1147;1071
1148;1093
1149;1031
1150;1064
1151;1050
1152;1029
1153;1028
1154;990
1155;1036
1156;987
1157;1027
1158;966
1159;904
1160;954
1161;986
1162;885
1163;840
1164;875
1165;867
1166;800
1167;841
1168;786
1169;831
1170;786
1171;771
1172;722
1173;726
1174;710
1175;720
1176;665
1177;640
1178;635
1179;644
1180;648
1181;598
1182;600
1183;596
1184;593
1185;615
1186;568
1187;541
1188;525
1189;511
1190;517
1191;514
1192;489
1193;453
1194;472
1195;434
1196;423
1197;402
1198;388
1199;411
1200;395
1201;384
1202;390
1203;395
1204;410
1205;366
1206;348
1207;355
1208;328
1209;302
1210;313
1211;305
1212;313
1213;305
1214;284
1215;289
1216;269
1217;255
1218;255
1219;216
1220;246
1221;245
1222;244
1223;218
1224;216
1225;210
1226;238
1227;225
1228;206
1229;184
1230;212
1231;193
1232;166
1233;197
1234;182
1235;187
1236;166
1237;175
1238;164
1239;164
1240;157
1241;155
1242;117
1243;159
1244;158
1245;151
1246;131
1247;149
1248;146
1249;138
1250;148
1251;122
1252;141
1253;108
1254;133
1255;137
1256;106
1257;133
1258;135
1259;116
1260;117
1261;135
1262;122
1263;111
1264;135
1265;110
1266;120
1267;117
1268;116
1269;118
1270;97
1271;116
1272;105
1273;119
1274;121
1275;118
1276;120
1277;129
1278;111
1279;113
1280;113
1281;118
1282;99
1283;129
1284;105
1285;115
1286;91
1287;88
1288;89
1289;114
1290;96
1291;114
1292;123
1293;105
1294;104
1295;107
1296;118
1297;114
1298;111
1299;116
1300;112
1301;87
1302;111
1303;100
1304;99
1305;129
1306;109
1307;106
1308;114
1309;97
1310;119
1311;95
1312;112
1313;97
1314;96
1315;102
1316;114
1317;107
1318;125
1319;112
1320;116
1321;113
1322;112
1323;111
1324;107
1325;101
1326;93
1327;121
1328;118
1329;123
1330;101
1331;116
1332;108
1333;111
1334;127
1335;120
1336;111
1337;115
1338;100
1339;102
1340;109
1341;112
1342;118
1343;83
1344;115
1345;119
1346;104
1347;91
1348;138
1349;106
1350;103
1351;117
1352;104
1353;111
1354;107
1355;99
1356;104
1357;113
1358;112
1359;114
1360;104
1361;113
1362;124
1363;102
1364;101
1365;105
1366;110
1367;96
1368;96
1369;115
1370;116
1371;103
1372;122
1373;111
1374;134
1375;104
1376;111
1377;104
1378;112
1379;97
1380;86
1381;108
1382;101
1383;122
1384;103
1385;111
1386;101
1387;116
1388;114
1389;104
1390;96
1391;101
1392;103
1393;105
1394;105
1395;91
1396;120
1397;98
1398;99
1399;101
1400;117
1401;129
1402;146
1403;108
1404;126
1405;121
1406;87
1407;107
1408;98
1409;120
1410;120
1411;115
1412;115
1413;99
1414;112
1415;103
1416;116
1417;107
1418;97
1419;129
1420;95
1421;117
1422;97
1423;124
1424;124
1425;107
1426;94
1427;113
1428;105
1429;105
1430;126
1431;110
1432;107
1433;125
1434;108
1435;123
1436;111
1437;99
1438;124
1439;109
1440;125
1441;107
1442;130
1443;132
1444;125
1445;111
1446;107
1447;96
1448;116
1449;110
1450;123
1451;116
1452;107
1453;141
1454;128
1455;123
1456;111
1457;124
1458;115
1459;135
1460;118
1461;117
1462;130
1463;130
1464;115
1465;141
1466;113
1467;105
1468;90
1469;138
1470;122
1471;126
1472;124
1473;114
1474;120
1475;112
1476;134
1477;140
1478;122
1479;144
1480;120
1481;138
1482;112
1483;126
1484;136
1485;112
1486;133
1487;121
1488;121
1489;135
1490;124
1491;141
1492;147
1493;114
1494;124
1495;141
1496;127
1497;144
1498;124
1499;135
1500;126
1501;136
1502;146
1503;113
1504;148
1505;139
1506;143
1507;143
1508;139
1509;153
1510;130
1511;143
1512;149
1513;136
1514;157
1515;138
1516;135
1517;158
1518;132
1519;145
1520;137
1521;169
1522;149
1523;153
1524;137
1525;162
1526;150
1527;166
1528;170
1529;163
1530;137
1531;177
1532;145
1533;182
1534;177
1535;158
1536;164
1537;160
1538;152
1539;193
1540;164
1541;191
1542;173
1543;181
1544;172
1545;161
1546;202
1547;182
1548;158
1549;175
1550;161
1551;179
1552;170
1553;189
1554;174
1555;189
1556;167
1557;167
1558;195
1559;160
1560;195
1561;178
1562;186
1563;193
1564;187
1565;202
1566;188
1567;177
1568;203
1569;218
1570;200
1571;199
1572;177
1573;202
1574;211
1575;203
1576;198
1577;212
1578;169
1579;230
1580;194
1581;214
1582;194
1583;203
1584;192
1585;222
1586;184
1587;205
1588;192
1589;204
1590;209
1591;187
1592;203
1593;251
1594;199
1595;195
1596;228
1597;199
1598;198
1599;197
1600;245
1601;196
1602;233
1603;180
1604;198
1605;192
1606;188
1607;187
1608;204
1609;201
1610;197
1611;208
1612;224
1613;194
1614;219
1615;213
1616;225
1617;212
1618;184
1619;193
1620;196
1621;214
1622;170
1623;212
1624;209
1625;201
1626;208
1627;207
1628;215
1629;178
1630;200
1631;227
1632;207
1633;204
1634;177
1635;176
1636;219
1637;179
1638;203
1639;193
1640;178
1641;188
1642;162
1643;179
1644;191
1645;205
1646;180
1647;195
1648;182
1649;197
1650;187
1651;186
1652;172
1653;184
1654;174
1655;164
1656;176
1657;185
1658;188
1659;169
1660;181
1661;154
1662;197
1663;186
1664;158
1665;148
1666;171
1667;166
1668;160
1669;169
1670;178
1671;169
1672;170
1673;157
1674;202
1675;158
1676;155
1677;132
1678;145
1679;137
1680;139
1681;154
1682;135
1683;141
1684;135
1685;151
1686;129
1687;150
1688;125
1689;145
1690;145
1691;153
1692;163
1693;124
1694;151
1695;111
1696;133
1697;139
1698;143
1699;143
1700;147
1701;112
1702;151
1703;129
1704;129
1705;118
1706;134
1707;118
1708;150
1709;124
1710;112
1711;142
1712;130
1713;124
1714;119
1715;136
1716;114
1717;127
1718;112
1719;126
1720;113
1721;134
1722;125
1723;126
1724;111
1725;112
1726;122
1727;112
1728;123
1729;134
1730;113
1731;109
1732;131
1733;108
1734;108
1735;121
1736;113
1737;114
1738;108
1739;99
1740;100
1741;103
1742;110
1743;121
1744;120
1745;103
1746;109
1747;106
1748;121
1749;121
1750;107
1751;133
1752;114
1753;136
1754;113
1755;108
1756;107
1757;116
1758;105
1759;120
1760;128
1761;104
1762;103
1763;117
1764;114
1765;119
1766;117
1767;107
1768;101
1769;113
1770;119
1771;105
1772;106
1773;104
1774;105
1775;108
1776;99
1777;110
1778;100
1779;121
1780;89
1781;107
1782;102
1783;99
1784;93
1785;92
1786;115
1787;124
1788;96
1789;101
1790;111
1791;114
1792;103
1793;86
1794;97
1795;115
1796;100
1797;110
1798;113
1799;87
1800;98
1801;93
1802;108
1803;119
1804;107
1805;100
1806;111
1807;90
1808;119
1809;95
1810;106
1811;106
1812;101
1813;118
1814;100
1815;99
1816;119
1817;94
1818;101
1819;111
1820;115
1821;105
1822;110
1823;87
1824;98
1825;121
1826;114
1827;103
1828;93
1829;105
1830;102
1831;125
1832;94
1833;113
1834;103
1835;91
1836;110
1837;101
1838;114
1839;85
1840;114
1841;106
1842;110
1843;98
1844;127
1845;105
1846;102
1847;112
1848;101
1849;118
1850;126
1851;109
1852;107
1853;107
1854;98
1855;96
1856;100
1857;97
1858;121
1859;102
1860;135
1861;126
1862;109
1863;107
1864;101
1865;120
1866;113
1867;123
1868;118
1869;115
1870;93
1871;116
1872;123
1873;123
1874;111
1875;100
1876;101
1877;117
1878;109
1879;113
1880;125
1881;120
1882;105
1883;118
1884;108
1885;112
1886;110
1887;93
1888;93
1889;136
1890;118
1891;128
1892;126
1893;114
1894;130
1895;110
1896;108
1897;90
1898;121
1899;98
1900;114
1901;129
1902;113
1903;119
1904;107
1905;114
1906;116
1907;115
1908;106
1909;126
1910;104
1911;122
1912;128
1913;122
1914;100
1915;135
1916;108
1917;131
1918;132
1919;129
1920;130
1921;117
1922;129
1923;112
1924;124
1925;104
1926;100
1927;120
1928;128
1929;102
1930;111
1931;112
1932;119
1933;120
1934;127
1935;118
1936;123
1937;116
1938;115
1939;124
1940;136
1941;123
1942;141
1943;116
1944;118
1945;117
1946;135
1947;112
1948;134
1949;138
1950;115
1951;127
1952;98
1953;118
1954;114
1955;116
1956;147
1957;141
1958;127
1959;131
1960;120
1961;107
1962;124
1963;126
1964;118
1965;144
1966;115
1967;113
1968;119
1969;129
1970;108
1971;127
1972;126
1973;121
1974;117
1975;116
1976;124
1977;133
1978;135
1979;142
1980;128
1981;106
1982;133
1983;125
1984;142
1985;154
1986;127
1987;118
1988;133
1989;141
1990;124
1991;129
1992;119
1993;141
1994;143
1995;114
1996;115
1997;149
1998;128
1999;132
2000;120
2001;127
2002;132
2003;147
2004;119
2005;112
2006;144
2007;136
2008;114
2009;136
2010;133
2011;132
2012;136
2013;117
2014;121
2015;157
2016;149
2017;159
2018;148
2019;141
2020;119
2021;135
2022;129
2023;126
2024;141
2025;155
2026;145
2027;140
2028;157
2029;157
2030;139
2031;146
2032;145
2033;132
2034;147
2035;135
2036;142
2037;142
2038;126
2039;130
2040;132
2041;144
2042;124
2043;121
2044;145
2045;112
2046;133
2047;153
2048;124
2049;152
2050;147
2051;134
2052;120
2053;152
2054;135
2055;121
2056;151
2057;146
2058;144
2059;146
2060;137
2061;173
2062;160
2063;123
2064;135
2065;176
2066;148
2067;117
2068;150
2069;167
2070;124
2071;142
2072;142
2073;141
2074;159
2075;137
2076;130
2077;145
2078;128
2079;138
2080;136
2081;139
2082;145
2083;150
2084;160
2085;169
2086;130
2087;160
2088;136
2089;149
2090;137
2091;162
2092;148
2093;151
2094;142
2095;144
2096;138
2097;140
2098;155
2099;152
2100;135
2101;149
2102;127
2103;152
2104;127
2105;143
2106;175
2107;147
2108;134
2109;142
2110;161
2111;151
2112;152
2113;153
2114;163
2115;156
2116;124
2117;170
2118;146
2119;141
2120;157
2121;154
2122;150
2123;180
2124;157
2125;136
2126;169
2127;146
2128;159
2129;151
2130;152
2131;137
2132;152
2133;150
2134;160
2135;145
2136;174
2137;163
2138;144
2139;136
2140;164
2141;139
2142;146
2143;148
2144;162
2145;124
2146;147
2147;160
2148;155
2149;136
2150;141
2151;154
2152;141
2153;141
2154;153
2155;146
2156;138
2157;157
2158;165
2159;159
2160;170
2161;156
2162;173
2163;169
2164;170
2165;171
2166;154
2167;154
2168;150
2169;168
2170;164
2171;155
2172;128
2173;143
2174;158
2175;146
2176;145
2177;168
2178;167
2179;139
2180;141
2181;161
2182;167
2183;167
2184;137
2185;139
2186;162
2187;160
2188;155
2189;142
2190;178
2191;157
2192;154
2193;168
2194;149
2195;151
2196;154
2197;158
2198;171
2199;145
2200;150
2201;127
2202;148
2203;149
2204;149
2205;178
2206;123
2207;153
2208;163
2209;161
2210;154
2211;150
2212;154
2213;154
2214;146
2215;161
2216;136
2217;145
2218;140
2219;148
2220;158
2221;148
2222;162
2223;151
2224;160
2225;136
2226;142
2227;144
2228;148
2229;141
2230;159
2231;156
2232;139
2233;148
2234;148
2235;172
2236;166
2237;133
2238;143
2239;118
2240;156
2241;150
2242;140
2243;149
2244;155
2245;146
2246;147
2247;145
2248;133
2249;164
2250;151
2251;138
2252;130
2253;153
2254;146
2255;156
2256;142
2257;167
2258;138
2259;149
2260;136
2261;136
2262;154
2263;126
2264;140
2265;148
2266;168
2267;159
2268;134
2269;182
2270;172
2271;166
2272;162
2273;145
2274;127
2275;187
2276;163
2277;156
2278;163
2279;169
2280;116
2281;141
2282;149
2283;166
2284;150
2285;174
2286;153
2287;130
2288;138
2289;155
2290;122
2291;148
2292;147
2293;150
2294;139
2295;150
2296;133
2297;127
2298;134
2299;134
2300;133
2301;124
2302;143
2303;148
2304;169
2305;139
2306;153
2307;141
2308;154
2309;126
2310;160
2311;155
2312;143
2313;135
2314;143
2315;130
2316;133
2317;130
2318;144
2319;159
2320;132
2321;141
2322;128
2323;139
2324;137
2325;143
2326;111
2327;128
2328;133
2329;141
2330;141
2331;139
2332;128
2333;148
2334;135
2335;127
2336;153
2337;152
2338;144
2339;130
2340;140
2341;147
2342;153
2343;142
2344;145
2345;125
2346;149
2347;140
2348;151
2349;142
2350;116
2351;156
2352;147
2353;149
2354;140
2355;131
2356;145
2357;137
2358;138
2359;142
2360;131
2361;143
2362;169
2363;142
2364;132
2365;129
2366;146
2367;150
2368;135
2369;160
2370;124
2371;135
2372;135
2373;123
2374;128
2375;147
2376;128
2377;133
2378;144
2379;104
2380;137
2381;151
2382;131
2383;122
2384;141
2385;141
2386;133
2387;126
2388;148
2389;133
2390;135
2391;142
2392;139
2393;139
2394;138
2395;142
2396;129
2397;115
2398;148
2399;127
2400;151
2401;123
2402;153
2403;136
2404;139
2405;136
2406;157
2407;139
2408;115
2409;168
2410;140
2411;134
2412;117
2413;128
2414;115
2415;130
2416;129
2417;129
2418;143
2419;114
2420;146
2421;137
2422;125
2423;131
2424;133
2425;132
2426;113
2427;129
2428;133
2429;117
2430;131
2431;131
2432;117
2433;145
2434;115
2435;122
2436;112
2437;112
2438;139
2439;139
2440;129
2441;143
2442;128
2443;128
2444;117
2445;109
2446;133
2447;122
2448;139
2449;142
2450;138
2451;115
2452;142
2453;128
2454;153
2455;101
2456;131
2457;120
2458;128
2459;126
2460;128
2461;123
2462;114
2463;141
2464;135
2465;126
2466;144
2467;134
2468;114
2469;132
2470;132
2471;138
2472;103
2473;116
2474;124
2475;132
2476;114
2477;127
2478;130
2479;119
2480;143
2481;117
2482;127
2483;154
2484;99
2485;120
2486;128
2487;124
2488;133
2489;111
2490;125
2491;143
2492;105
2493;159
2494;129
2495;111
2496;113
2497;123
2498;113
2499;122
2500;122
2501;126
2502;141
2503;111
2504;120
2505;121
2506;130
2507;120
2508;110
2509;115
2510;132
2511;114
2512;109
2513;138
2514;117
2515;137
2516;131
2517;118
2518;145
2519;129
2520;132
2521;118
2522;122
2523;109
2524;127
2525;116
2526;96
2527;121
2528;115
2529;113
2530;115
2531;101
2532;121
2533;135
2534;125
2535;98
2536;101
2537;121
2538;125
2539;130
2540;145
2541;112
2542;138
2543;109
2544;119
2545;115
2546;109
2547;117
2548;117
2549;115
2550;112
2551;124
2552;117
2553;115
2554;113
2555;116
2556;98
2557;112
2558;126
2559;125
2560;135
2561;106
2562;117
2563;124
2564;121
2565;112
2566;113
2567;122
2568;129
2569;115
2570;113
2571;119
2572;128
2573;102
2574;127
2575;111
2576;125
2577;113
2578;111
2579;140
2580;117
2581;120
2582;124
2583;118
2584;107
2585;150
2586;119
2587;135
2588;93
2589;106
2590;121
2591;104
2592;114
2593;110
2594;123
2595;118
2596;126
2597;126
2598;137
2599;128
2600;143
2601;111
2602;120
2603;128
2604;110
2605;112
2606;112
2607;109
2608;117
2609;145
2610;112
2611;102
2612;123
2613;117
2614;132
2615;101
2616;119
2617;121
2618;118
2619;109
2620;108
2621;119
2622;131
2623;117
2624;110
2625;117
2626;107
2627;104
2628;102
2629;111
2630;106
2631;85
2632;129
2633;105
2634;138
2635;95
2636;127
2637;117
2638;98
2639;98
2640;113
2641;105
2642;124
2643;99
2644;103
2645;84
2646;111
2647;103
2648;93
2649;123
2650;98
2651;114
2652;127
2653;107
2654;123
2655;109
2656;107
2657;91
2658;119
2659;90
2660;111
2661;109
2662;128
2663;117
2664;105
2665;105
2666;142
2667;110
2668;116
2669;113
2670;103
2671;114
2672;109
2673;105
2674;111
2675;118
2676;106
2677;131
2678;98
2679;98
2680;108
2681;101
2682;93
2683;113
2684;101
2685;99
2686;101
2687;103
2688;95
2689;110
2690;104
2691;90
2692;114
2693;101
2694;116
2695;108
2696;90
2697;93
2698;111
2699;105
2700;97
2701;109
2702;112
2703;95
2704;104
2705;113
2706;117
2707;98
2708;119
2709;114
2710;96
2711;129
2712;102
2713;112
2714;98
2715;95
2716;116
2717;102
2718;99
2719;104
2720;88
2721;99
2722;103
2723;118
2724;109
2725;93
2726;97
2727;97
2728;107
2729;107
2730;100
2731;111
2732;109
2733;94
2734;108
2735;106
2736;80
2737;103
2738;93
2739;89
2740;89
2741;99
2742;78
2743;98
2744;90
2745;92
2746;84
2747;98
2748;117
2749;87
2750;93
2751;97
2752;88
2753;99
2754;108
2755;93
2756;90
2757;113
2758;101
2759;99
2760;71
2761;107
2762;103
2763;93
2764;92
2765;103
2766;100
2767;101
2768;102
2769;109
2770;95
2771;119
2772;109
2773;99
2774;82
2775;93
2776;92
2777;97
2778;106
2779;113
2780;115
2781;110
2782;99
2783;88
2784;82
2785;89
2786;105
2787;113
2788;104
2789;89
2790;84
2791;88
2792;104
2793;79
2794;86
2795;88
2796;100
2797;95
2798;91
2799;101
2800;94
2801;74
2802;96
2803;88
2804;88
2805;78
2806;97
2807;83
2808;81
2809;108
2810;96
2811;98
2812;107
2813;103
2814;92
2815;85
2816;89
2817;88
2818;96
2819;100
2820;77
2821;99
2822;87
2823;93
2824;95
2825;110
2826;92
2827;103
2828;106
2829;88
2830;92
2831;91
2832;95
2833;100
2834;84
2835;85
2836;87
2837;75
2838;94
2839;88
2840;83
2841;86
2842;89
2843;82
2844;77
2845;113
2846;94
2847;95
2848;74
2849;86
2850;99
2851;105
2852;91
2853;108
2854;87
2855;86
2856;74
2857;93
2858;90
2859;111
2860;89
2861;99
2862;89
2863;89
2864;91
2865;78
2866;73
2867;89
2868;109
2869;83
2870;91
2871;82
2872;73
2873;85
2874;95
2875;83
2876;90
2877;81
2878;79
2879;95
2880;92
2881;100
2882;77
2883;90
2884;102
2885;81
2886;91
2887;86
2888;93
2889;90
2890;77
2891;83
2892;85
2893;98
2894;85
2895;90
2896;83
2897;91
2898;81
2899;80
2900;92
2901;81
2902;93
2903;80
2904;90
2905;84
2906;89
2907;73
2908;82
2909;86
2910;66
2911;90
2912;76
2913;71
2914;95
2915;85
2916;88
2917;79
2918;98
2919;95
2920;73
2921;84
2922;84
2923;92
2924;78
2925;87
2926;77
2927;90
2928;79
2929;89
2930;80
2931;91
2932;74
2933;94
2934;73
2935;105
2936;84
2937;84
2938;95
2939;79
2940;85
2941;67
2942;96
2943;88
2944;86
2945;95
2946;81
2947;79
2948;79
2949;73
2950;92
2951;72
2952;86
2953;83
2954;84
2955;75
2956;88
2957;85
2958;85
2959;101
2960;68
2961;86
2962;67
2963;88
2964;79
2965;79
2966;86
2967;110
2968;65
2969;80
2970;89
2971;97
2972;85
2973;87
2974;88
2975;101
2976;78
2977;77
2978;77
2979;79
2980;87
2981;78
2982;76
2983;63
2984;77
2985;75
2986;84
2987;69
2988;84
2989;69
2990;66
2991;86
2992;68
2993;69
2994;95
2995;75
2996;83
2997;80
2998;99
2999;65
3000;80
3001;77
3002;96
3003;76
3004;84
3005;70
3006;93
3007;75
3008;84
3009;78
3010;66
3011;78
3012;83
3013;72
3014;86
3015;80
3016;80
3017;79
3018;76
3019;87
3020;87
3021;83
3022;83
3023;64
3024;67
3025;93
3026;85
3027;67
3028;85
3029;97
3030;71
3031;75
3032;75
3033;84
3034;69
3035;89
3036;76
3037;61
3038;84
3039;78
3040;69
3041;88
3042;77
3043;71
3044;63
3045;71
3046;72
3047;93
3048;83
3049;78
3050;88
3051;76
3052;78
3053;87
3054;75
3055;95
3056;96
3057;81
3058;82
3059;81
3060;76
3061;84
3062;81
3063;77
3064;80
3065;98
3066;76
3067;73
3068;81
3069;79
3070;60
3071;79
3072;96
3073;80
3074;81
3075;86
3076;79
3077;88
3078;72
3079;66
3080;81
3081;73
3082;91
3083;81
3084;65
3085;77
3086;80
3087;72
3088;73
3089;74
3090;76
3091;95
3092;60
3093;63
3094;78
3095;71
3096;76
3097;71
3098;83
3099;98
3100;71
3101;80
3102;72
3103;81
3104;86
3105;69
3106;65
3107;82
3108;63
3109;67
3110;89
3111;77
3112;88
3113;91
3114;76
3115;76
3116;74
3117;55
3118;83
3119;83
3120;74
3121;82
3122;75
3123;89
3124;92
3125;81
3126;68
3127;72
3128;72
3129;71
3130;57
3131;67
3132;70
3133;68
3134;65
3135;85
3136;67
3137;66
3138;65
3139;67
3140;59
3141;73
3142;71
3143;65
3144;79
3145;57
3146;76
3147;66
3148;79
3149;73
3150;83
3151;67
3152;57
3153;77
3154;79
3155;84
3156;66
3157;61
3158;61
3159;72
3160;70
3161;61
3162;82
3163;79
3164;88
3165;72
3166;88
3167;59
3168;65
3169;64
3170;52
3171;70
3172;75
3173;79
3174;63
3175;78
3176;73
3177;69
3178;62
3179;69
3180;68
3181;73
3182;77
3183;87
3184;84
3185;80
3186;71
3187;77
3188;80
3189;76
3190;73
3191;99
3192;73
3193;76
3194;82
3195;63
3196;68
3197;73
3198;64
3199;66
3200;72
3201;74
3202;70
3203;70
3204;54
3205;60
3206;55
3207;52
3208;70
3209;74
3210;59
3211;68
3212;69
3213;68
3214;77
3215;68
3216;73
3217;64
3218;76
3219;79
3220;82
3221;86
3222;58
3223;79
3224;78
3225;77
3226;76
3227;89
3228;68
3229;68
3230;78
3231;82
3232;62
3233;63
3234;58
3235;65
3236;82
3237;67
3238;69
3239;78
3240;67
3241;65
3242;80
3243;83
3244;68
3245;57
3246;82
3247;67
3248;71
3249;80
3250;72
3251;67
3252;71
3253;60
3254;75
3255;53
3256;67
3257;68
3258;68
3259;63
3260;62
3261;71
3262;79
3263;51
3264;75
3265;61
3266;67
3267;66
3268;67
3269;68
3270;68
3271;62
3272;72
3273;71
3274;69
3275;64
3276;74
3277;78
3278;70
3279;74
3280;56
3281;67
3282;77
3283;63
3284;76
3285;66
3286;67
3287;71
3288;59
3289;68
3290;70
3291;64
3292;70
3293;64
3294;86
3295;47
3296;67
3297;58
3298;58
3299;68
3300;71
3301;53
3302;59
3303;55
3304;64
3305;66
3306;58
3307;51
3308;56
3309;66
3310;61
3311;55
3312;61
3313;66
3314;68
3315;60
3316;71
3317;65
3318;58
3319;57
3320;71
3321;69
3322;80
3323;67
3324;77
3325;77
3326;59
3327;58
3328;60
3329;79
3330;75
3331;68
3332;61
3333;64
3334;56
3335;62
3336;59
3337;61
3338;64
3339;69
3340;57
3341;82
3342;57
3343;67
3344;59
3345;80
3346;73
3347;50
3348;68
3349;62
3350;66
3351;64
3352;63
3353;60
3354;62
3355;66
3356;63
3357;62
3358;66
3359;48
3360;55
3361;68
3362;44
3363;72
3364;60
3365;63
3366;63
3367;71
3368;57
3369;73
3370;80
3371;72
3372;53
3373;70
3374;67
3375;52
3376;51
3377;54
3378;65
3379;67
3380;59
3381;61
3382;48
3383;64
3384;80
3385;68
3386;71
3387;83
3388;70
3389;77
3390;60
3391;67
3392;75
3393;64
3394;61
3395;66
3396;65
3397;58
3398;43
3399;67
3400;58
3401;60
3402;60
3403;65
3404;69
3405;72
3406;77
3407;62
3408;60
3409;67
3410;54
3411;60
3412;70
3413;76
3414;56
3415;62
3416;68
3417;75
3418;70
3419;68
3420;66
3421;52
3422;69
3423;72
3424;52
3425;49
3426;72
3427;68
3428;71
3429;77
3430;57
3431;64
3432;76
3433;61
3434;61
3435;73
3436;61
3437;47
3438;65
3439;71
3440;62
3441;59
3442;56
3443;73
3444;62
3445;57
3446;68
3447;64
3448;65
3449;62
3450;62
3451;55
3452;51
3453;46
3454;46
3455;70
3456;51
3457;54
3458;58
3459;64
3460;63
3461;68
3462;59
3463;50
3464;65
3465;63
3466;55
3467;68
3468;67
3469;65
3470;61
3471;68
3472;61
3473;79
3474;63
3475;54
3476;61
3477;65
3478;57
3479;51
3480;66
3481;66
3482;75
3483;67
3484;49
3485;55
3486;72
3487;54
3488;55
3489;60
3490;62
3491;69
3492;55
3493;70
3494;69
3495;63
3496;75
3497;64
3498;56
3499;60
3500;61
3501;58
3502;72
3503;52
3504;62
3505;67
3506;57
3507;66
3508;52
3509;71
3510;60
3511;61
3512;56
3513;70
3514;72
3515;54
3516;61
3517;56
3518;64
3519;67
3520;68
3521;58
3522;67
3523;62
3524;69
3525;69
3526;83
3527;75
3528;58
3529;47
3530;65
3531;81
3532;84
3533;58
3534;70
3535;64
3536;74
3537;61
3538;67
3539;79
3540;64
3541;71
3542;46
3543;61
3544;73
3545;62
3546;80
3547;66
3548;78
3549;72
3550;78
3551;70
3552;76
3553;70
3554;75
3555;76
3556;64
3557;83
3558;70
3559;75
3560;76
3561;66
3562;72
3563;75
3564;81
3565;76
3566;80
3567;67
3568;78
3569;73
3570;75
3571;90
3572;63
3573;75
3574;62
3575;70
3576;72
3577;66
3578;63
3579;85
3580;69
3581;63
3582;58
3583;79
3584;66
3585;85
3586;72
3587;72
3588;77
3589;76
3590;71
3591;80
3592;89
3593;85
3594;72
3595;76
3596;68
3597;88
3598;86
3599;58
3600;84
3601;66
3602;86
3603;76
3604;87
3605;79
3606;85
3607;78
3608;83
3609;58
3610;83
3611;77
3612;82
3613;67
3614;76
3615;81
3616;82
3617;87
3618;83
3619;79
3620;82
3621;89
3622;86
3623;93
3624;88
3625;63
3626;87
3627;79
3628;92
3629;85
3630;101
3631;84
3632;94
3633;79
3634;83
3635;100
3636;83
3637;90
3638;97
3639;93
3640;91
3641;68
3642;79
3643;73
3644;90
3645;85
3646;97
3647;95
3648;98
3649;97
3650;98
3651;76
3652;92
3653;90
3654;91
3655;75
3656;79
3657;79
3658;96
3659;90
3660;89
3661;81
3662;83
3663;79
3664;83
3665;86
3666;98
3667;100
3668;93
3669;102
3670;83
3671;101
3672;78
3673;93
3674;82
3675;88
3676;97
3677;95
3678;101
3679;90
3680;92
3681;83
3682;81
3683;103
3684;83
3685;105
3686;98
3687;86
3688;90
3689;116
3690;92
3691;81
3692;101
3693;108
3694;82
3695;105
3696;107
3697;110
3698;98
3699;96
3700;110
3701;97
3702;92
3703;97
3704;83
3705;88
3706;124
3707;107
3708;101
3709;107
3710;104
3711;109
3712;89
3713;91
3714;99
3715;111
3716;87
3717;98
3718;113
3719;79
3720;82
3721;97
3722;85
3723;101
3724;81
3725;98
3726;96
3727;111
3728;101
3729;97
3730;102
3731;102
3732;101
3733;105
3734;111
3735;100
3736;86
3737;115
3738;108
3739;110
3740;106
3741;118
3742;91
3743;94
3744;112
3745;99
3746;110
3747;99
3748;103
3749;115
3750;99
3751;111
3752;113
3753;103
3754;103
3755;109
3756;93
3757;116
3758;95
3759;116
3760;82
3761;99
3762;111
3763;106
3764;123
3765;105
3766;107
3767;91
3768;108
3769;117
3770;105
3771;103
3772;102
3773;100
3774;116
3775;118
3776;103
3777;117
3778;115
3779;100
3780;94
3781;119
3782;112
3783;98
3784;96
3785;99
3786;118
3787;103
3788;105
3789;88
3790;94
3791;104
3792;114
3793;97
3794;114
3795;112
3796;113
3797;103
3798;94
3799;115
3800;123
3801;105
3802;113
3803;113
3804;122
3805;110
3806;100
3807;126
3808;110
3809;99
3810;119
3811;122
3812;102
3813;103
3814;98
3815;103
3816;124
3817;120
3818;114
3819;125
3820;99
3821;97
3822;106
3823;120
3824;121
3825;111
3826;110
3827;104
3828;123
3829;113
3830;115
3831;114
3832;107
3833;101
3834;130
3835;95
3836;100
3837;101
3838;121
3839;106
3840;117
3841;97
3842;122
3843;115
3844;92
3845;120
3846;128
3847;117
3848;106
3849;107
3850;107
3851;112
3852;130
3853;120
3854;126
3855;119
3856;112
3857;123
3858;102
3859;124
3860;125
3861;117
3862;125
3863;112
3864;113
3865;134
3866;103
3867;121
3868;106
3869;105
3870;125
3871;128
3872;113
3873;127
3874;117
3875;110
3876;111
3877;106
3878;105
3879;115
3880;103
3881;123
3882;139
3883;115
3884;99
3885;120
3886;138
3887;119
3888;128
3889;117
3890;130
3891;119
3892;113
3893;120
3894;113
3895;122
3896;104
3897;129
3898;92
3899;124
3900;102
3901;121
3902;122
3903;108
3904;120
3905;117
3906;131
3907;107
3908;107
3909;116
3910;118
3911;136
3912;146
3913;151
3914;117
3915;149
3916;121
3917;106
3918;129
3919;137
3920;112
3921;116
3922;103
3923;125
3924;109
3925;109
3926;106
3927;111
3928;134
3929;130
3930;121
3931;114
3932;124
3933;112
3934;98
3935;124
3936;119
3937;123
3938;121
3939;114
3940;136
3941;131
3942;120
3943;132
3944;125
3945;126
3946;135
3947;139
3948;110
3949;137
3950;130
3951;120
3952;115
3953;131
3954;120
3955;156
3956;125
3957;132
3958;143
3959;122
3960;128
3961;107
3962;112
3963;116
3964;134
3965;110
3966;119
3967;117
3968;136
3969;109
3970;150
3971;157
3972;133
3973;142
3974;128
3975;124
3976;132
3977;149
3978;133
3979;173
3980;127
3981;139
3982;165
3983;127
3984;130
3985;145
3986;122
3987;125
3988;123
3989;129
3990;146
3991;112
3992;139
3993;142
3994;147
3995;161
3996;134
3997;141
3998;148
3999;144
4000;159
4001;153
4002;147
4003;145
4004;138
4005;146
4006;147
4007;145
4008;150
4009;142
4010;164
4011;142
4012;145
4013;145
4014;151
4015;154
4016;141
4017;148
4018;133
4019;137
4020;159
4021;163
4022;147
4023;151
4024;134
4025;118
4026;155
4027;160
4028;154
4029;145
4030;155
4031;177
4032;171
4033;154
4034;154
4035;167
4036;144
4037;149
4038;142
4039;156
4040;145
4041;138
4042;153
4043;172
4044;158
4045;144
4046;168
4047;189
4048;166
4049;155
4050;158
4051;152
4052;155
4053;175
4054;166
4055;170
4056;162
4057;162
4058;181
4059;163
4060;133
4061;149
4062;165
4063;180
4064;158
4065;150
4066;167
4067;171
4068;158
4069;163
4070;175
4071;165
4072;182
4073;165
4074;174
4075;156
4076;130
4077;162
4078;176
4079;158
4080;177
4081;166
4082;188
4083;158
4084;164
4085;175
4086;161
4087;149
4088;170
4089;175
4090;171
4091;179
4092;182
4093;175
4094;168
4095;180
4096;176
4097;211
4098;178
4099;174
4100;177
4101;189
4102;190
4103;158
4104;184
4105;186
4106;154
4107;177
4108;160
4109;187
4110;173
4111;161
4112;176
4113;203
4114;172
4115;158
4116;187
4117;172
4118;179
4119;186
4120;173
4121;162
4122;195
4123;184
4124;169
4125;182
4126;175
4127;173
4128;191
4129;187
4130;172
4131;172
4132;194
4133;175
4134;188
4135;196
4136;183
4137;172
4138;190
4139;209
4140;159
4141;185
4142;163
4143;181
4144;190
4145;183
4146;174
4147;162
4148;183
4149;194
4150;176
4151;191
4152;195
4153;179
4154;189
4155;165
4156;194
4157;180
4158;197
4159;186
4160;200
4161;190
4162;166
4163;188
4164;197
4165;183
4166;193
4167;169
4168;160
4169;190
4170;161
4171;183
4172;168
4173;194
4174;194
4175;191
4176;180
4177;188
4178;169
4179;183
4180;166
4181;190
4182;168
4183;204
4184;161
4185;179
4186;188
4187;156
4188;179
4189;176
4190;179
4191;165
4192;185
4193;199
4194;192
4195;171
4196;163
4197;186
4198;161
4199;188
4200;196
4201;183
4202;172
4203;179
4204;174
4205;201
4206;179
4207;154
4208;178
4209;179
4210;189
4211;198
4212;170
4213;145
4214;174
4215;147
4216;160
4217;168
4218;154
4219;178
4220;176
4221;147
4222;164
4223;169
4224;178
4225;191
4226;173
4227;177
4228;162
4229;196
4230;155
4231;182
4232;177
4233;189
4234;196
4235;181
4236;177
4237;166
4238;150
4239;173
4240;190
4241;169
4242;166
4243;182
4244;158
4245;145
4246;150
4247;155
4248;175
4249;163
4250;172
4251;158
4252;173
4253;151
4254;182
4255;177
4256;170
4257;164
4258;136
4259;169
4260;160
4261;153
4262;157
4263;129
4264;160
4265;148
4266;143
4267;122
4268;136
4269;147
4270;157
4271;154
4272;150
4273;160
4274;162
4275;158
4276;146
4277;165
4278;156
4279;138
4280;125
4281;157
4282;161
4283;166
4284;147
4285;144
4286;145
4287;134
4288;138
4289;154
4290;141
4291;153
4292;157
4293;126
4294;136
4295;167
4296;149
4297;137
4298;129
4299;129
4300;133
4301;137
4302;160
4303;128
4304;123
4305;164
4306;139
4307;125
4308;112
4309;111
4310;137
4311;119
4312;120
4313;132
4314;134
4315;121
4316;138
4317;134
4318;120
4319;118
4320;126
4321;137
4322;117
4323;126
4324;123
4325;125
4326;135
4327;129
4328;140
4329;131
4330;128
4331;121
4332;148
4333;104
4334;123
4335;121
4336;122
4337;125
4338;106
4339;121
4340;146
4341;110
4342;127
4343;126
4344;95
4345;125
4346;114
4347;121
4348;127
4349;123
4350;117
4351;118
4352;148
4353;93
4354;106
4355;100
4356;120
4357;124
4358;114
4359;129
4360;104
4361;129
4362;111
4363;115
4364;84
4365;115
4366;95
4367;123
4368;107
4369;92
4370;109
4371;110
4372;115
4373;104
4374;116
4375;115
4376;109
4377;95
4378;98
4379;120
4380;94
4381;133
4382;94
4383;92
4384;106
4385;90
4386;115
4387;112
4388;102
4389;116
4390;112
4391;95
4392;118
4393;109
4394;84
4395;99
4396;112
4397;95
4398;101
4399;88
4400;97
4401;97
4402;74
4403;85
4404;104
4405;80
4406;86
4407;102
4408;83
4409;102
4410;83
4411;106
4412;94
4413;83
4414;75
4415;101
4416;97
4417;116
4418;88
4419;87
4420;94
4421;109
4422;83
4423;90
4424;87
4425;100
4426;90
4427;96
4428;99
4429;109
4430;88
4431;90
4432;82
4433;98
4434;112
4435;90
4436;96
4437;79
4438;91
4439;69
4440;80
4441;87
4442;94
4443;95
4444;99
4445;80
4446;98
4447;99
4448;78
4449;86
4450;84
4451;87
4452;88
4453;90
4454;76
4455;93
4456;84
4457;73
4458;97
4459;88
4460;76
4461;96
4462;94
4463;82
4464;98
4465;76
4466;76
4467;99
4468;96
4469;89
4470;82
4471;86
4472;91
4473;111
4474;82
4475;76
4476;92
4477;97
4478;97
4479;94
4480;91
4481;75
4482;88
4483;91
4484;88
4485;94
4486;93
4487;101
4488;93
4489;108
4490;100
4491;89
4492;98
4493;90
4494;93
4495;75
4496;88
4497;105
4498;95
4499;93
4500;81
4501;88
4502;115
4503;96
4504;88
4505;112
4506;124
4507;97
4508;104
4509;107
4510;100
4511;123
4512;92
4513;108
4514;105
4515;115
4516;102
4517;140
4518;121
4519;85
4520;109
4521;75
4522;91
4523;104
4524;101
4525;113
4526;95
4527;96
4528;118
4529;104
4530;110
4531;104
4532;110
4533;100
4534;115
4535;104
4536;119
4537;114
4538;119
4539;122
4540;103
4541;112
4542;133
4543;116
4544;101
4545;100
4546;120
4547;121
4548;121
4549;116
4550;130
4551;125
4552;139
4553;111
4554;140
4555;143
4556;135
4557;126
4558;134
4559;116
4560;132
4561;133
4562;147
4563;120
4564;138
4565;130
4566;125
4567;143
4568;117
4569;124
4570;121
4571;126
4572;133
4573;136
4574;144
4575;160
4576;129
4577;165
4578;149
4579;142
4580;159
4581;159
4582;156
4583;121
4584;146
4585;137
4586;135
4587;157
4588;165
4589;129
4590;143
4591;159
4592;137
4593;138
4594;157
4595;151
4596;157
4597;155
4598;174
4599;147
4600;170
4601;155
4602;169
4603;170
4604;168
4605;185
4606;171
4607;156
4608;179
4609;165
4610;171
4611;176
4612;172
4613;209
4614;189
4615;172
4616;151
4617;153
4618;165
4619;198
4620;176
4621;175
4622;187
4623;172
4624;177
4625;197
4626;186
4627;186
4628;208
4629;159
4630;185
4631;215
4632;208
4633;202
4634;175
4635;206
4636;197
4637;194
4638;192
4639;196
4640;184
4641;196
4642;210
4643;195
4644;212
4645;233
4646;215
4647;220
4648;188
4649;196
4650;202
4651;225
4652;207
4653;212
4654;241
4655;220
4656;232
4657;223
4658;209
4659;214
4660;209
4661;255
4662;224
4663;223
4664;213
4665;204
4666;236
4667;249
4668;230
4669;207
4670;226
4671;245
4672;219
4673;239
4674;270
4675;226
4676;284
4677;214
4678;245
4679;232
4680;247
4681;241
4682;243
4683;277
4684;258
4685;267
4686;252
4687;247
4688;280
4689;274
4690;265
4691;239
4692;273
4693;266
4694;270
4695;286
4696;256
4697;261
4698;247
4699;265
4700;266
4701;270
4702;250
4703;293
4704;287
4705;300
4706;268
4707;279
4708;257
4709;270
4710;276
4711;252
4712;272
4713;280
4714;274
4715;286
4716;279
4717;302
4718;285
4719;274
4720;270
4721;301
4722;286
4723;305
4724;297
4725;301
4726;307
4727;316
4728;312
4729;311
4730;311
4731;280
4732;321
4733;292
4734;322
4735;318
4736;315
4737;304
4738;308
4739;286
4740;300
4741;305
4742;318
4743;350
4744;302
4745;327
4746;358
4747;321
4748;324
4749;363
4750;317
4751;300
4752;313
4753;296
4754;334
4755;335
4756;317
4757;321
4758;357
4759;365
4760;336
4761;327
4762;323
4763;347
4764;327
4765;308
4766;361
4767;352
4768;332
4769;337
4770;317
4771;387
4772;322
4773;346
4774;367
4775;347
4776;358
4777;337
4778;352
4779;331
4780;370
4781;360
4782;318
4783;358
4784;371
4785;377
4786;352
4787;321
4788;357
4789;360
4790;338
4791;346
4792;360
4793;385
4794;388
4795;366
4796;350
4797;355
4798;352
4799;342
4800;355
4801;358
4802;367
4803;343
4804;360
4805;355
4806;378
4807;387
4808;381
4809;361
4810;381
4811;371
4812;365
4813;396
4814;393
4815;371
4816;387
4817;387
4818;371
4819;394
4820;377
4821;372
4822;400
4823;370
4824;374
4825;373
4826;390
4827;371
4828;380
4829;413
4830;389
4831;364
4832;351
4833;389
4834;367
4835;369
4836;395
4837;419
4838;373
4839;401
4840;406
4841;379
4842;394
4843;412
4844;384
4845;380
4846;382
4847;381
4848;436
4849;390
4850;369
4851;398
4852;383
4853;400
4854;372
4855;402
4856;388
4857;409
4858;399
4859;396
4860;408
4861;404
4862;413
4863;384
4864;381
4865;401
4866;418
4867;354
4868;373
4869;337
4870;367
4871;407
4872;398
4873;444
4874;402
4875;411
4876;417
4877;386
4878;436
4879;420
4880;397
4881;402
4882;377
4883;398
4884;406
4885;374
4886;398
4887;368
4888;403
4889;400
4890;374
4891;374
4892;397
4893;407
4894;413
4895;409
4896;417
4897;388
4898;353
4899;403
4900;384
4901;406
4902;423
4903;376
4904;414
4905;378
4906;402
4907;390
4908;394
4909;400
4910;404
4911;376
4912;412
4913;377
4914;396
4915;376
4916;356
4917;406
4918;406
4919;374
4920;425
4921;390
4922;400
4923;346
4924;377
4925;380
4926;447
4927;414
4928;386
4929;396
4930;390
4931;383
4932;384
4933;426
4934;387
4935;389
4936;400
4937;385
4938;377
4939;386
4940;369
4941;370
4942;380
4943;344
4944;364
4945;362
4946;355
4947;384
4948;367
4949;374
4950;367
4951;362
4952;382
4953;364
4954;348
4955;353
4956;364
4957;382
4958;405
4959;388
4960;371
4961;357
4962;389
4963;356
4964;321
4965;361
4966;335
4967;405
4968;367
4969;333
4970;357
4971;350
4972;362
4973;360
4974;368
4975;388
4976;404
4977;341
4978;365
4979;357
4980;370
4981;365
4982;340
4983;347
4984;348
4985;334
4986;315
4987;364
4988;334
4989;374
4990;324
4991;356
4992;346
4993;361
4994;337
4995;320
4996;342
4997;349
4998;360
4999;334
5000;339
5001;302
5002;324
5003;338
5004;325
5005;294
5006;325
5007;315
5008;348
5009;325
5010;328
5011;346
5012;331
5013;348
5014;337
5015;308
5016;322
5017;315
5018;325
5019;314
5020;314
5021;295
5022;318
5023;336
5024;322
5025;322
5026;306
5027;255
5028;285
5029;304
5030;312
5031;305
5032;312
5033;310
5034;299
5035;307
5036;308
5037;301
5038;298
5039;282
5040;275
5041;302
5042;338
5043;321
5044;303
5045;316
5046;271
5047;309
5048;295
5049;295
5050;283
5051;265
5052;291
5053;280
5054;294
5055;316
5056;295
5057;270
5058;290
5059;273
5060;266
5061;272
5062;291
5063;273
5064;254
5065;265
5066;252
5067;240
5068;277
5069;285
5070;282
5071;285
5072;291
5073;278
5074;276
5075;263
5076;251
5077;276
5078;251
5079;273
5080;241
5081;268
5082;249
5083;236
5084;223
5085;245
5086;240
5087;271
5088;229
5089;234
5090;232
5091;228
5092;216
5093;258
5094;250
5095;258
5096;214
5097;235
5098;240
5099;253
5100;232
5101;228
5102;237
5103;249
5104;228
5105;232
5106;245
5107;225
5108;245
5109;230
5110;228
5111;242
5112;245
5113;236
5114;217
5115;242
5116;232
5117;233
5118;214
5119;233
5120;228
5121;234
5122;208
5123;233
5124;228
5125;248
5126;221
5127;219
5128;229
5129;204
5130;221
5131;217
5132;261
5133;203
5134;218
5135;193
5136;177
5137;204
5138;227
5139;227
5140;210
5141;220
5142;205
5143;201
5144;184
5145;228
5146;223
5147;200
5148;188
5149;215
5150;199
5151;199
5152;189
5153;211
5154;192
5155;209
5156;205
5157;192
5158;214
5159;181
5160;180
5161;184
5162;190
5163;219
5164;195
5165;183
5166;169
5167;212
5168;185
5169;193
5170;173
5171;209
5172;192
5173;182
5174;192
5175;181
5176;190
5177;200
5178;212
5179;197
5180;191
5181;177
5182;176
5183;173
5184;179
5185;195
5186;168
5187;190
5188;189
5189;180
5190;189
5191;198
5192;187
5193;178
5194;187
5195;201
5196;195
5197;203
5198;181
5199;189
5200;189
5201;179
5202;184
5203;189
5204;164
5205;174
5206;172
5207;180
5208;176
5209;157
5210;147
5211;158
5212;166
5213;174
5214;180
5215;182
5216;177
5217;177
5218;146
5219;151
5220;185
5221;161
5222;180
5223;187
5224;165
5225;165
5226;166
5227;176
5228;166
5229;156
5230;181
5231;190
5232;147
5233;136
5234;189
5235;161
5236;156
5237;183
5238;156
5239;176
5240;173
5241;151
5242;163
5243;157
5244;170
5245;168
5246;176
5247;148
5248;174
5249;192
5250;192
5251;174
5252;164
5253;165
5254;168
5255;156
5256;158
5257;144
5258;173
5259;160
5260;162
5261;157
5262;168
5263;153
5264;158
5265;164
5266;177
5267;161
5268;154
5269;173
5270;184
5271;182
5272;143
5273;180
5274;177
5275;150
5276;174
5277;143
5278;143
5279;150
5280;164
5281;164
5282;170
5283;147
5284;157
5285;135
5286;129
5287;132
5288;145
5289;163
5290;160
5291;159
5292;137
5293;140
5294;139
5295;150
5296;160
5297;173
5298;177
5299;151
5300;146
5301;144
5302;161
5303;154
5304;162
5305;148
5306;149
5307;167
5308;150
5309;161
5310;143
5311;159
5312;149
5313;172
5314;154
5315;170
5316;139
5317;149
5318;153
5319;153
5320;157
5321;153
5322;150
5323;152
5324;149
5325;167
5326;135
5327;145
5328;141
5329;148
5330;146
5331;164
5332;151
5333;124
5334;153
5335;150
5336;154
5337;131
5338;173
5339;170
5340;172
5341;163
5342;149
5343;161
5344;163
5345;143
5346;160
5347;141
5348;140
5349;149
5350;132
5351;142
5352;126
5353;151
5354;144
5355;155
5356;179
5357;156
5358;155
5359;162
5360;147
5361;157
5362;150
5363;154
5364;160
5365;150
5366;150
5367;150
5368;148
5369;148
5370;134
5371;154
5372;115
5373;141
5374;147
5375;132
5376;140
5377;117
5378;147
5379;145
5380;149
5381;140
5382;144
5383;142
5384;112
5385;152
5386;128
5387;123
5388;124
5389;143
5390;147
5391;137
5392;133
5393;136
5394;147
5395;133
5396;135
5397;132
5398;128
5399;127
5400;148
5401;133
5402;138
5403;109
5404;136
5405;142
5406;136
5407;112
5408;143
5409;122
5410;121
5411;122
5412;141
5413;145
5414;149
5415;130
5416;129
5417;120
5418;143
5419;131
5420;137
5421;134
5422;125
5423;129
5424;127
5425;137
5426;132
5427;120
5428;121
5429;131
5430;114
5431;158
5432;122
5433;125
5434;135
5435;124
5436;131
5437;109
5438;110
5439;117
5440;106
5441;104
5442;122
5443;108
5444;138
5445;134
5446;116
5447;127
5448;143
5449;126
5450;115
5451;114
5452;101
5453;97
5454;119
5455;115
5456;113
5457;116
5458;123
5459;110
5460;130
5461;133
5462;113
5463;103
5464;130
5465;121
5466;104
5467;121
5468;98
5469;124
5470;111
5471;108
5472;112
5473;111
5474;124
5475;106
5476;118
5477;106
5478;114
5479;126
5480;115
5481;130
5482;111
5483;112
5484;124
5485;109
5486;99
5487;102
5488;111
5489;105
5490;104
5491;102
5492;94
5493;118
5494;126
5495;136
5496;104
5497;98
5498;107
5499;91
5500;104
5501;95
5502;98
5503;100
5504;92
5505;89
5506;108
5507;98
5508;114
5509;109
5510;92
5511;97
5512;105
5513;94
5514;98
5515;104
5516;93
5517;102
5518;93
5519;96
5520;120
5521;83
5522;98
5523;104
5524;80
5525;98
5526;92
5527;89
5528;80
5529;95
5530;119
5531;82
5532;83
5533;108
5534;79
5535;85
5536;79
5537;80
5538;94
5539;99
5540;81
5541;111
5542;112
5543;95
5544;80
5545;83
5546;76
5547;90
5548;72
5549;73
5550;96
5551;85
5552;89
5553;76
5554;75
5555;79
5556;95
5557;79
5558;72
5559;74
5560;91
5561;84
5562;78
5563;84
5564;94
5565;78
5566;86
5567;77
5568;94
5569;68
5570;95
5571;99
5572;82
5573;95
5574;80
5575;82
5576;77
5577;63
5578;91
5579;63
5580;87
5581;80
5582;70
5583;73
5584;64
5585;66
5586;69
5587;72
5588;75
5589;70
5590;54
5591;74
5592;68
5593;56
5594;75
5595;65
5596;93
5597;67
5598;76
5599;61
5600;78
5601;77
5602;69
5603;69
5604;70
5605;56
5606;54
5607;84
5608;67
5609;54
5610;62
5611;53
5612;68
5613;63
5614;60
5615;68
5616;65
5617;51
5618;65
5619;76
5620;64
5621;53
5622;61
5623;65
5624;60
5625;62
5626;59
5627;81
5628;48
5629;54
5630;53
5631;50
5632;63
5633;56
5634;51
5635;59
5636;48
5637;60
5638;58
5639;50
5640;41
5641;53
5642;61
5643;51
5644;64
5645;55
5646;53
5647;72
5648;70
5649;60
5650;58
5651;59
5652;58
5653;55
5654;55
5655;49
5656;64
5657;61
5658;54
5659;56
5660;60
5661;57
5662;58
5663;56
5664;54
5665;72
5666;52
5667;50
5668;58
5669;53
5670;51
5671;59
5672;66
5673;40
5674;54
5675;48
5676;47
5677;58
5678;59
5679;60
5680;52
5681;43
5682;51
5683;47
5684;53
5685;53
5686;54
5687;46
5688;48
5689;47
5690;55
5691;48
5692;49
5693;40
5694;45
5695;52
5696;57
5697;30
5698;53
5699;44
5700;45
5701;50
5702;47
5703;59
5704;53
5705;51
5706;50
5707;57
5708;44
5709;48
5710;40
5711;46
5712;32
5713;37
5714;41
5715;51
5716;45
5717;47
5718;60
5719;52
5720;46
5721;54
5722;46
5723;58
5724;51
5725;50
5726;43
5727;46
5728;56
5729;42
5730;47
5731;36
5732;47
5733;42
5734;47
5735;36
5736;53
5737;61
5738;46
5739;52
5740;42
5741;48
5742;48
5743;48
5744;45
5745;31
5746;51
5747;50
5748;48
5749;47
5750;48
5751;47
5752;35
5753;55
5754;45
5755;44
5756;49
5757;47
5758;43
5759;46
5760;42
5761;56
5762;44
5763;53
5764;49
5765;40
5766;43
5767;42
5768;41
5769;35
5770;46
5771;52
5772;45
5773;46
5774;35
5775;44
5776;37
5777;34
5778;41
5779;45
5780;39
5781;45
5782;47
5783;44
5784;54
5785;44
5786;51
5787;54
5788;54
5789;47
5790;51
5791;50
5792;46
5793;35
5794;53
5795;43
5796;46
5797;48
5798;43
5799;31
5800;45
5801;58
5802;37
5803;38
5804;40
5805;56
5806;50
5807;48
5808;41
5809;42
5810;56
5811;42
5812;38
5813;38
5814;38
5815;37
5816;43
5817;52
5818;50
5819;53
5820;50
5821;38
5822;50
5823;65
5824;38
5825;39
5826;45
5827;38
5828;50
5829;50
5830;52
5831;47
5832;41
5833;52
5834;36
5835;42
5836;45
5837;48
5838;36
5839;41
5840;36
5841;30
5842;56
5843;33
5844;59
5845;36
5846;48
5847;42
5848;41
5849;54
5850;57
5851;42
5852;43
5853;47
5854;49
5855;40
5856;57
5857;56
5858;37
5859;64
5860;37
5861;50
5862;29
5863;59
5864;54
5865;49
5866;34
5867;49
5868;44
5869;49
5870;57
5871;63
5872;29
5873;45
5874;44
5875;47
5876;37
5877;54
5878;49
5879;52
5880;51
5881;46
5882;52
5883;49
5884;36
5885;42
5886;39
5887;60
5888;56
5889;50
5890;53
5891;42
5892;45
5893;40
5894;44
5895;58
5896;47
5897;55
5898;43
5899;46
5900;40
5901;53
5902;45
5903;51
5904;52
5905;54
5906;33
5907;43
5908;54
5909;47
5910;53
5911;49
5912;52
5913;51
5914;63
5915;52
5916;44
5917;60
5918;52
5919;56
5920;53
5921;53
5922;51
5923;43
5924;58
5925;45
5926;50
5927;52
5928;47
5929;59
5930;39
5931;46
5932;53
5933;57
5934;59
5935;45
5936;36
5937;58
5938;49
5939;41
5940;58
5941;50
5942;49
5943;56
5944;50
5945;42
5946;37
5947;52
5948;49
5949;56
5950;54
5951;57
5952;44
5953;57
5954;66
5955;63
5956;65
5957;61
5958;55
5959;67
5960;49
5961;50
5962;57
5963;52
5964;45
5965;56
5966;50
5967;48
5968;53
5969;56
5970;51
5971;52
5972;54
5973;66
5974;50
5975;56
5976;61
5977;46
5978;50
5979;58
5980;54
5981;66
5982;50
5983;49
5984;51
5985;51
5986;42
5987;63
5988;47
5989;52
5990;67
5991;58
5992;46
5993;42
5994;55
5995;54
5996;71
5997;53
5998;56
5999;47
6000;59
6001;51
6002;50
6003;53
6004;68
6005;61
6006;62
6007;70
6008;46
6009;46
6010;65
6011;57
6012;53
6013;44
6014;61
6015;56
6016;50
6017;74
6018;62
6019;59
6020;60
6021;61
6022;56
6023;47
6024;44
6025;63
6026;56
6027;53
6028;59
6029;67
6030;49
6031;65
6032;55
6033;50
6034;49
6035;54
6036;76
6037;74
6038;54
6039;56
6040;35
6041;64
6042;44
6043;53
6044;56
6045;73
6046;59
6047;67
6048;60
6049;61
6050;67
6051;62
6052;49
6053;63
6054;57
6055;76
6056;70
6057;57
6058;50
6059;63
6060;53
6061;60
6062;64
6063;77
6064;62
6065;62
6066;50
6067;62
6068;53
6069;41
6070;64
6071;65
6072;71
6073;61
6074;59
6075;51
6076;63
6077;59
6078;58
6079;68
6080;64
6081;63
6082;50
6083;45
6084;56
6085;60
6086;54
6087;57
6088;49
6089;63
6090;56
6091;51
6092;54
6093;57
6094;50
6095;55
6096;60
6097;66
6098;74
6099;64
6100;68
6101;61
6102;48
6103;61
6104;68
6105;65
6106;63
6107;64
6108;62
6109;58
6110;65
6111;63
6112;44
6113;69
6114;49
6115;66
6116;58
6117;55
6118;56
6119;52
6120;53
6121;49
6122;50
6123;64
6124;54
6125;51
6126;58
6127;57
6128;62
6129;56
6130;59
6131;67
6132;59
6133;48
6134;55
6135;63
6136;64
6137;49
6138;61
6139;57
6140;54
6141;47
6142;51
6143;57
6144;53
6145;52
6146;58
6147;58
6148;56
6149;56
6150;58
6151;65
6152;59
6153;52
6154;60
6155;59
6156;49
6157;60
6158;56
6159;64
6160;66
6161;58
6162;52
6163;52
6164;63
6165;57
6166;45
6167;53
6168;51
6169;60
6170;63
6171;69
6172;52
6173;53
6174;60
6175;54
6176;48
6177;56
6178;61
6179;47
6180;66
6181;54
6182;61
6183;60
6184;66
6185;45
6186;58
6187;59
6188;55
6189;56
6190;53
6191;45
6192;54
6193;59
6194;47
6195;50
6196;42
6197;63
6198;47
6199;50
6200;42
6201;57
6202;54
6203;55
6204;56
6205;44
6206;63
6207;52
6208;65
6209;59
6210;61
6211;48
6212;62
6213;52
6214;59
6215;49
6216;42
6217;52
6218;56
6219;58
6220;57
6221;54
6222;72
6223;36
6224;53
6225;48
6226;54
6227;60
6228;50
6229;55
6230;44
6231;61
6232;39
6233;49
6234;58
6235;51
6236;54
6237;54
6238;50
6239;44
6240;49
6241;49
6242;42
6243;45
6244;50
6245;52
6246;35
6247;36
6248;46
6249;58
6250;43
6251;55
6252;50
6253;48
6254;44
6255;53
6256;46
6257;48
6258;42
6259;54
6260;56
6261;49
6262;52
6263;36
6264;34
6265;47
6266;41
6267;29
6268;38
6269;48
6270;49
6271;46
6272;38
6273;45
6274;41
6275;46
6276;42
6277;55
6278;47
6279;43
6280;49
6281;38
6282;44
6283;44
6284;57
6285;49
6286;41
6287;44
6288;48
6289;35
6290;43
6291;38
6292;42
6293;54
6294;40
6295;36
6296;39
6297;40
6298;31
6299;41
6300;49
6301;46
6302;42
6303;37
6304;43
6305;45
6306;41
6307;53
6308;42
6309;43
6310;42
6311;36
6312;43
6313;32
6314;41
6315;33
6316;42
6317;45
6318;38
6319;36
6320;38
6321;33
6322;43
6323;30
6324;37
6325;45
6326;37
6327;40
6328;40
6329;49
6330;42
6331;43
6332;38
6333;43
6334;47
6335;38
6336;43
6337;40
6338;36
6339;44
6340;33
6341;33
6342;23
6343;40
6344;32
6345;42
6346;31
6347;48
6348;31
6349;36
6350;38
6351;24
6352;31
6353;44
6354;33
6355;38
6356;29
6357;42
6358;35
6359;30
6360;34
6361;38
6362;42
6363;35
6364;39
6365;34
6366;34
6367;40
6368;34
6369;32
6370;38
6371;28
6372;31
6373;36
6374;30
6375;28
6376;46
6377;43
6378;31
6379;38
6380;40
6381;42
6382;37
6383;37
6384;26
6385;38
6386;32
6387;42
6388;40
6389;38
6390;34
6391;36
6392;36
6393;37
6394;26
6395;47
6396;33
6397;28
6398;34
6399;29
6400;27
6401;46
6402;36
6403;39
6404;28
6405;33
6406;19
6407;38
6408;26
6409;27
6410;40
6411;34
6412;35
6413;35
6414;25
6415;39
6416;40
6417;29
6418;32
6419;31
6420;26
6421;34
6422;34
6423;42
6424;42
6425;35
6426;29
6427;30
6428;34
6429;47
6430;25
6431;25
6432;33
6433;29
6434;29
6435;38
6436;23
6437;34
6438;38
6439;32
6440;32
6441;29
6442;39
6443;37
6444;37
6445;25
6446;31
6447;42
6448;40
6449;43
6450;34
6451;43
6452;40
6453;30
6454;39
6455;40
6456;39
6457;29
6458;32
6459;30
6460;39
6461;38
6462;34
6463;34
6464;37
6465;29
6466;45
6467;34
6468;33
6469;37
6470;26
6471;29
6472;33
6473;50
6474;21
6475;39
6476;37
6477;35
6478;39
6479;43
6480;37
6481;34
6482;36
6483;39
6484;38
6485;45
6486;46
6487;44
6488;47
6489;37
6490;33
6491;36
6492;31
6493;36
6494;35
6495;45
6496;32
6497;37
6498;38
6499;36
6500;32
6501;43
6502;42
6503;46
6504;46
6505;35
6506;44
6507;44
6508;54
6509;33
6510;47
6511;32
6512;44
6513;42
6514;39
6515;45
6516;32
6517;39
6518;28
6519;39
6520;53
6521;40
6522;57
6523;52
6524;32
6525;46
6526;42
6527;61
6528;48
6529;47
6530;53
6531;39
6532;44
6533;45
6534;49
6535;65
6536;48
6537;45
6538;47
6539;42
6540;40
6541;38
6542;51
6543;51
6544;38
6545;42
6546;55
6547;38
6548;50
6549;48
6550;53
6551;51
6552;41
6553;62
6554;55
6555;46
6556;44
6557;55
6558;57
6559;45
6560;40
6561;50
6562;53
6563;50
6564;57
6565;45
6566;50
6567;61
6568;42
6569;50
6570;54
6571;57
6572;55
6573;44
6574;57
6575;44
6576;57
6577;60
6578;64
6579;58
6580;59
6581;56
6582;57
6583;53
6584;60
6585;62
6586;65
6587;62
6588;55
6589;70
6590;60
6591;49
6592;42
6593;54
6594;59
6595;61
6596;55
6597;59
6598;61
6599;57
6600;64
6601;68
6602;69
6603;59
6604;57
6605;74
6606;56
6607;80
6608;55
6609;63
6610;58
6611;55
6612;69
6613;55
6614;62
6615;69
6616;60
6617;73
6618;65
6619;73
6620;69
6621;59
6622;60
6623;65
6624;66
6625;59
6626;55
6627;88
6628;63
6629;84
6630;63
6631;82
6632;76
6633;67
6634;64
6635;83
6636;69
6637;57
6638;63
6639;81
6640;83
6641;90
6642;90
6643;81
6644;74
6645;59
6646;69
6647;69
6648;82
6649;75
6650;97
6651;71
6652;84
6653;78
6654;73
6655;74
6656;72
6657;75
6658;78
6659;77
6660;78
6661;90
6662;83
6663;85
6664;70
6665;75
6666;82
6667;82
6668;88
6669;82
6670;75
6671;87
6672;73
6673;81
6674;75
6675;103
6676;82
6677;77
6678;84
6679;84
6680;78
6681;99
6682;76
6683;84
6684;92
6685;68
6686;96
6687;81
6688;88
6689;93
6690;86
6691;99
6692;82
6693;87
6694;92
6695;90
6696;102
6697;89
6698;93
6699;81
6700;94
6701;89
6702;96
6703;84
6704;90
6705;109
6706;102
6707;98
6708;88
6709;98
6710;87
6711;106
6712;87
6713;101
6714;117
6715;100
6716;100
6717;92
6718;92
6719;98
6720;80
6721;98
6722;106
6723;92
6724;101
6725;112
6726;98
6727;117
6728;112
6729;122
6730;109
6731;100
6732;105
6733;104
6734;93
6735;83
6736;104
6737;107
6738;92
6739;93
6740;123
6741;109
6742;127
6743;107
6744;103
6745;119
6746;123
6747;105
6748;128
6749;110
6750;82
6751;120
6752;87
6753;105
6754;117
6755;124
6756;111
6757;105
6758;106
6759;96
6760;91
6761;107
6762;113
6763;122
6764;128
6765;104
6766;116
6767;128
6768;114
6769;117
6770;114
6771;99
6772;93
6773;112
6774;131
6775;102
6776;90
6777;107
6778;122
6779;125
6780;137
6781;115
6782;116
6783;116
6784;100
6785;105
6786;133
6787;107
6788;108
6789;122
6790;132
6791;118
6792;123
6793;143
6794;117
6795;105
6796;129
6797;114
6798;108
6799;134
6800;128
6801;127
6802;116
6803;142
6804;144
6805;136
6806;135
6807;119
6808;122
6809;123
6810;123
6811;120
6812;113
6813;135
6814;128
6815;122
6816;131
6817;136
6818;133
6819;146
6820;129
6821;117
6822;123
6823;124
6824;129
6825;142
6826;119
6827;126
6828;105
6829;122
6830;130
6831;115
6832;122
6833;121
6834;127
6835;119
6836;119
6837;141
6838;131
6839;127
6840;144
6841;133
6842;118
6843;115
6844;127
6845;122
6846;122
6847;137
6848;124
6849;144
6850;134
6851;130
6852;119
6853;146
6854;136
6855;129
6856;118
6857;118
6858;122
6859;122
6860;138
6861;113
6862;115
6863;124
6864;148
6865;144
6866;129
6867;126
6868;119
6869;136
6870;125
6871;149
6872;123
6873;124
6874;123
6875;130
6876;128
6877;130
6878;121
6879;121
6880;142
6881;158
6882;139
6883;128
6884;121
6885;114
6886;133
6887;132
6888;133
6889;132
6890;137
6891;129
6892;132
6893;123
6894;130
6895;142
6896;126
6897;133
6898;145
6899;114
6900;122
6901;118
6902;130
6903;141
6904;137
6905;146
6906;141
6907;112
6908;125
6909;116
6910;141
6911;142
6912;120
6913;118
6914;135
6915;113
6916;135
6917;113
6918;130
6919;120
6920;122
6921;146
6922;124
6923;118
6924;115
6925;129
6926;142
6927;128
6928;123
6929;133
6930;117
6931;118
6932;140
6933;123
6934;138
6935;121
6936;148
6937;127
6938;113
6939;132
6940;120
6941;137
6942;122
6943;112
6944;125
6945;115
6946;119
6947;132
6948;141
6949;117
6950;140
6951;134
6952;135
6953;135
6954;118
6955;129
6956;124
6957;132
6958;106
6959;101
6960;122
6961;119
6962;101
6963;104
6964;122
6965;134
6966;115
6967;116
6968;123
6969;112
6970;130
6971;118
6972;146
6973;124
6974;113
6975;120
6976;133
6977;114
6978;121
6979;119
6980;118
6981;105
6982;128
6983;132
6984;116
6985;99
6986;106
6987;112
6988;122
6989;117
6990;126
6991;128
6992;125
6993;142
6994;112
6995;109
6996;112
6997;105
6998;105
6999;102
7000;128
7001;118
7002;114
7003;125
7004;109
7005;123
7006;106
7007;109
7008;109
7009;137
7010;96
7011;116
7012;113
7013;115
7014;105
7015;112
7016;111
7017;113
7018;116
7019;128
7020;105
7021;100
7022;132
7023;118
7024;119
7025;103
7026;96
7027;97
7028;112
7029;115
7030;123
7031;114
7032;107
7033;107
7034;110
7035;140
7036;102
7037;107
7038;94
7039;99
7040;107
7041;94
7042;106
7043;93
7044;85
7045;101
7046;97
7047;109
7048;97
7049;114
7050;92
7051;90
7052;103
7053;103
7054;97
7055;114
7056;87
7057;95
7058;99
7059;107
7060;92
7061;96
7062;73
7063;80
7064;87
7065;92
7066;90
7067;97
7068;87
7069;100
7070;95
7071;83
7072;96
7073;90
7074;109
7075;85
7076;91
7077;76
7078;100
7079;104
7080;112
7081;92
7082;96
7083;92
7084;96
7085;92
7086;89
7087;85
7088;81
7089;93
7090;85
7091;85
7092;85
7093;90
7094;88
7095;97
7096;88
7097;99
7098;83
7099;94
7100;70
7101;88
7102;80
7103;74
7104;79
7105;87
7106;88
7107;71
7108;87
7109;76
7110;79
7111;76
7112;69
7113;74
7114;70
7115;79
7116;76
7117;82
7118;76
7119;73
7120;80
7121;81
7122;74
7123;75
7124;61
7125;63
7126;81
7127;72
7128;77
7129;83
7130;66
7131;73
7132;79
7133;66
7134;64
7135;66
7136;61
7137;81
7138;59
7139;63
7140;73
7141;54
7142;61
7143;68
7144;72
7145;71
7146;78
7147;59
7148;58
7149;64
7150;52
7151;64
7152;54
7153;43
7154;67
7155;64
7156;55
7157;57
7158;56
7159;63
7160;68
7161;56
7162;53
7163;60
7164;64
7165;63
7166;57
7167;51
7168;51
7169;56
7170;65
7171;56
7172;56
7173;63
7174;56
7175;59
7176;58
7177;54
7178;46
7179;55
7180;47
7181;59
7182;51
7183;46
7184;48
7185;51
7186;53
7187;50
7188;37
7189;49
7190;44
7191;47
7192;41
7193;57
7194;39
7195;47
7196;46
7197;43
7198;54
7199;46
7200;55
7201;43
7202;44
7203;40
7204;45
7205;54
7206;48
7207;53
7208;46
7209;43
7210;48
7211;39
7212;37
7213;37
7214;40
7215;35
7216;40
7217;40
7218;47
7219;43
7220;54
7221;45
7222;37
7223;56
7224;40
7225;31
7226;45
7227;50
7228;46
7229;35
7230;35
7231;33
7232;34
7233;36
7234;33
7235;35
7236;38
7237;36
7238;32
7239;35
7240;42
7241;40
7242;38
7243;39
7244;32
7245;27
7246;48
7247;35
7248;25
7249;32
7250;32
7251;41
7252;38
7253;32
7254;42
7255;37
7256;25
7257;27
7258;32
7259;38
7260;29
7261;32
7262;36
7263;41
7264;41
7265;36
7266;38
7267;36
7268;28
7269;30
7270;30
7271;23
7272;32
7273;33
7274;37
7275;21
7276;27
7277;31
7278;27
7279;18
7280;21
7281;27
7282;33
7283;21
7284;27
7285;25
7286;26
7287;23
7288;22
7289;29
7290;23
7291;27
7292;32
7293;34
7294;25
7295;18
7296;18
7297;18
7298;40
7299;22
7300;23
7301;27
7302;25
7303;13
7304;17
7305;23
7306;34
7307;29
7308;16
7309;20
7310;14
7311;23
7312;22
7313;20
7314;21
7315;25
7316;27
7317;17
7318;14
7319;21
7320;26
7321;22
7322;13
7323;20
7324;19
7325;29
7326;23
7327;24
7328;17
7329;21
7330;20
7331;15
7332;13
7333;19
7334;16
7335;13
7336;20
7337;18
7338;16
7339;15
7340;21
7341;19
7342;20
7343;9
7344;15
7345;19
7346;14
7347;15
7348;11
7349;25
7350;8
7351;17
7352;15
7353;15
7354;12
7355;19
7356;18
7357;15
7358;21
7359;13
7360;18
7361;17
7362;13
7363;17
7364;16
7365;19
7366;20
7367;11
7368;14
7369;11
7370;18
7371;8
7372;11
7373;15
7374;14
7375;11
7376;10
7377;18
7378;11
7379;21
7380;9
7381;12
7382;13
7383;13
7384;16
7385;14
7386;13
7387;10
7388;12
7389;11
7390;12
7391;7
7392;16
7393;11
7394;9
7395;9
7396;7
7397;11
7398;6
7399;16
7400;12
7401;16
7402;11
7403;14
7404;13
7405;14
7406;8
7407;13
7408;14
7409;13
7410;8
7411;13
7412;9
7413;12
7414;8
7415;12
7416;12
7417;9
7418;20
7419;16
7420;11
7421;14
7422;8
7423;15
7424;7
7425;6
7426;8
7427;16
7428;9
7429;7
7430;5
7431;12
7432;13
7433;11
7434;7
7435;8
7436;9
7437;6
7438;7
7439;4
7440;12
7441;4
7442;8
7443;6
7444;9
7445;7
7446;3
7447;4
7448;12
7449;7
7450;10
7451;4
7452;8
7453;13
7454;9
7455;11
7456;8
7457;5
7458;12
7459;8
7460;13
7461;8
7462;7
7463;11
7464;5
7465;2
7466;6
7467;8
7468;13
7469;9
7470;9
7471;10
7472;4
7473;4
7474;5
7475;5
7476;10
7477;6
7478;7
7479;1
7480;9
7481;8
7482;4
7483;4
7484;10
7485;13
7486;5
7487;9
7488;5
7489;8
7490;11
7491;6
7492;6
7493;7
7494;9
7495;2
7496;6
7497;8
7498;8
7499;4
7500;7
7501;4
7502;8
7503;6
7504;5
7505;8
7506;11
7507;6
7508;9
7509;4
7510;6
7511;5
7512;8
7513;8
7514;6
7515;5
7516;9
7517;6
7518;6
7519;6
7520;6
7521;4
7522;7
7523;8
7524;9
7525;8
7526;4
7527;6
7528;4
7529;5
7530;4
7531;4
7532;6
7533;12
7534;5
7535;4
7536;5
7537;6
7538;6
7539;7
7540;8
7541;11
7542;7
7543;8
7544;5
7545;4
7546;5
7547;6
7548;5
7549;4
7550;3
7551;6
7552;9
7553;10
7554;5
7555;4
7556;5
7557;8
7558;8
7559;6
7560;8
7561;5
7562;7
7563;4
7564;7
7565;4
7566;4
7567;5
7568;2
7569;10
7570;11
7571;8
7572;1
7573;7
7574;8
7575;5
7576;7
7577;4
7578;3
7579;10
7580;4
7581;3
7582;11
7583;7
7584;6
7585;6
7586;9
7587;9
7588;6
7589;2
7590;3
7591;2
7592;7
7593;3
7594;5
7595;3
7596;5
7597;4
7598;7
7599;11
7600;4
7601;10
7602;4
7603;4
7604;5
7605;2
7606;8
7607;5
7608;8
7609;5
7610;4
7611;7
7612;5
7613;8
7614;9
7615;5
7616;5
7617;5
7618;3
7619;4
7620;7
7621;6
7622;5
7623;5
7624;7
7625;4
7626;5
7627;7
7628;2
7629;10
7630;2
7631;7
7632;10
7633;8
7634;3
7635;8
7636;7
7637;2
7638;9
7639;1
7640;7
7641;3
7642;5
7643;8
7644;7
7645;2
7646;5
7647;8
7648;11
7649;5
7650;7
7651;6
7652;2
7653;5
7654;3
7655;5
7656;4
7657;6
7658;0
7659;5
7660;10
7661;8
7662;4
7663;6
7664;6
7665;7
7666;8
7667;5
7668;4
7669;2
7670;4
7671;5
7672;1
7673;8
7674;4
7675;2
7676;7
7677;5
7678;7
7679;5
7680;3
7681;3
7682;8
7683;10
7684;4
7685;7
7686;11
7687;6
7688;2
7689;3
7690;4
7691;5
7692;9
7693;3
7694;8
7695;7
7696;7
7697;9
7698;9
7699;7
7700;11
7701;6
7702;3
7703;5
7704;2
7705;6
7706;2
7707;6
7708;10
7709;4
7710;6
7711;7
7712;2
7713;7
7714;6
7715;6
7716;6
7717;3
7718;9
7719;2
7720;2
7721;8
7722;7
7723;5
7724;3
7725;7
7726;8
7727;7
7728;13
7729;11
7730;5
7731;7
7732;5
7733;10
7734;7
7735;3
7736;5
7737;4
7738;7
7739;5
7740;4
7741;4
7742;4
7743;4
7744;4
7745;10
7746;10
7747;5
7748;6
7749;4
7750;6
7751;2
7752;7
7753;10
7754;2
7755;8
7756;5
7757;7
7758;3
7759;6
7760;9
7761;5
7762;4
7763;5
7764;9
7765;1
7766;4
7767;5
7768;7
7769;8
7770;5
7771;9
7772;5
7773;1
7774;2
7775;6
7776;5
7777;5
7778;5
7779;6
7780;3
7781;3
7782;9
7783;8
7784;4
7785;8
7786;9
7787;8
7788;9
7789;8
7790;5
7791;4
7792;4
7793;7
7794;8
7795;8
7796;5
7797;8
7798;3
7799;4
7800;5
7801;3
7802;7
7803;8
7804;6
7805;12
7806;5
7807;8
7808;7
7809;5
7810;5
7811;8
7812;3
7813;5
7814;4
7815;9
7816;6
7817;9
7818;8
7819;9
7820;6
7821;8
7822;6
7823;9
7824;9
7825;4
7826;6
7827;4
7828;9
7829;2
7830;4
7831;7
7832;8
7833;6
7834;5
7835;5
7836;6
7837;5
7838;9
7839;6
7840;5
7841;8
7842;5
7843;4
7844;6
7845;5
7846;5
7847;5
7848;3
7849;3
7850;3
7851;6
7852;5
7853;4
7854;5
7855;2
7856;4
7857;3
7858;3
7859;6
7860;6
7861;5
7862;7
7863;2
7864;7
7865;5
7866;9
7867;2
7868;7
7869;2
7870;6
7871;4
7872;8
7873;7
7874;4
7875;3
7876;3
7877;10
7878;2
7879;7
7880;4
7881;8
7882;4
7883;3
7884;6
7885;6
7886;3
7887;5
7888;6
7889;2
7890;3
7891;5
7892;6
7893;7
7894;3
7895;2
7896;7
7897;5
7898;8
7899;3
7900;7
7901;5
7902;5
7903;4
7904;4
7905;4
7906;5
7907;3
7908;3
7909;5
7910;6
7911;5
7912;9
7913;4
7914;6
7915;2
7916;7
7917;6
7918;6
7919;6
7920;6
7921;3
7922;1
7923;6
7924;3
7925;5
7926;4
7927;8
7928;7
7929;7
7930;8
7931;1
7932;8
7933;5
7934;6
7935;5
7936;10
7937;3
7938;5
7939;8
7940;1
7941;4
7942;2
7943;5
7944;9
7945;6
7946;6
7947;4
7948;6
7949;2
7950;4
7951;11
7952;5
7953;7
7954;3
7955;4
7956;1
7957;5
7958;4
7959;4
7960;3
7961;6
7962;6
7963;8
7964;8
7965;3
7966;2
7967;6
7968;5
7969;6
7970;6
7971;4
7972;5
7973;4
7974;5
7975;3
7976;3
7977;6
7978;8
7979;4
7980;4
7981;4
7982;0
7983;4
7984;6
7985;5
7986;4
7987;8
7988;4
7989;6
7990;7
7991;5
7992;2
7993;7
7994;1
7995;3
7996;0
7997;0
7998;1
7999;1
8000;0
8001;1
8002;0
8003;0
8004;0
8005;2
8006;1
8007;2
8008;1
8009;0
8010;4
8011;2
8012;1
8013;0
8014;0
8015;0
8016;0
8017;0
8018;0
8019;0
8020;1
8021;0
8022;0
8023;2
8024;0
8025;2
8026;0
8027;1
8028;1
8029;0
8030;2
8031;0
8032;0
8033;0
8034;1
8035;1
8036;0
8037;0
8038;1
8039;0
8040;2
8041;0
8042;1
8043;0
8044;0
8045;0
8046;0
8047;0
8048;0
8049;0
8050;0
8051;0
8052;0
8053;0
8054;2
8055;0
8056;0
8057;0
8058;0
8059;1
8060;0
8061;0
8062;0
8063;0
8064;0
8065;0
8066;0
8067;0
8068;0
8069;0
8070;0
8071;0
8072;0
8073;0
8074;0
8075;0
8076;0
8077;1
8078;0
8079;1
8080;0
8081;0
8082;1
8083;0
8084;0
8085;0
8086;0
8087;0
8088;0
8089;0
8090;0
8091;0
8092;0
8093;0
8094;0
8095;0
8096;0
8097;0
8098;0
8099;0
8100;0
8101;0
8102;0
8103;0
8104;0
8105;0
8106;0
8107;0
8108;0
8109;0
8110;0
8111;0
8112;0
8113;0
8114;0
8115;0
8116;0
8117;0
8118;0
8119;0
8120;0
8121;0
8122;0
8123;0
8124;0
8125;0
8126;0
8127;0
8128;0
8129;0
8130;0
8131;0
8132;0
8133;0
8134;0
8135;0
8136;0
8137;0
8138;0
8139;0
8140;0
8141;0
8142;0
8143;0
8144;0
8145;0
8146;0
8147;0
8148;0
8149;0
8150;0
8151;0
8152;0
8153;0
8154;0
8155;0
8156;0
8157;0
8158;0
8159;0
8160;0
8161;0
8162;0
8163;0
8164;0
8165;0
8166;0
8167;0
8168;0
8169;0
8170;0
8171;0
8172;0
8173;0
8174;0
8175;0
8176;0
8177;0
8178;0
8179;0
8180;0
8181;0
8182;0
8183;0
8184;0
8185;0
8186;0
8187;0
8188;0
8189;0
8190;0
8191;0
