0;0
1;0
2;0
3;0
4;0
5;0
6;0
7;0
8;0
9;0
10;0
11;0
12;0
13;0
14;0
15;0
16;0
17;0
18;0
19;0
20;0
21;0
22;0
23;0
24;0
25;0
26;3
27;22
28;60
29;80
30;104
31;91
32;101
33;90
34;84
35;76
36;55
37;71
38;104
39;135
40;96
41;73
42;55
43;43
44;43
45;22
46;34
47;62
48;103
49;152
50;124
51;161
52;153
53;167
54;139
55;171
56;167
57;143
58;156
59;155
60;141
61;150
62;158
63;171
64;147
65;152
66;196
67;161
68;159
69;162
70;172
71;168
72;163
73;158
74;167
75;134
76;176
77;193
78;156
79;195
80;166
81;181
82;174
83;194
84;202
85;159
86;190
87;176
88;217
89;196
90;200
91;191
92;200
93;225
94;224
95;218
96;230
97;244
98;242
99;212
100;222
101;242
102;247
103;251
104;253
105;251
106;260
107;256
108;266
109;235
110;277
111;267
112;272
113;263
114;269
115;256
116;268
117;276
118;227
119;249
120;229
121;240
122;209
123;232
124;241
125;218
126;208
127;231
128;203
129;203
130;188
131;196
132;191
133;170
134;169
135;167
136;179
137;176
138;164
139;145
140;140
141;142
142;129
143;139
144;141
145;140
146;125
147;108
148;140
149;110
150;113
151;89
152;92
153;102
154;92
155;99
156;84
157;90
158;76
159;87
160;104
161;89
162;85
163;63
164;70
165;84
166;69
167;84
168;90
169;89
170;85
171;76
172;86
173;87
174;80
175;81
176;82
177;97
178;84
179;92
180;84
181;73
182;76
183;99
184;82
185;88
186;97
187;91
188;90
189;102
190;105
191;81
192;97
193;81
194;97
195;90
196;89
197;101
198;73
199;96
200;99
201;101
202;110
203;100
204;110
205;103
206;95
207;117
208;112
209;93
210;93
211;106
212;98
213;101
214;128
215;113
216;98
217;116
218;110
219;98
220;101
221;115
222;118
223;121
224;120
225;118
226;122
227;120
228;120
229;102
230;117
231;116
232;104
233;128
234;123
235;99
236;137
237;126
238;111
239;119
240;96
241;127
242;138
243;105
244;131
245;106
246;111
247;112
248;118
249;115
250;134
251;107
252;127
253;119
254;126
255;126
256;114
257;122
258;132
259;127
260;113
261;123
262;139
263;101
264;116
265;134
266;140
267;118
268;122
269;120
270;141
271;131
272;130
273;109
274;143
275;123
276;122
277;120
278;128
279;139
280;152
281;132
282;121
283;130
284;116
285;132
286;134
287;130
288;150
289;125
290;139
291;134
292;113
293;137
294;123
295;118
296;116
297;136
298;130
299;136
300;138
301;117
302;125
303;121
304;147
305;141
306;140
307;119
308;129
309;139
310;141
311;113
312;132
313;143
314;125
315;141
316;109
317;135
318;132
319;142
320;123
321;125
322;133
323;135
324;145
325;145
326;137
327;116
328;136
329;123
330;131
331;136
332;148
333;131
334;159
335;132
336;137
337;119
338;143
339;134
340;131
341;134
342;152
343;150
344;123
345;138
346;163
347;138
348;159
349;151
350;167
351;120
352;149
353;144
354;140
355;137
356;132
357;160
358;135
359;147
360;157
361;148
362;139
363;147
364;164
365;171
366;154
367;164
368;166
369;189
370;175
371;145
372;157
373;155
374;172
375;161
376;184
377;157
378;186
379;159
380;174
381;174
382;180
383;196
384;183
385;158
386;186
387;181
388;209
389;212
390;182
391;187
392;202
393;192
394;222
395;222
396;201
397;210
398;236
399;215
400;249
401;252
402;254
403;266
404;266
405;282
406;277
407;275
408;298
409;307
410;274
411;326
412;303
413;318
414;316
415;362
416;380
417;344
418;373
419;361
420;410
421;417
422;411
423;457
424;479
425;423
426;488
427;530
428;501
429;525
430;565
431;542
432;603
433;653
434;692
435;675
436;724
437;748
438;790
439;785
440;787
441;844
442;815
443;891
444;918
445;1009
446;980
447;1109
448;1046
449;1100
450;1184
451;1205
452;1182
453;1228
454;1314
455;1370
456;1402
457;1466
458;1505
459;1492
460;1600
461;1625
462;1682
463;1615
464;1790
465;1770
466;1878
467;1866
468;1923
469;2034
470;2032
471;2097
472;2083
473;2133
474;2193
475;2228
476;2367
477;2304
478;2282
479;2392
480;2410
481;2500
482;2514
483;2488
484;2554
485;2501
486;2553
487;2561
488;2624
489;2626
490;2549
491;2643
492;2669
493;2663
494;2581
495;2624
496;2634
497;2679
498;2595
499;2707
500;2621
501;2632
502;2613
503;2660
504;2512
505;2566
506;2492
507;2488
508;2506
509;2403
510;2408
511;2377
512;2331
513;2352
514;2358
515;2236
516;2176
517;2101
518;2144
519;2079
520;1964
521;2037
522;1983
523;1998
524;1933
525;1832
526;1868
527;1795
528;1760
529;1704
530;1645
531;1613
532;1629
533;1505
534;1508
535;1474
536;1483
537;1433
538;1389
539;1372
540;1308
541;1272
542;1275
543;1170
544;1180
545;1114
546;1048
547;1116
548;1071
549;1069
550;1027
551;979
552;1028
553;881
554;940
555;934
556;898
557;888
558;846
559;792
560;832
561;834
562;828
563;733
564;759
565;702
566;736
567;703
568;691
569;654
570;658
571;642
572;617
573;604
574;582
575;612
576;540
577;596
578;509
579;484
580;509
581;505
582;538
583;528
584;491
585;459
586;479
587;449
588;422
589;397
590;422
591;407
592;345
593;384
594;355
595;356
596;356
597;335
598;361
599;331
600;319
601;300
602;281
603;291
604;290
605;270
606;254
607;270
608;237
609;247
610;242
611;229
612;228
613;230
614;212
615;208
616;222
617;202
618;205
619;195
620;187
621;177
622;182
623;177
624;159
625;189
626;180
627;143
628;141
629;159
630;140
631;141
632;150
633;142
634;128
635;146
636;144
637;137
638;123
639;145
640;137
641;142
642;136
643;143
644;133
645;116
646;117
647;126
648;121
649;128
650;119
651;110
652;120
653;115
654;118
655;119
656;121
657;93
658;110
659;109
660;131
661;130
662;117
663;118
664;99
665;104
666;114
667;106
668;108
669;108
670;115
671;121
672;111
673;108
674;126
675;128
676;115
677;112
678;121
679;134
680;115
681;134
682;115
683;117
684;115
685;128
686;142
687;122
688;126
689;121
690;110
691;122
692;145
693;140
694;120
695;116
696;129
697;130
698;137
699;127
700;131
701;156
702;136
703;130
704;141
705;140
706;133
707;146
708;123
709;151
710;128
711;132
712;145
713;128
714;149
715;143
716;125
717;125
718;135
719;157
720;164
721;144
722;169
723;143
724;145
725;161
726;174
727;148
728;172
729;155
730;155
731;142
732;153
733;168
734;162
735;147
736;181
737;163
738;178
739;156
740;169
741;199
742;156
743;188
744;185
745;171
746;153
747;178
748;190
749;157
750;172
751;192
752;166
753;167
754;212
755;164
756;183
757;184
758;177
759;192
760;221
761;187
762;169
763;220
764;214
765;197
766;198
767;168
768;204
769;210
770;226
771;214
772;230
773;206
774;221
775;210
776;214
777;206
778;208
779;216
780;180
781;206
782;223
783;217
784;211
785;212
786;225
787;221
788;201
789;214
790;207
791;195
792;219
793;218
794;215
795;241
796;226
797;223
798;202
799;238
800;230
801;211
802;226
803;219
804;246
805;226
806;234
807;216
808;223
809;212
810;215
811;234
812;218
813;229
814;221
815;213
816;227
817;204
818;235
819;232
820;218
821;229
822;192
823;216
824;193
825;233
826;220
827;225
828;232
829;206
830;238
831;222
832;209
833;210
834;210
835;215
836;187
837;228
838;204
839;196
840;182
841;215
842;177
843;210
844;201
845;185
846;206
847;211
848;206
849;204
850;211
851;221
852;188
853;199
854;224
855;228
856;179
857;184
858;193
859;206
860;195
861;181
862;205
863;188
864;208
865;181
866;191
867;191
868;192
869;177
870;180
871;189
872;191
873;184
874;194
875;177
876;175
877;169
878;187
879;192
880;185
881;173
882;217
883;178
884;170
885;193
886;191
887;183
888;166
889;190
890;179
891;165
892;172
893;152
894;176
895;174
896;198
897;189
898;158
899;178
900;184
901;170
902;186
903;167
904;182
905;165
906;186
907;190
908;173
909;164
910;189
911;156
912;174
913;156
914;168
915;198
916;186
917;191
918;205
919;194
920;199
921;176
922;177
923;185
924;182
925;178
926;212
927;189
928;192
929;205
930;205
931;208
932;206
933;202
934;209
935;222
936;193
937;213
938;204
939;193
940;208
941;231
942;229
943;208
944;216
945;217
946;215
947;230
948;233
949;232
950;229
951;228
952;255
953;217
954;229
955;208
956;215
957;215
958;271
959;238
960;232
961;212
962;253
963;223
964;255
965;223
966;245
967;231
968;257
969;275
970;251
971;247
972;240
973;255
974;253
975;232
976;261
977;282
978;277
979;232
980;237
981;224
982;262
983;264
984;278
985;248
986;286
987;275
988;299
989;207
990;259
991;294
992;296
993;299
994;265
995;294
996;286
997;257
998;248
999;241
1000;276
1001;246
1002;270
1003;278
1004;256
1005;265
1006;276
1007;260
1008;287
1009;294
1010;244
1011;269
1012;232
1013;252
1014;261
1015;287
1016;243
1017;249
1018;256
1019;273
1020;271
1021;247
1022;267
1023;248
1024;246
1025;235
1026;240
1027;242
1028;217
1029;285
1030;255
1031;262
1032;263
1033;255
1034;261
1035;258
1036;222
1037;231
1038;233
1039;206
1040;231
1041;262
1042;238
1043;249
1044;255
1045;257
1046;226
1047;243
1048;253
1049;231
1050;197
1051;255
1052;247
1053;233
1054;240
1055;223
1056;245
1057;207
1058;234
1059;204
1060;250
1061;227
1062;237
1063;228
1064;227
1065;267
1066;201
1067;225
1068;212
1069;207
1070;219
1071;226
1072;226
1073;212
1074;246
1075;206
1076;221
1077;227
1078;245
1079;236
1080;252
1081;225
1082;241
1083;235
1084;228
1085;217
1086;193
1087;236
1088;230
1089;247
1090;264
1091;248
1092;235
1093;230
1094;231
1095;246
1096;262
1097;231
1098;238
1099;254
1100;256
1101;249
1102;245
1103;238
1104;250
1105;241
1106;217
1107;253
1108;241
1109;255
1110;300
1111;283
1112;260
1113;288
1114;278
1115;295
1116;282
1117;263
1118;279
1119;246
1120;288
1121;297
1122;284
1123;278
1124;281
1125;298
1126;322
1127;318
1128;295
1129;327
1130;303
1131;309
1132;323
1133;340
1134;334
1135;301
1136;339
1137;344
1138;366
1139;345
1140;375
1141;347
1142;349
1143;370
1144;409
1145;416
1146;393
1147;378
1148;401
1149;397
1150;434
1151;424
1152;392
1153;438
1154;420
1155;443
1156;435
1157;465
1158;457
1159;430
1160;467
1161;480
1162;479
1163;493
1164;496
1165;492
1166;511
1167;548
1168;513
1169;536
1170;516
1171;528
1172;537
1173;547
1174;543
1175;581
1176;596
1177;632
1178;579
1179;659
1180;620
1181;613
1182;635
1183;619
1184;619
1185;667
1186;715
1187;689
1188;709
1189;712
1190;735
1191;682
1192;763
1193;749
1194;766
1195;789
1196;764
1197;748
1198;825
1199;786
1200;776
1201;809
1202;808
1203;845
1204;846
1205;927
1206;904
1207;873
1208;933
1209;927
1210;903
1211;910
1212;994
1213;962
1214;982
1215;986
1216;994
1217;999
1218;988
1219;1025
1220;1043
1221;1059
1222;1008
1223;1015
1224;1072
1225;1079
1226;1032
1227;1085
1228;1068
1229;1030
1230;1073
1231;1139
1232;1133
1233;1069
1234;1184
1235;1116
1236;1137
1237;1137
1238;1135
1239;1107
1240;1130
1241;1133
1242;1200
1243;1164
1244;1132
1245;1129
1246;1148
1247;1225
1248;1137
1249;1128
1250;1170
1251;1150
1252;1089
1253;1121
1254;1129
1255;1088
1256;1119
1257;1113
1258;1117
1259;1104
1260;1143
1261;1154
1262;1128
1263;1080
1264;1136
1265;1124
1266;1121
1267;1017
1268;1028
1269;1066
1270;1074
1271;1037
1272;1076
1273;1052
1274;1014
1275;1015
1276;987
1277;1025
1278;1002
1279;938
1280;984
1281;944
1282;1004
1283;926
1284;898
1285;963
1286;977
1287;852
1288;894
1289;854
1290;795
1291;855
1292;869
1293;847
1294;818
1295;823
1296;794
1297;752
1298;749
1299;763
1300;734
1301;730
1302;781
1303;711
1304;676
1305;673
1306;620
1307;680
1308;659
1309;586
1310;606
1311;598
1312;581
1313;623
1314;555
1315;570
1316;576
1317;515
1318;513
1319;504
1320;523
1321;471
1322;533
1323;469
1324;412
1325;465
1326;464
1327;419
1328;430
1329;408
1330;417
1331;409
1332;383
1333;388
1334;382
1335;352
1336;358
1337;333
1338;340
1339;369
1340;307
1341;308
1342;314
1343;322
1344;302
1345;274
1346;284
1347;264
1348;278
1349;265
1350;237
1351;233
1352;244
1353;224
1354;251
1355;243
1356;218
1357;233
1358;248
1359;218
1360;207
1361;202
1362;194
1363;181
1364;191
1365;181
1366;188
1367;192
1368;189
1369;192
1370;173
1371;165
1372;164
1373;164
1374;168
1375;142
1376;156
1377;159
1378;149
1379;151
1380;141
1381;147
1382;157
1383;140
1384;135
1385;135
1386;143
1387;148
1388;129
1389;116
1390;164
1391;121
1392;127
1393;148
1394;131
1395;144
1396;124
1397;121
1398;134
1399;120
1400;109
1401;130
1402;119
1403;115
1404;134
1405;114
1406;124
1407;118
1408;110
1409;126
1410;97
1411;120
1412;112
1413;107
1414;127
1415;109
1416;122
1417;107
1418;92
1419;115
1420;115
1421;131
1422;119
1423;106
1424;119
1425;98
1426;94
1427;95
1428;105
1429;104
1430;102
1431;116
1432;101
1433;115
1434;104
1435;103
1436;108
1437;101
1438;77
1439;119
1440;113
1441;84
1442;123
1443;101
1444;98
1445;98
1446;111
1447;111
1448;104
1449;112
1450;113
1451;85
1452;101
1453;97
1454;91
1455;85
1456;114
1457;104
1458;116
1459;111
1460;111
1461;88
1462;110
1463;106
1464;104
1465;90
1466;102
1467;116
1468;102
1469;104
1470;96
1471;115
1472;104
1473;100
1474;108
1475;94
1476;112
1477;96
1478;104
1479;111
1480;121
1481;126
1482;118
1483;104
1484;109
1485;96
1486;119
1487;104
1488;106
1489;99
1490;90
1491;103
1492;134
1493;115
1494;105
1495;108
1496;100
1497;107
1498;96
1499;114
1500;108
1501;106
1502;114
1503;93
1504;127
1505;109
1506;93
1507;107
1508;113
1509;87
1510;105
1511;114
1512;119
1513;102
1514;121
1515;128
1516;102
1517;93
1518;111
1519;103
1520;97
1521;98
1522;96
1523;104
1524;95
1525;103
1526;121
1527;108
1528;96
1529;103
1530;107
1531;106
1532;98
1533;92
1534;108
1535;122
1536;115
1537;127
1538;105
1539;116
1540;122
1541;106
1542;125
1543;122
1544;94
1545;109
1546;109
1547;98
1548;118
1549;108
1550;115
1551;108
1552;109
1553;104
1554;116
1555;112
1556;106
1557;124
1558;116
1559;119
1560;88
1561;111
1562;114
1563;117
1564;88
1565;125
1566;106
1567;127
1568;118
1569;99
1570;112
1571;118
1572;115
1573;108
1574;95
1575;118
1576;108
1577;111
1578;127
1579;118
1580;113
1581;121
1582;108
1583;103
1584;100
1585;93
1586;134
1587;121
1588;104
1589;102
1590;134
1591;133
1592;125
1593;118
1594;108
1595;140
1596;131
1597;133
1598;125
1599;112
1600;97
1601;120
1602;125
1603;105
1604;128
1605;139
1606;104
1607;121
1608;134
1609;132
1610;133
1611;120
1612;132
1613;144
1614;140
1615;127
1616;123
1617;135
1618;111
1619;139
1620;115
1621;123
1622;122
1623;121
1624;135
1625;141
1626;145
1627;153
1628;122
1629;133
1630;148
1631;146
1632;122
1633;135
1634;157
1635;132
1636;122
1637;124
1638;124
1639;128
1640;135
1641;141
1642;130
1643;132
1644;136
1645;160
1646;127
1647;145
1648;142
1649;144
1650;167
1651;136
1652;173
1653;158
1654;151
1655;142
1656;160
1657;160
1658;148
1659;151
1660;141
1661;153
1662;162
1663;161
1664;181
1665;153
1666;150
1667;162
1668;172
1669;165
1670;161
1671;172
1672;139
1673;158
1674;160
1675;164
1676;156
1677;169
1678;195
1679;187
1680;182
1681;164
1682;161
1683;169
1684;178
1685;164
1686;182
1687;183
1688;168
1689;178
1690;178
1691;159
1692;181
1693;195
1694;170
1695;217
1696;169
1697;179
1698;203
1699;188
1700;179
1701;197
1702;190
1703;193
1704;187
1705;185
1706;207
1707;186
1708;195
1709;181
1710;208
1711;195
1712;175
1713;184
1714;218
1715;188
1716;205
1717;195
1718;169
1719;193
1720;186
1721;196
1722;186
1723;179
1724;180
1725;198
1726;203
1727;181
1728;213
1729;171
1730;173
1731;204
1732;210
1733;198
1734;191
1735;227
1736;197
1737;219
1738;190
1739;179
1740;200
1741;189
1742;206
1743;171
1744;200
1745;174
1746;215
1747;196
1748;215
1749;175
1750;191
1751;182
1752;167
1753;202
1754;215
1755;183
1756;173
1757;185
1758;204
1759;192
1760;192
1761;171
1762;175
1763;171
1764;205
1765;191
1766;186
1767;181
1768;178
1769;187
1770;179
1771;188
1772;158
1773;195
1774;165
1775;174
1776;193
1777;216
1778;175
1779;167
1780;190
1781;159
1782;161
1783;170
1784;172
1785;180
1786;173
1787;174
1788;177
1789;169
1790;184
1791;161
1792;173
1793;175
1794;171
1795;176
1796;140
1797;175
1798;179
1799;174
1800;178
1801;141
1802;169
1803;153
1804;135
1805;151
1806;178
1807;152
1808;149
1809;129
1810;149
1811;151
1812;157
1813;145
1814;155
1815;133
1816;143
1817;142
1818;140
1819;140
1820;119
1821;158
1822;125
1823;145
1824;150
1825;140
1826;155
1827;111
1828;140
1829;133
1830;141
1831;143
1832;117
1833;139
1834;107
1835;140
1836;117
1837;124
1838;139
1839;140
1840;127
1841;131
1842;108
1843;116
1844;129
1845;123
1846;152
1847;126
1848;127
1849;140
1850;125
1851;124
1852;111
1853;112
1854;112
1855;119
1856;121
1857;108
1858;113
1859;114
1860;128
1861;112
1862;142
1863;114
1864;103
1865;111
1866;103
1867;113
1868;121
1869;114
1870;99
1871;106
1872;113
1873;100
1874;110
1875;114
1876;112
1877;108
1878;99
1879;106
1880;122
1881;107
1882;122
1883;85
1884;109
1885;135
1886;99
1887;92
1888;113
1889;103
1890;105
1891;115
1892;105
1893;108
1894;101
1895;96
1896;96
1897;107
1898;98
1899;102
1900;103
1901;99
1902;100
1903;99
1904;111
1905;100
1906;101
1907;114
1908;103
1909;114
1910;114
1911;94
1912;108
1913;111
1914;108
1915;91
1916;79
1917;96
1918;108
1919;103
1920;122
1921;109
1922;106
1923;114
1924;117
1925;107
1926;112
1927;109
1928;93
1929;114
1930;94
1931;107
1932;98
1933;101
1934;98
1935;94
1936;112
1937;117
1938;108
1939;110
1940;103
1941;88
1942;97
1943;108
1944;108
1945;128
1946;102
1947;94
1948;96
1949;99
1950;98
1951;115
1952;95
1953;123
1954;106
1955;99
1956;93
1957;121
1958;110
1959;104
1960;115
1961;106
1962;102
1963;97
1964;100
1965;102
1966;108
1967;98
1968;98
1969;111
1970;93
1971;116
1972;118
1973;120
1974;117
1975;112
1976;95
1977;96
1978;114
1979;93
1980;114
1981;124
1982;118
1983;123
1984;114
1985;102
1986;103
1987;101
1988;103
1989;116
1990;104
1991;113
1992;101
1993;82
1994;118
1995;108
1996;104
1997;114
1998;108
1999;110
2000;103
2001;111
2002;94
2003;110
2004;105
2005;115
2006;115
2007;104
2008;108
2009;112
2010;108
2011;119
2012;115
2013;114
2014;115
2015;111
2016;106
2017;111
2018;119
2019;100
2020;102
2021;100
2022;89
2023;98
2024;124
2025;139
2026;126
2027;99
2028;129
2029;108
2030;106
2031;107
2032;140
2033;119
2034;108
2035;101
2036;105
2037;135
2038;120
2039;112
2040;116
2041;102
2042;125
2043;99
2044;119
2045;120
2046;120
2047;115
2048;117
2049;111
2050;101
2051;117
2052;133
2053;107
2054;127
2055;123
2056;121
2057;105
2058;131
2059;121
2060;116
2061;137
2062;137
2063;120
2064;127
2065;120
2066;98
2067;122
2068;106
2069;119
2070;119
2071;122
2072;115
2073;133
2074;109
2075;107
2076;124
2077;114
2078;113
2079;118
2080;116
2081;133
2082;106
2083;118
2084;119
2085;110
2086;123
2087;115
2088;118
2089;114
2090;125
2091;123
2092;123
2093;121
2094;149
2095;132
2096;114
2097;133
2098;141
2099;121
2100;106
2101;107
2102;135
2103;144
2104;120
2105;115
2106;131
2107;118
2108;116
2109;118
2110;119
2111;136
2112;124
2113;129
2114;124
2115;117
2116;136
2117;99
2118;105
2119;135
2120;123
2121;132
2122;110
2123;127
2124;121
2125;118
2126;149
2127;132
2128;139
2129;133
2130;127
2131;144
2132;121
2133;141
2134;142
2135;145
2136;133
2137;132
2138;142
2139;99
2140;140
2141;122
2142;134
2143;140
2144;137
2145;131
2146;125
2147;131
2148;158
2149;149
2150;109
2151;136
2152;143
2153;129
2154;136
2155;125
2156;130
2157;140
2158;141
2159;164
2160;127
2161;141
2162;124
2163;126
2164;120
2165;132
2166;140
2167;113
2168;143
2169;133
2170;148
2171;135
2172;136
2173;142
2174;146
2175;141
2176;153
2177;138
2178;131
2179;117
2180;135
2181;143
2182;146
2183;141
2184;169
2185;144
2186;137
2187;151
2188;134
2189;134
2190;159
2191;147
2192;159
2193;148
2194;129
2195;136
2196;135
2197;145
2198;136
2199;137
2200;146
2201;148
2202;143
2203;144
2204;142
2205;156
2206;133
2207;112
2208;131
2209;141
2210;134
2211;135
2212;141
2213;163
2214;140
2215;142
2216;174
2217;128
2218;143
2219;138
2220;148
2221;147
2222;125
2223;144
2224;140
2225;131
2226;130
2227;156
2228;168
2229;140
2230;120
2231;133
2232;152
2233;123
2234;124
2235;125
2236;136
2237;144
2238;141
2239;142
2240;132
2241;149
2242;135
2243;120
2244;147
2245;154
2246;135
2247;138
2248;156
2249;149
2250;163
2251;151
2252;140
2253;143
2254;134
2255;135
2256;162
2257;146
2258;143
2259;129
2260;157
2261;147
2262;149
2263;147
2264;135
2265;139
2266;136
2267;145
2268;146
2269;153
2270;160
2271;154
2272;126
2273;138
2274;132
2275;150
2276;151
2277;133
2278;155
2279;158
2280;157
2281;141
2282;144
2283;160
2284;133
2285;137
2286;148
2287;151
2288;144
2289;152
2290;143
2291;137
2292;156
2293;133
2294;148
2295;147
2296;148
2297;146
2298;165
2299;138
2300;145
2301;145
2302;153
2303;143
2304;158
2305;155
2306;159
2307;153
2308;149
2309;126
2310;136
2311;137
2312;152
2313;167
2314;144
2315;148
2316;122
2317;150
2318;146
2319;144
2320;135
2321;160
2322;158
2323;131
2324;149
2325;147
2326;139
2327;147
2328;141
2329;150
2330;127
2331;139
2332;139
2333;144
2334;167
2335;139
2336;143
2337;138
2338;167
2339;138
2340;158
2341;129
2342;152
2343;159
2344;129
2345;155
2346;153
2347;157
2348;137
2349;158
2350;141
2351;155
2352;128
2353;149
2354;122
2355;144
2356;140
2357;149
2358;170
2359;175
2360;130
2361;138
2362;136
2363;134
2364;123
2365;167
2366;129
2367;144
2368;157
2369;136
2370;152
2371;143
2372;167
2373;155
2374;147
2375;134
2376;148
2377;133
2378;132
2379;126
2380;134
2381;130
2382;122
2383;159
2384;148
2385;153
2386;106
2387;148
2388;141
2389;133
2390;152
2391;147
2392;125
2393;132
2394;139
2395;137
2396;132
2397;132
2398;144
2399;130
2400;156
2401;120
2402;124
2403;137
2404;147
2405;143
2406;145
2407;141
2408;132
2409;131
2410;149
2411;138
2412;136
2413;142
2414;150
2415;155
2416;147
2417;127
2418;158
2419;135
2420;133
2421;144
2422;139
2423;131
2424;110
2425;139
2426;134
2427;133
2428;123
2429;151
2430;160
2431;140
2432;137
2433;128
2434;123
2435;154
2436;124
2437;138
2438;131
2439;152
2440;133
2441;142
2442;138
2443;153
2444;132
2445;142
2446;127
2447;128
2448;151
2449;136
2450;125
2451;145
2452;147
2453;156
2454;137
2455;130
2456;136
2457;138
2458;132
2459;117
2460;126
2461;116
2462;134
2463;142
2464;126
2465;134
2466;154
2467;122
2468;116
2469;141
2470;135
2471;130
2472;138
2473;121
2474;149
2475;148
2476;127
2477;169
2478;132
2479;138
2480;128
2481;151
2482;123
2483;111
2484;126
2485;128
2486;131
2487;127
2488;133
2489;144
2490;145
2491;143
2492;129
2493;127
2494;138
2495;135
2496;140
2497;120
2498;123
2499;149
2500;154
2501;131
2502;125
2503;141
2504;131
2505;129
2506;149
2507;129
2508;127
2509;124
2510;122
2511;126
2512;118
2513;116
2514;134
2515;113
2516;112
2517;123
2518;123
2519;148
2520;126
2521;108
2522;114
2523;142
2524;107
2525;118
2526;131
2527;115
2528;121
2529;130
2530;123
2531;144
2532;116
2533;134
2534;131
2535;111
2536;121
2537;113
2538;133
2539;142
2540;149
2541;114
2542;116
2543;130
2544;113
2545;116
2546;112
2547;113
2548;143
2549;120
2550;127
2551;143
2552;105
2553;135
2554;118
2555;122
2556;108
2557;94
2558;120
2559;128
2560;126
2561;127
2562;121
2563;139
2564;118
2565;143
2566;115
2567;115
2568;135
2569;115
2570;124
2571;140
2572;116
2573;134
2574;128
2575;120
2576;114
2577;112
2578;121
2579;120
2580;125
2581;106
2582;130
2583;116
2584;126
2585;124
2586;105
2587;130
2588;115
2589;108
2590;105
2591;126
2592;121
2593;125
2594;124
2595;125
2596;86
2597;115
2598;127
2599;121
2600;107
2601;109
2602;103
2603;112
2604;124
2605;127
2606;134
2607;123
2608;131
2609;145
2610;136
2611;127
2612;123
2613;138
2614;116
2615;103
2616;129
2617;115
2618;138
2619;107
2620;121
2621;127
2622;104
2623;96
2624;108
2625;122
2626;120
2627;103
2628;109
2629;93
2630;122
2631;122
2632;119
2633;109
2634;113
2635;133
2636;122
2637;106
2638;118
2639;114
2640;104
2641;114
2642;118
2643;121
2644;110
2645;128
2646;115
2647;117
2648;105
2649;113
2650;113
2651;125
2652;126
2653;102
2654;98
2655;121
2656;126
2657;98
2658;111
2659;121
2660;112
2661;113
2662;121
2663;108
2664;135
2665;137
2666;116
2667;111
2668;113
2669;108
2670;128
2671;114
2672;102
2673;104
2674;120
2675;107
2676;113
2677;114
2678;100
2679;105
2680;108
2681;125
2682;122
2683;118
2684;115
2685;115
2686;100
2687;113
2688;117
2689;130
2690;105
2691;98
2692;119
2693;112
2694;130
2695;115
2696;98
2697;127
2698;122
2699;115
2700;115
2701;98
2702;106
2703;120
2704;97
2705;103
2706;122
2707;135
2708;114
2709;123
2710;109
2711;108
2712;114
2713;114
2714;100
2715;108
2716;112
2717;115
2718;89
2719;114
2720;122
2721;106
2722;116
2723;106
2724;109
2725;111
2726;100
2727;120
2728;98
2729;116
2730;106
2731;119
2732;99
2733;102
2734;107
2735;107
2736;107
2737;109
2738;122
2739;100
2740;105
2741;110
2742;115
2743;119
2744;128
2745;118
2746;109
2747;103
2748;107
2749;114
2750;134
2751;134
2752;83
2753;100
2754;112
2755;124
2756;115
2757;105
2758;102
2759;109
2760;110
2761;107
2762;102
2763;110
2764;98
2765;115
2766;96
2767;100
2768;132
2769;114
2770;118
2771;91
2772;113
2773;122
2774;109
2775;110
2776;93
2777;98
2778;104
2779;111
2780;84
2781;106
2782;113
2783;131
2784;107
2785;133
2786;99
2787;100
2788;112
2789;84
2790;101
2791;117
2792;126
2793;93
2794;111
2795;100
2796;110
2797;81
2798;100
2799;102
2800;98
2801;107
2802;102
2803;102
2804;100
2805;103
2806;103
2807;105
2808;116
2809;96
2810;100
2811;93
2812;90
2813;95
2814;105
2815;103
2816;108
2817;83
2818;96
2819;115
2820;104
2821;104
2822;92
2823;89
2824;113
2825;112
2826;104
2827;104
2828;116
2829;106
2830;118
2831;96
2832;102
2833;97
2834;100
2835;90
2836;91
2837;102
2838;93
2839;102
2840;93
2841;97
2842;93
2843;93
2844;96
2845;96
2846;105
2847;113
2848;105
2849;94
2850;91
2851;77
2852;97
2853;109
2854;80
2855;94
2856;92
2857;96
2858;94
2859;82
2860;100
2861;107
2862;88
2863;94
2864;87
2865;84
2866;107
2867;83
2868;88
2869;86
2870;86
2871;103
2872;83
2873;88
2874;102
2875;106
2876;88
2877;95
2878;103
2879;101
2880;90
2881;106
2882;113
2883;95
2884;105
2885;80
2886;94
2887;96
2888;81
2889;96
2890;84
2891;78
2892;92
2893;105
2894;78
2895;97
2896;96
2897;86
2898;76
2899;95
2900;98
2901;81
2902;95
2903;78
2904;86
2905;127
2906;90
2907;86
2908;84
2909;108
2910;89
2911;96
2912;92
2913;92
2914;84
2915;98
2916;97
2917;90
2918;93
2919;96
2920;80
2921;103
2922;93
2923;86
2924;85
2925;79
2926;88
2927;76
2928;97
2929;94
2930;92
2931;88
2932;104
2933;88
2934;86
2935;80
2936;90
2937;94
2938;92
2939;77
2940;104
2941;81
2942;70
2943;92
2944;104
2945;95
2946;88
2947;84
2948;94
2949;86
2950;88
2951;85
2952;85
2953;71
2954;89
2955;83
2956;86
2957;74
2958;88
2959;94
2960;89
2961;77
2962;80
2963;85
2964;99
2965;83
2966;77
2967;82
2968;78
2969;76
2970;75
2971;90
2972;85
2973;83
2974;86
2975;76
2976;65
2977;75
2978;87
2979;99
2980;91
2981;76
2982;90
2983;69
2984;82
2985;99
2986;99
2987;89
2988;76
2989;79
2990;74
2991;83
2992;85
2993;79
2994;89
2995;75
2996;82
2997;86
2998;95
2999;76
3000;87
3001;82
3002;74
3003;84
3004;84
3005;72
3006;85
3007;93
3008;71
3009;82
3010;86
3011;82
3012;96
3013;90
3014;95
3015;78
3016;74
3017;85
3018;74
3019;73
3020;85
3021;73
3022;92
3023;66
3024;89
3025;81
3026;64
3027;66
3028;70
3029;82
3030;85
3031;86
3032;74
3033;79
3034;76
3035;70
3036;75
3037;81
3038;95
3039;94
3040;73
3041;82
3042;89
3043;94
3044;90
3045;89
3046;84
3047;75
3048;85
3049;74
3050;76
3051;60
3052;79
3053;82
3054;95
3055;80
3056;97
3057;98
3058;89
3059;73
3060;76
3061;79
3062;67
3063;76
3064;89
3065;83
3066;76
3067;87
3068;93
3069;73
3070;91
3071;77
3072;68
3073;94
3074;82
3075;82
3076;74
3077;82
3078;55
3079;78
3080;81
3081;78
3082;77
3083;79
3084;68
3085;79
3086;87
3087;85
3088;87
3089;88
3090;85
3091;79
3092;95
3093;71
3094;85
3095;95
3096;76
3097;72
3098;80
3099;80
3100;93
3101;72
3102;70
3103;79
3104;71
3105;89
3106;69
3107;86
3108;67
3109;84
3110;83
3111;71
3112;79
3113;80
3114;85
3115;68
3116;73
3117;71
3118;83
3119;76
3120;65
3121;80
3122;78
3123;67
3124;69
3125;76
3126;72
3127;96
3128;70
3129;82
3130;79
3131;70
3132;86
3133;58
3134;84
3135;63
3136;70
3137;92
3138;90
3139;83
3140;70
3141;68
3142;82
3143;88
3144;66
3145;80
3146;73
3147;91
3148;76
3149;80
3150;70
3151;75
3152;74
3153;86
3154;75
3155;92
3156;94
3157;79
3158;80
3159;67
3160;78
3161;67
3162;76
3163;74
3164;92
3165;72
3166;74
3167;77
3168;61
3169;87
3170;71
3171;69
3172;78
3173;68
3174;87
3175;72
3176;82
3177;72
3178;81
3179;79
3180;64
3181;97
3182;68
3183;80
3184;87
3185;86
3186;77
3187;69
3188;76
3189;81
3190;74
3191;75
3192;80
3193;76
3194;81
3195;63
3196;78
3197;72
3198;61
3199;55
3200;99
3201;90
3202;71
3203;87
3204;78
3205;92
3206;83
3207;73
3208;79
3209;71
3210;75
3211;78
3212;82
3213;73
3214;72
3215;75
3216;76
3217;77
3218;76
3219;80
3220;72
3221;82
3222;71
3223;78
3224;77
3225;64
3226;73
3227;73
3228;77
3229;66
3230;66
3231;82
3232;69
3233;76
3234;83
3235;57
3236;66
3237;71
3238;69
3239;85
3240;75
3241;59
3242;69
3243;75
3244;85
3245;67
3246;68
3247;66
3248;58
3249;66
3250;70
3251;66
3252;78
3253;63
3254;77
3255;82
3256;70
3257;67
3258;76
3259;59
3260;94
3261;59
3262;58
3263;72
3264;70
3265;76
3266;75
3267;64
3268;63
3269;76
3270;73
3271;54
3272;92
3273;62
3274;92
3275;66
3276;75
3277;67
3278;76
3279;83
3280;62
3281;76
3282;79
3283;67
3284;74
3285;57
3286;63
3287;64
3288;77
3289;64
3290;76
3291;60
3292;70
3293;71
3294;64
3295;78
3296;87
3297;67
3298;78
3299;78
3300;65
3301;66
3302;64
3303;76
3304;63
3305;63
3306;63
3307;79
3308;73
3309;74
3310;73
3311;63
3312;69
3313;80
3314;71
3315;60
3316;62
3317;81
3318;62
3319;66
3320;56
3321;72
3322;57
3323;69
3324;68
3325;64
3326;78
3327;59
3328;72
3329;64
3330;67
3331;73
3332;70
3333;64
3334;48
3335;67
3336;60
3337;49
3338;66
3339;61
3340;67
3341;64
3342;53
3343;57
3344;53
3345;71
3346;81
3347;54
3348;75
3349;64
3350;59
3351;51
3352;62
3353;60
3354;59
3355;59
3356;70
3357;59
3358;72
3359;62
3360;66
3361;60
3362;72
3363;62
3364;61
3365;47
3366;63
3367;64
3368;67
3369;61
3370;73
3371;66
3372;69
3373;56
3374;62
3375;68
3376;67
3377;61
3378;55
3379;77
3380;71
3381;65
3382;64
3383;63
3384;71
3385;61
3386;56
3387;66
3388;71
3389;61
3390;71
3391;71
3392;63
3393;58
3394;63
3395;78
3396;69
3397;63
3398;80
3399;69
3400;74
3401;58
3402;58
3403;58
3404;65
3405;76
3406;62
3407;62
3408;71
3409;69
3410;66
3411;73
3412;67
3413;65
3414;56
3415;59
3416;60
3417;58
3418;59
3419;67
3420;66
3421;60
3422;52
3423;56
3424;56
3425;80
3426;57
3427;74
3428;58
3429;55
3430;65
3431;54
3432;71
3433;59
3434;86
3435;66
3436;73
3437;57
3438;60
3439;76
3440;55
3441;66
3442;57
3443;53
3444;51
3445;67
3446;73
3447;79
3448;71
3449;78
3450;60
3451;61
3452;52
3453;54
3454;59
3455;61
3456;60
3457;73
3458;51
3459;66
3460;53
3461;50
3462;59
3463;68
3464;70
3465;76
3466;67
3467;58
3468;66
3469;69
3470;60
3471;64
3472;56
3473;46
3474;49
3475;75
3476;47
3477;68
3478;68
3479;76
3480;67
3481;57
3482;60
3483;66
3484;57
3485;57
3486;59
3487;65
3488;75
3489;65
3490;59
3491;63
3492;76
3493;52
3494;62
3495;63
3496;59
3497;55
3498;58
3499;64
3500;48
3501;70
3502;51
3503;61
3504;51
3505;58
3506;47
3507;74
3508;70
3509;54
3510;58
3511;66
3512;59
3513;77
3514;60
3515;76
3516;58
3517;66
3518;74
3519;64
3520;58
3521;56
3522;58
3523;65
3524;62
3525;64
3526;72
3527;65
3528;67
3529;63
3530;69
3531;57
3532;61
3533;60
3534;68
3535;67
3536;58
3537;59
3538;65
3539;48
3540;59
3541;78
3542;68
3543;65
3544;73
3545;63
3546;63
3547;61
3548;71
3549;80
3550;77
3551;71
3552;62
3553;58
3554;67
3555;58
3556;46
3557;55
3558;42
3559;65
3560;55
3561;58
3562;76
3563;62
3564;62
3565;60
3566;77
3567;74
3568;58
3569;48
3570;65
3571;75
3572;64
3573;58
3574;71
3575;54
3576;59
3577;63
3578;65
3579;61
3580;55
3581;72
3582;52
3583;66
3584;62
3585;66
3586;66
3587;49
3588;60
3589;70
3590;71
3591;65
3592;62
3593;82
3594;70
3595;68
3596;64
3597;61
3598;55
3599;58
3600;72
3601;67
3602;77
3603;72
3604;73
3605;62
3606;71
3607;65
3608;56
3609;62
3610;55
3611;62
3612;57
3613;64
3614;50
3615;62
3616;68
3617;63
3618;68
3619;68
3620;67
3621;66
3622;68
3623;55
3624;59
3625;63
3626;54
3627;66
3628;62
3629;79
3630;67
3631;63
3632;60
3633;74
3634;63
3635;71
3636;60
3637;69
3638;60
3639;47
3640;62
3641;76
3642;69
3643;71
3644;71
3645;74
3646;78
3647;83
3648;58
3649;57
3650;69
3651;68
3652;69
3653;75
3654;73
3655;59
3656;66
3657;69
3658;64
3659;67
3660;73
3661;67
3662;74
3663;77
3664;67
3665;70
3666;70
3667;67
3668;80
3669;64
3670;67
3671;90
3672;54
3673;89
3674;76
3675;76
3676;64
3677;67
3678;64
3679;76
3680;69
3681;77
3682;58
3683;75
3684;72
3685;78
3686;67
3687;74
3688;71
3689;91
3690;80
3691;79
3692;91
3693;56
3694;55
3695;98
3696;61
3697;70
3698;79
3699;75
3700;83
3701;64
3702;81
3703;70
3704;71
3705;84
3706;89
3707;76
3708;89
3709;97
3710;91
3711;81
3712;68
3713;75
3714;74
3715;90
3716;84
3717;83
3718;73
3719;75
3720;80
3721;84
3722;92
3723;73
3724;89
3725;80
3726;84
3727;86
3728;76
3729;85
3730;75
3731;87
3732;72
3733;67
3734;77
3735;80
3736;74
3737;83
3738;82
3739;95
3740;74
3741;80
3742;101
3743;101
3744;89
3745;80
3746;75
3747;94
3748;74
3749;86
3750;68
3751;84
3752;86
3753;80
3754;93
3755;73
3756;79
3757;81
3758;83
3759;74
3760;103
3761;104
3762;91
3763;93
3764;97
3765;84
3766;92
3767;88
3768;85
3769;91
3770;102
3771;91
3772;99
3773;106
3774;83
3775;99
3776;80
3777;90
3778;85
3779;106
3780;100
3781;93
3782;93
3783;90
3784;98
3785;92
3786;90
3787;86
3788;79
3789;88
3790;107
3791;75
3792;94
3793;81
3794;75
3795;91
3796;102
3797;79
3798;80
3799;84
3800;87
3801;88
3802;113
3803;75
3804;102
3805;116
3806;102
3807;103
3808;94
3809;88
3810;101
3811;99
3812;116
3813;91
3814;90
3815;93
3816;102
3817;109
3818;110
3819;87
3820;107
3821;95
3822;92
3823;88
3824;88
3825;102
3826;90
3827;83
3828;100
3829;94
3830;91
3831;93
3832;112
3833;111
3834;99
3835;106
3836;97
3837;90
3838;89
3839;102
3840;108
3841;88
3842;92
3843;81
3844;96
3845;110
3846;102
3847;103
3848;124
3849;125
3850;89
3851;99
3852;88
3853;99
3854;109
3855;128
3856;97
3857;115
3858;97
3859;107
3860;109
3861;102
3862;116
3863;103
3864;107
3865;105
3866;116
3867;114
3868;107
3869;105
3870;106
3871;109
3872;88
3873;111
3874;109
3875;110
3876;108
3877;112
3878;101
3879;109
3880;98
3881;106
3882;109
3883;110
3884;110
3885;106
3886;112
3887;99
3888;123
3889;105
3890;104
3891;109
3892;91
3893;102
3894;107
3895;96
3896;121
3897;113
3898;101
3899;119
3900;100
3901;122
3902;99
3903;117
3904;89
3905;103
3906;138
3907;104
3908;110
3909;89
3910;124
3911;101
3912;97
3913;78
3914;117
3915;114
3916;105
3917;92
3918;123
3919;122
3920;123
3921;97
3922;96
3923;105
3924;104
3925;112
3926;112
3927;110
3928;122
3929;93
3930;106
3931;110
3932;106
3933;118
3934;107
3935;113
3936;108
3937;114
3938;114
3939;114
3940;112
3941;107
3942;106
3943;110
3944;103
3945;102
3946;108
3947;87
3948;118
3949;101
3950;119
3951;122
3952;108
3953;113
3954;93
3955;107
3956;120
3957;100
3958;94
3959;131
3960;123
3961;106
3962;118
3963;99
3964;99
3965;117
3966;116
3967;101
3968;105
3969;102
3970;115
3971;102
3972;133
3973;103
3974;104
3975;113
3976;117
3977;106
3978;125
3979;127
3980;122
3981;108
3982;123
3983;135
3984;122
3985;134
3986;105
3987;120
3988;119
3989;109
3990;113
3991;127
3992;101
3993;120
3994;118
3995;115
3996;98
3997;117
3998;123
3999;100
4000;105
4001;126
4002;117
4003;113
4004;113
4005;105
4006;130
4007;112
4008;121
4009;129
4010;127
4011;101
4012;118
4013;120
4014;107
4015;120
4016;103
4017;128
4018;118
4019;119
4020;121
4021;126
4022;132
4023;111
4024;133
4025;112
4026;129
4027;129
4028;124
4029;128
4030;130
4031;135
4032;137
4033;132
4034;124
4035;140
4036;113
4037;124
4038;135
4039;126
4040;115
4041;135
4042;128
4043;136
4044;135
4045;119
4046;135
4047;127
4048;119
4049;135
4050;106
4051;134
4052;117
4053;110
4054;123
4055;130
4056;133
4057;121
4058;137
4059;126
4060;144
4061;141
4062;130
4063;130
4064;160
4065;124
4066;118
4067;106
4068;132
4069;121
4070;135
4071;138
4072;125
4073;137
4074;114
4075;138
4076;156
4077;141
4078;125
4079;167
4080;131
4081;145
4082;124
4083;139
4084;170
4085;133
4086;128
4087;151
4088;114
4089;140
4090;122
4091;131
4092;133
4093;130
4094;122
4095;146
4096;133
4097;145
4098;151
4099;112
4100;141
4101;134
4102;139
4103;124
4104;136
4105;147
4106;141
4107;138
4108;146
4109;145
4110;137
4111;145
4112;156
4113;143
4114;143
4115;133
4116;150
4117;155
4118;160
4119;153
4120;147
4121;148
4122;141
4123;127
4124;159
4125;115
4126;162
4127;148
4128;179
4129;145
4130;179
4131;156
4132;139
4133;140
4134;148
4135;145
4136;143
4137;139
4138;168
4139;153
4140;171
4141;140
4142;169
4143;160
4144;172
4145;141
4146;150
4147;141
4148;168
4149;160
4150;182
4151;159
4152;165
4153;154
4154;156
4155;159
4156;162
4157;170
4158;165
4159;155
4160;162
4161;157
4162;157
4163;181
4164;180
4165;148
4166;160
4167;170
4168;165
4169;163
4170;150
4171;183
4172;183
4173;174
4174;156
4175;164
4176;171
4177;177
4178;167
4179;177
4180;156
4181;165
4182;166
4183;137
4184;147
4185;161
4186;174
4187;172
4188;165
4189;169
4190;167
4191;159
4192;167
4193;162
4194;173
4195;166
4196;155
4197;159
4198;172
4199;160
4200;167
4201;171
4202;151
4203;162
4204;172
4205;173
4206;160
4207;168
4208;149
4209;166
4210;184
4211;179
4212;168
4213;135
4214;165
4215;161
4216;162
4217;158
4218;156
4219;149
4220;168
4221;180
4222;176
4223;170
4224;169
4225;187
4226;165
4227;177
4228;177
4229;167
4230;165
4231;171
4232;180
4233;167
4234;164
4235;167
4236;190
4237;188
4238;158
4239;163
4240;175
4241;161
4242;176
4243;152
4244;168
4245;173
4246;173
4247;170
4248;167
4249;173
4250;192
4251;184
4252;174
4253;164
4254;167
4255;182
4256;205
4257;174
4258;162
4259;128
4260;184
4261;162
4262;187
4263;167
4264;176
4265;168
4266;158
4267;165
4268;150
4269;134
4270;198
4271;161
4272;156
4273;173
4274;162
4275;174
4276;166
4277;141
4278;162
4279;173
4280;151
4281;168
4282;133
4283;156
4284;172
4285;170
4286;154
4287;171
4288;158
4289;159
4290;160
4291;166
4292;174
4293;166
4294;152
4295;176
4296;139
4297;168
4298;146
4299;161
4300;189
4301;154
4302;159
4303;123
4304;167
4305;153
4306;158
4307;165
4308;147
4309;165
4310;145
4311;152
4312;178
4313;157
4314;165
4315;154
4316;181
4317;161
4318;160
4319;151
4320;150
4321;165
4322;146
4323;172
4324;161
4325;145
4326;136
4327;165
4328;145
4329;152
4330;175
4331;139
4332;154
4333;165
4334;170
4335;144
4336;164
4337;131
4338;154
4339;169
4340;127
4341;147
4342;163
4343;154
4344;137
4345;144
4346;132
4347;168
4348;150
4349;146
4350;157
4351;161
4352;127
4353;119
4354;166
4355;135
4356;141
4357;137
4358;118
4359;161
4360;150
4361;150
4362;153
4363;147
4364;151
4365;159
4366;137
4367;155
4368;133
4369;117
4370;139
4371;140
4372;151
4373;149
4374;142
4375;136
4376;143
4377;130
4378;144
4379;160
4380;119
4381;130
4382;141
4383;120
4384;138
4385;116
4386;145
4387;133
4388;147
4389;140
4390;139
4391;110
4392;145
4393;126
4394;126
4395;131
4396;138
4397;143
4398;136
4399;140
4400;144
4401;122
4402;110
4403;120
4404;123
4405;122
4406;114
4407;121
4408;102
4409;132
4410;102
4411;129
4412;131
4413;130
4414;138
4415;134
4416;100
4417;137
4418;122
4419;110
4420;116
4421;117
4422;130
4423;128
4424;109
4425;98
4426;115
4427;116
4428;95
4429;102
4430;101
4431;116
4432;114
4433;108
4434;114
4435;111
4436;107
4437;91
4438;118
4439;101
4440;128
4441;131
4442;108
4443;105
4444;111
4445;129
4446;107
4447;106
4448;90
4449;80
4450;101
4451;93
4452;88
4453;106
4454;101
4455;65
4456;90
4457;99
4458;103
4459;104
4460;108
4461;107
4462;112
4463;117
4464;115
4465;99
4466;111
4467;98
4468;93
4469;86
4470;83
4471;92
4472;91
4473;100
4474;100
4475;86
4476;101
4477;86
4478;90
4479;93
4480;86
4481;70
4482;110
4483;87
4484;96
4485;108
4486;99
4487;86
4488;87
4489;107
4490;111
4491;87
4492;80
4493;91
4494;99
4495;99
4496;96
4497;90
4498;103
4499;92
4500;93
4501;92
4502;103
4503;97
4504;94
4505;86
4506;88
4507;77
4508;100
4509;82
4510;84
4511;81
4512;99
4513;92
4514;84
4515;90
4516;92
4517;103
4518;95
4519;90
4520;84
4521;111
4522;82
4523;84
4524;107
4525;87
4526;127
4527;74
4528;102
4529;95
4530;79
4531;78
4532;104
4533;94
4534;92
4535;94
4536;85
4537;108
4538;82
4539;85
4540;75
4541;86
4542;92
4543;106
4544;101
4545;79
4546;113
4547;85
4548;77
4549;98
4550;78
4551;95
4552;91
4553;95
4554;86
4555;87
4556;99
4557;86
4558;89
4559;101
4560;86
4561;89
4562;81
4563;112
4564;94
4565;113
4566;81
4567;83
4568;100
4569;104
4570;99
4571;98
4572;92
4573;116
4574;99
4575;106
4576;103
4577;108
4578;91
4579;94
4580;93
4581;106
4582;96
4583;82
4584;107
4585;80
4586;100
4587;90
4588;94
4589;98
4590;107
4591;88
4592;122
4593;121
4594;98
4595;101
4596;100
4597;123
4598;102
4599;112
4600;102
4601;106
4602;112
4603;100
4604;102
4605;103
4606;91
4607;108
4608;104
4609;112
4610;104
4611;112
4612;105
4613;120
4614;104
4615;106
4616;119
4617;121
4618;100
4619;125
4620;120
4621;116
4622;119
4623;104
4624;128
4625;117
4626;145
4627;119
4628;126
4629;115
4630;142
4631;110
4632;120
4633;132
4634;113
4635;144
4636;116
4637;129
4638;107
4639;134
4640;128
4641;123
4642;136
4643;128
4644;125
4645;126
4646;144
4647;161
4648;129
4649;136
4650;109
4651;145
4652;129
4653;150
4654;125
4655;132
4656;129
4657;124
4658;127
4659;140
4660;156
4661;139
4662;161
4663;141
4664;137
4665;141
4666;139
4667;137
4668;154
4669;138
4670;151
4671;165
4672;134
4673;171
4674;138
4675;157
4676;153
4677;144
4678;140
4679;161
4680;154
4681;138
4682;161
4683;163
4684;179
4685;159
4686;161
4687;180
4688;171
4689;167
4690;169
4691;144
4692;150
4693;168
4694;178
4695;162
4696;173
4697;203
4698;184
4699;177
4700;162
4701;158
4702;161
4703;163
4704;180
4705;188
4706;154
4707;165
4708;183
4709;215
4710;157
4711;201
4712;167
4713;201
4714;168
4715;177
4716;200
4717;217
4718;195
4719;198
4720;216
4721;184
4722;183
4723;171
4724;201
4725;193
4726;198
4727;210
4728;205
4729;203
4730;198
4731;220
4732;183
4733;208
4734;181
4735;225
4736;224
4737;217
4738;229
4739;212
4740;203
4741;236
4742;195
4743;222
4744;220
4745;213
4746;201
4747;218
4748;219
4749;232
4750;236
4751;246
4752;220
4753;215
4754;228
4755;222
4756;239
4757;198
4758;231
4759;215
4760;222
4761;240
4762;275
4763;241
4764;244
4765;259
4766;236
4767;245
4768;270
4769;262
4770;243
4771;262
4772;250
4773;260
4774;248
4775;235
4776;245
4777;255
4778;233
4779;251
4780;261
4781;250
4782;256
4783;255
4784;238
4785;242
4786;252
4787;245
4788;247
4789;258
4790;281
4791;247
4792;228
4793;305
4794;280
4795;268
4796;275
4797;263
4798;271
4799;274
4800;292
4801;264
4802;257
4803;302
4804;279
4805;277
4806;306
4807;295
4808;268
4809;332
4810;297
4811;296
4812;278
4813;306
4814;300
4815;255
4816;303
4817;294
4818;269
4819;309
4820;303
4821;312
4822;314
4823;307
4824;314
4825;317
4826;310
4827;328
4828;306
4829;298
4830;334
4831;314
4832;305
4833;350
4834;315
4835;298
4836;335
4837;289
4838;313
4839;296
4840;313
4841;330
4842;326
4843;309
4844;295
4845;342
4846;329
4847;306
4848;333
4849;319
4850;301
4851;343
4852;326
4853;336
4854;322
4855;308
4856;315
4857;330
4858;337
4859;333
4860;330
4861;316
4862;320
4863;306
4864;342
4865;319
4866;345
4867;336
4868;303
4869;347
4870;333
4871;331
4872;324
4873;345
4874;340
4875;306
4876;354
4877;353
4878;348
4879;355
4880;332
4881;354
4882;350
4883;375
4884;366
4885;326
4886;342
4887;315
4888;375
4889;344
4890;354
4891;340
4892;348
4893;312
4894;374
4895;326
4896;326
4897;363
4898;338
4899;367
4900;385
4901;381
4902;366
4903;339
4904;373
4905;348
4906;363
4907;364
4908;362
4909;359
4910;346
4911;353
4912;330
4913;349
4914;382
4915;355
4916;347
4917;347
4918;368
4919;336
4920;344
4921;369
4922;382
4923;352
4924;370
4925;358
4926;345
4927;346
4928;358
4929;340
4930;365
4931;374
4932;324
4933;381
4934;404
4935;373
4936;361
4937;377
4938;337
4939;374
4940;384
4941;376
4942;341
4943;351
4944;381
4945;373
4946;379
4947;380
4948;367
4949;419
4950;355
4951;396
4952;358
4953;367
4954;372
4955;391
4956;360
4957;384
4958;364
4959;375
4960;373
4961;377
4962;394
4963;344
4964;378
4965;388
4966;357
4967;359
4968;366
4969;390
4970;365
4971;375
4972;353
4973;343
4974;366
4975;351
4976;381
4977;400
4978;349
4979;365
4980;365
4981;351
4982;420
4983;386
4984;367
4985;347
4986;368
4987;325
4988;366
4989;328
4990;368
4991;340
4992;330
4993;355
4994;353
4995;393
4996;398
4997;376
4998;356
4999;361
5000;382
5001;338
5002;360
5003;378
5004;343
5005;374
5006;342
5007;343
5008;380
5009;332
5010;366
5011;344
5012;374
5013;360
5014;315
5015;347
5016;397
5017;327
5018;338
5019;331
5020;335
5021;385
5022;369
5023;327
5024;345
5025;399
5026;345
5027;318
5028;362
5029;349
5030;344
5031;328
5032;347
5033;370
5034;330
5035;305
5036;337
5037;317
5038;364
5039;353
5040;328
5041;380
5042;354
5043;332
5044;335
5045;321
5046;325
5047;319
5048;308
5049;342
5050;349
5051;306
5052;331
5053;331
5054;351
5055;349
5056;306
5057;355
5058;378
5059;315
5060;303
5061;344
5062;316
5063;310
5064;323
5065;325
5066;298
5067;314
5068;315
5069;314
5070;302
5071;367
5072;325
5073;324
5074;314
5075;299
5076;302
5077;320
5078;328
5079;326
5080;287
5081;315
5082;299
5083;312
5084;287
5085;318
5086;290
5087;267
5088;312
5089;292
5090;291
5091;323
5092;280
5093;293
5094;308
5095;287
5096;312
5097;275
5098;303
5099;257
5100;296
5101;303
5102;303
5103;306
5104;283
5105;308
5106;282
5107;293
5108;305
5109;272
5110;296
5111;272
5112;289
5113;282
5114;303
5115;286
5116;284
5117;244
5118;284
5119;289
5120;280
5121;257
5122;253
5123;261
5124;263
5125;276
5126;264
5127;264
5128;256
5129;274
5130;251
5131;283
5132;267
5133;274
5134;241
5135;255
5136;252
5137;271
5138;253
5139;268
5140;279
5141;251
5142;259
5143;243
5144;266
5145;272
5146;262
5147;246
5148;262
5149;237
5150;277
5151;245
5152;249
5153;227
5154;253
5155;241
5156;250
5157;239
5158;263
5159;239
5160;264
5161;259
5162;277
5163;254
5164;226
5165;246
5166;226
5167;263
5168;261
5169;232
5170;230
5171;230
5172;226
5173;209
5174;236
5175;216
5176;236
5177;243
5178;257
5179;208
5180;225
5181;225
5182;261
5183;253
5184;236
5185;203
5186;187
5187;216
5188;217
5189;194
5190;209
5191;193
5192;214
5193;216
5194;215
5195;222
5196;191
5197;182
5198;227
5199;213
5200;193
5201;215
5202;221
5203;217
5204;237
5205;213
5206;231
5207;211
5208;191
5209;192
5210;194
5211;203
5212;200
5213;188
5214;187
5215;200
5216;175
5217;230
5218;236
5219;178
5220;185
5221;198
5222;191
5223;174
5224;186
5225;220
5226;141
5227;187
5228;198
5229;187
5230;171
5231;201
5232;170
5233;198
5234;218
5235;185
5236;213
5237;180
5238;217
5239;185
5240;199
5241;195
5242;179
5243;192
5244;193
5245;198
5246;163
5247;196
5248;167
5249;174
5250;200
5251;175
5252;166
5253;199
5254;174
5255;179
5256;175
5257;189
5258;199
5259;174
5260;171
5261;194
5262;174
5263;159
5264;189
5265;196
5266;176
5267;158
5268;153
5269;172
5270;167
5271;152
5272;163
5273;181
5274;177
5275;164
5276;163
5277;167
5278;165
5279;168
5280;179
5281;152
5282;161
5283;155
5284;192
5285;152
5286;183
5287;157
5288;178
5289;178
5290;181
5291;157
5292;177
5293;158
5294;147
5295;175
5296;176
5297;168
5298;172
5299;162
5300;162
5301;161
5302;155
5303;186
5304;183
5305;166
5306;164
5307;173
5308;157
5309;173
5310;123
5311;177
5312;148
5313;152
5314;172
5315;150
5316;165
5317;152
5318;143
5319;155
5320;163
5321;166
5322;138
5323;166
5324;173
5325;145
5326;142
5327;164
5328;153
5329;160
5330;150
5331;137
5332;142
5333;175
5334;160
5335;154
5336;133
5337;154
5338;141
5339;140
5340;151
5341;140
5342;132
5343;152
5344;176
5345;153
5346;146
5347;149
5348;153
5349;136
5350;159
5351;128
5352;142
5353;157
5354;150
5355;127
5356;155
5357;160
5358;129
5359;126
5360;141
5361;148
5362;139
5363;128
5364;153
5365;150
5366;146
5367;127
5368;146
5369;123
5370;136
5371;135
5372;157
5373;146
5374;140
5375;133
5376;145
5377;159
5378;145
5379;155
5380;142
5381;143
5382;114
5383;142
5384;154
5385;164
5386;137
5387;149
5388;149
5389;141
5390;155
5391;137
5392;135
5393;141
5394;141
5395;149
5396;131
5397;147
5398;132
5399;134
5400;136
5401;154
5402;136
5403;157
5404;153
5405;123
5406;140
5407;119
5408;123
5409;111
5410;123
5411;132
5412;140
5413;115
5414;134
5415;148
5416;144
5417;133
5418;141
5419;159
5420;122
5421;141
5422;132
5423;130
5424;148
5425;139
5426;138
5427;129
5428;142
5429;153
5430;158
5431;155
5432;147
5433;144
5434;151
5435;126
5436;140
5437;147
5438;146
5439;115
5440;139
5441;143
5442;136
5443;132
5444;159
5445;134
5446;120
5447;129
5448;114
5449;134
5450;107
5451;127
5452;133
5453;120
5454;121
5455;118
5456;137
5457;105
5458;161
5459;118
5460;125
5461;117
5462;115
5463;134
5464;126
5465;137
5466;122
5467;138
5468;131
5469;113
5470;125
5471;117
5472;116
5473;119
5474;132
5475;130
5476;138
5477;128
5478;101
5479;145
5480;144
5481;127
5482;121
5483;133
5484;133
5485;119
5486;116
5487;116
5488;126
5489;113
5490;136
5491;110
5492;111
5493;126
5494;125
5495;140
5496;101
5497;134
5498;134
5499;126
5500;117
5501;116
5502;102
5503;135
5504;135
5505;115
5506;129
5507;131
5508;115
5509;128
5510;118
5511;112
5512;123
5513;123
5514;106
5515;108
5516;117
5517;104
5518;102
5519;112
5520;132
5521;103
5522;128
5523;109
5524;118
5525;104
5526;107
5527;117
5528;121
5529;104
5530;105
5531;124
5532;115
5533;121
5534;116
5535;118
5536;122
5537;111
5538;86
5539;114
5540;105
5541;99
5542;114
5543;113
5544;122
5545;88
5546;105
5547;102
5548;90
5549;120
5550;115
5551;103
5552;96
5553;103
5554;110
5555;128
5556;102
5557;126
5558;96
5559;98
5560;106
5561;81
5562;107
5563;112
5564;110
5565;97
5566;106
5567;94
5568;107
5569;100
5570;100
5571;79
5572;95
5573;102
5574;101
5575;105
5576;100
5577;97
5578;90
5579;106
5580;96
5581;106
5582;107
5583;73
5584;105
5585;106
5586;94
5587;76
5588;76
5589;75
5590;91
5591;102
5592;90
5593;100
5594;92
5595;96
5596;92
5597;93
5598;86
5599;89
5600;101
5601;89
5602;88
5603;93
5604;88
5605;88
5606;89
5607;80
5608;90
5609;79
5610;99
5611;98
5612;77
5613;80
5614;82
5615;78
5616;85
5617;83
5618;88
5619;107
5620;77
5621;88
5622;86
5623;75
5624;68
5625;93
5626;79
5627;78
5628;76
5629;86
5630;79
5631;89
5632;73
5633;88
5634;80
5635;90
5636;78
5637;57
5638;82
5639;66
5640;69
5641;72
5642;84
5643;81
5644;63
5645;73
5646;78
5647;82
5648;83
5649;54
5650;75
5651;73
5652;78
5653;94
5654;75
5655;91
5656;74
5657;61
5658;73
5659;72
5660;86
5661;77
5662;70
5663;82
5664;73
5665;72
5666;67
5667;65
5668;74
5669;69
5670;62
5671;73
5672;68
5673;83
5674;61
5675;70
5676;56
5677;66
5678;61
5679;56
5680;59
5681;69
5682;61
5683;67
5684;54
5685;66
5686;56
5687;75
5688;82
5689;60
5690;57
5691;64
5692;80
5693;74
5694;61
5695;86
5696;52
5697;55
5698;48
5699;66
5700;68
5701;51
5702;68
5703;57
5704;70
5705;66
5706;52
5707;68
5708;72
5709;63
5710;53
5711;52
5712;58
5713;57
5714;67
5715;56
5716;46
5717;53
5718;67
5719;56
5720;50
5721;57
5722;45
5723;60
5724;52
5725;58
5726;50
5727;51
5728;62
5729;43
5730;61
5731;57
5732;65
5733;56
5734;62
5735;55
5736;61
5737;49
5738;52
5739;51
5740;61
5741;58
5742;42
5743;42
5744;55
5745;61
5746;60
5747;49
5748;48
5749;66
5750;49
5751;55
5752;56
5753;54
5754;51
5755;53
5756;43
5757;58
5758;61
5759;44
5760;57
5761;57
5762;54
5763;50
5764;51
5765;56
5766;36
5767;59
5768;55
5769;44
5770;51
5771;55
5772;51
5773;48
5774;64
5775;41
5776;34
5777;48
5778;45
5779;56
5780;45
5781;34
5782;46
5783;41
5784;51
5785;38
5786;49
5787;43
5788;40
5789;60
5790;42
5791;34
5792;40
5793;52
5794;43
5795;53
5796;47
5797;38
5798;61
5799;51
5800;41
5801;36
5802;39
5803;53
5804;58
5805;41
5806;42
5807;46
5808;64
5809;51
5810;45
5811;55
5812;32
5813;43
5814;55
5815;37
5816;33
5817;42
5818;49
5819;37
5820;50
5821;49
5822;43
5823;40
5824;39
5825;42
5826;35
5827;31
5828;42
5829;54
5830;38
5831;40
5832;37
5833;37
5834;47
5835;56
5836;44
5837;60
5838;56
5839;52
5840;42
5841;35
5842;51
5843;42
5844;31
5845;48
5846;42
5847;38
5848;49
5849;62
5850;53
5851;45
5852;52
5853;50
5854;33
5855;49
5856;40
5857;45
5858;53
5859;42
5860;36
5861;40
5862;43
5863;45
5864;52
5865;47
5866;40
5867;42
5868;41
5869;37
5870;28
5871;51
5872;44
5873;49
5874;42
5875;35
5876;41
5877;51
5878;46
5879;48
5880;37
5881;38
5882;44
5883;47
5884;48
5885;36
5886;53
5887;36
5888;41
5889;43
5890;44
5891;42
5892;50
5893;58
5894;44
5895;33
5896;40
5897;45
5898;49
5899;46
5900;32
5901;51
5902;49
5903;45
5904;48
5905;39
5906;54
5907;39
5908;43
5909;50
5910;51
5911;43
5912;43
5913;48
5914;50
5915;40
5916;37
5917;47
5918;45
5919;39
5920;46
5921;43
5922;36
5923;32
5924;39
5925;35
5926;41
5927;43
5928;60
5929;44
5930;49
5931;49
5932;47
5933;29
5934;55
5935;48
5936;64
5937;41
5938;45
5939;54
5940;48
5941;36
5942;51
5943;49
5944;62
5945;52
5946;48
5947;41
5948;51
5949;37
5950;52
5951;53
5952;38
5953;41
5954;43
5955;40
5956;34
5957;48
5958;49
5959;55
5960;37
5961;48
5962;45
5963;50
5964;51
5965;50
5966;46
5967;38
5968;47
5969;46
5970;42
5971;47
5972;56
5973;59
5974;49
5975;60
5976;27
5977;47
5978;46
5979;39
5980;53
5981;46
5982;47
5983;57
5984;42
5985;58
5986;41
5987;48
5988;40
5989;48
5990;49
5991;58
5992;54
5993;52
5994;42
5995;42
5996;43
5997;42
5998;63
5999;55
6000;43
6001;43
6002;48
6003;46
6004;59
6005;50
6006;39
6007;48
6008;51
6009;40
6010;54
6011;59
6012;48
6013;57
6014;50
6015;50
6016;41
6017;56
6018;59
6019;57
6020;45
6021;48
6022;53
6023;53
6024;59
6025;52
6026;58
6027;54
6028;62
6029;48
6030;49
6031;53
6032;54
6033;57
6034;45
6035;50
6036;48
6037;53
6038;43
6039;46
6040;47
6041;61
6042;47
6043;59
6044;57
6045;46
6046;39
6047;39
6048;43
6049;45
6050;56
6051;47
6052;49
6053;54
6054;49
6055;61
6056;57
6057;49
6058;46
6059;49
6060;46
6061;51
6062;48
6063;66
6064;48
6065;46
6066;59
6067;66
6068;43
6069;51
6070;51
6071;51
6072;54
6073;52
6074;65
6075;52
6076;50
6077;63
6078;55
6079;49
6080;52
6081;56
6082;49
6083;59
6084;55
6085;54
6086;44
6087;49
6088;59
6089;60
6090;55
6091;52
6092;43
6093;44
6094;41
6095;50
6096;34
6097;47
6098;48
6099;66
6100;71
6101;62
6102;49
6103;49
6104;64
6105;55
6106;44
6107;40
6108;41
6109;60
6110;43
6111;48
6112;63
6113;57
6114;41
6115;53
6116;53
6117;51
6118;68
6119;55
6120;46
6121;52
6122;46
6123;47
6124;41
6125;49
6126;43
6127;62
6128;51
6129;48
6130;57
6131;65
6132;61
6133;63
6134;47
6135;66
6136;57
6137;58
6138;45
6139;51
6140;72
6141;47
6142;53
6143;78
6144;48
6145;58
6146;63
6147;45
6148;58
6149;72
6150;48
6151;50
6152;65
6153;72
6154;59
6155;44
6156;62
6157;40
6158;61
6159;58
6160;52
6161;63
6162;45
6163;62
6164;61
6165;57
6166;55
6167;52
6168;56
6169;56
6170;53
6171;53
6172;53
6173;56
6174;63
6175;48
6176;57
6177;50
6178;58
6179;59
6180;82
6181;64
6182;62
6183;57
6184;66
6185;50
6186;56
6187;60
6188;52
6189;58
6190;61
6191;58
6192;54
6193;65
6194;61
6195;49
6196;49
6197;57
6198;47
6199;63
6200;60
6201;60
6202;49
6203;49
6204;52
6205;49
6206;47
6207;56
6208;43
6209;53
6210;50
6211;55
6212;51
6213;59
6214;57
6215;58
6216;60
6217;41
6218;57
6219;59
6220;49
6221;52
6222;41
6223;48
6224;52
6225;48
6226;56
6227;38
6228;57
6229;54
6230;50
6231;62
6232;47
6233;51
6234;67
6235;57
6236;49
6237;63
6238;51
6239;48
6240;51
6241;53
6242;49
6243;45
6244;44
6245;44
6246;59
6247;49
6248;49
6249;55
6250;54
6251;38
6252;50
6253;50
6254;43
6255;59
6256;51
6257;56
6258;49
6259;60
6260;50
6261;41
6262;70
6263;63
6264;52
6265;50
6266;36
6267;55
6268;46
6269;53
6270;51
6271;52
6272;48
6273;53
6274;49
6275;47
6276;55
6277;60
6278;57
6279;56
6280;45
6281;49
6282;40
6283;42
6284;61
6285;50
6286;52
6287;49
6288;42
6289;55
6290;45
6291;54
6292;48
6293;59
6294;46
6295;52
6296;56
6297;46
6298;60
6299;43
6300;50
6301;44
6302;48
6303;50
6304;53
6305;31
6306;44
6307;60
6308;59
6309;42
6310;49
6311;45
6312;57
6313;44
6314;35
6315;43
6316;39
6317;52
6318;51
6319;56
6320;53
6321;52
6322;49
6323;51
6324;41
6325;40
6326;34
6327;42
6328;40
6329;56
6330;50
6331;48
6332;56
6333;52
6334;53
6335;46
6336;48
6337;58
6338;48
6339;42
6340;39
6341;40
6342;40
6343;48
6344;51
6345;52
6346;50
6347;40
6348;50
6349;53
6350;33
6351;47
6352;41
6353;47
6354;43
6355;44
6356;45
6357;34
6358;48
6359;52
6360;47
6361;37
6362;42
6363;34
6364;41
6365;46
6366;39
6367;40
6368;44
6369;41
6370;38
6371;40
6372;34
6373;42
6374;39
6375;48
6376;49
6377;51
6378;47
6379;45
6380;41
6381;56
6382;31
6383;39
6384;31
6385;50
6386;51
6387;38
6388;50
6389;44
6390;51
6391;36
6392;37
6393;47
6394;44
6395;47
6396;44
6397;48
6398;43
6399;40
6400;42
6401;35
6402;35
6403;34
6404;45
6405;53
6406;35
6407;32
6408;46
6409;38
6410;47
6411;40
6412;51
6413;31
6414;32
6415;37
6416;38
6417;43
6418;47
6419;52
6420;52
6421;43
6422;42
6423;40
6424;42
6425;36
6426;35
6427;37
6428;31
6429;38
6430;32
6431;34
6432;35
6433;28
6434;44
6435;39
6436;29
6437;33
6438;43
6439;37
6440;38
6441;35
6442;38
6443;32
6444;27
6445;36
6446;29
6447;37
6448;42
6449;35
6450;44
6451;41
6452;30
6453;47
6454;45
6455;39
6456;33
6457;38
6458;39
6459;37
6460;43
6461;37
6462;39
6463;35
6464;35
6465;43
6466;41
6467;45
6468;42
6469;37
6470;40
6471;30
6472;31
6473;43
6474;37
6475;37
6476;35
6477;37
6478;34
6479;45
6480;31
6481;34
6482;48
6483;41
6484;45
6485;46
6486;33
6487;37
6488;38
6489;39
6490;40
6491;45
6492;29
6493;43
6494;43
6495;32
6496;38
6497;35
6498;38
6499;49
6500;41
6501;46
6502;51
6503;41
6504;37
6505;34
6506;45
6507;29
6508;28
6509;40
6510;40
6511;44
6512;39
6513;42
6514;40
6515;52
6516;39
6517;33
6518;41
6519;39
6520;38
6521;39
6522;39
6523;38
6524;37
6525;38
6526;40
6527;36
6528;40
6529;36
6530;51
6531;33
6532;51
6533;52
6534;37
6535;44
6536;39
6537;39
6538;49
6539;47
6540;36
6541;45
6542;49
6543;53
6544;30
6545;62
6546;41
6547;39
6548;42
6549;52
6550;43
6551;52
6552;44
6553;56
6554;43
6555;44
6556;55
6557;52
6558;38
6559;51
6560;38
6561;59
6562;52
6563;53
6564;47
6565;59
6566;50
6567;52
6568;55
6569;54
6570;43
6571;36
6572;40
6573;55
6574;50
6575;45
6576;38
6577;55
6578;64
6579;35
6580;47
6581;54
6582;47
6583;54
6584;61
6585;53
6586;69
6587;54
6588;46
6589;58
6590;65
6591;48
6592;54
6593;42
6594;49
6595;56
6596;58
6597;47
6598;51
6599;45
6600;66
6601;56
6602;48
6603;42
6604;47
6605;58
6606;33
6607;63
6608;56
6609;64
6610;57
6611;67
6612;48
6613;59
6614;48
6615;54
6616;45
6617;61
6618;59
6619;59
6620;65
6621;67
6622;59
6623;63
6624;57
6625;61
6626;58
6627;64
6628;66
6629;63
6630;59
6631;51
6632;75
6633;61
6634;64
6635;62
6636;71
6637;62
6638;60
6639;55
6640;72
6641;64
6642;72
6643;66
6644;57
6645;60
6646;69
6647;65
6648;66
6649;55
6650;56
6651;55
6652;67
6653;62
6654;75
6655;77
6656;86
6657;93
6658;67
6659;73
6660;60
6661;79
6662;83
6663;66
6664;73
6665;81
6666;76
6667;80
6668;75
6669;65
6670;67
6671;58
6672;79
6673;51
6674;81
6675;80
6676;80
6677;73
6678;57
6679;64
6680;77
6681;79
6682;70
6683;78
6684;80
6685;90
6686;92
6687;68
6688;88
6689;80
6690;65
6691;70
6692;96
6693;70
6694;99
6695;85
6696;89
6697;79
6698;89
6699;86
6700;75
6701;81
6702;91
6703;72
6704;70
6705;92
6706;88
6707;76
6708;75
6709;83
6710;82
6711;102
6712;87
6713;95
6714;97
6715;92
6716;78
6717;87
6718;83
6719;97
6720;91
6721;82
6722;102
6723;69
6724;89
6725;106
6726;80
6727;77
6728;94
6729;110
6730;81
6731;99
6732;99
6733;95
6734;95
6735;90
6736;108
6737;112
6738;101
6739;116
6740;83
6741;101
6742;100
6743;100
6744;101
6745;89
6746;90
6747;88
6748;95
6749;83
6750;108
6751;76
6752;95
6753;99
6754;97
6755;109
6756;100
6757;98
6758;79
6759;95
6760;115
6761;103
6762;97
6763;103
6764;97
6765;93
6766;131
6767;94
6768;99
6769;110
6770;106
6771;92
6772;106
6773;98
6774;108
6775;100
6776;111
6777;102
6778;122
6779;99
6780;97
6781;102
6782;110
6783;94
6784;110
6785;90
6786;109
6787;95
6788;115
6789;128
6790;95
6791;100
6792;115
6793;109
6794;128
6795;126
6796;126
6797;91
6798;119
6799;104
6800;105
6801;121
6802;92
6803;121
6804;107
6805;127
6806;110
6807;112
6808;117
6809;118
6810;103
6811;133
6812;115
6813;139
6814;110
6815;121
6816;104
6817;140
6818;118
6819;107
6820;115
6821;118
6822;114
6823;116
6824;103
6825;134
6826;132
6827;130
6828;112
6829;110
6830;118
6831;122
6832;103
6833;128
6834;112
6835;109
6836;125
6837;122
6838;111
6839;146
6840;120
6841;123
6842;140
6843;122
6844;124
6845;126
6846;137
6847;107
6848;114
6849;119
6850;109
6851;121
6852;94
6853;128
6854;105
6855;136
6856;115
6857;119
6858;136
6859;110
6860;105
6861;132
6862;128
6863;121
6864;117
6865;106
6866;112
6867;135
6868;114
6869;133
6870;135
6871;129
6872;115
6873;107
6874;125
6875;103
6876;114
6877;136
6878;110
6879;110
6880;115
6881;115
6882;139
6883;136
6884;131
6885;108
6886;126
6887;108
6888;130
6889;117
6890;121
6891;125
6892;128
6893;130
6894;127
6895;119
6896;122
6897;115
6898;118
6899;142
6900;114
6901;109
6902;120
6903;132
6904;114
6905;127
6906;143
6907;119
6908;128
6909;121
6910;122
6911;108
6912;123
6913;110
6914;115
6915;121
6916;121
6917;110
6918;115
6919;121
6920;143
6921;117
6922;126
6923;140
6924;120
6925;133
6926;112
6927;115
6928;129
6929;109
6930;146
6931;117
6932;148
6933;118
6934;151
6935;123
6936;124
6937;116
6938;122
6939;132
6940;150
6941;133
6942;125
6943;113
6944;132
6945;115
6946;126
6947;119
6948;133
6949;117
6950;128
6951;125
6952;116
6953;123
6954;131
6955;114
6956;121
6957;109
6958;129
6959;119
6960;111
6961;111
6962;139
6963;117
6964;122
6965;115
6966;135
6967;116
6968;116
6969;118
6970;125
6971;128
6972;119
6973;107
6974;124
6975;125
6976;119
6977;123
6978;124
6979;125
6980;127
6981;135
6982;109
6983;115
6984;124
6985;121
6986;122
6987;125
6988;126
6989;92
6990;135
6991;112
6992;124
6993;114
6994;97
6995;99
6996;130
6997;121
6998;119
6999;111
7000;125
7001;103
7002;109
7003;121
7004;120
7005;125
7006;104
7007;116
7008;130
7009;108
7010;117
7011;125
7012;120
7013;108
7014;105
7015;100
7016;117
7017;120
7018;102
7019;105
7020;109
7021;109
7022;138
7023;118
7024;111
7025;104
7026;123
7027;113
7028;96
7029;110
7030;119
7031;132
7032;116
7033;120
7034;108
7035;109
7036;124
7037;97
7038;104
7039;127
7040;114
7041;108
7042;104
7043;110
7044;97
7045;88
7046;114
7047;114
7048;118
7049;109
7050;104
7051;93
7052;94
7053;100
7054;129
7055;107
7056;87
7057;108
7058;100
7059;100
7060;102
7061;96
7062;110
7063;96
7064;104
7065;113
7066;89
7067;87
7068;103
7069;102
7070;87
7071;106
7072;100
7073;90
7074;97
7075;89
7076;95
7077;75
7078;111
7079;123
7080;109
7081;101
7082;100
7083;96
7084;100
7085;94
7086;96
7087;82
7088;104
7089;86
7090;104
7091;105
7092;89
7093;82
7094;97
7095;86
7096;87
7097;83
7098;99
7099;102
7100;88
7101;86
7102;97
7103;84
7104;87
7105;87
7106;100
7107;90
7108;92
7109;87
7110;86
7111;90
7112;87
7113;77
7114;79
7115;98
7116;85
7117;62
7118;67
7119;99
7120;79
7121;72
7122;88
7123;91
7124;80
7125;60
7126;69
7127;76
7128;77
7129;68
7130;87
7131;73
7132;90
7133;66
7134;80
7135;89
7136;66
7137;75
7138;89
7139;78
7140;82
7141;84
7142;84
7143;73
7144;73
7145;82
7146;82
7147;54
7148;66
7149;70
7150;61
7151;76
7152;57
7153;63
7154;80
7155;70
7156;79
7157;61
7158;80
7159;63
7160;63
7161;67
7162;76
7163;50
7164;82
7165;53
7166;71
7167;59
7168;54
7169;57
7170;53
7171;62
7172;58
7173;57
7174;69
7175;73
7176;51
7177;65
7178;49
7179;69
7180;63
7181;68
7182;74
7183;55
7184;65
7185;70
7186;50
7187;62
7188;62
7189;66
7190;56
7191;64
7192;57
7193;70
7194;57
7195;44
7196;39
7197;59
7198;68
7199;56
7200;51
7201;56
7202;65
7203;45
7204;54
7205;51
7206;57
7207;53
7208;47
7209;59
7210;57
7211;63
7212;49
7213;51
7214;60
7215;48
7216;52
7217;53
7218;60
7219;46
7220;40
7221;36
7222;29
7223;38
7224;45
7225;50
7226;53
7227;38
7228;41
7229;46
7230;49
7231;61
7232;55
7233;52
7234;48
7235;51
7236;48
7237;51
7238;46
7239;50
7240;49
7241;60
7242;36
7243;49
7244;45
7245;49
7246;35
7247;42
7248;49
7249;40
7250;44
7251;50
7252;30
7253;44
7254;46
7255;32
7256;33
7257;41
7258;39
7259;35
7260;44
7261;25
7262;28
7263;44
7264;45
7265;28
7266;35
7267;37
7268;37
7269;28
7270;41
7271;35
7272;37
7273;35
7274;40
7275;38
7276;32
7277;38
7278;35
7279;42
7280;41
7281;22
7282;30
7283;32
7284;34
7285;33
7286;31
7287;28
7288;35
7289;26
7290;34
7291;25
7292;36
7293;30
7294;40
7295;29
7296;35
7297;28
7298;25
7299;23
7300;34
7301;28
7302;32
7303;22
7304;28
7305;22
7306;25
7307;16
7308;25
7309;31
7310;25
7311;31
7312;25
7313;24
7314;26
7315;29
7316;35
7317;18
7318;26
7319;22
7320;22
7321;27
7322;19
7323;33
7324;23
7325;32
7326;25
7327;29
7328;27
7329;36
7330;19
7331;18
7332;14
7333;12
7334;24
7335;17
7336;17
7337;23
7338;24
7339;19
7340;32
7341;21
7342;30
7343;20
7344;17
7345;21
7346;21
7347;25
7348;23
7349;18
7350;17
7351;23
7352;14
7353;13
7354;16
7355;17
7356;12
7357;26
7358;16
7359;22
7360;24
7361;22
7362;13
7363;21
7364;16
7365;13
7366;16
7367;13
7368;17
7369;25
7370;24
7371;15
7372;13
7373;10
7374;16
7375;21
7376;22
7377;18
7378;18
7379;15
7380;15
7381;11
7382;15
7383;20
7384;10
7385;11
7386;9
7387;19
7388;12
7389;18
7390;19
7391;19
7392;12
7393;19
7394;16
7395;12
7396;12
7397;17
7398;19
7399;10
7400;15
7401;17
7402;17
7403;16
7404;13
7405;12
7406;12
7407;13
7408;5
7409;16
7410;12
7411;11
7412;14
7413;10
7414;9
7415;9
7416;11
7417;13
7418;9
7419;7
7420;11
7421;10
7422;11
7423;7
7424;10
7425;13
7426;10
7427;13
7428;14
7429;10
7430;9
7431;13
7432;9
7433;7
7434;15
7435;7
7436;10
7437;9
7438;12
7439;9
7440;10
7441;11
7442;13
7443;8
7444;7
7445;13
7446;16
7447;12
7448;11
7449;15
7450;11
7451;11
7452;9
7453;6
7454;17
7455;10
7456;9
7457;6
7458;16
7459;7
7460;10
7461;10
7462;8
7463;11
7464;14
7465;8
7466;7
7467;12
7468;15
7469;13
7470;5
7471;10
7472;12
7473;6
7474;14
7475;5
7476;6
7477;11
7478;8
7479;8
7480;10
7481;4
7482;2
7483;6
7484;6
7485;14
7486;10
7487;7
7488;7
7489;15
7490;5
7491;7
7492;12
7493;12
7494;7
7495;3
7496;7
7497;9
7498;9
7499;7
7500;5
7501;12
7502;2
7503;9
7504;7
7505;8
7506;10
7507;6
7508;7
7509;8
7510;6
7511;3
7512;2
7513;3
7514;4
7515;5
7516;10
7517;5
7518;7
7519;6
7520;3
7521;3
7522;6
7523;9
7524;7
7525;11
7526;10
7527;7
7528;6
7529;6
7530;8
7531;7
7532;8
7533;6
7534;5
7535;2
7536;8
7537;12
7538;6
7539;3
7540;3
7541;9
7542;4
7543;7
7544;7
7545;5
7546;7
7547;1
7548;3
7549;7
7550;6
7551;9
7552;8
7553;2
7554;4
7555;3
7556;7
7557;5
7558;9
7559;5
7560;8
7561;7
7562;7
7563;3
7564;10
7565;5
7566;7
7567;6
7568;9
7569;13
7570;3
7571;7
7572;6
7573;7
7574;8
7575;3
7576;11
7577;4
7578;2
7579;2
7580;8
7581;2
7582;4
7583;4
7584;8
7585;6
7586;5
7587;5
7588;8
7589;4
7590;1
7591;8
7592;6
7593;3
7594;6
7595;6
7596;3
7597;5
7598;13
7599;4
7600;7
7601;4
7602;8
7603;9
7604;3
7605;10
7606;3
7607;6
7608;10
7609;4
7610;8
7611;2
7612;4
7613;4
7614;7
7615;5
7616;4
7617;4
7618;5
7619;4
7620;8
7621;8
7622;4
7623;3
7624;6
7625;7
7626;11
7627;5
7628;10
7629;1
7630;5
7631;2
7632;7
7633;7
7634;8
7635;5
7636;5
7637;9
7638;5
7639;5
7640;6
7641;4
7642;7
7643;7
7644;2
7645;10
7646;11
7647;2
7648;9
7649;4
7650;4
7651;5
7652;2
7653;3
7654;4
7655;7
7656;5
7657;6
7658;10
7659;5
7660;5
7661;4
7662;10
7663;9
7664;2
7665;4
7666;8
7667;4
7668;5
7669;7
7670;3
7671;9
7672;2
7673;5
7674;4
7675;7
7676;6
7677;6
7678;7
7679;4
7680;5
7681;6
7682;7
7683;11
7684;3
7685;5
7686;5
7687;6
7688;4
7689;4
7690;6
7691;2
7692;8
7693;7
7694;6
7695;8
7696;3
7697;1
7698;9
7699;4
7700;6
7701;4
7702;3
7703;10
7704;8
7705;3
7706;4
7707;5
7708;6
7709;8
7710;3
7711;1
7712;4
7713;4
7714;6
7715;8
7716;10
7717;7
7718;2
7719;4
7720;4
7721;4
7722;5
7723;1
7724;4
7725;3
7726;5
7727;3
7728;5
7729;4
7730;6
7731;8
7732;2
7733;5
7734;4
7735;5
7736;5
7737;8
7738;7
7739;6
7740;7
7741;6
7742;8
7743;3
7744;5
7745;4
7746;4
7747;6
7748;6
7749;6
7750;6
7751;6
7752;5
7753;2
7754;6
7755;11
7756;3
7757;4
7758;6
7759;3
7760;6
7761;6
7762;9
7763;4
7764;6
7765;5
7766;7
7767;5
7768;1
7769;5
7770;8
7771;4
7772;9
7773;4
7774;1
7775;3
7776;4
7777;6
7778;3
7779;6
7780;10
7781;5
7782;8
7783;6
7784;3
7785;11
7786;7
7787;9
7788;5
7789;7
7790;8
7791;6
7792;6
7793;5
7794;6
7795;7
7796;6
7797;2
7798;4
7799;3
7800;5
7801;8
7802;6
7803;8
7804;6
7805;5
7806;9
7807;1
7808;6
7809;7
7810;1
7811;4
7812;3
7813;5
7814;5
7815;7
7816;6
7817;7
7818;6
7819;4
7820;7
7821;2
7822;8
7823;2
7824;3
7825;6
7826;3
7827;2
7828;3
7829;7
7830;7
7831;5
7832;4
7833;3
7834;4
7835;7
7836;3
7837;6
7838;1
7839;3
7840;5
7841;9
7842;4
7843;4
7844;6
7845;4
7846;6
7847;1
7848;5
7849;6
7850;5
7851;3
7852;5
7853;4
7854;5
7855;2
7856;9
7857;5
7858;6
7859;5
7860;8
7861;7
7862;10
7863;6
7864;5
7865;4
7866;3
7867;5
7868;6
7869;8
7870;3
7871;6
7872;5
7873;6
7874;5
7875;6
7876;1
7877;3
7878;5
7879;4
7880;5
7881;4
7882;8
7883;3
7884;7
7885;4
7886;1
7887;6
7888;3
7889;6
7890;4
7891;6
7892;7
7893;5
7894;4
7895;5
7896;8
7897;3
7898;6
7899;4
7900;6
7901;6
7902;5
7903;3
7904;6
7905;7
7906;5
7907;13
7908;7
7909;4
7910;2
7911;7
7912;7
7913;7
7914;6
7915;10
7916;5
7917;6
7918;6
7919;4
7920;7
7921;6
7922;6
7923;7
7924;6
7925;11
7926;5
7927;6
7928;6
7929;6
7930;5
7931;2
7932;3
7933;2
7934;2
7935;4
7936;7
7937;6
7938;6
7939;1
7940;6
7941;2
7942;7
7943;6
7944;3
7945;4
7946;6
7947;5
7948;5
7949;10
7950;2
7951;3
7952;7
7953;5
7954;7
7955;9
7956;3
7957;3
7958;6
7959;11
7960;5
7961;4
7962;4
7963;5
7964;4
7965;6
7966;4
7967;6
7968;7
7969;5
7970;7
7971;5
7972;6
7973;4
7974;3
7975;4
7976;3
7977;7
7978;9
7979;4
7980;6
7981;4
7982;7
7983;7
7984;4
7985;0
7986;8
7987;3
7988;4
7989;11
7990;6
7991;7
7992;3
7993;0
7994;1
7995;1
7996;0
7997;0
7998;2
7999;0
8000;1
8001;2
8002;0
8003;1
8004;0
8005;0
8006;0
8007;0
8008;1
8009;0
8010;2
8011;0
8012;0
8013;0
8014;0
8015;2
8016;0
8017;0
8018;0
8019;0
8020;2
8021;1
8022;0
8023;1
8024;1
8025;0
8026;1
8027;1
8028;0
8029;0
8030;0
8031;0
8032;0
8033;0
8034;1
8035;1
8036;0
8037;0
8038;0
8039;1
8040;1
8041;0
8042;0
8043;0
8044;0
8045;0
8046;0
8047;0
8048;0
8049;0
8050;1
8051;0
8052;0
8053;0
8054;0
8055;0
8056;2
8057;0
8058;0
8059;0
8060;0
8061;0
8062;1
8063;0
8064;0
8065;0
8066;0
8067;0
8068;1
8069;0
8070;0
8071;1
8072;0
8073;0
8074;0
8075;0
8076;0
8077;0
8078;0
8079;0
8080;0
8081;0
8082;0
8083;0
8084;0
8085;0
8086;0
8087;0
8088;0
8089;0
8090;0
8091;0
8092;0
8093;0
8094;0
8095;0
8096;0
8097;0
8098;0
8099;0
8100;0
8101;0
8102;0
8103;0
8104;0
8105;0
8106;0
8107;0
8108;0
8109;0
8110;0
8111;0
8112;0
8113;0
8114;0
8115;0
8116;0
8117;0
8118;0
8119;0
8120;0
8121;0
8122;0
8123;0
8124;0
8125;0
8126;0
8127;0
8128;0
8129;0
8130;0
8131;0
8132;0
8133;0
8134;0
8135;0
8136;0
8137;0
8138;0
8139;0
8140;0
8141;0
8142;0
8143;0
8144;0
8145;0
8146;0
8147;0
8148;0
8149;0
8150;0
8151;0
8152;0
8153;0
8154;0
8155;0
8156;0
8157;0
8158;0
8159;0
8160;0
8161;0
8162;0
8163;0
8164;0
8165;0
8166;0
8167;0
8168;0
8169;0
8170;0
8171;0
8172;0
8173;0
8174;0
8175;0
8176;0
8177;0
8178;0
8179;0
8180;0
8181;0
8182;0
8183;0
8184;0
8185;0
8186;0
8187;0
8188;0
8189;0
8190;0
8191;0
