0;0
1;0
2;0
3;0
4;0
5;0
6;0
7;0
8;0
9;0
10;0
11;0
12;0
13;0
14;0
15;0
16;0
17;0
18;0
19;0
20;0
21;0
22;0
23;0
24;0
25;0
26;0
27;0
28;0
29;0
30;2
31;0
32;1
33;1
34;1
35;0
36;3
37;0
38;1
39;0
40;0
41;0
42;0
43;1
44;0
45;1
46;7
47;15
48;16
49;18
50;32
51;22
52;31
53;21
54;24
55;38
56;17
57;14
58;28
59;17
60;18
61;22
62;22
63;25
64;20
65;24
66;21
67;21
68;17
69;24
70;22
71;16
72;23
73;19
74;21
75;26
76;23
77;34
78;22
79;36
80;21
81;29
82;19
83;18
84;21
85;23
86;23
87;27
88;16
89;35
90;25
91;20
92;21
93;21
94;19
95;25
96;29
97;26
98;19
99;13
100;27
101;25
102;26
103;28
104;24
105;17
106;28
107;20
108;28
109;27
110;29
111;24
112;22
113;19
114;14
115;30
116;23
117;26
118;29
119;31
120;31
121;16
122;26
123;23
124;30
125;26
126;20
127;33
128;27
129;19
130;23
131;20
132;20
133;28
134;21
135;16
136;26
137;19
138;26
139;21
140;31
141;15
142;20
143;30
144;27
145;19
146;24
147;27
148;26
149;30
150;27
151;21
152;27
153;28
154;32
155;34
156;23
157;26
158;27
159;25
160;34
161;23
162;28
163;28
164;38
165;22
166;25
167;13
168;21
169;31
170;18
171;27
172;29
173;34
174;25
175;31
176;33
177;25
178;26
179;21
180;31
181;30
182;22
183;30
184;25
185;26
186;32
187;36
188;23
189;34
190;23
191;28
192;30
193;23
194;29
195;25
196;28
197;26
198;31
199;20
200;31
201;20
202;36
203;27
204;39
205;25
206;24
207;21
208;32
209;32
210;22
211;23
212;18
213;23
214;27
215;29
216;44
217;36
218;36
219;26
220;27
221;35
222;27
223;32
224;31
225;27
226;29
227;30
228;33
229;31
230;32
231;28
232;39
233;35
234;45
235;33
236;38
237;31
238;29
239;32
240;45
241;34
242;35
243;26
244;31
245;37
246;41
247;25
248;34
249;36
250;23
251;38
252;26
253;34
254;43
255;30
256;38
257;27
258;32
259;31
260;27
261;22
262;29
263;36
264;31
265;30
266;28
267;29
268;33
269;35
270;33
271;24
272;25
273;23
274;33
275;36
276;22
277;28
278;22
279;24
280;20
281;27
282;32
283;36
284;24
285;28
286;29
287;31
288;32
289;32
290;23
291;22
292;33
293;36
294;36
295;39
296;26
297;29
298;24
299;35
300;29
301;27
302;37
303;21
304;37
305;24
306;22
307;32
308;26
309;18
310;16
311;21
312;25
313;21
314;26
315;25
316;30
317;27
318;34
319;21
320;17
321;36
322;38
323;34
324;28
325;39
326;28
327;20
328;30
329;24
330;36
331;28
332;29
333;27
334;21
335;19
336;29
337;31
338;32
339;24
340;32
341;28
342;21
343;34
344;40
345;20
346;29
347;29
348;24
349;17
350;15
351;30
352;36
353;32
354;40
355;24
356;31
357;25
358;33
359;29
360;28
361;44
362;33
363;35
364;31
365;29
366;30
367;29
368;39
369;28
370;30
371;32
372;23
373;28
374;27
375;28
376;32
377;26
378;24
379;30
380;40
381;29
382;44
383;35
384;33
385;30
386;39
387;45
388;19
389;32
390;31
391;24
392;36
393;27
394;29
395;32
396;29
397;32
398;36
399;24
400;37
401;29
402;25
403;28
404;30
405;36
406;32
407;35
408;34
409;26
410;29
411;30
412;25
413;33
414;32
415;23
416;31
417;32
418;43
419;27
420;29
421;30
422;33
423;31
424;48
425;36
426;28
427;39
428;36
429;30
430;43
431;34
432;45
433;36
434;38
435;36
436;26
437;40
438;28
439;26
440;40
441;31
442;41
443;35
444;36
445;34
446;38
447;35
448;40
449;22
450;34
451;33
452;43
453;36
454;38
455;32
456;29
457;40
458;38
459;31
460;32
461;35
462;42
463;31
464;39
465;33
466;29
467;29
468;25
469;29
470;33
471;33
472;28
473;38
474;30
475;45
476;33
477;33
478;38
479;40
480;54
481;45
482;57
483;49
484;25
485;42
486;30
487;23
488;33
489;37
490;37
491;37
492;35
493;38
494;47
495;28
496;37
497;27
498;47
499;41
500;43
501;34
502;29
503;39
504;40
505;34
506;42
507;42
508;42
509;47
510;45
511;41
512;41
513;36
514;34
515;35
516;40
517;49
518;52
519;37
520;32
521;42
522;46
523;41
524;41
525;44
526;39
527;49
528;38
529;36
530;49
531;48
532;43
533;53
534;33
535;34
536;41
537;34
538;36
539;37
540;41
541;45
542;41
543;42
544;43
545;52
546;38
547;43
548;35
549;33
550;36
551;38
552;26
553;39
554;57
555;51
556;47
557;36
558;39
559;33
560;54
561;46
562;38
563;45
564;44
565;52
566;56
567;44
568;45
569;39
570;51
571;50
572;46
573;52
574;46
575;33
576;45
577;44
578;49
579;49
580;44
581;48
582;51
583;36
584;50
585;49
586;49
587;51
588;51
589;47
590;49
591;40
592;55
593;41
594;46
595;53
596;56
597;51
598;49
599;56
600;40
601;53
602;44
603;42
604;44
605;47
606;41
607;58
608;42
609;52
610;44
611;52
612;48
613;53
614;50
615;52
616;53
617;45
618;47
619;63
620;37
621;48
622;42
623;63
624;47
625;59
626;44
627;45
628;55
629;45
630;42
631;50
632;47
633;47
634;58
635;43
636;62
637;47
638;48
639;54
640;52
641;62
642;39
643;63
644;37
645;48
646;66
647;60
648;52
649;41
650;60
651;44
652;29
653;45
654;36
655;40
656;50
657;44
658;51
659;36
660;57
661;49
662;55
663;49
664;41
665;51
666;48
667;50
668;50
669;54
670;35
671;49
672;46
673;46
674;55
675;55
676;48
677;37
678;48
679;42
680;58
681;39
682;41
683;28
684;23
685;55
686;47
687;38
688;37
689;51
690;48
691;51
692;51
693;47
694;51
695;31
696;47
697;48
698;40
699;43
700;48
701;46
702;35
703;45
704;40
705;52
706;38
707;45
708;36
709;40
710;56
711;47
712;37
713;39
714;48
715;53
716;44
717;42
718;42
719;43
720;50
721;39
722;39
723;38
724;45
725;38
726;43
727;41
728;46
729;38
730;48
731;53
732;32
733;44
734;46
735;40
736;44
737;33
738;34
739;44
740;48
741;55
742;42
743;37
744;38
745;52
746;61
747;40
748;46
749;51
750;42
751;53
752;44
753;32
754;38
755;29
756;39
757;58
758;32
759;40
760;44
761;44
762;36
763;27
764;40
765;44
766;40
767;55
768;39
769;33
770;43
771;38
772;35
773;57
774;39
775;40
776;45
777;34
778;40
779;39
780;45
781;44
782;44
783;42
784;41
785;41
786;40
787;40
788;44
789;44
790;38
791;41
792;44
793;40
794;35
795;41
796;39
797;43
798;53
799;42
800;32
801;46
802;40
803;39
804;36
805;39
806;40
807;30
808;35
809;58
810;45
811;44
812;32
813;39
814;39
815;59
816;37
817;43
818;43
819;41
820;41
821;49
822;39
823;34
824;35
825;38
826;43
827;37
828;43
829;35
830;40
831;39
832;36
833;39
834;49
835;29
836;42
837;31
838;38
839;39
840;40
841;37
842;48
843;36
844;53
845;48
846;43
847;41
848;39
849;41
850;45
851;45
852;32
853;46
854;42
855;47
856;31
857;46
858;44
859;44
860;50
861;49
862;52
863;40
864;57
865;37
866;55
867;36
868;43
869;45
870;47
871;34
872;36
873;50
874;38
875;33
876;42
877;37
878;46
879;47
880;46
881;37
882;39
883;46
884;41
885;47
886;41
887;44
888;47
889;32
890;34
891;36
892;36
893;40
894;37
895;37
896;46
897;40
898;32
899;47
900;38
901;38
902;46
903;44
904;44
905;46
906;48
907;36
908;31
909;33
910;44
911;51
912;35
913;34
914;35
915;51
916;37
917;46
918;37
919;43
920;40
921;38
922;51
923;39
924;45
925;45
926;45
927;30
928;42
929;35
930;38
931;30
932;52
933;39
934;42
935;48
936;46
937;39
938;39
939;44
940;51
941;37
942;35
943;46
944;47
945;46
946;44
947;43
948;40
949;32
950;49
951;36
952;51
953;45
954;43
955;40
956;30
957;40
958;38
959;31
960;32
961;42
962;41
963;44
964;49
965;42
966;30
967;38
968;39
969;52
970;43
971;40
972;43
973;44
974;32
975;44
976;33
977;40
978;39
979;52
980;51
981;38
982;33
983;52
984;32
985;39
986;39
987;48
988;34
989;50
990;34
991;57
992;37
993;37
994;27
995;45
996;38
997;41
998;38
999;46
1000;46
1001;45
1002;38
1003;41
1004;41
1005;44
1006;48
1007;53
1008;34
1009;29
1010;56
1011;44
1012;37
1013;33
1014;27
1015;57
1016;40
1017;42
1018;54
1019;48
1020;37
1021;49
1022;36
1023;36
1024;40
1025;29
1026;51
1027;53
1028;45
1029;38
1030;41
1031;51
1032;42
1033;41
1034;46
1035;41
1036;42
1037;35
1038;47
1039;39
1040;39
1041;35
1042;35
1043;34
1044;46
1045;42
1046;51
1047;47
1048;47
1049;38
1050;44
1051;49
1052;37
1053;39
1054;46
1055;42
1056;28
1057;42
1058;48
1059;47
1060;38
1061;43
1062;43
1063;32
1064;36
1065;48
1066;36
1067;31
1068;48
1069;36
1070;48
1071;31
1072;39
1073;52
1074;39
1075;44
1076;42
1077;37
1078;43
1079;38
1080;48
1081;31
1082;45
1083;43
1084;38
1085;52
1086;36
1087;47
1088;44
1089;37
1090;32
1091;52
1092;43
1093;42
1094;41
1095;38
1096;37
1097;48
1098;31
1099;33
1100;41
1101;38
1102;33
1103;35
1104;33
1105;43
1106;41
1107;38
1108;38
1109;44
1110;43
1111;46
1112;40
1113;32
1114;53
1115;58
1116;35
1117;36
1118;42
1119;39
1120;38
1121;27
1122;33
1123;38
1124;40
1125;54
1126;48
1127;54
1128;38
1129;41
1130;43
1131;46
1132;42
1133;46
1134;33
1135;43
1136;39
1137;44
1138;48
1139;41
1140;32
1141;41
1142;38
1143;49
1144;32
1145;34
1146;29
1147;43
1148;44
1149;47
1150;39
1151;40
1152;35
1153;49
1154;40
1155;29
1156;50
1157;22
1158;41
1159;44
1160;31
1161;33
1162;32
1163;36
1164;43
1165;43
1166;38
1167;35
1168;35
1169;32
1170;42
1171;39
1172;45
1173;45
1174;40
1175;42
1176;41
1177;45
1178;48
1179;36
1180;32
1181;46
1182;26
1183;48
1184;45
1185;40
1186;24
1187;40
1188;51
1189;40
1190;46
1191;49
1192;40
1193;50
1194;40
1195;49
1196;44
1197;44
1198;32
1199;45
1200;43
1201;53
1202;42
1203;48
1204;40
1205;44
1206;45
1207;36
1208;55
1209;41
1210;47
1211;49
1212;34
1213;43
1214;59
1215;42
1216;54
1217;34
1218;38
1219;50
1220;41
1221;45
1222;24
1223;53
1224;47
1225;33
1226;41
1227;45
1228;49
1229;50
1230;59
1231;48
1232;60
1233;47
1234;48
1235;42
1236;43
1237;54
1238;42
1239;51
1240;52
1241;59
1242;46
1243;39
1244;38
1245;36
1246;49
1247;37
1248;43
1249;55
1250;41
1251;53
1252;42
1253;58
1254;44
1255;31
1256;43
1257;43
1258;44
1259;56
1260;49
1261;48
1262;49
1263;54
1264;57
1265;43
1266;42
1267;45
1268;39
1269;51
1270;47
1271;41
1272;48
1273;48
1274;56
1275;49
1276;61
1277;51
1278;42
1279;44
1280;51
1281;65
1282;47
1283;52
1284;55
1285;41
1286;45
1287;44
1288;59
1289;58
1290;40
1291;45
1292;57
1293;43
1294;46
1295;48
1296;52
1297;63
1298;56
1299;45
1300;48
1301;63
1302;49
1303;49
1304;51
1305;46
1306;35
1307;51
1308;48
1309;55
1310;52
1311;54
1312;53
1313;54
1314;48
1315;44
1316;59
1317;46
1318;66
1319;54
1320;55
1321;52
1322;57
1323;53
1324;56
1325;49
1326;59
1327;50
1328;46
1329;43
1330;59
1331;50
1332;43
1333;56
1334;72
1335;63
1336;57
1337;50
1338;48
1339;62
1340;53
1341;46
1342;56
1343;46
1344;57
1345;63
1346;61
1347;55
1348;49
1349;42
1350;44
1351;42
1352;52
1353;49
1354;42
1355;46
1356;42
1357;51
1358;45
1359;46
1360;55
1361;58
1362;52
1363;56
1364;35
1365;55
1366;43
1367;53
1368;45
1369;40
1370;48
1371;50
1372;37
1373;58
1374;48
1375;45
1376;36
1377;48
1378;42
1379;40
1380;52
1381;42
1382;46
1383;42
1384;38
1385;51
1386;36
1387;48
1388;45
1389;40
1390;43
1391;51
1392;57
1393;47
1394;42
1395;47
1396;44
1397;44
1398;55
1399;43
1400;50
1401;46
1402;62
1403;43
1404;37
1405;48
1406;37
1407;45
1408;61
1409;37
1410;53
1411;42
1412;48
1413;42
1414;44
1415;52
1416;46
1417;33
1418;54
1419;44
1420;47
1421;40
1422;47
1423;55
1424;45
1425;38
1426;37
1427;44
1428;44
1429;39
1430;54
1431;46
1432;47
1433;46
1434;46
1435;41
1436;41
1437;44
1438;36
1439;51
1440;50
1441;48
1442;55
1443;43
1444;45
1445;44
1446;46
1447;56
1448;41
1449;49
1450;53
1451;41
1452;61
1453;43
1454;40
1455;56
1456;48
1457;46
1458;43
1459;42
1460;36
1461;40
1462;55
1463;44
1464;47
1465;41
1466;50
1467;46
1468;54
1469;47
1470;37
1471;54
1472;47
1473;37
1474;39
1475;37
1476;33
1477;32
1478;33
1479;41
1480;41
1481;40
1482;43
1483;37
1484;56
1485;44
1486;43
1487;33
1488;56
1489;50
1490;43
1491;33
1492;54
1493;40
1494;51
1495;42
1496;29
1497;36
1498;56
1499;51
1500;39
1501;45
1502;45
1503;45
1504;46
1505;48
1506;51
1507;51
1508;41
1509;42
1510;45
1511;46
1512;33
1513;39
1514;46
1515;31
1516;40
1517;36
1518;34
1519;35
1520;43
1521;43
1522;47
1523;47
1524;36
1525;52
1526;46
1527;43
1528;48
1529;40
1530;46
1531;49
1532;41
1533;44
1534;49
1535;54
1536;35
1537;48
1538;38
1539;34
1540;39
1541;39
1542;43
1543;50
1544;51
1545;50
1546;41
1547;30
1548;49
1549;44
1550;39
1551;36
1552;46
1553;49
1554;42
1555;36
1556;40
1557;41
1558;52
1559;44
1560;45
1561;44
1562;43
1563;39
1564;47
1565;36
1566;35
1567;37
1568;31
1569;44
1570;36
1571;44
1572;38
1573;41
1574;42
1575;40
1576;45
1577;41
1578;40
1579;47
1580;42
1581;47
1582;41
1583;42
1584;53
1585;32
1586;38
1587;44
1588;39
1589;40
1590;37
1591;47
1592;40
1593;40
1594;51
1595;33
1596;37
1597;40
1598;38
1599;44
1600;44
1601;53
1602;41
1603;45
1604;42
1605;33
1606;28
1607;40
1608;44
1609;41
1610;33
1611;38
1612;57
1613;47
1614;41
1615;27
1616;43
1617;43
1618;35
1619;40
1620;37
1621;47
1622;39
1623;40
1624;30
1625;44
1626;44
1627;41
1628;39
1629;36
1630;51
1631;33
1632;38
1633;38
1634;39
1635;39
1636;30
1637;32
1638;30
1639;37
1640;46
1641;51
1642;36
1643;31
1644;29
1645;42
1646;46
1647;40
1648;39
1649;32
1650;44
1651;44
1652;49
1653;42
1654;42
1655;22
1656;35
1657;41
1658;35
1659;36
1660;49
1661;37
1662;34
1663;52
1664;42
1665;38
1666;41
1667;36
1668;31
1669;44
1670;44
1671;42
1672;38
1673;48
1674;36
1675;35
1676;39
1677;37
1678;36
1679;39
1680;35
1681;26
1682;35
1683;31
1684;36
1685;45
1686;51
1687;33
1688;33
1689;39
1690;38
1691;41
1692;31
1693;33
1694;28
1695;37
1696;29
1697;35
1698;38
1699;38
1700;40
1701;39
1702;35
1703;35
1704;31
1705;30
1706;29
1707;39
1708;37
1709;43
1710;38
1711;34
1712;31
1713;34
1714;28
1715;42
1716;33
1717;36
1718;40
1719;42
1720;39
1721;37
1722;38
1723;42
1724;36
1725;30
1726;36
1727;38
1728;36
1729;34
1730;31
1731;39
1732;36
1733;40
1734;36
1735;41
1736;46
1737;31
1738;32
1739;36
1740;34
1741;32
1742;26
1743;32
1744;29
1745;47
1746;38
1747;37
1748;42
1749;29
1750;21
1751;34
1752;32
1753;34
1754;34
1755;41
1756;33
1757;40
1758;42
1759;27
1760;37
1761;37
1762;24
1763;38
1764;36
1765;29
1766;34
1767;35
1768;33
1769;34
1770;37
1771;38
1772;32
1773;37
1774;37
1775;26
1776;30
1777;34
1778;31
1779;34
1780;37
1781;36
1782;34
1783;41
1784;35
1785;38
1786;26
1787;37
1788;27
1789;40
1790;34
1791;33
1792;23
1793;46
1794;24
1795;30
1796;23
1797;35
1798;34
1799;32
1800;39
1801;34
1802;28
1803;34
1804;38
1805;36
1806;27
1807;32
1808;26
1809;29
1810;36
1811;39
1812;29
1813;36
1814;39
1815;34
1816;33
1817;35
1818;28
1819;31
1820;37
1821;39
1822;37
1823;26
1824;28
1825;32
1826;33
1827;33
1828;26
1829;21
1830;37
1831;33
1832;41
1833;33
1834;36
1835;36
1836;39
1837;27
1838;24
1839;37
1840;36
1841;34
1842;31
1843;38
1844;28
1845;28
1846;28
1847;43
1848;30
1849;42
1850;36
1851;29
1852;44
1853;25
1854;40
1855;32
1856;25
1857;27
1858;24
1859;30
1860;32
1861;34
1862;28
1863;29
1864;26
1865;24
1866;34
1867;37
1868;21
1869;28
1870;25
1871;27
1872;16
1873;36
1874;31
1875;26
1876;38
1877;32
1878;30
1879;37
1880;24
1881;37
1882;32
1883;32
1884;37
1885;30
1886;29
1887;39
1888;35
1889;27
1890;40
1891;34
1892;36
1893;26
1894;44
1895;22
1896;37
1897;36
1898;32
1899;33
1900;21
1901;25
1902;27
1903;29
1904;28
1905;30
1906;35
1907;31
1908;30
1909;26
1910;38
1911;29
1912;32
1913;38
1914;24
1915;23
1916;22
1917;34
1918;34
1919;27
1920;23
1921;35
1922;36
1923;28
1924;28
1925;31
1926;40
1927;32
1928;26
1929;28
1930;39
1931;32
1932;35
1933;35
1934;37
1935;46
1936;32
1937;20
1938;27
1939;35
1940;35
1941;43
1942;28
1943;30
1944;51
1945;25
1946;25
1947;28
1948;33
1949;21
1950;32
1951;44
1952;24
1953;34
1954;33
1955;30
1956;32
1957;28
1958;30
1959;29
1960;22
1961;32
1962;26
1963;19
1964;43
1965;27
1966;36
1967;37
1968;32
1969;28
1970;35
1971;30
1972;34
1973;32
1974;26
1975;29
1976;21
1977;40
1978;28
1979;29
1980;27
1981;34
1982;27
1983;44
1984;26
1985;21
1986;33
1987;28
1988;22
1989;23
1990;32
1991;42
1992;29
1993;26
1994;26
1995;26
1996;42
1997;28
1998;33
1999;30
2000;40
2001;29
2002;32
2003;21
2004;35
2005;32
2006;31
2007;31
2008;39
2009;23
2010;42
2011;33
2012;27
2013;32
2014;35
2015;38
2016;35
2017;37
2018;29
2019;35
2020;17
2021;23
2022;24
2023;33
2024;32
2025;28
2026;27
2027;24
2028;30
2029;31
2030;30
2031;28
2032;32
2033;20
2034;42
2035;32
2036;31
2037;29
2038;36
2039;34
2040;23
2041;22
2042;27
2043;29
2044;24
2045;38
2046;24
2047;30
2048;33
2049;24
2050;21
2051;29
2052;31
2053;35
2054;36
2055;36
2056;29
2057;38
2058;24
2059;24
2060;23
2061;34
2062;32
2063;22
2064;26
2065;36
2066;34
2067;29
2068;32
2069;38
2070;32
2071;31
2072;36
2073;17
2074;25
2075;30
2076;32
2077;36
2078;35
2079;35
2080;33
2081;28
2082;26
2083;26
2084;21
2085;30
2086;27
2087;29
2088;27
2089;16
2090;30
2091;26
2092;39
2093;30
2094;27
2095;23
2096;29
2097;32
2098;24
2099;27
2100;30
2101;29
2102;26
2103;39
2104;25
2105;27
2106;33
2107;32
2108;22
2109;30
2110;32
2111;38
2112;26
2113;25
2114;31
2115;28
2116;26
2117;25
2118;17
2119;30
2120;26
2121;21
2122;32
2123;31
2124;22
2125;27
2126;26
2127;29
2128;28
2129;26
2130;32
2131;31
2132;37
2133;26
2134;26
2135;32
2136;27
2137;28
2138;23
2139;28
2140;32
2141;27
2142;37
2143;30
2144;33
2145;34
2146;29
2147;33
2148;31
2149;26
2150;27
2151;24
2152;32
2153;27
2154;23
2155;35
2156;27
2157;27
2158;22
2159;31
2160;31
2161;38
2162;21
2163;28
2164;28
2165;24
2166;32
2167;26
2168;43
2169;31
2170;39
2171;24
2172;34
2173;24
2174;23
2175;30
2176;25
2177;33
2178;31
2179;29
2180;25
2181;27
2182;22
2183;34
2184;20
2185;27
2186;25
2187;30
2188;32
2189;31
2190;38
2191;32
2192;33
2193;21
2194;39
2195;41
2196;13
2197;32
2198;33
2199;29
2200;29
2201;23
2202;21
2203;26
2204;35
2205;29
2206;34
2207;37
2208;23
2209;22
2210;27
2211;24
2212;32
2213;30
2214;21
2215;37
2216;22
2217;34
2218;19
2219;31
2220;24
2221;30
2222;29
2223;24
2224;34
2225;18
2226;29
2227;23
2228;32
2229;37
2230;18
2231;22
2232;23
2233;29
2234;22
2235;31
2236;36
2237;28
2238;29
2239;20
2240;25
2241;26
2242;25
2243;40
2244;24
2245;21
2246;23
2247;29
2248;20
2249;21
2250;27
2251;22
2252;30
2253;23
2254;21
2255;33
2256;23
2257;30
2258;30
2259;28
2260;24
2261;31
2262;22
2263;17
2264;29
2265;19
2266;26
2267;31
2268;25
2269;32
2270;28
2271;31
2272;36
2273;27
2274;26
2275;22
2276;22
2277;22
2278;30
2279;27
2280;29
2281;18
2282;27
2283;20
2284;30
2285;29
2286;19
2287;31
2288;24
2289;17
2290;26
2291;27
2292;24
2293;23
2294;29
2295;13
2296;25
2297;23
2298;29
2299;21
2300;20
2301;17
2302;17
2303;19
2304;24
2305;25
2306;37
2307;29
2308;22
2309;23
2310;30
2311;25
2312;23
2313;23
2314;28
2315;20
2316;29
2317;24
2318;25
2319;19
2320;28
2321;23
2322;30
2323;20
2324;33
2325;24
2326;28
2327;27
2328;20
2329;22
2330;25
2331;19
2332;30
2333;30
2334;18
2335;21
2336;27
2337;21
2338;22
2339;24
2340;26
2341;23
2342;24
2343;24
2344;24
2345;22
2346;17
2347;24
2348;28
2349;21
2350;23
2351;31
2352;26
2353;25
2354;27
2355;25
2356;23
2357;21
2358;20
2359;16
2360;22
2361;30
2362;28
2363;18
2364;22
2365;15
2366;22
2367;18
2368;24
2369;24
2370;20
2371;20
2372;15
2373;25
2374;23
2375;20
2376;20
2377;24
2378;20
2379;15
2380;18
2381;23
2382;16
2383;22
2384;18
2385;20
2386;21
2387;15
2388;23
2389;16
2390;34
2391;24
2392;26
2393;31
2394;22
2395;24
2396;21
2397;22
2398;22
2399;20
2400;24
2401;22
2402;18
2403;24
2404;13
2405;18
2406;20
2407;23
2408;17
2409;18
2410;21
2411;23
2412;26
2413;16
2414;18
2415;19
2416;20
2417;13
2418;18
2419;29
2420;18
2421;21
2422;8
2423;18
2424;20
2425;23
2426;16
2427;20
2428;18
2429;19
2430;22
2431;22
2432;14
2433;26
2434;16
2435;25
2436;13
2437;13
2438;18
2439;22
2440;20
2441;20
2442;26
2443;21
2444;14
2445;23
2446;17
2447;21
2448;18
2449;17
2450;14
2451;16
2452;18
2453;19
2454;13
2455;18
2456;18
2457;27
2458;12
2459;14
2460;24
2461;18
2462;17
2463;20
2464;20
2465;22
2466;14
2467;20
2468;19
2469;17
2470;22
2471;13
2472;11
2473;22
2474;17
2475;17
2476;15
2477;16
2478;20
2479;19
2480;18
2481;16
2482;18
2483;25
2484;24
2485;17
2486;27
2487;19
2488;16
2489;10
2490;10
2491;12
2492;15
2493;20
2494;11
2495;20
2496;21
2497;14
2498;20
2499;29
2500;25
2501;24
2502;16
2503;21
2504;19
2505;19
2506;18
2507;13
2508;20
2509;16
2510;21
2511;21
2512;15
2513;9
2514;29
2515;19
2516;18
2517;20
2518;15
2519;20
2520;19
2521;20
2522;11
2523;21
2524;19
2525;25
2526;13
2527;15
2528;18
2529;19
2530;18
2531;12
2532;17
2533;18
2534;19
2535;24
2536;12
2537;15
2538;20
2539;16
2540;15
2541;21
2542;24
2543;14
2544;20
2545;17
2546;18
2547;10
2548;23
2549;19
2550;14
2551;21
2552;17
2553;18
2554;12
2555;20
2556;12
2557;14
2558;14
2559;18
2560;18
2561;17
2562;21
2563;16
2564;19
2565;16
2566;18
2567;14
2568;21
2569;13
2570;16
2571;13
2572;14
2573;20
2574;21
2575;14
2576;17
2577;17
2578;18
2579;14
2580;21
2581;20
2582;8
2583;19
2584;19
2585;24
2586;11
2587;18
2588;11
2589;19
2590;21
2591;18
2592;12
2593;16
2594;24
2595;15
2596;20
2597;17
2598;16
2599;11
2600;29
2601;16
2602;20
2603;19
2604;15
2605;17
2606;13
2607;13
2608;16
2609;17
2610;12
2611;17
2612;10
2613;11
2614;22
2615;9
2616;19
2617;22
2618;12
2619;11
2620;11
2621;14
2622;15
2623;14
2624;12
2625;9
2626;13
2627;10
2628;10
2629;12
2630;15
2631;14
2632;15
2633;12
2634;22
2635;9
2636;14
2637;9
2638;16
2639;11
2640;8
2641;13
2642;12
2643;15
2644;10
2645;10
2646;11
2647;10
2648;18
2649;13
2650;17
2651;6
2652;13
2653;7
2654;19
2655;14
2656;12
2657;8
2658;12
2659;18
2660;10
2661;12
2662;15
2663;14
2664;13
2665;19
2666;12
2667;12
2668;16
2669;9
2670;24
2671;18
2672;13
2673;16
2674;16
2675;14
2676;11
2677;10
2678;13
2679;18
2680;12
2681;7
2682;10
2683;11
2684;10
2685;18
2686;10
2687;14
2688;12
2689;13
2690;15
2691;10
2692;13
2693;8
2694;8
2695;12
2696;10
2697;9
2698;13
2699;14
2700;16
2701;12
2702;7
2703;9
2704;9
2705;13
2706;9
2707;11
2708;13
2709;11
2710;17
2711;13
2712;8
2713;14
2714;12
2715;14
2716;14
2717;9
2718;8
2719;8
2720;7
2721;11
2722;14
2723;10
2724;14
2725;14
2726;15
2727;8
2728;13
2729;14
2730;11
2731;10
2732;9
2733;9
2734;13
2735;7
2736;11
2737;9
2738;10
2739;13
2740;14
2741;8
2742;7
2743;16
2744;11
2745;9
2746;5
2747;17
2748;7
2749;11
2750;14
2751;14
2752;7
2753;15
2754;8
2755;11
2756;19
2757;11
2758;8
2759;12
2760;8
2761;19
2762;11
2763;10
2764;12
2765;10
2766;12
2767;15
2768;11
2769;7
2770;12
2771;7
2772;9
2773;12
2774;10
2775;8
2776;10
2777;7
2778;13
2779;13
2780;6
2781;8
2782;4
2783;15
2784;10
2785;9
2786;9
2787;12
2788;13
2789;12
2790;9
2791;8
2792;10
2793;11
2794;16
2795;16
2796;11
2797;12
2798;10
2799;17
2800;4
2801;8
2802;12
2803;9
2804;12
2805;9
2806;11
2807;8
2808;11
2809;8
2810;9
2811;12
2812;10
2813;9
2814;14
2815;16
2816;7
2817;9
2818;6
2819;10
2820;12
2821;6
2822;9
2823;8
2824;10
2825;5
2826;12
2827;9
2828;8
2829;11
2830;8
2831;9
2832;5
2833;8
2834;5
2835;13
2836;9
2837;12
2838;9
2839;13
2840;8
2841;10
2842;17
2843;5
2844;9
2845;10
2846;10
2847;10
2848;8
2849;9
2850;12
2851;16
2852;8
2853;21
2854;7
2855;11
2856;12
2857;11
2858;5
2859;13
2860;16
2861;6
2862;12
2863;11
2864;10
2865;12
2866;9
2867;12
2868;9
2869;9
2870;16
2871;8
2872;10
2873;12
2874;13
2875;14
2876;5
2877;15
2878;7
2879;13
2880;11
2881;9
2882;12
2883;17
2884;7
2885;11
2886;10
2887;10
2888;9
2889;5
2890;11
2891;11
2892;7
2893;9
2894;5
2895;7
2896;7
2897;11
2898;9
2899;13
2900;7
2901;9
2902;12
2903;11
2904;10
2905;15
2906;10
2907;10
2908;12
2909;11
2910;5
2911;10
2912;9
2913;2
2914;4
2915;8
2916;8
2917;7
2918;9
2919;14
2920;8
2921;9
2922;12
2923;10
2924;10
2925;10
2926;9
2927;8
2928;7
2929;8
2930;6
2931;6
2932;8
2933;12
2934;7
2935;13
2936;14
2937;14
2938;10
2939;5
2940;9
2941;7
2942;5
2943;9
2944;8
2945;8
2946;5
2947;8
2948;8
2949;5
2950;7
2951;11
2952;2
2953;7
2954;14
2955;10
2956;7
2957;10
2958;11
2959;8
2960;9
2961;6
2962;8
2963;7
2964;9
2965;4
2966;14
2967;8
2968;10
2969;9
2970;9
2971;17
2972;10
2973;8
2974;8
2975;11
2976;10
2977;10
2978;3
2979;8
2980;13
2981;4
2982;7
2983;9
2984;11
2985;6
2986;10
2987;10
2988;4
2989;14
2990;22
2991;5
2992;13
2993;8
2994;11
2995;8
2996;12
2997;12
2998;4
2999;11
3000;7
3001;3
3002;8
3003;11
3004;11
3005;12
3006;7
3007;10
3008;9
3009;8
3010;7
3011;11
3012;9
3013;12
3014;11
3015;14
3016;7
3017;8
3018;7
3019;14
3020;7
3021;7
3022;12
3023;11
3024;6
3025;8
3026;4
3027;9
3028;10
3029;13
3030;13
3031;7
3032;14
3033;11
3034;15
3035;7
3036;12
3037;5
3038;10
3039;12
3040;10
3041;9
3042;13
3043;11
3044;11
3045;9
3046;8
3047;10
3048;9
3049;11
3050;10
3051;11
3052;7
3053;4
3054;13
3055;8
3056;4
3057;7
3058;9
3059;7
3060;9
3061;13
3062;12
3063;14
3064;7
3065;10
3066;4
3067;7
3068;10
3069;13
3070;13
3071;13
3072;5
3073;12
3074;5
3075;4
3076;10
3077;7
3078;6
3079;10
3080;10
3081;7
3082;8
3083;7
3084;11
3085;11
3086;8
3087;11
3088;9
3089;14
3090;14
3091;6
3092;15
3093;7
3094;10
3095;7
3096;5
3097;11
3098;5
3099;10
3100;7
3101;7
3102;7
3103;11
3104;13
3105;8
3106;6
3107;9
3108;10
3109;9
3110;12
3111;13
3112;7
3113;12
3114;9
3115;16
3116;6
3117;11
3118;8
3119;9
3120;10
3121;11
3122;7
3123;18
3124;11
3125;9
3126;10
3127;6
3128;12
3129;8
3130;13
3131;10
3132;9
3133;12
3134;11
3135;7
3136;8
3137;10
3138;6
3139;6
3140;10
3141;5
3142;10
3143;10
3144;13
3145;9
3146;7
3147;10
3148;14
3149;7
3150;9
3151;6
3152;8
3153;10
3154;7
3155;5
3156;5
3157;8
3158;9
3159;10
3160;5
3161;14
3162;11
3163;8
3164;14
3165;8
3166;4
3167;3
3168;5
3169;7
3170;9
3171;6
3172;5
3173;11
3174;5
3175;9
3176;7
3177;11
3178;5
3179;15
3180;6
3181;6
3182;5
3183;9
3184;7
3185;15
3186;8
3187;12
3188;6
3189;6
3190;3
3191;5
3192;7
3193;9
3194;13
3195;12
3196;5
3197;6
3198;9
3199;12
3200;6
3201;11
3202;3
3203;5
3204;8
3205;5
3206;9
3207;7
3208;10
3209;9
3210;10
3211;9
3212;8
3213;11
3214;12
3215;9
3216;9
3217;11
3218;7
3219;8
3220;10
3221;10
3222;9
3223;9
3224;10
3225;9
3226;9
3227;7
3228;7
3229;13
3230;11
3231;5
3232;18
3233;9
3234;5
3235;11
3236;4
3237;13
3238;9
3239;9
3240;7
3241;13
3242;9
3243;14
3244;10
3245;12
3246;10
3247;7
3248;8
3249;7
3250;9
3251;5
3252;12
3253;11
3254;9
3255;11
3256;16
3257;10
3258;10
3259;12
3260;9
3261;8
3262;14
3263;11
3264;6
3265;14
3266;3
3267;17
3268;7
3269;13
3270;9
3271;6
3272;10
3273;5
3274;8
3275;8
3276;9
3277;13
3278;10
3279;7
3280;9
3281;12
3282;9
3283;8
3284;10
3285;4
3286;11
3287;10
3288;17
3289;12
3290;12
3291;12
3292;12
3293;11
3294;12
3295;5
3296;14
3297;15
3298;9
3299;10
3300;9
3301;13
3302;10
3303;12
3304;8
3305;9
3306;16
3307;24
3308;17
3309;17
3310;8
3311;26
3312;9
3313;12
3314;11
3315;14
3316;13
3317;14
3318;17
3319;18
3320;22
3321;18
3322;13
3323;14
3324;17
3325;14
3326;14
3327;15
3328;18
3329;19
3330;17
3331;21
3332;10
3333;15
3334;21
3335;12
3336;20
3337;11
3338;14
3339;16
3340;17
3341;15
3342;16
3343;8
3344;21
3345;14
3346;25
3347;22
3348;15
3349;12
3350;24
3351;21
3352;17
3353;36
3354;15
3355;11
3356;26
3357;12
3358;26
3359;20
3360;28
3361;25
3362;14
3363;27
3364;22
3365;20
3366;22
3367;22
3368;18
3369;37
3370;23
3371;35
3372;44
3373;29
3374;23
3375;32
3376;26
3377;19
3378;38
3379;20
3380;23
3381;19
3382;26
3383;23
3384;35
3385;18
3386;32
3387;38
3388;23
3389;28
3390;32
3391;32
3392;39
3393;39
3394;35
3395;33
3396;25
3397;27
3398;27
3399;31
3400;44
3401;33
3402;31
3403;37
3404;45
3405;39
3406;38
3407;48
3408;46
3409;43
3410;49
3411;45
3412;42
3413;42
3414;40
3415;50
3416;51
3417;47
3418;49
3419;50
3420;52
3421;48
3422;42
3423;42
3424;47
3425;56
3426;56
3427;46
3428;50
3429;60
3430;46
3431;58
3432;61
3433;64
3434;56
3435;52
3436;44
3437;59
3438;72
3439;53
3440;64
3441;60
3442;50
3443;65
3444;64
3445;60
3446;68
3447;76
3448;67
3449;80
3450;68
3451;67
3452;72
3453;65
3454;81
3455;63
3456;76
3457;66
3458;70
3459;76
3460;76
3461;74
3462;95
3463;69
3464;67
3465;85
3466;81
3467;78
3468;74
3469;79
3470;80
3471;72
3472;80
3473;85
3474;68
3475;79
3476;84
3477;99
3478;83
3479;90
3480;107
3481;92
3482;88
3483;87
3484;101
3485;91
3486;87
3487;75
3488;90
3489;91
3490;102
3491;98
3492;106
3493;84
3494;100
3495;102
3496;114
3497;100
3498;102
3499;100
3500;119
3501;112
3502;116
3503;124
3504;116
3505;121
3506;120
3507;121
3508;122
3509;116
3510;119
3511;118
3512;112
3513;106
3514;120
3515;114
3516;130
3517;118
3518;126
3519;111
3520;145
3521;110
3522;134
3523;114
3524;138
3525;115
3526;124
3527;121
3528;128
3529;123
3530;114
3531;128
3532;119
3533;143
3534;139
3535;142
3536;123
3537;126
3538;137
3539;120
3540;124
3541;151
3542;130
3543;132
3544;142
3545;148
3546;140
3547;134
3548;134
3549;144
3550;131
3551;144
3552;125
3553;136
3554;131
3555;146
3556;140
3557;155
3558;134
3559;141
3560;127
3561;138
3562;115
3563;139
3564;144
3565;143
3566;151
3567;132
3568;156
3569;147
3570;161
3571;149
3572;157
3573;161
3574;141
3575;126
3576;149
3577;159
3578;128
3579;167
3580;173
3581;160
3582;170
3583;142
3584;172
3585;166
3586;159
3587;171
3588;158
3589;156
3590;145
3591;137
3592;139
3593;157
3594;170
3595;148
3596;143
3597;149
3598;157
3599;157
3600;146
3601;151
3602;148
3603;173
3604;143
3605;170
3606;168
3607;166
3608;168
3609;154
3610;161
3611;163
3612;163
3613;164
3614;167
3615;157
3616;151
3617;171
3618;143
3619;151
3620;146
3621;175
3622;160
3623;160
3624;141
3625;160
3626;163
3627;169
3628;146
3629;150
3630;153
3631;140
3632;150
3633;127
3634;129
3635;176
3636;145
3637;134
3638;152
3639;160
3640;164
3641;147
3642;143
3643;162
3644;158
3645;133
3646;120
3647;157
3648;154
3649;135
3650;118
3651;136
3652;140
3653;135
3654;155
3655;158
3656;141
3657;134
3658;138
3659;136
3660;127
3661;139
3662;119
3663;136
3664;123
3665;133
3666;123
3667;133
3668;132
3669;162
3670;112
3671;128
3672;123
3673;136
3674;129
3675;121
3676;130
3677;125
3678;125
3679;137
3680;111
3681;112
3682;107
3683;143
3684;118
3685;125
3686;101
3687;107
3688;126
3689;114
3690;112
3691;111
3692;111
3693;99
3694;102
3695;89
3696;104
3697;113
3698;115
3699;100
3700;102
3701;114
3702;123
3703;95
3704;107
3705;109
3706;107
3707;97
3708;91
3709;97
3710;106
3711;101
3712;95
3713;114
3714;92
3715;85
3716;86
3717;82
3718;89
3719;81
3720;112
3721;83
3722;94
3723;90
3724;83
3725;94
3726;67
3727;76
3728;99
3729;77
3730;91
3731;91
3732;88
3733;91
3734;77
3735;77
3736;81
3737;72
3738;81
3739;69
3740;89
3741;73
3742;68
3743;85
3744;60
3745;90
3746;78
3747;74
3748;73
3749;64
3750;57
3751;54
3752;65
3753;70
3754;73
3755;63
3756;76
3757;54
3758;56
3759;57
3760;54
3761;70
3762;51
3763;68
3764;58
3765;47
3766;51
3767;54
3768;66
3769;58
3770;70
3771;51
3772;55
3773;44
3774;48
3775;49
3776;60
3777;45
3778;44
3779;48
3780;43
3781;49
3782;45
3783;41
3784;32
3785;39
3786;38
3787;43
3788;50
3789;35
3790;43
3791;44
3792;31
3793;36
3794;43
3795;31
3796;39
3797;34
3798;38
3799;38
3800;41
3801;29
3802;31
3803;27
3804;27
3805;29
3806;41
3807;26
3808;38
3809;40
3810;26
3811;25
3812;28
3813;33
3814;32
3815;28
3816;22
3817;26
3818;23
3819;34
3820;25
3821;27
3822;24
3823;26
3824;32
3825;21
3826;25
3827;22
3828;26
3829;30
3830;24
3831;22
3832;26
3833;30
3834;22
3835;22
3836;20
3837;13
3838;18
3839;22
3840;11
3841;23
3842;23
3843;18
3844;17
3845;21
3846;15
3847;13
3848;17
3849;20
3850;14
3851;16
3852;12
3853;15
3854;21
3855;12
3856;17
3857;15
3858;15
3859;12
3860;15
3861;11
3862;21
3863;21
3864;17
3865;14
3866;18
3867;19
3868;14
3869;11
3870;12
3871;10
3872;15
3873;16
3874;13
3875;9
3876;11
3877;7
3878;16
3879;13
3880;8
3881;10
3882;9
3883;11
3884;8
3885;14
3886;7
3887;14
3888;11
3889;14
3890;10
3891;7
3892;11
3893;12
3894;13
3895;6
3896;12
3897;13
3898;9
3899;15
3900;6
3901;7
3902;9
3903;8
3904;6
3905;7
3906;7
3907;3
3908;8
3909;6
3910;7
3911;6
3912;8
3913;11
3914;5
3915;7
3916;5
3917;5
3918;5
3919;7
3920;7
3921;7
3922;7
3923;8
3924;8
3925;8
3926;7
3927;8
3928;6
3929;8
3930;5
3931;9
3932;6
3933;5
3934;6
3935;3
3936;7
3937;9
3938;5
3939;7
3940;11
3941;6
3942;5
3943;4
3944;3
3945;9
3946;7
3947;7
3948;8
3949;4
3950;9
3951;4
3952;4
3953;7
3954;8
3955;5
3956;8
3957;4
3958;3
3959;4
3960;6
3961;5
3962;7
3963;6
3964;7
3965;4
3966;4
3967;6
3968;9
3969;8
3970;5
3971;7
3972;9
3973;6
3974;5
3975;4
3976;8
3977;8
3978;10
3979;5
3980;9
3981;9
3982;1
3983;11
3984;8
3985;9
3986;8
3987;9
3988;9
3989;8
3990;4
3991;5
3992;7
3993;5
3994;8
3995;8
3996;4
3997;9
3998;6
3999;2
4000;6
4001;4
4002;8
4003;2
4004;6
4005;3
4006;3
4007;7
4008;6
4009;7
4010;3
4011;8
4012;8
4013;6
4014;4
4015;6
4016;5
4017;2
4018;5
4019;9
4020;9
4021;3
4022;1
4023;1
4024;8
4025;5
4026;8
4027;9
4028;3
4029;5
4030;4
4031;5
4032;7
4033;8
4034;2
4035;8
4036;7
4037;8
4038;4
4039;1
4040;4
4041;6
4042;11
4043;6
4044;3
4045;4
4046;9
4047;6
4048;4
4049;10
4050;3
4051;8
4052;7
4053;5
4054;7
4055;8
4056;5
4057;5
4058;5
4059;4
4060;5
4061;3
4062;6
4063;6
4064;5
4065;6
4066;5
4067;4
4068;11
4069;9
4070;6
4071;8
4072;6
4073;6
4074;1
4075;7
4076;6
4077;7
4078;7
4079;7
4080;8
4081;3
4082;10
4083;7
4084;5
4085;6
4086;5
4087;2
4088;4
4089;6
4090;6
4091;6
4092;7
4093;2
4094;5
4095;4
4096;2
4097;1
4098;10
4099;8
4100;3
4101;3
4102;6
4103;6
4104;1
4105;2
4106;5
4107;7
4108;6
4109;1
4110;6
4111;2
4112;4
4113;5
4114;6
4115;5
4116;4
4117;8
4118;8
4119;10
4120;6
4121;8
4122;8
4123;7
4124;7
4125;1
4126;5
4127;4
4128;6
4129;3
4130;6
4131;6
4132;4
4133;5
4134;2
4135;6
4136;7
4137;7
4138;6
4139;8
4140;5
4141;3
4142;3
4143;4
4144;4
4145;9
4146;8
4147;5
4148;4
4149;7
4150;9
4151;5
4152;6
4153;3
4154;4
4155;5
4156;8
4157;4
4158;6
4159;2
4160;3
4161;4
4162;9
4163;8
4164;3
4165;6
4166;3
4167;6
4168;6
4169;2
4170;8
4171;3
4172;4
4173;3
4174;4
4175;3
4176;3
4177;5
4178;3
4179;3
4180;2
4181;9
4182;5
4183;5
4184;8
4185;5
4186;4
4187;7
4188;8
4189;5
4190;4
4191;6
4192;3
4193;4
4194;4
4195;4
4196;3
4197;10
4198;4
4199;6
4200;5
4201;4
4202;7
4203;6
4204;7
4205;4
4206;6
4207;2
4208;6
4209;7
4210;5
4211;6
4212;4
4213;4
4214;6
4215;5
4216;5
4217;2
4218;6
4219;2
4220;4
4221;5
4222;4
4223;5
4224;3
4225;2
4226;4
4227;3
4228;2
4229;3
4230;5
4231;3
4232;5
4233;7
4234;6
4235;2
4236;5
4237;4
4238;6
4239;2
4240;7
4241;6
4242;6
4243;9
4244;14
4245;3
4246;4
4247;8
4248;7
4249;7
4250;3
4251;4
4252;6
4253;2
4254;4
4255;5
4256;4
4257;2
4258;8
4259;2
4260;6
4261;4
4262;8
4263;4
4264;4
4265;3
4266;0
4267;4
4268;10
4269;7
4270;8
4271;3
4272;9
4273;4
4274;5
4275;5
4276;11
4277;2
4278;5
4279;4
4280;4
4281;3
4282;7
4283;6
4284;2
4285;3
4286;5
4287;5
4288;4
4289;6
4290;3
4291;4
4292;1
4293;0
4294;5
4295;4
4296;3
4297;8
4298;8
4299;2
4300;6
4301;4
4302;6
4303;4
4304;3
4305;6
4306;2
4307;9
4308;7
4309;7
4310;0
4311;5
4312;6
4313;5
4314;5
4315;7
4316;3
4317;7
4318;4
4319;4
4320;2
4321;6
4322;4
4323;3
4324;2
4325;6
4326;8
4327;7
4328;7
4329;5
4330;5
4331;4
4332;6
4333;7
4334;7
4335;10
4336;4
4337;5
4338;2
4339;2
4340;5
4341;2
4342;5
4343;1
4344;5
4345;2
4346;14
4347;5
4348;5
4349;4
4350;8
4351;7
4352;4
4353;7
4354;5
4355;6
4356;5
4357;5
4358;8
4359;8
4360;7
4361;4
4362;3
4363;6
4364;5
4365;1
4366;5
4367;5
4368;4
4369;7
4370;7
4371;4
4372;4
4373;6
4374;5
4375;4
4376;10
4377;7
4378;11
4379;6
4380;1
4381;6
4382;3
4383;6
4384;7
4385;8
4386;2
4387;9
4388;6
4389;0
4390;4
4391;5
4392;4
4393;10
4394;3
4395;4
4396;7
4397;5
4398;8
4399;9
4400;5
4401;2
4402;7
4403;4
4404;5
4405;6
4406;8
4407;8
4408;6
4409;6
4410;6
4411;4
4412;2
4413;7
4414;2
4415;3
4416;7
4417;6
4418;1
4419;2
4420;3
4421;4
4422;2
4423;4
4424;8
4425;11
4426;5
4427;0
4428;5
4429;2
4430;5
4431;11
4432;5
4433;3
4434;4
4435;6
4436;7
4437;8
4438;0
4439;2
4440;2
4441;4
4442;8
4443;4
4444;6
4445;5
4446;8
4447;6
4448;8
4449;8
4450;8
4451;1
4452;4
4453;8
4454;8
4455;4
4456;3
4457;4
4458;9
4459;4
4460;6
4461;9
4462;9
4463;7
4464;5
4465;6
4466;8
4467;10
4468;3
4469;6
4470;9
4471;5
4472;4
4473;4
4474;4
4475;7
4476;4
4477;4
4478;4
4479;7
4480;1
4481;1
4482;5
4483;6
4484;2
4485;5
4486;4
4487;2
4488;8
4489;3
4490;5
4491;8
4492;5
4493;5
4494;3
4495;5
4496;10
4497;3
4498;7
4499;11
4500;7
4501;2
4502;3
4503;2
4504;4
4505;7
4506;5
4507;4
4508;6
4509;5
4510;4
4511;3
4512;4
4513;2
4514;8
4515;4
4516;2
4517;10
4518;5
4519;8
4520;1
4521;6
4522;8
4523;5
4524;3
4525;6
4526;5
4527;3
4528;3
4529;7
4530;5
4531;8
4532;6
4533;5
4534;5
4535;9
4536;4
4537;6
4538;5
4539;3
4540;3
4541;5
4542;6
4543;3
4544;4
4545;3
4546;4
4547;5
4548;4
4549;8
4550;4
4551;9
4552;9
4553;5
4554;2
4555;9
4556;8
4557;7
4558;7
4559;10
4560;7
4561;5
4562;7
4563;2
4564;2
4565;3
4566;7
4567;6
4568;3
4569;4
4570;9
4571;6
4572;6
4573;7
4574;4
4575;6
4576;3
4577;0
4578;4
4579;4
4580;9
4581;6
4582;6
4583;2
4584;5
4585;4
4586;5
4587;5
4588;10
4589;5
4590;5
4591;3
4592;2
4593;2
4594;6
4595;4
4596;6
4597;4
4598;6
4599;5
4600;7
4601;6
4602;3
4603;7
4604;1
4605;3
4606;3
4607;3
4608;6
4609;2
4610;5
4611;5
4612;2
4613;6
4614;4
4615;6
4616;3
4617;4
4618;3
4619;8
4620;4
4621;2
4622;9
4623;3
4624;5
4625;4
4626;4
4627;1
4628;2
4629;6
4630;4
4631;7
4632;5
4633;4
4634;5
4635;4
4636;6
4637;3
4638;6
4639;6
4640;4
4641;4
4642;7
4643;11
4644;5
4645;8
4646;7
4647;9
4648;4
4649;7
4650;8
4651;3
4652;6
4653;7
4654;8
4655;3
4656;6
4657;6
4658;4
4659;6
4660;3
4661;3
4662;11
4663;5
4664;11
4665;7
4666;7
4667;4
4668;1
4669;5
4670;4
4671;6
4672;6
4673;8
4674;3
4675;6
4676;6
4677;10
4678;3
4679;5
4680;10
4681;7
4682;5
4683;3
4684;7
4685;4
4686;9
4687;5
4688;4
4689;4
4690;4
4691;8
4692;4
4693;5
4694;9
4695;8
4696;8
4697;3
4698;7
4699;6
4700;1
4701;2
4702;7
4703;5
4704;7
4705;9
4706;9
4707;9
4708;5
4709;2
4710;8
4711;6
4712;3
4713;3
4714;5
4715;6
4716;7
4717;3
4718;8
4719;2
4720;6
4721;4
4722;5
4723;4
4724;5
4725;10
4726;5
4727;6
4728;4
4729;2
4730;4
4731;4
4732;3
4733;4
4734;3
4735;6
4736;7
4737;5
4738;2
4739;6
4740;6
4741;3
4742;5
4743;3
4744;7
4745;8
4746;8
4747;6
4748;2
4749;8
4750;4
4751;3
4752;13
4753;5
4754;5
4755;2
4756;3
4757;7
4758;8
4759;5
4760;3
4761;7
4762;6
4763;5
4764;7
4765;9
4766;2
4767;3
4768;6
4769;4
4770;5
4771;3
4772;2
4773;6
4774;7
4775;6
4776;6
4777;6
4778;5
4779;7
4780;7
4781;9
4782;8
4783;2
4784;4
4785;6
4786;7
4787;8
4788;6
4789;11
4790;4
4791;6
4792;10
4793;10
4794;7
4795;6
4796;5
4797;9
4798;9
4799;11
4800;6
4801;3
4802;6
4803;4
4804;9
4805;4
4806;6
4807;7
4808;5
4809;4
4810;5
4811;5
4812;6
4813;8
4814;8
4815;4
4816;6
4817;3
4818;14
4819;3
4820;4
4821;6
4822;6
4823;7
4824;6
4825;6
4826;6
4827;10
4828;12
4829;9
4830;6
4831;7
4832;4
4833;4
4834;5
4835;7
4836;5
4837;5
4838;3
4839;7
4840;5
4841;3
4842;8
4843;13
4844;5
4845;5
4846;11
4847;6
4848;6
4849;4
4850;3
4851;6
4852;6
4853;10
4854;5
4855;12
4856;7
4857;6
4858;9
4859;5
4860;9
4861;5
4862;6
4863;10
4864;9
4865;8
4866;9
4867;6
4868;6
4869;3
4870;11
4871;12
4872;9
4873;4
4874;4
4875;5
4876;7
4877;9
4878;7
4879;9
4880;5
4881;13
4882;6
4883;4
4884;5
4885;11
4886;6
4887;5
4888;9
4889;7
4890;11
4891;8
4892;7
4893;7
4894;6
4895;6
4896;7
4897;9
4898;5
4899;10
4900;9
4901;12
4902;4
4903;8
4904;5
4905;6
4906;4
4907;6
4908;6
4909;7
4910;9
4911;6
4912;7
4913;11
4914;10
4915;4
4916;4
4917;7
4918;4
4919;10
4920;4
4921;5
4922;5
4923;4
4924;7
4925;6
4926;9
4927;8
4928;5
4929;7
4930;3
4931;5
4932;8
4933;8
4934;7
4935;7
4936;6
4937;6
4938;5
4939;9
4940;11
4941;5
4942;10
4943;7
4944;2
4945;9
4946;4
4947;7
4948;4
4949;6
4950;5
4951;4
4952;5
4953;7
4954;4
4955;7
4956;3
4957;5
4958;8
4959;10
4960;4
4961;5
4962;5
4963;9
4964;7
4965;6
4966;6
4967;4
4968;2
4969;4
4970;8
4971;7
4972;10
4973;6
4974;7
4975;7
4976;5
4977;6
4978;1
4979;7
4980;8
4981;11
4982;6
4983;5
4984;7
4985;10
4986;6
4987;9
4988;5
4989;7
4990;2
4991;5
4992;8
4993;4
4994;11
4995;6
4996;7
4997;6
4998;5
4999;6
5000;6
5001;6
5002;4
5003;4
5004;7
5005;6
5006;9
5007;6
5008;10
5009;5
5010;7
5011;7
5012;3
5013;8
5014;7
5015;9
5016;7
5017;5
5018;8
5019;5
5020;4
5021;7
5022;6
5023;0
5024;11
5025;7
5026;8
5027;8
5028;6
5029;2
5030;7
5031;10
5032;5
5033;5
5034;4
5035;8
5036;14
5037;5
5038;10
5039;7
5040;5
5041;8
5042;6
5043;10
5044;4
5045;4
5046;7
5047;10
5048;7
5049;3
5050;6
5051;10
5052;8
5053;5
5054;5
5055;7
5056;6
5057;7
5058;13
5059;5
5060;9
5061;6
5062;3
5063;5
5064;8
5065;7
5066;3
5067;6
5068;4
5069;4
5070;6
5071;5
5072;3
5073;5
5074;6
5075;6
5076;8
5077;6
5078;3
5079;4
5080;3
5081;6
5082;3
5083;2
5084;5
5085;8
5086;7
5087;5
5088;4
5089;6
5090;5
5091;10
5092;5
5093;4
5094;9
5095;6
5096;8
5097;2
5098;8
5099;9
5100;4
5101;3
5102;4
5103;10
5104;5
5105;7
5106;3
5107;10
5108;5
5109;6
5110;4
5111;10
5112;6
5113;5
5114;4
5115;5
5116;6
5117;5
5118;3
5119;5
5120;4
5121;8
5122;8
5123;7
5124;6
5125;4
5126;5
5127;4
5128;10
5129;7
5130;6
5131;2
5132;6
5133;4
5134;6
5135;8
5136;3
5137;6
5138;7
5139;6
5140;2
5141;4
5142;3
5143;5
5144;4
5145;5
5146;7
5147;4
5148;1
5149;5
5150;7
5151;5
5152;3
5153;5
5154;1
5155;4
5156;4
5157;6
5158;8
5159;12
5160;7
5161;7
5162;6
5163;6
5164;6
5165;0
5166;8
5167;5
5168;10
5169;5
5170;5
5171;3
5172;3
5173;11
5174;9
5175;4
5176;4
5177;7
5178;5
5179;2
5180;6
5181;2
5182;8
5183;7
5184;3
5185;8
5186;7
5187;8
5188;5
5189;9
5190;4
5191;5
5192;7
5193;9
5194;9
5195;5
5196;4
5197;10
5198;5
5199;6
5200;3
5201;6
5202;5
5203;5
5204;11
5205;6
5206;7
5207;7
5208;8
5209;9
5210;7
5211;4
5212;9
5213;7
5214;7
5215;7
5216;4
5217;7
5218;3
5219;10
5220;7
5221;3
5222;8
5223;9
5224;8
5225;5
5226;5
5227;8
5228;7
5229;6
5230;1
5231;7
5232;5
5233;7
5234;5
5235;10
5236;4
5237;4
5238;2
5239;6
5240;6
5241;3
5242;4
5243;7
5244;4
5245;7
5246;6
5247;5
5248;6
5249;4
5250;6
5251;3
5252;7
5253;3
5254;1
5255;1
5256;9
5257;7
5258;7
5259;3
5260;5
5261;4
5262;4
5263;3
5264;7
5265;4
5266;5
5267;8
5268;7
5269;3
5270;2
5271;7
5272;8
5273;7
5274;9
5275;4
5276;4
5277;7
5278;10
5279;4
5280;2
5281;5
5282;5
5283;4
5284;5
5285;3
5286;5
5287;6
5288;4
5289;5
5290;2
5291;7
5292;11
5293;4
5294;10
5295;5
5296;5
5297;8
5298;3
5299;1
5300;7
5301;9
5302;3
5303;6
5304;5
5305;5
5306;14
5307;7
5308;6
5309;5
5310;6
5311;4
5312;5
5313;3
5314;3
5315;7
5316;7
5317;4
5318;5
5319;1
5320;5
5321;6
5322;2
5323;7
5324;8
5325;7
5326;7
5327;5
5328;6
5329;5
5330;7
5331;5
5332;8
5333;5
5334;7
5335;2
5336;6
5337;7
5338;4
5339;5
5340;8
5341;10
5342;6
5343;8
5344;6
5345;6
5346;5
5347;3
5348;7
5349;5
5350;7
5351;1
5352;4
5353;3
5354;7
5355;10
5356;5
5357;5
5358;2
5359;6
5360;6
5361;2
5362;5
5363;5
5364;5
5365;4
5366;1
5367;5
5368;7
5369;4
5370;12
5371;4
5372;3
5373;3
5374;3
5375;9
5376;2
5377;5
5378;10
5379;5
5380;7
5381;6
5382;5
5383;7
5384;7
5385;6
5386;7
5387;4
5388;2
5389;4
5390;8
5391;10
5392;6
5393;5
5394;10
5395;5
5396;5
5397;3
5398;4
5399;7
5400;3
5401;4
5402;5
5403;3
5404;4
5405;1
5406;8
5407;9
5408;5
5409;6
5410;4
5411;10
5412;8
5413;4
5414;6
5415;6
5416;4
5417;4
5418;4
5419;5
5420;6
5421;5
5422;3
5423;3
5424;6
5425;2
5426;8
5427;5
5428;5
5429;8
5430;10
5431;2
5432;5
5433;1
5434;2
5435;7
5436;7
5437;6
5438;4
5439;4
5440;4
5441;5
5442;7
5443;4
5444;5
5445;7
5446;5
5447;4
5448;2
5449;3
5450;7
5451;5
5452;4
5453;9
5454;5
5455;5
5456;4
5457;5
5458;2
5459;3
5460;9
5461;3
5462;4
5463;6
5464;3
5465;3
5466;4
5467;6
5468;8
5469;1
5470;4
5471;3
5472;4
5473;9
5474;4
5475;5
5476;4
5477;4
5478;4
5479;6
5480;2
5481;4
5482;8
5483;3
5484;7
5485;4
5486;7
5487;3
5488;2
5489;4
5490;9
5491;3
5492;3
5493;5
5494;3
5495;5
5496;4
5497;6
5498;5
5499;6
5500;4
5501;8
5502;8
5503;5
5504;3
5505;5
5506;9
5507;7
5508;1
5509;4
5510;1
5511;5
5512;3
5513;6
5514;4
5515;5
5516;2
5517;7
5518;4
5519;7
5520;4
5521;7
5522;6
5523;3
5524;3
5525;5
5526;7
5527;4
5528;3
5529;3
5530;10
5531;7
5532;5
5533;4
5534;8
5535;5
5536;4
5537;4
5538;5
5539;3
5540;7
5541;5
5542;4
5543;4
5544;1
5545;2
5546;9
5547;3
5548;6
5549;5
5550;1
5551;1
5552;7
5553;2
5554;5
5555;2
5556;3
5557;3
5558;6
5559;3
5560;3
5561;7
5562;1
5563;6
5564;9
5565;8
5566;5
5567;3
5568;9
5569;3
5570;6
5571;8
5572;6
5573;5
5574;3
5575;2
5576;3
5577;5
5578;6
5579;5
5580;4
5581;1
5582;5
5583;8
5584;8
5585;5
5586;6
5587;5
5588;2
5589;2
5590;5
5591;7
5592;2
5593;6
5594;10
5595;5
5596;4
5597;1
5598;3
5599;5
5600;10
5601;7
5602;8
5603;4
5604;4
5605;4
5606;6
5607;4
5608;5
5609;8
5610;9
5611;9
5612;2
5613;3
5614;3
5615;3
5616;8
5617;4
5618;4
5619;6
5620;3
5621;4
5622;5
5623;4
5624;4
5625;3
5626;7
5627;4
5628;2
5629;6
5630;1
5631;6
5632;2
5633;3
5634;6
5635;6
5636;7
5637;6
5638;5
5639;1
5640;8
5641;7
5642;5
5643;8
5644;11
5645;8
5646;4
5647;8
5648;6
5649;5
5650;2
5651;1
5652;5
5653;3
5654;6
5655;1
5656;6
5657;10
5658;5
5659;3
5660;10
5661;5
5662;3
5663;7
5664;3
5665;5
5666;4
5667;5
5668;4
5669;5
5670;6
5671;6
5672;6
5673;4
5674;3
5675;6
5676;1
5677;6
5678;9
5679;5
5680;5
5681;0
5682;7
5683;9
5684;6
5685;3
5686;1
5687;5
5688;7
5689;7
5690;9
5691;3
5692;5
5693;1
5694;3
5695;3
5696;6
5697;5
5698;7
5699;2
5700;4
5701;5
5702;6
5703;7
5704;3
5705;3
5706;5
5707;8
5708;5
5709;4
5710;5
5711;5
5712;3
5713;11
5714;5
5715;3
5716;3
5717;3
5718;5
5719;5
5720;6
5721;4
5722;7
5723;7
5724;4
5725;8
5726;5
5727;6
5728;4
5729;1
5730;7
5731;10
5732;11
5733;1
5734;3
5735;5
5736;4
5737;4
5738;2
5739;4
5740;4
5741;10
5742;6
5743;8
5744;3
5745;3
5746;1
5747;4
5748;3
5749;5
5750;3
5751;4
5752;5
5753;6
5754;5
5755;1
5756;6
5757;2
5758;9
5759;4
5760;8
5761;5
5762;5
5763;7
5764;3
5765;3
5766;3
5767;5
5768;6
5769;4
5770;5
5771;5
5772;4
5773;4
5774;8
5775;8
5776;6
5777;1
5778;8
5779;4
5780;4
5781;6
5782;3
5783;3
5784;5
5785;4
5786;8
5787;3
5788;5
5789;5
5790;5
5791;4
5792;6
5793;4
5794;4
5795;3
5796;9
5797;7
5798;3
5799;7
5800;4
5801;4
5802;1
5803;5
5804;3
5805;3
5806;4
5807;2
5808;5
5809;4
5810;6
5811;3
5812;6
5813;2
5814;9
5815;6
5816;6
5817;3
5818;4
5819;5
5820;9
5821;4
5822;5
5823;4
5824;2
5825;4
5826;3
5827;7
5828;2
5829;5
5830;5
5831;4
5832;1
5833;5
5834;3
5835;5
5836;2
5837;4
5838;4
5839;5
5840;3
5841;5
5842;6
5843;5
5844;6
5845;5
5846;4
5847;2
5848;5
5849;4
5850;2
5851;13
5852;7
5853;7
5854;4
5855;8
5856;8
5857;6
5858;9
5859;7
5860;4
5861;4
5862;2
5863;2
5864;7
5865;6
5866;6
5867;7
5868;4
5869;7
5870;10
5871;4
5872;3
5873;4
5874;4
5875;5
5876;9
5877;4
5878;4
5879;7
5880;2
5881;3
5882;2
5883;2
5884;5
5885;5
5886;4
5887;4
5888;3
5889;2
5890;2
5891;8
5892;5
5893;0
5894;5
5895;4
5896;8
5897;5
5898;5
5899;5
5900;7
5901;2
5902;1
5903;4
5904;5
5905;4
5906;5
5907;3
5908;4
5909;5
5910;9
5911;3
5912;2
5913;4
5914;6
5915;2
5916;3
5917;7
5918;2
5919;4
5920;4
5921;5
5922;1
5923;8
5924;7
5925;2
5926;6
5927;11
5928;2
5929;7
5930;6
5931;6
5932;3
5933;3
5934;3
5935;6
5936;7
5937;2
5938;4
5939;5
5940;5
5941;6
5942;4
5943;1
5944;4
5945;6
5946;3
5947;4
5948;5
5949;4
5950;5
5951;5
5952;5
5953;4
5954;6
5955;9
5956;3
5957;2
5958;3
5959;2
5960;3
5961;3
5962;3
5963;4
5964;7
5965;5
5966;4
5967;3
5968;7
5969;5
5970;2
5971;8
5972;4
5973;7
5974;7
5975;3
5976;3
5977;3
5978;5
5979;6
5980;5
5981;5
5982;4
5983;4
5984;2
5985;2
5986;2
5987;4
5988;2
5989;5
5990;4
5991;2
5992;5
5993;1
5994;6
5995;7
5996;4
5997;4
5998;3
5999;2
6000;2
6001;6
6002;2
6003;1
6004;5
6005;9
6006;3
6007;1
6008;4
6009;2
6010;5
6011;4
6012;2
6013;4
6014;3
6015;4
6016;8
6017;4
6018;4
6019;2
6020;3
6021;6
6022;7
6023;4
6024;5
6025;4
6026;4
6027;5
6028;4
6029;3
6030;5
6031;2
6032;4
6033;3
6034;3
6035;0
6036;3
6037;3
6038;8
6039;7
6040;11
6041;8
6042;2
6043;4
6044;3
6045;0
6046;7
6047;5
6048;8
6049;7
6050;4
6051;7
6052;4
6053;4
6054;5
6055;4
6056;8
6057;4
6058;6
6059;7
6060;5
6061;5
6062;2
6063;7
6064;4
6065;7
6066;4
6067;4
6068;3
6069;4
6070;6
6071;4
6072;4
6073;5
6074;6
6075;7
6076;4
6077;5
6078;7
6079;8
6080;9
6081;3
6082;3
6083;1
6084;2
6085;8
6086;1
6087;3
6088;10
6089;6
6090;9
6091;5
6092;5
6093;3
6094;4
6095;6
6096;4
6097;7
6098;5
6099;4
6100;5
6101;4
6102;5
6103;6
6104;6
6105;3
6106;2
6107;3
6108;4
6109;8
6110;2
6111;6
6112;4
6113;5
6114;7
6115;6
6116;2
6117;4
6118;5
6119;2
6120;4
6121;4
6122;9
6123;5
6124;7
6125;7
6126;10
6127;7
6128;5
6129;10
6130;4
6131;5
6132;7
6133;7
6134;6
6135;3
6136;6
6137;4
6138;8
6139;3
6140;4
6141;7
6142;2
6143;3
6144;8
6145;8
6146;3
6147;8
6148;5
6149;4
6150;10
6151;7
6152;3
6153;5
6154;10
6155;5
6156;6
6157;7
6158;2
6159;6
6160;4
6161;6
6162;5
6163;4
6164;3
6165;3
6166;4
6167;5
6168;3
6169;3
6170;5
6171;8
6172;3
6173;4
6174;6
6175;8
6176;5
6177;3
6178;3
6179;5
6180;6
6181;7
6182;5
6183;6
6184;6
6185;6
6186;6
6187;6
6188;0
6189;10
6190;4
6191;6
6192;9
6193;8
6194;5
6195;9
6196;5
6197;7
6198;2
6199;3
6200;3
6201;4
6202;5
6203;6
6204;4
6205;4
6206;5
6207;11
6208;5
6209;10
6210;6
6211;7
6212;5
6213;4
6214;6
6215;4
6216;8
6217;11
6218;1
6219;8
6220;3
6221;5
6222;1
6223;1
6224;5
6225;5
6226;9
6227;2
6228;4
6229;13
6230;5
6231;2
6232;3
6233;8
6234;3
6235;5
6236;3
6237;8
6238;5
6239;3
6240;4
6241;1
6242;4
6243;1
6244;7
6245;5
6246;6
6247;5
6248;4
6249;6
6250;3
6251;3
6252;6
6253;7
6254;2
6255;5
6256;3
6257;4
6258;2
6259;6
6260;3
6261;5
6262;4
6263;5
6264;4
6265;5
6266;6
6267;5
6268;5
6269;1
6270;4
6271;6
6272;8
6273;3
6274;2
6275;5
6276;5
6277;4
6278;6
6279;5
6280;8
6281;6
6282;5
6283;7
6284;5
6285;4
6286;5
6287;0
6288;5
6289;6
6290;8
6291;3
6292;5
6293;3
6294;7
6295;3
6296;9
6297;6
6298;6
6299;3
6300;5
6301;4
6302;2
6303;5
6304;5
6305;7
6306;7
6307;2
6308;4
6309;9
6310;5
6311;7
6312;4
6313;4
6314;6
6315;4
6316;3
6317;6
6318;9
6319;1
6320;5
6321;6
6322;2
6323;4
6324;4
6325;6
6326;6
6327;6
6328;6
6329;5
6330;8
6331;4
6332;0
6333;5
6334;6
6335;6
6336;4
6337;5
6338;3
6339;3
6340;4
6341;0
6342;2
6343;4
6344;5
6345;2
6346;4
6347;3
6348;4
6349;3
6350;3
6351;2
6352;3
6353;7
6354;7
6355;3
6356;7
6357;9
6358;7
6359;5
6360;14
6361;7
6362;3
6363;3
6364;4
6365;7
6366;6
6367;6
6368;2
6369;5
6370;5
6371;4
6372;5
6373;3
6374;5
6375;9
6376;3
6377;8
6378;5
6379;5
6380;3
6381;10
6382;5
6383;8
6384;3
6385;3
6386;2
6387;6
6388;4
6389;5
6390;4
6391;3
6392;7
6393;5
6394;9
6395;6
6396;9
6397;7
6398;3
6399;5
6400;8
6401;2
6402;8
6403;4
6404;3
6405;5
6406;5
6407;8
6408;4
6409;1
6410;5
6411;8
6412;6
6413;2
6414;5
6415;9
6416;6
6417;3
6418;2
6419;2
6420;8
6421;4
6422;3
6423;5
6424;12
6425;4
6426;4
6427;3
6428;2
6429;2
6430;7
6431;12
6432;1
6433;1
6434;3
6435;3
6436;7
6437;3
6438;4
6439;4
6440;4
6441;7
6442;3
6443;4
6444;3
6445;5
6446;9
6447;4
6448;4
6449;6
6450;1
6451;7
6452;0
6453;4
6454;4
6455;5
6456;3
6457;2
6458;3
6459;3
6460;4
6461;5
6462;5
6463;5
6464;4
6465;5
6466;3
6467;4
6468;6
6469;7
6470;5
6471;6
6472;3
6473;9
6474;5
6475;4
6476;4
6477;1
6478;8
6479;3
6480;7
6481;5
6482;6
6483;5
6484;7
6485;5
6486;4
6487;7
6488;6
6489;3
6490;4
6491;2
6492;4
6493;11
6494;4
6495;5
6496;6
6497;8
6498;4
6499;3
6500;9
6501;3
6502;1
6503;5
6504;6
6505;7
6506;9
6507;4
6508;5
6509;4
6510;9
6511;4
6512;4
6513;8
6514;4
6515;7
6516;1
6517;3
6518;1
6519;3
6520;10
6521;5
6522;4
6523;0
6524;4
6525;5
6526;6
6527;5
6528;8
6529;6
6530;4
6531;3
6532;4
6533;5
6534;3
6535;6
6536;4
6537;3
6538;4
6539;6
6540;7
6541;5
6542;4
6543;5
6544;1
6545;5
6546;9
6547;3
6548;12
6549;4
6550;5
6551;4
6552;6
6553;7
6554;3
6555;7
6556;9
6557;9
6558;2
6559;6
6560;2
6561;7
6562;2
6563;3
6564;6
6565;5
6566;7
6567;4
6568;4
6569;7
6570;12
6571;4
6572;4
6573;6
6574;8
6575;6
6576;6
6577;7
6578;2
6579;9
6580;3
6581;3
6582;7
6583;7
6584;10
6585;9
6586;8
6587;6
6588;7
6589;6
6590;6
6591;3
6592;7
6593;6
6594;2
6595;7
6596;2
6597;4
6598;6
6599;6
6600;7
6601;5
6602;9
6603;9
6604;10
6605;7
6606;3
6607;2
6608;8
6609;9
6610;5
6611;2
6612;3
6613;8
6614;6
6615;6
6616;4
6617;4
6618;3
6619;6
6620;5
6621;6
6622;0
6623;6
6624;9
6625;1
6626;7
6627;2
6628;6
6629;7
6630;3
6631;4
6632;3
6633;6
6634;3
6635;3
6636;4
6637;9
6638;5
6639;9
6640;1
6641;3
6642;3
6643;7
6644;2
6645;4
6646;5
6647;4
6648;4
6649;4
6650;5
6651;7
6652;4
6653;8
6654;5
6655;9
6656;6
6657;4
6658;10
6659;4
6660;6
6661;3
6662;6
6663;3
6664;3
6665;4
6666;3
6667;4
6668;9
6669;6
6670;7
6671;4
6672;5
6673;3
6674;6
6675;8
6676;7
6677;5
6678;7
6679;4
6680;5
6681;6
6682;3
6683;5
6684;6
6685;2
6686;5
6687;11
6688;2
6689;7
6690;8
6691;7
6692;7
6693;2
6694;2
6695;13
6696;4
6697;5
6698;7
6699;7
6700;6
6701;7
6702;3
6703;5
6704;3
6705;8
6706;3
6707;3
6708;7
6709;7
6710;2
6711;5
6712;10
6713;8
6714;8
6715;10
6716;4
6717;4
6718;6
6719;5
6720;7
6721;5
6722;3
6723;5
6724;5
6725;4
6726;6
6727;5
6728;3
6729;5
6730;7
6731;6
6732;2
6733;6
6734;7
6735;2
6736;4
6737;4
6738;7
6739;4
6740;9
6741;8
6742;5
6743;4
6744;6
6745;8
6746;6
6747;3
6748;9
6749;5
6750;3
6751;4
6752;5
6753;4
6754;5
6755;6
6756;12
6757;3
6758;7
6759;7
6760;5
6761;4
6762;4
6763;6
6764;7
6765;4
6766;6
6767;4
6768;7
6769;8
6770;5
6771;2
6772;10
6773;3
6774;6
6775;4
6776;3
6777;4
6778;1
6779;5
6780;10
6781;7
6782;2
6783;8
6784;4
6785;5
6786;6
6787;3
6788;3
6789;6
6790;7
6791;4
6792;14
6793;1
6794;4
6795;6
6796;5
6797;7
6798;4
6799;6
6800;3
6801;5
6802;6
6803;6
6804;9
6805;7
6806;5
6807;8
6808;5
6809;4
6810;7
6811;5
6812;3
6813;7
6814;7
6815;3
6816;7
6817;5
6818;4
6819;6
6820;5
6821;5
6822;6
6823;8
6824;3
6825;8
6826;6
6827;8
6828;4
6829;0
6830;6
6831;8
6832;3
6833;2
6834;3
6835;8
6836;5
6837;7
6838;10
6839;6
6840;5
6841;6
6842;3
6843;7
6844;3
6845;5
6846;7
6847;5
6848;8
6849;4
6850;7
6851;6
6852;4
6853;7
6854;5
6855;7
6856;11
6857;5
6858;4
6859;5
6860;6
6861;7
6862;7
6863;5
6864;2
6865;5
6866;7
6867;10
6868;7
6869;5
6870;6
6871;5
6872;12
6873;4
6874;4
6875;2
6876;5
6877;4
6878;6
6879;3
6880;5
6881;4
6882;5
6883;3
6884;7
6885;0
6886;8
6887;5
6888;8
6889;4
6890;6
6891;3
6892;6
6893;6
6894;8
6895;4
6896;6
6897;6
6898;6
6899;4
6900;4
6901;3
6902;3
6903;6
6904;5
6905;7
6906;8
6907;6
6908;4
6909;3
6910;10
6911;5
6912;5
6913;7
6914;2
6915;2
6916;5
6917;3
6918;8
6919;7
6920;5
6921;4
6922;8
6923;3
6924;5
6925;5
6926;9
6927;7
6928;9
6929;1
6930;6
6931;7
6932;4
6933;4
6934;2
6935;2
6936;5
6937;3
6938;6
6939;7
6940;6
6941;7
6942;4
6943;2
6944;4
6945;2
6946;3
6947;6
6948;4
6949;10
6950;7
6951;4
6952;10
6953;8
6954;5
6955;7
6956;3
6957;2
6958;4
6959;6
6960;2
6961;4
6962;1
6963;7
6964;4
6965;5
6966;9
6967;5
6968;5
6969;12
6970;9
6971;4
6972;7
6973;6
6974;6
6975;8
6976;10
6977;6
6978;6
6979;10
6980;5
6981;7
6982;3
6983;4
6984;5
6985;5
6986;4
6987;7
6988;5
6989;2
6990;6
6991;2
6992;6
6993;7
6994;6
6995;8
6996;4
6997;5
6998;8
6999;2
7000;6
7001;5
7002;2
7003;3
7004;7
7005;3
7006;6
7007;4
7008;5
7009;6
7010;5
7011;3
7012;5
7013;4
7014;6
7015;8
7016;1
7017;4
7018;2
7019;4
7020;4
7021;1
7022;3
7023;4
7024;11
7025;4
7026;7
7027;4
7028;8
7029;7
7030;4
7031;5
7032;7
7033;2
7034;5
7035;5
7036;3
7037;9
7038;5
7039;0
7040;1
7041;6
7042;6
7043;6
7044;4
7045;8
7046;5
7047;4
7048;7
7049;3
7050;6
7051;9
7052;4
7053;4
7054;3
7055;4
7056;2
7057;7
7058;6
7059;4
7060;4
7061;7
7062;5
7063;4
7064;4
7065;4
7066;3
7067;4
7068;7
7069;7
7070;8
7071;5
7072;7
7073;0
7074;5
7075;5
7076;5
7077;5
7078;5
7079;3
7080;4
7081;6
7082;4
7083;3
7084;4
7085;5
7086;1
7087;3
7088;2
7089;9
7090;4
7091;6
7092;6
7093;4
7094;3
7095;9
7096;6
7097;4
7098;4
7099;3
7100;5
7101;4
7102;6
7103;11
7104;7
7105;2
7106;4
7107;7
7108;2
7109;10
7110;3
7111;6
7112;3
7113;5
7114;4
7115;4
7116;10
7117;10
7118;5
7119;7
7120;7
7121;6
7122;2
7123;1
7124;5
7125;4
7126;1
7127;4
7128;6
7129;4
7130;10
7131;8
7132;6
7133;9
7134;7
7135;5
7136;2
7137;2
7138;7
7139;8
7140;6
7141;5
7142;3
7143;1
7144;4
7145;4
7146;5
7147;5
7148;5
7149;4
7150;9
7151;5
7152;6
7153;4
7154;4
7155;2
7156;7
7157;8
7158;9
7159;5
7160;5
7161;10
7162;5
7163;6
7164;6
7165;5
7166;8
7167;4
7168;5
7169;7
7170;6
7171;4
7172;5
7173;5
7174;3
7175;3
7176;3
7177;3
7178;4
7179;3
7180;10
7181;4
7182;8
7183;5
7184;3
7185;2
7186;9
7187;2
7188;1
7189;2
7190;8
7191;6
7192;5
7193;6
7194;3
7195;7
7196;3
7197;6
7198;4
7199;3
7200;5
7201;1
7202;4
7203;3
7204;3
7205;5
7206;3
7207;2
7208;5
7209;3
7210;4
7211;3
7212;3
7213;2
7214;5
7215;4
7216;3
7217;4
7218;1
7219;0
7220;4
7221;2
7222;5
7223;4
7224;2
7225;5
7226;2
7227;2
7228;8
7229;3
7230;2
7231;3
7232;6
7233;9
7234;7
7235;2
7236;4
7237;2
7238;3
7239;3
7240;6
7241;2
7242;6
7243;4
7244;6
7245;9
7246;3
7247;4
7248;5
7249;5
7250;5
7251;6
7252;6
7253;6
7254;5
7255;8
7256;5
7257;1
7258;2
7259;2
7260;7
7261;6
7262;0
7263;3
7264;3
7265;4
7266;3
7267;3
7268;8
7269;5
7270;2
7271;2
7272;3
7273;2
7274;3
7275;2
7276;7
7277;1
7278;6
7279;6
7280;2
7281;4
7282;8
7283;4
7284;4
7285;3
7286;3
7287;4
7288;2
7289;5
7290;4
7291;3
7292;0
7293;1
7294;2
7295;6
7296;1
7297;6
7298;2
7299;3
7300;2
7301;6
7302;3
7303;3
7304;5
7305;3
7306;4
7307;9
7308;4
7309;4
7310;7
7311;5
7312;1
7313;5
7314;3
7315;3
7316;4
7317;4
7318;3
7319;4
7320;3
7321;3
7322;3
7323;2
7324;2
7325;5
7326;8
7327;5
7328;4
7329;5
7330;1
7331;3
7332;3
7333;7
7334;3
7335;4
7336;1
7337;5
7338;4
7339;4
7340;3
7341;6
7342;4
7343;4
7344;4
7345;3
7346;3
7347;2
7348;4
7349;5
7350;4
7351;1
7352;5
7353;5
7354;8
7355;2
7356;2
7357;4
7358;6
7359;0
7360;3
7361;3
7362;3
7363;4
7364;6
7365;7
7366;1
7367;1
7368;4
7369;1
7370;4
7371;1
7372;1
7373;5
7374;3
7375;2
7376;3
7377;3
7378;6
7379;1
7380;4
7381;3
7382;3
7383;7
7384;7
7385;4
7386;4
7387;4
7388;3
7389;4
7390;3
7391;5
7392;2
7393;5
7394;1
7395;2
7396;3
7397;3
7398;4
7399;4
7400;1
7401;5
7402;4
7403;3
7404;1
7405;2
7406;4
7407;2
7408;1
7409;1
7410;5
7411;4
7412;3
7413;3
7414;1
7415;2
7416;5
7417;5
7418;2
7419;0
7420;3
7421;4
7422;2
7423;1
7424;3
7425;3
7426;3
7427;1
7428;4
7429;2
7430;0
7431;4
7432;2
7433;3
7434;3
7435;2
7436;4
7437;3
7438;3
7439;1
7440;3
7441;4
7442;3
7443;6
7444;3
7445;1
7446;1
7447;3
7448;3
7449;3
7450;4
7451;1
7452;4
7453;3
7454;2
7455;3
7456;3
7457;6
7458;1
7459;4
7460;4
7461;5
7462;1
7463;1
7464;2
7465;2
7466;0
7467;1
7468;3
7469;4
7470;4
7471;3
7472;2
7473;5
7474;1
7475;2
7476;3
7477;3
7478;5
7479;1
7480;3
7481;0
7482;1
7483;4
7484;1
7485;4
7486;2
7487;3
7488;1
7489;1
7490;6
7491;1
7492;5
7493;2
7494;2
7495;3
7496;3
7497;2
7498;3
7499;0
7500;3
7501;2
7502;1
7503;5
7504;4
7505;3
7506;2
7507;1
7508;2
7509;2
7510;3
7511;2
7512;4
7513;1
7514;3
7515;1
7516;5
7517;2
7518;4
7519;1
7520;2
7521;3
7522;1
7523;1
7524;2
7525;1
7526;4
7527;7
7528;2
7529;3
7530;4
7531;7
7532;5
7533;0
7534;4
7535;1
7536;1
7537;3
7538;2
7539;0
7540;3
7541;3
7542;3
7543;3
7544;2
7545;3
7546;2
7547;4
7548;1
7549;1
7550;1
7551;2
7552;6
7553;3
7554;3
7555;4
7556;2
7557;2
7558;2
7559;2
7560;1
7561;5
7562;1
7563;4
7564;2
7565;1
7566;0
7567;0
7568;3
7569;3
7570;3
7571;0
7572;2
7573;5
7574;2
7575;1
7576;5
7577;2
7578;1
7579;0
7580;4
7581;2
7582;3
7583;4
7584;3
7585;1
7586;1
7587;2
7588;4
7589;3
7590;5
7591;3
7592;5
7593;6
7594;4
7595;4
7596;3
7597;3
7598;0
7599;2
7600;4
7601;1
7602;1
7603;2
7604;3
7605;1
7606;2
7607;0
7608;1
7609;2
7610;1
7611;2
7612;2
7613;1
7614;1
7615;4
7616;0
7617;2
7618;3
7619;1
7620;4
7621;1
7622;2
7623;2
7624;0
7625;2
7626;1
7627;1
7628;1
7629;1
7630;2
7631;0
7632;3
7633;4
7634;2
7635;5
7636;3
7637;4
7638;3
7639;1
7640;2
7641;1
7642;1
7643;3
7644;0
7645;2
7646;1
7647;2
7648;3
7649;2
7650;2
7651;4
7652;3
7653;6
7654;2
7655;2
7656;1
7657;2
7658;3
7659;3
7660;5
7661;3
7662;3
7663;2
7664;1
7665;2
7666;4
7667;5
7668;4
7669;1
7670;0
7671;3
7672;1
7673;2
7674;3
7675;5
7676;6
7677;4
7678;2
7679;3
7680;5
7681;4
7682;4
7683;1
7684;1
7685;2
7686;3
7687;1
7688;2
7689;1
7690;4
7691;2
7692;1
7693;4
7694;0
7695;2
7696;1
7697;1
7698;2
7699;7
7700;5
7701;2
7702;2
7703;2
7704;3
7705;2
7706;4
7707;8
7708;7
7709;2
7710;0
7711;5
7712;1
7713;1
7714;2
7715;4
7716;3
7717;3
7718;1
7719;3
7720;3
7721;3
7722;2
7723;2
7724;4
7725;0
7726;4
7727;3
7728;1
7729;2
7730;1
7731;2
7732;2
7733;0
7734;1
7735;4
7736;3
7737;0
7738;0
7739;1
7740;3
7741;4
7742;3
7743;1
7744;2
7745;2
7746;2
7747;0
7748;3
7749;2
7750;1
7751;2
7752;2
7753;2
7754;3
7755;0
7756;3
7757;1
7758;4
7759;1
7760;4
7761;1
7762;2
7763;3
7764;3
7765;1
7766;2
7767;4
7768;1
7769;3
7770;3
7771;2
7772;5
7773;4
7774;2
7775;3
7776;1
7777;3
7778;2
7779;1
7780;4
7781;0
7782;1
7783;6
7784;1
7785;1
7786;4
7787;1
7788;0
7789;2
7790;2
7791;2
7792;0
7793;2
7794;6
7795;2
7796;1
7797;4
7798;2
7799;2
7800;4
7801;1
7802;2
7803;1
7804;2
7805;4
7806;2
7807;0
7808;1
7809;5
7810;3
7811;2
7812;1
7813;1
7814;2
7815;0
7816;1
7817;4
7818;1
7819;2
7820;5
7821;3
7822;0
7823;4
7824;5
7825;0
7826;0
7827;2
7828;3
7829;1
7830;0
7831;4
7832;3
7833;0
7834;2
7835;1
7836;2
7837;3
7838;2
7839;5
7840;3
7841;4
7842;1
7843;4
7844;1
7845;3
7846;0
7847;4
7848;1
7849;2
7850;3
7851;0
7852;1
7853;0
7854;1
7855;4
7856;1
7857;2
7858;2
7859;1
7860;1
7861;1
7862;3
7863;1
7864;0
7865;3
7866;2
7867;1
7868;2
7869;1
7870;5
7871;1
7872;2
7873;6
7874;3
7875;1
7876;1
7877;2
7878;3
7879;6
7880;1
7881;3
7882;3
7883;1
7884;2
7885;1
7886;2
7887;2
7888;2
7889;3
7890;2
7891;2
7892;3
7893;2
7894;0
7895;3
7896;5
7897;1
7898;2
7899;1
7900;3
7901;2
7902;2
7903;2
7904;2
7905;3
7906;4
7907;3
7908;0
7909;0
7910;3
7911;3
7912;3
7913;1
7914;2
7915;1
7916;1
7917;4
7918;0
7919;1
7920;2
7921;3
7922;1
7923;1
7924;1
7925;1
7926;1
7927;4
7928;1
7929;3
7930;1
7931;4
7932;0
7933;1
7934;1
7935;2
7936;5
7937;3
7938;3
7939;2
7940;2
7941;1
7942;3
7943;4
7944;1
7945;1
7946;1
7947;0
7948;2
7949;1
7950;0
7951;3
7952;0
7953;0
7954;2
7955;1
7956;1
7957;4
7958;2
7959;2
7960;1
7961;3
7962;5
7963;1
7964;0
7965;1
7966;1
7967;1
7968;1
7969;3
7970;2
7971;3
7972;4
7973;0
7974;2
7975;2
7976;1
7977;2
7978;0
7979;0
7980;1
7981;1
7982;0
7983;1
7984;2
7985;3
7986;0
7987;4
7988;1
7989;1
7990;1
7991;1
7992;0
7993;2
7994;0
7995;0
7996;0
7997;0
7998;0
7999;0
8000;0
8001;0
8002;0
8003;0
8004;0
8005;0
8006;0
8007;0
8008;0
8009;0
8010;0
8011;0
8012;0
8013;0
8014;0
8015;0
8016;0
8017;0
8018;0
8019;0
8020;0
8021;0
8022;0
8023;0
8024;0
8025;0
8026;0
8027;0
8028;0
8029;0
8030;0
8031;0
8032;0
8033;0
8034;0
8035;0
8036;0
8037;0
8038;0
8039;0
8040;0
8041;0
8042;0
8043;0
8044;0
8045;0
8046;0
8047;0
8048;0
8049;0
8050;0
8051;0
8052;0
8053;0
8054;0
8055;0
8056;0
8057;0
8058;0
8059;0
8060;0
8061;0
8062;0
8063;0
8064;0
8065;0
8066;0
8067;0
8068;0
8069;0
8070;0
8071;0
8072;0
8073;0
8074;0
8075;0
8076;0
8077;0
8078;0
8079;0
8080;0
8081;0
8082;0
8083;0
8084;0
8085;0
8086;0
8087;0
8088;0
8089;0
8090;0
8091;0
8092;0
8093;0
8094;0
8095;0
8096;0
8097;0
8098;0
8099;0
8100;0
8101;0
8102;0
8103;0
8104;0
8105;0
8106;0
8107;0
8108;0
8109;0
8110;0
8111;0
8112;0
8113;0
8114;0
8115;0
8116;0
8117;0
8118;0
8119;0
8120;0
8121;0
8122;0
8123;0
8124;0
8125;0
8126;0
8127;0
8128;0
8129;0
8130;0
8131;0
8132;0
8133;0
8134;0
8135;0
8136;0
8137;0
8138;0
8139;0
8140;0
8141;0
8142;0
8143;0
8144;0
8145;0
8146;0
8147;0
8148;0
8149;0
8150;0
8151;0
8152;0
8153;0
8154;0
8155;0
8156;0
8157;0
8158;0
8159;0
8160;0
8161;0
8162;0
8163;0
8164;0
8165;0
8166;0
8167;0
8168;0
8169;0
8170;0
8171;0
8172;0
8173;0
8174;0
8175;0
8176;0
8177;0
8178;0
8179;0
8180;0
8181;0
8182;0
8183;0
8184;0
8185;0
8186;0
8187;0
8188;0
8189;0
8190;0
8191;0
