0;0
1;0
2;0
3;0
4;0
5;0
6;0
7;0
8;0
9;0
10;0
11;0
12;0
13;0
14;0
15;0
16;0
17;0
18;0
19;0
20;0
21;0
22;0
23;0
24;0
25;0
26;1
27;4
28;12
29;29
30;40
31;28
32;34
33;43
34;53
35;48
36;25
37;24
38;17
39;10
40;5
41;3
42;2
43;4
44;1
45;0
46;4
47;6
48;12
49;15
50;12
51;26
52;12
53;19
54;21
55;18
56;17
57;12
58;14
59;12
60;14
61;14
62;13
63;14
64;20
65;13
66;27
67;18
68;17
69;22
70;16
71;15
72;19
73;14
74;17
75;17
76;21
77;13
78;16
79;23
80;14
81;13
82;16
83;19
84;21
85;12
86;22
87;21
88;20
89;20
90;17
91;13
92;21
93;14
94;20
95;14
96;19
97;18
98;21
99;18
100;14
101;19
102;23
103;14
104;20
105;23
106;13
107;20
108;18
109;13
110;22
111;18
112;22
113;18
114;14
115;17
116;15
117;13
118;13
119;19
120;12
121;21
122;16
123;22
124;19
125;17
126;19
127;15
128;21
129;17
130;16
131;17
132;23
133;13
134;15
135;18
136;29
137;19
138;27
139;19
140;15
141;21
142;13
143;18
144;16
145;24
146;20
147;17
148;23
149;11
150;20
151;17
152;16
153;17
154;11
155;22
156;22
157;9
158;17
159;21
160;18
161;31
162;14
163;12
164;14
165;21
166;23
167;20
168;16
169;16
170;21
171;28
172;19
173;22
174;22
175;18
176;19
177;26
178;20
179;21
180;12
181;19
182;20
183;31
184;19
185;22
186;30
187;26
188;18
189;18
190;17
191;21
192;26
193;13
194;17
195;25
196;21
197;28
198;12
199;18
200;18
201;25
202;20
203;18
204;19
205;15
206;19
207;26
208;29
209;21
210;17
211;20
212;20
213;16
214;24
215;18
216;16
217;23
218;25
219;17
220;17
221;18
222;20
223;15
224;17
225;16
226;19
227;23
228;23
229;16
230;29
231;24
232;18
233;24
234;19
235;13
236;22
237;20
238;18
239;21
240;17
241;21
242;19
243;19
244;23
245;26
246;21
247;16
248;20
249;27
250;22
251;17
252;27
253;20
254;21
255;18
256;23
257;20
258;26
259;18
260;24
261;18
262;24
263;15
264;19
265;19
266;22
267;18
268;25
269;20
270;24
271;17
272;23
273;17
274;26
275;16
276;24
277;18
278;11
279;24
280;19
281;22
282;15
283;24
284;17
285;16
286;20
287;8
288;34
289;27
290;19
291;18
292;17
293;22
294;18
295;16
296;23
297;18
298;21
299;17
300;17
301;14
302;14
303;19
304;25
305;23
306;22
307;21
308;18
309;22
310;33
311;19
312;20
313;19
314;22
315;25
316;17
317;17
318;17
319;23
320;20
321;18
322;19
323;32
324;24
325;19
326;24
327;22
328;16
329;20
330;18
331;28
332;25
333;18
334;22
335;21
336;24
337;18
338;25
339;14
340;18
341;22
342;18
343;26
344;23
345;21
346;28
347;20
348;18
349;24
350;28
351;23
352;22
353;26
354;21
355;18
356;14
357;23
358;24
359;13
360;21
361;21
362;21
363;23
364;29
365;27
366;24
367;19
368;27
369;27
370;31
371;20
372;19
373;17
374;14
375;19
376;23
377;21
378;15
379;21
380;18
381;16
382;19
383;26
384;21
385;25
386;22
387;24
388;20
389;29
390;23
391;15
392;23
393;21
394;17
395;28
396;25
397;16
398;20
399;21
400;22
401;17
402;25
403;23
404;17
405;24
406;34
407;22
408;34
409;26
410;27
411;26
412;34
413;23
414;24
415;30
416;19
417;21
418;26
419;26
420;28
421;29
422;16
423;26
424;21
425;19
426;27
427;26
428;21
429;18
430;24
431;14
432;30
433;31
434;29
435;30
436;24
437;23
438;27
439;25
440;27
441;22
442;25
443;19
444;20
445;30
446;25
447;29
448;23
449;25
450;21
451;18
452;28
453;29
454;24
455;33
456;23
457;21
458;26
459;26
460;21
461;17
462;24
463;28
464;24
465;17
466;29
467;30
468;27
469;31
470;33
471;37
472;33
473;23
474;32
475;35
476;17
477;17
478;26
479;24
480;15
481;31
482;20
483;21
484;26
485;29
486;23
487;21
488;24
489;33
490;29
491;31
492;29
493;27
494;24
495;28
496;19
497;30
498;23
499;30
500;26
501;31
502;31
503;26
504;29
505;26
506;32
507;19
508;26
509;28
510;28
511;27
512;30
513;21
514;27
515;18
516;25
517;19
518;23
519;24
520;28
521;18
522;19
523;24
524;28
525;33
526;18
527;21
528;29
529;16
530;24
531;24
532;35
533;19
534;20
535;25
536;21
537;23
538;32
539;24
540;27
541;23
542;23
543;22
544;24
545;19
546;19
547;17
548;16
549;16
550;21
551;37
552;20
553;20
554;22
555;21
556;23
557;25
558;15
559;19
560;23
561;19
562;27
563;28
564;19
565;18
566;24
567;23
568;27
569;27
570;25
571;22
572;27
573;14
574;17
575;20
576;21
577;29
578;26
579;22
580;16
581;19
582;24
583;21
584;30
585;26
586;25
587;24
588;17
589;31
590;24
591;27
592;22
593;15
594;18
595;23
596;28
597;18
598;27
599;20
600;32
601;27
602;20
603;17
604;26
605;23
606;27
607;33
608;29
609;26
610;18
611;26
612;17
613;27
614;23
615;18
616;26
617;20
618;18
619;19
620;21
621;27
622;20
623;19
624;23
625;26
626;16
627;20
628;26
629;28
630;24
631;19
632;18
633;19
634;15
635;22
636;23
637;27
638;22
639;26
640;28
641;29
642;22
643;23
644;21
645;18
646;22
647;24
648;19
649;14
650;18
651;23
652;17
653;16
654;21
655;20
656;28
657;16
658;30
659;23
660;23
661;26
662;26
663;33
664;17
665;19
666;15
667;19
668;21
669;39
670;25
671;30
672;21
673;23
674;27
675;23
676;23
677;28
678;25
679;29
680;21
681;33
682;20
683;29
684;26
685;25
686;35
687;21
688;25
689;18
690;22
691;17
692;29
693;25
694;19
695;27
696;28
697;22
698;17
699;27
700;20
701;31
702;24
703;23
704;21
705;32
706;38
707;24
708;25
709;24
710;26
711;28
712;27
713;21
714;32
715;22
716;18
717;23
718;31
719;22
720;28
721;25
722;26
723;24
724;27
725;34
726;32
727;19
728;33
729;23
730;19
731;30
732;24
733;25
734;30
735;26
736;22
737;25
738;29
739;24
740;23
741;27
742;15
743;26
744;31
745;19
746;23
747;24
748;25
749;25
750;25
751;21
752;23
753;24
754;31
755;19
756;21
757;22
758;20
759;27
760;22
761;20
762;21
763;28
764;27
765;21
766;30
767;12
768;33
769;23
770;31
771;28
772;25
773;27
774;24
775;26
776;26
777;31
778;27
779;22
780;23
781;28
782;23
783;29
784;29
785;19
786;22
787;24
788;25
789;28
790;26
791;32
792;19
793;24
794;29
795;25
796;29
797;22
798;20
799;24
800;29
801;21
802;28
803;19
804;30
805;28
806;26
807;32
808;21
809;23
810;22
811;30
812;27
813;25
814;31
815;30
816;28
817;19
818;31
819;26
820;21
821;33
822;21
823;17
824;28
825;26
826;26
827;20
828;33
829;18
830;34
831;13
832;35
833;26
834;28
835;19
836;22
837;23
838;27
839;25
840;21
841;28
842;24
843;28
844;25
845;22
846;30
847;27
848;28
849;35
850;27
851;19
852;24
853;36
854;29
855;46
856;29
857;28
858;20
859;29
860;29
861;28
862;36
863;20
864;27
865;27
866;27
867;25
868;40
869;23
870;26
871;35
872;31
873;24
874;37
875;35
876;24
877;28
878;33
879;35
880;30
881;31
882;28
883;26
884;23
885;23
886;25
887;28
888;26
889;29
890;22
891;28
892;30
893;26
894;32
895;30
896;31
897;29
898;32
899;25
900;40
901;26
902;33
903;25
904;35
905;29
906;35
907;33
908;37
909;25
910;32
911;29
912;26
913;20
914;24
915;20
916;27
917;35
918;32
919;27
920;36
921;26
922;24
923;29
924;30
925;26
926;39
927;37
928;29
929;31
930;30
931;23
932;34
933;34
934;32
935;42
936;28
937;29
938;31
939;28
940;30
941;33
942;25
943;25
944;40
945;34
946;33
947;33
948;39
949;39
950;30
951;36
952;29
953;24
954;37
955;25
956;30
957;23
958;35
959;25
960;36
961;20
962;33
963;25
964;30
965;33
966;29
967;29
968;36
969;51
970;25
971;14
972;22
973;30
974;26
975;29
976;21
977;20
978;33
979;37
980;28
981;30
982;32
983;29
984;35
985;32
986;33
987;24
988;36
989;25
990;26
991;36
992;26
993;32
994;44
995;38
996;36
997;25
998;26
999;33
1000;19
1001;38
1002;27
1003;43
1004;16
1005;32
1006;38
1007;31
1008;38
1009;41
1010;42
1011;30
1012;21
1013;31
1014;25
1015;36
1016;38
1017;27
1018;31
1019;33
1020;32
1021;24
1022;27
1023;27
1024;33
1025;28
1026;26
1027;31
1028;24
1029;37
1030;32
1031;33
1032;40
1033;45
1034;33
1035;34
1036;22
1037;35
1038;32
1039;23
1040;27
1041;32
1042;29
1043;27
1044;32
1045;26
1046;21
1047;36
1048;31
1049;39
1050;29
1051;25
1052;40
1053;27
1054;34
1055;33
1056;34
1057;26
1058;30
1059;23
1060;30
1061;37
1062;33
1063;41
1064;36
1065;41
1066;29
1067;37
1068;33
1069;28
1070;33
1071;30
1072;34
1073;34
1074;34
1075;32
1076;29
1077;33
1078;35
1079;37
1080;38
1081;32
1082;28
1083;25
1084;37
1085;27
1086;24
1087;26
1088;35
1089;29
1090;29
1091;37
1092;37
1093;35
1094;41
1095;37
1096;31
1097;35
1098;39
1099;48
1100;44
1101;33
1102;42
1103;37
1104;44
1105;37
1106;36
1107;44
1108;34
1109;31
1110;41
1111;38
1112;29
1113;40
1114;34
1115;45
1116;28
1117;30
1118;36
1119;26
1120;36
1121;40
1122;30
1123;29
1124;34
1125;36
1126;45
1127;33
1128;37
1129;41
1130;33
1131;51
1132;37
1133;49
1134;30
1135;28
1136;42
1137;32
1138;47
1139;42
1140;37
1141;33
1142;33
1143;31
1144;46
1145;46
1146;42
1147;27
1148;39
1149;42
1150;42
1151;41
1152;38
1153;42
1154;31
1155;44
1156;36
1157;38
1158;38
1159;31
1160;35
1161;44
1162;33
1163;42
1164;34
1165;31
1166;32
1167;39
1168;45
1169;47
1170;29
1171;28
1172;37
1173;31
1174;34
1175;40
1176;44
1177;40
1178;35
1179;43
1180;37
1181;44
1182;34
1183;48
1184;28
1185;36
1186;30
1187;40
1188;39
1189;32
1190;38
1191;30
1192;44
1193;30
1194;43
1195;49
1196;31
1197;30
1198;42
1199;44
1200;31
1201;38
1202;31
1203;45
1204;30
1205;41
1206;41
1207;29
1208;37
1209;35
1210;34
1211;35
1212;37
1213;35
1214;33
1215;42
1216;41
1217;40
1218;32
1219;30
1220;25
1221;29
1222;42
1223;37
1224;52
1225;48
1226;34
1227;36
1228;39
1229;43
1230;24
1231;32
1232;40
1233;38
1234;31
1235;36
1236;32
1237;29
1238;35
1239;38
1240;31
1241;39
1242;46
1243;36
1244;40
1245;32
1246;42
1247;43
1248;41
1249;37
1250;31
1251;20
1252;42
1253;34
1254;43
1255;32
1256;34
1257;33
1258;31
1259;32
1260;31
1261;35
1262;33
1263;30
1264;34
1265;34
1266;36
1267;40
1268;44
1269;37
1270;31
1271;29
1272;39
1273;31
1274;31
1275;32
1276;43
1277;49
1278;37
1279;33
1280;39
1281;38
1282;36
1283;36
1284;37
1285;48
1286;35
1287;29
1288;46
1289;39
1290;35
1291;45
1292;30
1293;35
1294;29
1295;24
1296;34
1297;40
1298;33
1299;49
1300;38
1301;45
1302;31
1303;35
1304;34
1305;36
1306;41
1307;32
1308;27
1309;29
1310;35
1311;41
1312;41
1313;36
1314;40
1315;31
1316;37
1317;26
1318;33
1319;32
1320;34
1321;23
1322;27
1323;24
1324;26
1325;28
1326;30
1327;24
1328;39
1329;29
1330;28
1331;29
1332;27
1333;40
1334;38
1335;25
1336;35
1337;29
1338;32
1339;43
1340;31
1341;25
1342;28
1343;38
1344;33
1345;41
1346;40
1347;32
1348;31
1349;37
1350;34
1351;27
1352;36
1353;28
1354;31
1355;35
1356;32
1357;33
1358;31
1359;28
1360;21
1361;32
1362;34
1363;28
1364;28
1365;35
1366;35
1367;39
1368;28
1369;34
1370;32
1371;33
1372;40
1373;31
1374;36
1375;35
1376;41
1377;38
1378;21
1379;39
1380;33
1381;26
1382;41
1383;29
1384;33
1385;46
1386;39
1387;36
1388;35
1389;33
1390;44
1391;26
1392;28
1393;41
1394;20
1395;43
1396;36
1397;36
1398;30
1399;35
1400;30
1401;41
1402;26
1403;26
1404;29
1405;29
1406;33
1407;36
1408;30
1409;43
1410;30
1411;33
1412;32
1413;32
1414;32
1415;34
1416;40
1417;33
1418;20
1419;31
1420;22
1421;31
1422;37
1423;37
1424;40
1425;30
1426;31
1427;28
1428;35
1429;36
1430;44
1431;33
1432;36
1433;40
1434;38
1435;28
1436;27
1437;24
1438;17
1439;39
1440;39
1441;22
1442;47
1443;32
1444;30
1445;38
1446;37
1447;35
1448;28
1449;39
1450;30
1451;24
1452;31
1453;22
1454;34
1455;19
1456;30
1457;30
1458;39
1459;40
1460;34
1461;31
1462;41
1463;32
1464;29
1465;24
1466;33
1467;38
1468;42
1469;30
1470;24
1471;34
1472;27
1473;28
1474;33
1475;30
1476;39
1477;24
1478;26
1479;34
1480;35
1481;33
1482;36
1483;31
1484;32
1485;35
1486;34
1487;26
1488;31
1489;33
1490;27
1491;34
1492;55
1493;39
1494;34
1495;36
1496;33
1497;29
1498;30
1499;33
1500;35
1501;32
1502;32
1503;31
1504;39
1505;33
1506;22
1507;34
1508;36
1509;27
1510;31
1511;27
1512;35
1513;27
1514;39
1515;33
1516;30
1517;25
1518;35
1519;33
1520;33
1521;38
1522;21
1523;31
1524;29
1525;31
1526;33
1527;30
1528;35
1529;40
1530;28
1531;26
1532;33
1533;34
1534;35
1535;38
1536;29
1537;42
1538;34
1539;30
1540;31
1541;35
1542;41
1543;33
1544;26
1545;39
1546;37
1547;32
1548;42
1549;39
1550;32
1551;23
1552;36
1553;32
1554;36
1555;40
1556;32
1557;46
1558;27
1559;44
1560;32
1561;31
1562;35
1563;39
1564;28
1565;30
1566;29
1567;39
1568;30
1569;34
1570;27
1571;38
1572;31
1573;28
1574;22
1575;43
1576;44
1577;32
1578;40
1579;25
1580;26
1581;36
1582;37
1583;25
1584;26
1585;25
1586;35
1587;29
1588;20
1589;29
1590;43
1591;39
1592;31
1593;30
1594;27
1595;33
1596;29
1597;30
1598;37
1599;31
1600;26
1601;35
1602;29
1603;31
1604;31
1605;36
1606;30
1607;30
1608;34
1609;39
1610;45
1611;31
1612;38
1613;37
1614;30
1615;34
1616;28
1617;34
1618;14
1619;28
1620;25
1621;33
1622;29
1623;26
1624;37
1625;25
1626;38
1627;41
1628;35
1629;25
1630;33
1631;34
1632;24
1633;41
1634;28
1635;37
1636;26
1637;30
1638;26
1639;27
1640;35
1641;33
1642;26
1643;30
1644;32
1645;47
1646;35
1647;34
1648;23
1649;35
1650;34
1651;32
1652;42
1653;31
1654;33
1655;32
1656;37
1657;41
1658;37
1659;28
1660;32
1661;29
1662;30
1663;43
1664;41
1665;36
1666;33
1667;35
1668;34
1669;32
1670;25
1671;46
1672;29
1673;26
1674;46
1675;27
1676;39
1677;37
1678;44
1679;47
1680;33
1681;33
1682;40
1683;33
1684;35
1685;32
1686;35
1687;36
1688;39
1689;32
1690;35
1691;41
1692;21
1693;39
1694;33
1695;46
1696;20
1697;37
1698;38
1699;17
1700;27
1701;37
1702;30
1703;33
1704;34
1705;30
1706;37
1707;32
1708;24
1709;25
1710;41
1711;35
1712;36
1713;22
1714;40
1715;38
1716;48
1717;29
1718;30
1719;36
1720;26
1721;34
1722;27
1723;28
1724;33
1725;34
1726;30
1727;34
1728;41
1729;34
1730;36
1731;33
1732;42
1733;31
1734;28
1735;42
1736;29
1737;34
1738;27
1739;30
1740;28
1741;35
1742;32
1743;34
1744;28
1745;31
1746;41
1747;37
1748;34
1749;27
1750;30
1751;37
1752;20
1753;33
1754;32
1755;32
1756;40
1757;33
1758;38
1759;39
1760;36
1761;37
1762;38
1763;38
1764;34
1765;36
1766;29
1767;31
1768;28
1769;28
1770;40
1771;26
1772;29
1773;40
1774;32
1775;42
1776;33
1777;44
1778;27
1779;28
1780;32
1781;41
1782;28
1783;24
1784;28
1785;42
1786;32
1787;33
1788;35
1789;40
1790;40
1791;29
1792;36
1793;27
1794;47
1795;37
1796;17
1797;42
1798;45
1799;29
1800;25
1801;26
1802;43
1803;25
1804;30
1805;31
1806;34
1807;27
1808;41
1809;26
1810;28
1811;37
1812;36
1813;36
1814;33
1815;35
1816;29
1817;31
1818;27
1819;35
1820;26
1821;38
1822;24
1823;41
1824;42
1825;26
1826;35
1827;21
1828;40
1829;35
1830;40
1831;34
1832;27
1833;28
1834;24
1835;34
1836;45
1837;24
1838;34
1839;28
1840;31
1841;21
1842;18
1843;31
1844;41
1845;41
1846;48
1847;28
1848;30
1849;40
1850;35
1851;32
1852;36
1853;32
1854;24
1855;33
1856;33
1857;33
1858;31
1859;30
1860;36
1861;35
1862;39
1863;31
1864;37
1865;31
1866;30
1867;37
1868;36
1869;29
1870;27
1871;25
1872;18
1873;25
1874;27
1875;34
1876;43
1877;29
1878;32
1879;30
1880;37
1881;27
1882;37
1883;23
1884;33
1885;33
1886;30
1887;34
1888;33
1889;35
1890;35
1891;29
1892;36
1893;27
1894;24
1895;32
1896;31
1897;30
1898;20
1899;27
1900;29
1901;33
1902;40
1903;36
1904;41
1905;31
1906;29
1907;36
1908;29
1909;35
1910;33
1911;28
1912;38
1913;38
1914;31
1915;29
1916;24
1917;30
1918;35
1919;34
1920;44
1921;28
1922;38
1923;32
1924;33
1925;38
1926;46
1927;38
1928;33
1929;32
1930;29
1931;30
1932;34
1933;28
1934;37
1935;26
1936;43
1937;32
1938;30
1939;33
1940;29
1941;30
1942;23
1943;29
1944;45
1945;38
1946;29
1947;28
1948;33
1949;24
1950;27
1951;35
1952;33
1953;44
1954;35
1955;31
1956;33
1957;28
1958;34
1959;26
1960;34
1961;32
1962;29
1963;38
1964;29
1965;27
1966;30
1967;35
1968;29
1969;37
1970;28
1971;43
1972;37
1973;32
1974;32
1975;33
1976;27
1977;37
1978;37
1979;29
1980;27
1981;34
1982;45
1983;30
1984;41
1985;37
1986;25
1987;28
1988;24
1989;33
1990;29
1991;37
1992;37
1993;28
1994;33
1995;26
1996;25
1997;30
1998;33
1999;31
2000;34
2001;35
2002;29
2003;28
2004;30
2005;33
2006;37
2007;28
2008;30
2009;34
2010;32
2011;31
2012;41
2013;33
2014;35
2015;33
2016;30
2017;44
2018;26
2019;32
2020;30
2021;29
2022;23
2023;28
2024;35
2025;33
2026;30
2027;29
2028;38
2029;36
2030;25
2031;26
2032;49
2033;39
2034;31
2035;33
2036;28
2037;45
2038;31
2039;33
2040;26
2041;23
2042;41
2043;28
2044;34
2045;26
2046;23
2047;32
2048;31
2049;33
2050;29
2051;29
2052;26
2053;34
2054;41
2055;33
2056;33
2057;27
2058;37
2059;28
2060;36
2061;34
2062;39
2063;35
2064;38
2065;36
2066;24
2067;28
2068;34
2069;36
2070;30
2071;37
2072;31
2073;25
2074;32
2075;26
2076;36
2077;29
2078;38
2079;29
2080;29
2081;48
2082;28
2083;31
2084;30
2085;34
2086;34
2087;32
2088;35
2089;35
2090;36
2091;30
2092;38
2093;29
2094;44
2095;44
2096;28
2097;34
2098;36
2099;29
2100;35
2101;30
2102;34
2103;31
2104;31
2105;34
2106;39
2107;32
2108;36
2109;26
2110;29
2111;38
2112;34
2113;39
2114;29
2115;25
2116;39
2117;28
2118;26
2119;29
2120;26
2121;23
2122;29
2123;30
2124;39
2125;30
2126;36
2127;37
2128;46
2129;36
2130;28
2131;31
2132;24
2133;33
2134;43
2135;42
2136;33
2137;36
2138;38
2139;23
2140;29
2141;31
2142;37
2143;37
2144;28
2145;37
2146;33
2147;31
2148;46
2149;43
2150;26
2151;39
2152;37
2153;33
2154;38
2155;35
2156;29
2157;25
2158;38
2159;40
2160;36
2161;33
2162;25
2163;34
2164;26
2165;32
2166;29
2167;15
2168;31
2169;39
2170;33
2171;32
2172;26
2173;28
2174;35
2175;42
2176;31
2177;34
2178;31
2179;24
2180;23
2181;43
2182;27
2183;32
2184;40
2185;27
2186;33
2187;32
2188;36
2189;25
2190;35
2191;35
2192;40
2193;47
2194;22
2195;36
2196;29
2197;42
2198;32
2199;43
2200;37
2201;32
2202;38
2203;39
2204;30
2205;37
2206;37
2207;30
2208;31
2209;35
2210;20
2211;31
2212;30
2213;29
2214;33
2215;37
2216;48
2217;29
2218;30
2219;36
2220;28
2221;32
2222;31
2223;27
2224;26
2225;25
2226;31
2227;39
2228;35
2229;27
2230;26
2231;26
2232;43
2233;17
2234;24
2235;30
2236;34
2237;28
2238;25
2239;33
2240;22
2241;26
2242;36
2243;19
2244;30
2245;29
2246;31
2247;25
2248;44
2249;34
2250;41
2251;34
2252;22
2253;26
2254;29
2255;38
2256;28
2257;31
2258;39
2259;33
2260;26
2261;36
2262;38
2263;35
2264;24
2265;42
2266;26
2267;36
2268;31
2269;29
2270;29
2271;31
2272;34
2273;33
2274;28
2275;40
2276;29
2277;29
2278;21
2279;36
2280;41
2281;28
2282;35
2283;33
2284;34
2285;25
2286;37
2287;41
2288;34
2289;36
2290;32
2291;41
2292;35
2293;42
2294;33
2295;35
2296;28
2297;29
2298;37
2299;26
2300;36
2301;33
2302;22
2303;35
2304;41
2305;33
2306;31
2307;39
2308;28
2309;30
2310;36
2311;38
2312;35
2313;24
2314;35
2315;40
2316;33
2317;44
2318;35
2319;33
2320;33
2321;31
2322;30
2323;29
2324;31
2325;40
2326;34
2327;29
2328;26
2329;43
2330;32
2331;29
2332;36
2333;24
2334;46
2335;35
2336;43
2337;26
2338;37
2339;34
2340;31
2341;35
2342;31
2343;46
2344;34
2345;35
2346;35
2347;47
2348;36
2349;44
2350;31
2351;40
2352;32
2353;45
2354;25
2355;31
2356;34
2357;35
2358;47
2359;44
2360;31
2361;41
2362;31
2363;28
2364;22
2365;43
2366;32
2367;31
2368;46
2369;27
2370;44
2371;44
2372;37
2373;42
2374;32
2375;36
2376;40
2377;30
2378;22
2379;37
2380;42
2381;32
2382;30
2383;34
2384;42
2385;42
2386;28
2387;35
2388;38
2389;26
2390;40
2391;43
2392;38
2393;35
2394;34
2395;33
2396;33
2397;37
2398;42
2399;35
2400;45
2401;36
2402;38
2403;28
2404;39
2405;48
2406;32
2407;44
2408;35
2409;34
2410;48
2411;38
2412;39
2413;26
2414;50
2415;46
2416;40
2417;33
2418;45
2419;45
2420;40
2421;48
2422;49
2423;45
2424;25
2425;37
2426;42
2427;34
2428;37
2429;45
2430;54
2431;48
2432;30
2433;35
2434;33
2435;38
2436;36
2437;29
2438;47
2439;31
2440;36
2441;45
2442;36
2443;41
2444;40
2445;37
2446;29
2447;41
2448;40
2449;38
2450;38
2451;40
2452;31
2453;42
2454;45
2455;39
2456;49
2457;38
2458;41
2459;37
2460;46
2461;34
2462;40
2463;44
2464;36
2465;32
2466;44
2467;40
2468;32
2469;45
2470;32
2471;43
2472;42
2473;43
2474;45
2475;44
2476;45
2477;43
2478;42
2479;50
2480;40
2481;51
2482;34
2483;39
2484;38
2485;38
2486;40
2487;35
2488;43
2489;35
2490;42
2491;41
2492;44
2493;41
2494;44
2495;57
2496;46
2497;41
2498;37
2499;40
2500;50
2501;35
2502;39
2503;47
2504;38
2505;31
2506;46
2507;39
2508;33
2509;40
2510;44
2511;49
2512;31
2513;36
2514;47
2515;45
2516;27
2517;39
2518;47
2519;46
2520;44
2521;39
2522;30
2523;46
2524;36
2525;40
2526;42
2527;34
2528;39
2529;44
2530;41
2531;41
2532;34
2533;41
2534;43
2535;37
2536;34
2537;37
2538;43
2539;49
2540;40
2541;31
2542;35
2543;42
2544;36
2545;40
2546;29
2547;36
2548;45
2549;34
2550;41
2551;42
2552;30
2553;53
2554;37
2555;40
2556;39
2557;31
2558;40
2559;38
2560;39
2561;36
2562;46
2563;39
2564;35
2565;43
2566;36
2567;31
2568;48
2569;38
2570;44
2571;46
2572;43
2573;49
2574;32
2575;41
2576;32
2577;39
2578;39
2579;41
2580;36
2581;35
2582;41
2583;33
2584;41
2585;37
2586;36
2587;38
2588;30
2589;42
2590;29
2591;34
2592;45
2593;33
2594;43
2595;35
2596;26
2597;43
2598;47
2599;49
2600;28
2601;35
2602;31
2603;36
2604;39
2605;44
2606;51
2607;39
2608;44
2609;51
2610;43
2611;38
2612;50
2613;48
2614;41
2615;29
2616;36
2617;35
2618;40
2619;41
2620;38
2621;45
2622;41
2623;31
2624;41
2625;32
2626;39
2627;29
2628;30
2629;26
2630;37
2631;41
2632;41
2633;33
2634;38
2635;42
2636;46
2637;37
2638;38
2639;38
2640;27
2641;38
2642;39
2643;47
2644;33
2645;43
2646;36
2647;41
2648;40
2649;40
2650;42
2651;47
2652;38
2653;33
2654;37
2655;42
2656;38
2657;28
2658;41
2659;52
2660;37
2661;42
2662;42
2663;40
2664;44
2665;54
2666;41
2667;42
2668;34
2669;33
2670;43
2671;37
2672;37
2673;35
2674;41
2675;35
2676;40
2677;42
2678;30
2679;32
2680;41
2681;43
2682;40
2683;40
2684;45
2685;38
2686;29
2687;36
2688;35
2689;36
2690;34
2691;34
2692;30
2693;29
2694;48
2695;45
2696;29
2697;42
2698;51
2699;45
2700;44
2701;30
2702;34
2703;47
2704;34
2705;36
2706;44
2707;44
2708;26
2709;43
2710;37
2711;38
2712;38
2713;43
2714;34
2715;31
2716;47
2717;42
2718;24
2719;44
2720;39
2721;26
2722;43
2723;48
2724;36
2725;30
2726;38
2727;36
2728;38
2729;36
2730;34
2731;52
2732;29
2733;33
2734;29
2735;32
2736;39
2737;39
2738;44
2739;36
2740;30
2741;40
2742;34
2743;36
2744;40
2745;47
2746;31
2747;38
2748;28
2749;36
2750;49
2751;48
2752;28
2753;33
2754;38
2755;41
2756;25
2757;34
2758;30
2759;36
2760;38
2761;39
2762;32
2763;39
2764;31
2765;30
2766;38
2767;30
2768;49
2769;34
2770;31
2771;27
2772;34
2773;36
2774;37
2775;45
2776;36
2777;26
2778;35
2779;34
2780;24
2781;35
2782;39
2783;41
2784;37
2785;58
2786;33
2787;30
2788;50
2789;28
2790;31
2791;43
2792;42
2793;28
2794;42
2795;27
2796;32
2797;23
2798;40
2799;41
2800;31
2801;35
2802;36
2803;34
2804;33
2805;33
2806;33
2807;30
2808;44
2809;29
2810;33
2811;32
2812;23
2813;36
2814;36
2815;45
2816;41
2817;27
2818;37
2819;37
2820;39
2821;36
2822;31
2823;41
2824;42
2825;42
2826;38
2827;39
2828;37
2829;33
2830;35
2831;35
2832;36
2833;38
2834;27
2835;30
2836;38
2837;36
2838;36
2839;39
2840;32
2841;28
2842;31
2843;29
2844;31
2845;30
2846;34
2847;40
2848;38
2849;32
2850;27
2851;30
2852;26
2853;37
2854;31
2855;32
2856;28
2857;30
2858;27
2859;27
2860;37
2861;42
2862;22
2863;31
2864;31
2865;38
2866;46
2867;26
2868;33
2869;28
2870;30
2871;36
2872;30
2873;28
2874;40
2875;37
2876;40
2877;40
2878;45
2879;28
2880;29
2881;37
2882;36
2883;28
2884;36
2885;25
2886;39
2887;39
2888;35
2889;40
2890;30
2891;32
2892;39
2893;45
2894;34
2895;36
2896;31
2897;32
2898;23
2899;41
2900;30
2901;34
2902;34
2903;37
2904;41
2905;54
2906;46
2907;33
2908;25
2909;36
2910;24
2911;31
2912;34
2913;41
2914;26
2915;43
2916;41
2917;37
2918;31
2919;35
2920;31
2921;36
2922;32
2923;32
2924;33
2925;24
2926;29
2927;26
2928;33
2929;27
2930;35
2931;36
2932;36
2933;40
2934;32
2935;22
2936;35
2937;30
2938;42
2939;19
2940;40
2941;31
2942;21
2943;32
2944;42
2945;31
2946;35
2947;40
2948;40
2949;35
2950;29
2951;38
2952;34
2953;27
2954;36
2955;34
2956;32
2957;32
2958;33
2959;37
2960;34
2961;36
2962;31
2963;25
2964;46
2965;31
2966;26
2967;31
2968;28
2969;27
2970;30
2971;33
2972;29
2973;37
2974;28
2975;38
2976;27
2977;27
2978;29
2979;40
2980;48
2981;35
2982;30
2983;25
2984;33
2985;28
2986;40
2987;32
2988;27
2989;29
2990;23
2991;31
2992;31
2993;33
2994;37
2995;26
2996;27
2997;30
2998;36
2999;26
3000;28
3001;29
3002;32
3003;25
3004;32
3005;28
3006;35
3007;34
3008;25
3009;31
3010;29
3011;33
3012;34
3013;46
3014;34
3015;28
3016;27
3017;37
3018;29
3019;28
3020;36
3021;22
3022;31
3023;33
3024;31
3025;24
3026;26
3027;26
3028;28
3029;35
3030;37
3031;32
3032;30
3033;34
3034;30
3035;26
3036;30
3037;28
3038;32
3039;36
3040;28
3041;38
3042;40
3043;46
3044;40
3045;34
3046;26
3047;32
3048;31
3049;27
3050;30
3051;26
3052;25
3053;29
3054;37
3055;30
3056;34
3057;41
3058;33
3059;34
3060;31
3061;24
3062;23
3063;27
3064;39
3065;40
3066;29
3067;29
3068;41
3069;30
3070;29
3071;24
3072;21
3073;34
3074;28
3075;29
3076;23
3077;32
3078;19
3079;30
3080;31
3081;27
3082;37
3083;28
3084;24
3085;29
3086;30
3087;29
3088;38
3089;30
3090;33
3091;30
3092;31
3093;31
3094;34
3095;30
3096;27
3097;32
3098;32
3099;28
3100;30
3101;26
3102;25
3103;39
3104;22
3105;37
3106;29
3107;36
3108;30
3109;35
3110;37
3111;29
3112;32
3113;41
3114;27
3115;18
3116;27
3117;32
3118;32
3119;24
3120;25
3121;26
3122;31
3123;31
3124;26
3125;25
3126;30
3127;35
3128;24
3129;27
3130;31
3131;24
3132;36
3133;29
3134;36
3135;24
3136;25
3137;39
3138;31
3139;28
3140;35
3141;20
3142;30
3143;34
3144;26
3145;33
3146;25
3147;40
3148;26
3149;28
3150;23
3151;28
3152;25
3153;35
3154;31
3155;33
3156;38
3157;29
3158;34
3159;27
3160;29
3161;26
3162;32
3163;32
3164;37
3165;29
3166;27
3167;30
3168;25
3169;39
3170;24
3171;22
3172;30
3173;30
3174;39
3175;20
3176;34
3177;21
3178;33
3179;28
3180;26
3181;45
3182;19
3183;21
3184;30
3185;37
3186;29
3187;24
3188;20
3189;31
3190;28
3191;29
3192;39
3193;35
3194;40
3195;27
3196;30
3197;29
3198;19
3199;22
3200;36
3201;35
3202;31
3203;26
3204;27
3205;28
3206;40
3207;27
3208;28
3209;32
3210;34
3211;40
3212;33
3213;32
3214;33
3215;32
3216;37
3217;33
3218;24
3219;25
3220;26
3221;40
3222;33
3223;24
3224;28
3225;26
3226;28
3227;25
3228;28
3229;18
3230;24
3231;44
3232;20
3233;29
3234;34
3235;26
3236;28
3237;23
3238;22
3239;23
3240;31
3241;32
3242;20
3243;30
3244;33
3245;34
3246;30
3247;28
3248;30
3249;27
3250;26
3251;28
3252;34
3253;21
3254;32
3255;37
3256;32
3257;25
3258;32
3259;23
3260;42
3261;25
3262;29
3263;28
3264;32
3265;38
3266;27
3267;32
3268;26
3269;24
3270;26
3271;25
3272;45
3273;26
3274;31
3275;20
3276;34
3277;31
3278;27
3279;38
3280;22
3281;32
3282;29
3283;32
3284;24
3285;23
3286;26
3287;26
3288;24
3289;24
3290;27
3291;25
3292;38
3293;27
3294;28
3295;28
3296;45
3297;31
3298;32
3299;36
3300;28
3301;18
3302;24
3303;29
3304;28
3305;25
3306;29
3307;29
3308;34
3309;38
3310;33
3311;26
3312;25
3313;34
3314;35
3315;23
3316;29
3317;33
3318;27
3319;30
3320;25
3321;30
3322;22
3323;25
3324;23
3325;29
3326;35
3327;29
3328;35
3329;30
3330;27
3331;28
3332;27
3333;32
3334;17
3335;30
3336;34
3337;20
3338;21
3339;19
3340;26
3341;23
3342;18
3343;27
3344;19
3345;31
3346;34
3347;26
3348;33
3349;23
3350;23
3351;17
3352;21
3353;28
3354;26
3355;27
3356;33
3357;21
3358;28
3359;28
3360;26
3361;28
3362;26
3363;24
3364;22
3365;20
3366;23
3367;25
3368;23
3369;28
3370;28
3371;30
3372;28
3373;24
3374;27
3375;25
3376;19
3377;20
3378;29
3379;34
3380;35
3381;27
3382;31
3383;28
3384;25
3385;23
3386;20
3387;27
3388;38
3389;26
3390;28
3391;37
3392;22
3393;26
3394;26
3395;29
3396;30
3397;27
3398;37
3399;30
3400;35
3401;32
3402;25
3403;30
3404;28
3405;28
3406;26
3407;22
3408;34
3409;27
3410;31
3411;32
3412;29
3413;30
3414;23
3415;22
3416;23
3417;22
3418;25
3419;25
3420;31
3421;21
3422;19
3423;22
3424;23
3425;37
3426;20
3427;37
3428;21
3429;19
3430;32
3431;32
3432;28
3433;31
3434;32
3435;26
3436;34
3437;23
3438;24
3439;36
3440;28
3441;31
3442;22
3443;19
3444;24
3445;29
3446;29
3447;29
3448;27
3449;36
3450;22
3451;31
3452;22
3453;25
3454;30
3455;23
3456;25
3457;28
3458;19
3459;26
3460;24
3461;22
3462;27
3463;27
3464;30
3465;34
3466;21
3467;28
3468;30
3469;26
3470;27
3471;25
3472;19
3473;21
3474;22
3475;36
3476;21
3477;24
3478;28
3479;32
3480;31
3481;27
3482;29
3483;26
3484;22
3485;19
3486;27
3487;22
3488;31
3489;31
3490;25
3491;29
3492;33
3493;19
3494;25
3495;27
3496;23
3497;28
3498;26
3499;23
3500;17
3501;31
3502;12
3503;23
3504;20
3505;25
3506;16
3507;37
3508;35
3509;25
3510;19
3511;30
3512;18
3513;28
3514;22
3515;27
3516;19
3517;27
3518;39
3519;25
3520;23
3521;22
3522;20
3523;23
3524;21
3525;26
3526;22
3527;28
3528;35
3529;19
3530;37
3531;21
3532;24
3533;25
3534;27
3535;26
3536;23
3537;26
3538;24
3539;17
3540;24
3541;30
3542;26
3543;22
3544;27
3545;19
3546;18
3547;28
3548;35
3549;33
3550;35
3551;35
3552;28
3553;21
3554;31
3555;25
3556;21
3557;23
3558;17
3559;24
3560;23
3561;23
3562;33
3563;25
3564;26
3565;26
3566;36
3567;30
3568;25
3569;17
3570;20
3571;21
3572;26
3573;18
3574;30
3575;28
3576;17
3577;22
3578;30
3579;23
3580;16
3581;34
3582;18
3583;27
3584;24
3585;24
3586;29
3587;23
3588;20
3589;18
3590;28
3591;25
3592;22
3593;34
3594;20
3595;21
3596;28
3597;18
3598;23
3599;21
3600;32
3601;26
3602;29
3603;27
3604;28
3605;27
3606;32
3607;27
3608;23
3609;21
3610;26
3611;19
3612;23
3613;31
3614;24
3615;19
3616;25
3617;23
3618;28
3619;23
3620;26
3621;30
3622;20
3623;23
3624;22
3625;21
3626;20
3627;25
3628;23
3629;28
3630;30
3631;26
3632;24
3633;24
3634;21
3635;28
3636;25
3637;30
3638;24
3639;17
3640;21
3641;24
3642;31
3643;21
3644;31
3645;23
3646;22
3647;31
3648;22
3649;13
3650;19
3651;26
3652;24
3653;31
3654;32
3655;19
3656;34
3657;20
3658;18
3659;24
3660;17
3661;18
3662;31
3663;21
3664;29
3665;20
3666;27
3667;22
3668;34
3669;20
3670;25
3671;29
3672;17
3673;28
3674;25
3675;22
3676;26
3677;20
3678;20
3679;27
3680;23
3681;24
3682;16
3683;24
3684;22
3685;28
3686;16
3687;24
3688;27
3689;33
3690;25
3691;25
3692;31
3693;16
3694;23
3695;30
3696;20
3697;23
3698;23
3699;29
3700;24
3701;18
3702;20
3703;21
3704;17
3705;31
3706;21
3707;23
3708;32
3709;26
3710;31
3711;24
3712;17
3713;17
3714;25
3715;27
3716;25
3717;30
3718;26
3719;16
3720;21
3721;26
3722;23
3723;23
3724;33
3725;23
3726;20
3727;22
3728;23
3729;34
3730;22
3731;26
3732;20
3733;11
3734;20
3735;25
3736;25
3737;24
3738;19
3739;28
3740;17
3741;27
3742;18
3743;31
3744;24
3745;20
3746;21
3747;23
3748;22
3749;17
3750;23
3751;17
3752;22
3753;24
3754;34
3755;13
3756;21
3757;24
3758;18
3759;25
3760;35
3761;31
3762;21
3763;33
3764;18
3765;25
3766;20
3767;17
3768;22
3769;22
3770;27
3771;26
3772;26
3773;29
3774;24
3775;27
3776;22
3777;23
3778;24
3779;19
3780;29
3781;23
3782;23
3783;19
3784;23
3785;19
3786;25
3787;16
3788;24
3789;25
3790;25
3791;24
3792;22
3793;20
3794;16
3795;19
3796;21
3797;27
3798;23
3799;23
3800;19
3801;18
3802;25
3803;21
3804;20
3805;25
3806;22
3807;26
3808;20
3809;29
3810;17
3811;22
3812;26
3813;31
3814;28
3815;25
3816;29
3817;28
3818;20
3819;24
3820;20
3821;30
3822;23
3823;23
3824;13
3825;26
3826;22
3827;23
3828;25
3829;27
3830;21
3831;22
3832;32
3833;23
3834;36
3835;27
3836;19
3837;20
3838;23
3839;17
3840;20
3841;22
3842;12
3843;21
3844;28
3845;20
3846;20
3847;36
3848;27
3849;24
3850;19
3851;35
3852;19
3853;26
3854;31
3855;23
3856;28
3857;27
3858;10
3859;19
3860;21
3861;21
3862;26
3863;22
3864;25
3865;23
3866;24
3867;30
3868;16
3869;14
3870;28
3871;25
3872;21
3873;16
3874;26
3875;30
3876;25
3877;23
3878;27
3879;28
3880;21
3881;34
3882;27
3883;33
3884;26
3885;24
3886;22
3887;19
3888;28
3889;18
3890;23
3891;33
3892;27
3893;17
3894;16
3895;25
3896;19
3897;20
3898;20
3899;29
3900;22
3901;20
3902;21
3903;24
3904;22
3905;20
3906;29
3907;26
3908;23
3909;24
3910;16
3911;27
3912;19
3913;17
3914;33
3915;20
3916;20
3917;23
3918;32
3919;23
3920;25
3921;15
3922;24
3923;17
3924;23
3925;29
3926;19
3927;18
3928;30
3929;25
3930;21
3931;33
3932;29
3933;22
3934;30
3935;19
3936;21
3937;15
3938;28
3939;23
3940;25
3941;21
3942;17
3943;28
3944;14
3945;24
3946;23
3947;22
3948;23
3949;22
3950;26
3951;24
3952;25
3953;29
3954;19
3955;25
3956;25
3957;25
3958;24
3959;32
3960;26
3961;25
3962;21
3963;22
3964;15
3965;25
3966;20
3967;24
3968;20
3969;32
3970;23
3971;17
3972;31
3973;23
3974;15
3975;13
3976;32
3977;23
3978;23
3979;32
3980;20
3981;18
3982;22
3983;30
3984;24
3985;26
3986;17
3987;27
3988;27
3989;27
3990;23
3991;29
3992;25
3993;22
3994;33
3995;22
3996;19
3997;24
3998;26
3999;18
4000;22
4001;25
4002;23
4003;21
4004;25
4005;23
4006;30
4007;18
4008;32
4009;26
4010;24
4011;19
4012;19
4013;24
4014;19
4015;21
4016;19
4017;22
4018;27
4019;23
4020;31
4021;13
4022;15
4023;21
4024;24
4025;15
4026;21
4027;28
4028;29
4029;22
4030;23
4031;27
4032;21
4033;29
4034;31
4035;27
4036;19
4037;27
4038;22
4039;29
4040;16
4041;27
4042;26
4043;25
4044;22
4045;25
4046;24
4047;22
4048;17
4049;27
4050;17
4051;22
4052;22
4053;18
4054;24
4055;22
4056;22
4057;15
4058;26
4059;20
4060;28
4061;24
4062;33
4063;23
4064;26
4065;23
4066;15
4067;18
4068;17
4069;26
4070;22
4071;22
4072;18
4073;25
4074;23
4075;17
4076;22
4077;26
4078;21
4079;32
4080;19
4081;24
4082;22
4083;15
4084;31
4085;22
4086;26
4087;27
4088;23
4089;22
4090;23
4091;25
4092;23
4093;23
4094;21
4095;27
4096;16
4097;25
4098;28
4099;15
4100;27
4101;25
4102;15
4103;15
4104;21
4105;25
4106;21
4107;22
4108;19
4109;28
4110;23
4111;18
4112;22
4113;25
4114;16
4115;23
4116;17
4117;22
4118;24
4119;21
4120;12
4121;22
4122;24
4123;20
4124;18
4125;14
4126;27
4127;22
4128;25
4129;27
4130;35
4131;26
4132;21
4133;17
4134;30
4135;19
4136;26
4137;18
4138;27
4139;19
4140;29
4141;14
4142;17
4143;21
4144;24
4145;30
4146;15
4147;18
4148;21
4149;23
4150;31
4151;19
4152;24
4153;23
4154;28
4155;22
4156;20
4157;26
4158;21
4159;21
4160;20
4161;23
4162;23
4163;30
4164;20
4165;14
4166;21
4167;23
4168;20
4169;28
4170;20
4171;24
4172;29
4173;20
4174;21
4175;22
4176;23
4177;25
4178;24
4179;20
4180;15
4181;16
4182;20
4183;28
4184;21
4185;16
4186;25
4187;23
4188;26
4189;23
4190;31
4191;29
4192;25
4193;21
4194;21
4195;24
4196;14
4197;26
4198;28
4199;25
4200;23
4201;16
4202;19
4203;24
4204;20
4205;21
4206;26
4207;22
4208;19
4209;19
4210;16
4211;22
4212;30
4213;13
4214;23
4215;29
4216;24
4217;22
4218;21
4219;19
4220;21
4221;25
4222;33
4223;16
4224;23
4225;32
4226;15
4227;15
4228;27
4229;29
4230;21
4231;21
4232;32
4233;21
4234;26
4235;16
4236;21
4237;24
4238;17
4239;25
4240;24
4241;20
4242;17
4243;22
4244;24
4245;19
4246;16
4247;21
4248;27
4249;20
4250;26
4251;24
4252;31
4253;24
4254;17
4255;15
4256;22
4257;26
4258;20
4259;16
4260;20
4261;22
4262;23
4263;15
4264;27
4265;17
4266;18
4267;27
4268;22
4269;15
4270;26
4271;20
4272;25
4273;20
4274;25
4275;27
4276;22
4277;17
4278;20
4279;16
4280;15
4281;25
4282;20
4283;23
4284;20
4285;25
4286;26
4287;12
4288;23
4289;16
4290;16
4291;24
4292;17
4293;17
4294;13
4295;15
4296;24
4297;20
4298;24
4299;26
4300;16
4301;15
4302;17
4303;15
4304;33
4305;23
4306;22
4307;24
4308;17
4309;23
4310;25
4311;23
4312;35
4313;20
4314;23
4315;19
4316;20
4317;21
4318;16
4319;15
4320;17
4321;24
4322;27
4323;26
4324;16
4325;18
4326;18
4327;22
4328;25
4329;29
4330;24
4331;16
4332;14
4333;28
4334;30
4335;18
4336;29
4337;21
4338;24
4339;17
4340;13
4341;14
4342;21
4343;20
4344;15
4345;16
4346;24
4347;25
4348;19
4349;22
4350;18
4351;26
4352;20
4353;18
4354;25
4355;18
4356;24
4357;20
4358;13
4359;30
4360;17
4361;21
4362;23
4363;23
4364;29
4365;24
4366;17
4367;23
4368;24
4369;15
4370;25
4371;24
4372;21
4373;22
4374;15
4375;17
4376;23
4377;19
4378;18
4379;24
4380;11
4381;21
4382;24
4383;20
4384;26
4385;16
4386;27
4387;19
4388;24
4389;22
4390;24
4391;21
4392;27
4393;23
4394;15
4395;25
4396;20
4397;18
4398;27
4399;20
4400;19
4401;20
4402;13
4403;14
4404;12
4405;22
4406;18
4407;23
4408;17
4409;19
4410;18
4411;22
4412;17
4413;28
4414;25
4415;16
4416;21
4417;19
4418;15
4419;19
4420;23
4421;24
4422;26
4423;21
4424;17
4425;15
4426;23
4427;24
4428;22
4429;20
4430;13
4431;20
4432;26
4433;15
4434;34
4435;15
4436;21
4437;23
4438;16
4439;24
4440;31
4441;32
4442;17
4443;22
4444;20
4445;23
4446;22
4447;13
4448;11
4449;10
4450;22
4451;21
4452;19
4453;12
4454;13
4455;11
4456;12
4457;13
4458;27
4459;18
4460;17
4461;21
4462;20
4463;28
4464;22
4465;19
4466;21
4467;22
4468;16
4469;15
4470;13
4471;14
4472;19
4473;20
4474;28
4475;17
4476;26
4477;15
4478;20
4479;13
4480;17
4481;12
4482;23
4483;22
4484;23
4485;22
4486;18
4487;16
4488;23
4489;22
4490;26
4491;20
4492;14
4493;14
4494;18
4495;12
4496;17
4497;16
4498;20
4499;20
4500;13
4501;13
4502;21
4503;24
4504;21
4505;15
4506;16
4507;14
4508;13
4509;22
4510;17
4511;13
4512;22
4513;20
4514;12
4515;19
4516;15
4517;11
4518;19
4519;17
4520;15
4521;19
4522;19
4523;13
4524;15
4525;15
4526;20
4527;14
4528;28
4529;23
4530;10
4531;12
4532;17
4533;11
4534;16
4535;15
4536;11
4537;14
4538;10
4539;15
4540;19
4541;19
4542;14
4543;17
4544;19
4545;11
4546;16
4547;12
4548;15
4549;17
4550;12
4551;17
4552;20
4553;23
4554;15
4555;20
4556;15
4557;13
4558;14
4559;18
4560;13
4561;17
4562;18
4563;18
4564;14
4565;22
4566;13
4567;13
4568;14
4569;17
4570;14
4571;15
4572;12
4573;24
4574;22
4575;20
4576;22
4577;16
4578;13
4579;15
4580;15
4581;19
4582;18
4583;16
4584;24
4585;11
4586;12
4587;11
4588;13
4589;10
4590;19
4591;16
4592;18
4593;13
4594;9
4595;17
4596;12
4597;21
4598;13
4599;14
4600;19
4601;17
4602;23
4603;19
4604;15
4605;13
4606;10
4607;20
4608;13
4609;10
4610;14
4611;16
4612;16
4613;14
4614;18
4615;14
4616;17
4617;19
4618;14
4619;14
4620;24
4621;20
4622;21
4623;18
4624;19
4625;18
4626;22
4627;11
4628;20
4629;20
4630;20
4631;14
4632;18
4633;15
4634;15
4635;16
4636;14
4637;15
4638;15
4639;16
4640;22
4641;13
4642;14
4643;20
4644;17
4645;14
4646;17
4647;24
4648;18
4649;10
4650;16
4651;11
4652;17
4653;13
4654;16
4655;14
4656;15
4657;7
4658;18
4659;25
4660;21
4661;11
4662;14
4663;13
4664;21
4665;16
4666;18
4667;17
4668;12
4669;22
4670;16
4671;14
4672;17
4673;16
4674;11
4675;7
4676;13
4677;15
4678;14
4679;18
4680;18
4681;12
4682;15
4683;16
4684;16
4685;16
4686;12
4687;12
4688;15
4689;18
4690;21
4691;14
4692;19
4693;13
4694;11
4695;15
4696;15
4697;21
4698;12
4699;18
4700;19
4701;10
4702;18
4703;26
4704;12
4705;13
4706;12
4707;11
4708;16
4709;21
4710;10
4711;12
4712;12
4713;10
4714;10
4715;15
4716;16
4717;16
4718;18
4719;27
4720;21
4721;18
4722;13
4723;14
4724;17
4725;12
4726;7
4727;12
4728;18
4729;11
4730;10
4731;16
4732;17
4733;14
4734;11
4735;11
4736;8
4737;17
4738;16
4739;12
4740;13
4741;12
4742;13
4743;8
4744;11
4745;16
4746;14
4747;7
4748;11
4749;12
4750;19
4751;15
4752;17
4753;14
4754;19
4755;16
4756;15
4757;17
4758;11
4759;10
4760;11
4761;22
4762;19
4763;11
4764;15
4765;10
4766;25
4767;15
4768;17
4769;17
4770;13
4771;12
4772;16
4773;4
4774;11
4775;10
4776;18
4777;12
4778;16
4779;11
4780;8
4781;15
4782;17
4783;14
4784;18
4785;10
4786;11
4787;14
4788;14
4789;9
4790;18
4791;14
4792;14
4793;16
4794;19
4795;12
4796;13
4797;15
4798;14
4799;17
4800;22
4801;14
4802;18
4803;22
4804;14
4805;17
4806;17
4807;23
4808;12
4809;19
4810;12
4811;14
4812;9
4813;15
4814;16
4815;16
4816;10
4817;12
4818;11
4819;21
4820;16
4821;12
4822;14
4823;21
4824;15
4825;12
4826;15
4827;16
4828;17
4829;15
4830;5
4831;11
4832;13
4833;15
4834;16
4835;13
4836;10
4837;7
4838;14
4839;10
4840;13
4841;10
4842;12
4843;9
4844;16
4845;17
4846;17
4847;15
4848;15
4849;9
4850;13
4851;15
4852;12
4853;7
4854;11
4855;17
4856;9
4857;17
4858;18
4859;13
4860;12
4861;16
4862;21
4863;15
4864;22
4865;17
4866;12
4867;16
4868;13
4869;9
4870;16
4871;13
4872;15
4873;9
4874;14
4875;13
4876;15
4877;16
4878;16
4879;17
4880;16
4881;16
4882;17
4883;11
4884;17
4885;10
4886;14
4887;14
4888;10
4889;10
4890;7
4891;11
4892;14
4893;12
4894;22
4895;14
4896;7
4897;17
4898;13
4899;20
4900;14
4901;11
4902;18
4903;11
4904;15
4905;12
4906;14
4907;18
4908;15
4909;10
4910;7
4911;14
4912;14
4913;10
4914;12
4915;11
4916;9
4917;7
4918;9
4919;10
4920;14
4921;15
4922;10
4923;8
4924;12
4925;15
4926;12
4927;12
4928;14
4929;11
4930;15
4931;17
4932;10
4933;16
4934;9
4935;16
4936;15
4937;9
4938;16
4939;10
4940;19
4941;12
4942;12
4943;21
4944;18
4945;9
4946;17
4947;12
4948;6
4949;18
4950;7
4951;18
4952;9
4953;12
4954;13
4955;16
4956;15
4957;12
4958;15
4959;14
4960;11
4961;9
4962;10
4963;9
4964;12
4965;12
4966;14
4967;9
4968;8
4969;16
4970;10
4971;19
4972;18
4973;11
4974;16
4975;14
4976;10
4977;16
4978;10
4979;13
4980;13
4981;6
4982;9
4983;16
4984;8
4985;5
4986;10
4987;13
4988;5
4989;17
4990;13
4991;11
4992;14
4993;6
4994;12
4995;7
4996;16
4997;14
4998;8
4999;18
5000;14
5001;13
5002;16
5003;14
5004;13
5005;13
5006;12
5007;14
5008;11
5009;9
5010;9
5011;10
5012;11
5013;14
5014;14
5015;13
5016;16
5017;7
5018;7
5019;16
5020;8
5021;12
5022;13
5023;12
5024;5
5025;17
5026;9
5027;10
5028;14
5029;15
5030;9
5031;7
5032;11
5033;13
5034;12
5035;9
5036;13
5037;10
5038;8
5039;11
5040;10
5041;16
5042;17
5043;14
5044;15
5045;9
5046;9
5047;10
5048;14
5049;12
5050;15
5051;13
5052;12
5053;11
5054;22
5055;12
5056;6
5057;16
5058;12
5059;7
5060;12
5061;10
5062;14
5063;7
5064;10
5065;11
5066;11
5067;7
5068;7
5069;14
5070;8
5071;15
5072;15
5073;18
5074;19
5075;13
5076;13
5077;11
5078;11
5079;10
5080;11
5081;11
5082;10
5083;7
5084;4
5085;10
5086;10
5087;11
5088;18
5089;9
5090;4
5091;16
5092;7
5093;12
5094;8
5095;15
5096;12
5097;8
5098;11
5099;4
5100;7
5101;9
5102;10
5103;9
5104;7
5105;9
5106;9
5107;16
5108;11
5109;10
5110;8
5111;8
5112;10
5113;7
5114;11
5115;9
5116;11
5117;10
5118;10
5119;10
5120;11
5121;7
5122;6
5123;7
5124;9
5125;14
5126;6
5127;11
5128;5
5129;11
5130;4
5131;11
5132;11
5133;6
5134;8
5135;13
5136;9
5137;9
5138;10
5139;4
5140;9
5141;11
5142;12
5143;6
5144;6
5145;7
5146;9
5147;10
5148;10
5149;15
5150;7
5151;17
5152;10
5153;6
5154;12
5155;9
5156;9
5157;9
5158;5
5159;8
5160;13
5161;10
5162;9
5163;13
5164;8
5165;11
5166;5
5167;6
5168;8
5169;12
5170;11
5171;13
5172;7
5173;9
5174;6
5175;7
5176;14
5177;10
5178;9
5179;4
5180;11
5181;9
5182;8
5183;13
5184;13
5185;4
5186;6
5187;15
5188;9
5189;12
5190;12
5191;9
5192;9
5193;10
5194;8
5195;8
5196;4
5197;9
5198;9
5199;6
5200;10
5201;11
5202;4
5203;12
5204;12
5205;11
5206;8
5207;12
5208;7
5209;4
5210;4
5211;8
5212;6
5213;7
5214;5
5215;13
5216;8
5217;8
5218;6
5219;7
5220;8
5221;6
5222;7
5223;13
5224;8
5225;9
5226;9
5227;5
5228;11
5229;11
5230;5
5231;8
5232;6
5233;8
5234;7
5235;10
5236;18
5237;9
5238;11
5239;4
5240;10
5241;11
5242;8
5243;10
5244;5
5245;9
5246;12
5247;13
5248;7
5249;12
5250;7
5251;7
5252;4
5253;14
5254;10
5255;7
5256;9
5257;9
5258;8
5259;4
5260;8
5261;7
5262;6
5263;8
5264;11
5265;11
5266;4
5267;9
5268;5
5269;5
5270;7
5271;9
5272;10
5273;9
5274;9
5275;7
5276;4
5277;6
5278;7
5279;8
5280;8
5281;15
5282;5
5283;9
5284;7
5285;4
5286;8
5287;10
5288;7
5289;9
5290;10
5291;6
5292;17
5293;12
5294;9
5295;4
5296;4
5297;14
5298;5
5299;5
5300;9
5301;5
5302;10
5303;12
5304;10
5305;14
5306;10
5307;9
5308;7
5309;8
5310;6
5311;11
5312;3
5313;8
5314;9
5315;5
5316;6
5317;12
5318;12
5319;4
5320;9
5321;6
5322;7
5323;11
5324;8
5325;3
5326;4
5327;13
5328;7
5329;6
5330;7
5331;6
5332;7
5333;6
5334;7
5335;5
5336;7
5337;10
5338;7
5339;2
5340;7
5341;9
5342;3
5343;14
5344;4
5345;7
5346;10
5347;5
5348;7
5349;11
5350;6
5351;7
5352;6
5353;7
5354;8
5355;5
5356;10
5357;6
5358;6
5359;7
5360;4
5361;6
5362;4
5363;8
5364;10
5365;11
5366;11
5367;3
5368;11
5369;8
5370;7
5371;6
5372;9
5373;4
5374;10
5375;4
5376;5
5377;8
5378;10
5379;10
5380;6
5381;10
5382;8
5383;8
5384;12
5385;10
5386;6
5387;10
5388;8
5389;5
5390;11
5391;9
5392;14
5393;7
5394;8
5395;4
5396;9
5397;6
5398;5
5399;11
5400;7
5401;10
5402;6
5403;4
5404;14
5405;9
5406;5
5407;8
5408;6
5409;11
5410;2
5411;7
5412;4
5413;4
5414;8
5415;7
5416;6
5417;8
5418;9
5419;11
5420;8
5421;10
5422;7
5423;4
5424;7
5425;8
5426;8
5427;7
5428;10
5429;7
5430;7
5431;6
5432;5
5433;9
5434;7
5435;7
5436;8
5437;10
5438;5
5439;4
5440;9
5441;11
5442;11
5443;4
5444;6
5445;10
5446;4
5447;5
5448;14
5449;4
5450;8
5451;9
5452;10
5453;6
5454;11
5455;5
5456;7
5457;11
5458;6
5459;12
5460;8
5461;7
5462;6
5463;9
5464;5
5465;8
5466;15
5467;8
5468;6
5469;7
5470;8
5471;6
5472;4
5473;8
5474;4
5475;14
5476;10
5477;6
5478;2
5479;11
5480;9
5481;9
5482;4
5483;4
5484;6
5485;5
5486;12
5487;3
5488;14
5489;10
5490;10
5491;4
5492;7
5493;5
5494;6
5495;9
5496;4
5497;10
5498;9
5499;11
5500;11
5501;4
5502;9
5503;7
5504;5
5505;10
5506;9
5507;4
5508;8
5509;5
5510;14
5511;6
5512;4
5513;7
5514;5
5515;8
5516;9
5517;8
5518;10
5519;7
5520;8
5521;3
5522;5
5523;7
5524;6
5525;6
5526;6
5527;14
5528;5
5529;9
5530;7
5531;3
5532;9
5533;14
5534;6
5535;6
5536;9
5537;8
5538;5
5539;9
5540;8
5541;9
5542;5
5543;9
5544;6
5545;6
5546;7
5547;11
5548;3
5549;14
5550;10
5551;7
5552;7
5553;11
5554;7
5555;10
5556;5
5557;10
5558;9
5559;6
5560;8
5561;6
5562;7
5563;7
5564;8
5565;4
5566;6
5567;4
5568;7
5569;10
5570;5
5571;4
5572;6
5573;10
5574;6
5575;6
5576;14
5577;6
5578;13
5579;5
5580;12
5581;6
5582;8
5583;2
5584;6
5585;4
5586;8
5587;3
5588;10
5589;5
5590;8
5591;10
5592;8
5593;5
5594;10
5595;5
5596;10
5597;7
5598;4
5599;9
5600;10
5601;7
5602;12
5603;10
5604;6
5605;9
5606;8
5607;9
5608;8
5609;11
5610;17
5611;9
5612;4
5613;6
5614;8
5615;8
5616;5
5617;7
5618;8
5619;13
5620;7
5621;4
5622;8
5623;7
5624;6
5625;8
5626;10
5627;5
5628;5
5629;7
5630;6
5631;11
5632;7
5633;9
5634;8
5635;4
5636;11
5637;4
5638;6
5639;5
5640;2
5641;3
5642;10
5643;7
5644;5
5645;5
5646;4
5647;10
5648;7
5649;7
5650;8
5651;9
5652;8
5653;6
5654;8
5655;11
5656;4
5657;3
5658;4
5659;10
5660;9
5661;11
5662;6
5663;3
5664;8
5665;8
5666;6
5667;4
5668;10
5669;8
5670;2
5671;4
5672;5
5673;6
5674;13
5675;5
5676;2
5677;9
5678;6
5679;2
5680;7
5681;8
5682;4
5683;6
5684;5
5685;11
5686;8
5687;8
5688;6
5689;11
5690;9
5691;10
5692;6
5693;8
5694;11
5695;8
5696;5
5697;6
5698;4
5699;4
5700;7
5701;7
5702;9
5703;7
5704;10
5705;10
5706;4
5707;9
5708;3
5709;7
5710;11
5711;7
5712;8
5713;3
5714;11
5715;7
5716;10
5717;4
5718;2
5719;9
5720;4
5721;8
5722;7
5723;10
5724;3
5725;9
5726;12
5727;4
5728;6
5729;7
5730;6
5731;2
5732;12
5733;8
5734;8
5735;7
5736;8
5737;7
5738;3
5739;5
5740;5
5741;10
5742;6
5743;6
5744;6
5745;11
5746;8
5747;2
5748;7
5749;9
5750;9
5751;7
5752;9
5753;4
5754;11
5755;11
5756;10
5757;6
5758;7
5759;1
5760;6
5761;5
5762;8
5763;9
5764;10
5765;12
5766;4
5767;14
5768;6
5769;4
5770;5
5771;3
5772;10
5773;7
5774;6
5775;5
5776;6
5777;4
5778;5
5779;10
5780;9
5781;4
5782;12
5783;5
5784;9
5785;5
5786;3
5787;6
5788;8
5789;6
5790;5
5791;5
5792;6
5793;14
5794;7
5795;14
5796;4
5797;5
5798;15
5799;3
5800;7
5801;3
5802;5
5803;9
5804;5
5805;5
5806;6
5807;8
5808;12
5809;8
5810;2
5811;6
5812;3
5813;6
5814;8
5815;2
5816;4
5817;5
5818;8
5819;7
5820;8
5821;5
5822;5
5823;4
5824;4
5825;9
5826;3
5827;5
5828;6
5829;6
5830;9
5831;6
5832;4
5833;5
5834;9
5835;10
5836;7
5837;11
5838;10
5839;13
5840;7
5841;6
5842;6
5843;4
5844;6
5845;10
5846;7
5847;9
5848;5
5849;5
5850;13
5851;5
5852;6
5853;12
5854;10
5855;11
5856;9
5857;7
5858;6
5859;5
5860;5
5861;6
5862;6
5863;7
5864;9
5865;6
5866;6
5867;10
5868;9
5869;6
5870;8
5871;10
5872;9
5873;9
5874;4
5875;8
5876;5
5877;5
5878;12
5879;8
5880;8
5881;5
5882;8
5883;8
5884;6
5885;4
5886;6
5887;4
5888;4
5889;5
5890;4
5891;5
5892;9
5893;14
5894;13
5895;5
5896;6
5897;12
5898;7
5899;8
5900;8
5901;7
5902;2
5903;6
5904;10
5905;8
5906;10
5907;6
5908;7
5909;10
5910;10
5911;6
5912;5
5913;4
5914;6
5915;8
5916;8
5917;8
5918;7
5919;6
5920;7
5921;5
5922;7
5923;7
5924;5
5925;4
5926;11
5927;6
5928;12
5929;5
5930;2
5931;5
5932;8
5933;4
5934;8
5935;10
5936;8
5937;4
5938;9
5939;12
5940;3
5941;4
5942;8
5943;10
5944;11
5945;5
5946;7
5947;4
5948;7
5949;5
5950;10
5951;9
5952;7
5953;5
5954;5
5955;3
5956;6
5957;8
5958;7
5959;2
5960;2
5961;7
5962;4
5963;7
5964;8
5965;8
5966;11
5967;2
5968;5
5969;10
5970;7
5971;10
5972;10
5973;6
5974;8
5975;14
5976;3
5977;3
5978;8
5979;6
5980;12
5981;5
5982;9
5983;7
5984;4
5985;8
5986;8
5987;7
5988;5
5989;5
5990;9
5991;5
5992;10
5993;5
5994;8
5995;7
5996;5
5997;3
5998;8
5999;9
6000;4
6001;5
6002;7
6003;8
6004;11
6005;6
6006;8
6007;7
6008;9
6009;8
6010;6
6011;9
6012;7
6013;5
6014;6
6015;10
6016;3
6017;8
6018;10
6019;6
6020;9
6021;8
6022;8
6023;10
6024;9
6025;5
6026;4
6027;10
6028;7
6029;12
6030;8
6031;9
6032;10
6033;6
6034;7
6035;8
6036;7
6037;4
6038;3
6039;8
6040;4
6041;8
6042;9
6043;14
6044;7
6045;7
6046;8
6047;6
6048;1
6049;2
6050;7
6051;6
6052;11
6053;8
6054;7
6055;5
6056;7
6057;7
6058;5
6059;9
6060;5
6061;3
6062;6
6063;7
6064;8
6065;7
6066;8
6067;8
6068;6
6069;5
6070;7
6071;8
6072;8
6073;7
6074;11
6075;4
6076;8
6077;3
6078;7
6079;6
6080;6
6081;4
6082;5
6083;6
6084;4
6085;7
6086;3
6087;6
6088;8
6089;9
6090;7
6091;10
6092;6
6093;7
6094;6
6095;6
6096;2
6097;6
6098;6
6099;10
6100;9
6101;4
6102;6
6103;3
6104;7
6105;10
6106;4
6107;5
6108;4
6109;7
6110;6
6111;8
6112;7
6113;6
6114;1
6115;4
6116;6
6117;3
6118;7
6119;6
6120;9
6121;9
6122;7
6123;6
6124;3
6125;9
6126;7
6127;7
6128;9
6129;5
6130;11
6131;6
6132;10
6133;8
6134;1
6135;11
6136;9
6137;13
6138;1
6139;11
6140;10
6141;7
6142;8
6143;7
6144;5
6145;3
6146;10
6147;8
6148;3
6149;9
6150;5
6151;7
6152;6
6153;12
6154;8
6155;3
6156;11
6157;5
6158;10
6159;9
6160;10
6161;8
6162;4
6163;11
6164;11
6165;9
6166;7
6167;5
6168;8
6169;5
6170;4
6171;6
6172;7
6173;5
6174;6
6175;5
6176;7
6177;8
6178;8
6179;8
6180;12
6181;7
6182;15
6183;8
6184;6
6185;5
6186;8
6187;7
6188;10
6189;7
6190;6
6191;8
6192;6
6193;9
6194;8
6195;7
6196;6
6197;7
6198;8
6199;9
6200;13
6201;6
6202;5
6203;6
6204;8
6205;3
6206;5
6207;12
6208;6
6209;8
6210;7
6211;9
6212;7
6213;8
6214;6
6215;5
6216;3
6217;5
6218;4
6219;6
6220;8
6221;7
6222;5
6223;9
6224;11
6225;6
6226;6
6227;5
6228;8
6229;6
6230;8
6231;10
6232;9
6233;11
6234;7
6235;6
6236;7
6237;12
6238;9
6239;2
6240;7
6241;10
6242;7
6243;11
6244;5
6245;6
6246;7
6247;7
6248;7
6249;8
6250;9
6251;4
6252;10
6253;6
6254;7
6255;7
6256;7
6257;10
6258;6
6259;9
6260;9
6261;11
6262;5
6263;5
6264;14
6265;4
6266;6
6267;13
6268;7
6269;12
6270;11
6271;7
6272;9
6273;12
6274;6
6275;7
6276;8
6277;8
6278;9
6279;12
6280;9
6281;8
6282;4
6283;6
6284;15
6285;11
6286;4
6287;7
6288;7
6289;11
6290;6
6291;11
6292;7
6293;8
6294;8
6295;4
6296;9
6297;11
6298;13
6299;9
6300;8
6301;7
6302;7
6303;10
6304;10
6305;3
6306;6
6307;10
6308;11
6309;3
6310;10
6311;11
6312;9
6313;6
6314;3
6315;7
6316;5
6317;6
6318;12
6319;6
6320;8
6321;11
6322;14
6323;13
6324;7
6325;6
6326;6
6327;6
6328;2
6329;12
6330;8
6331;10
6332;13
6333;13
6334;11
6335;14
6336;8
6337;18
6338;10
6339;8
6340;10
6341;8
6342;7
6343;14
6344;15
6345;12
6346;10
6347;11
6348;14
6349;13
6350;10
6351;13
6352;10
6353;8
6354;9
6355;10
6356;10
6357;5
6358;12
6359;9
6360;14
6361;9
6362;13
6363;6
6364;12
6365;22
6366;6
6367;10
6368;6
6369;15
6370;14
6371;12
6372;9
6373;9
6374;7
6375;14
6376;10
6377;9
6378;13
6379;9
6380;13
6381;22
6382;13
6383;8
6384;10
6385;21
6386;13
6387;8
6388;15
6389;11
6390;10
6391;13
6392;12
6393;12
6394;12
6395;16
6396;15
6397;16
6398;17
6399;16
6400;14
6401;12
6402;16
6403;11
6404;17
6405;16
6406;10
6407;13
6408;18
6409;17
6410;15
6411;12
6412;13
6413;9
6414;4
6415;11
6416;13
6417;11
6418;21
6419;28
6420;13
6421;18
6422;13
6423;14
6424;14
6425;13
6426;15
6427;15
6428;14
6429;15
6430;17
6431;15
6432;14
6433;12
6434;19
6435;16
6436;13
6437;9
6438;20
6439;19
6440;13
6441;12
6442;15
6443;11
6444;13
6445;20
6446;10
6447;14
6448;18
6449;16
6450;16
6451;16
6452;14
6453;29
6454;16
6455;20
6456;11
6457;14
6458;14
6459;16
6460;21
6461;19
6462;16
6463;11
6464;18
6465;16
6466;23
6467;29
6468;20
6469;21
6470;16
6471;14
6472;10
6473;19
6474;20
6475;21
6476;16
6477;16
6478;23
6479;25
6480;16
6481;13
6482;27
6483;27
6484;25
6485;29
6486;20
6487;21
6488;22
6489;19
6490;18
6491;21
6492;19
6493;23
6494;26
6495;15
6496;20
6497;22
6498;16
6499;36
6500;28
6501;27
6502;37
6503;26
6504;22
6505;18
6506;25
6507;18
6508;21
6509;22
6510;25
6511;27
6512;27
6513;26
6514;24
6515;36
6516;28
6517;21
6518;27
6519;18
6520;27
6521;26
6522;28
6523;31
6524;29
6525;26
6526;26
6527;28
6528;30
6529;28
6530;34
6531;23
6532;34
6533;35
6534;23
6535;31
6536;27
6537;28
6538;35
6539;39
6540;21
6541;33
6542;35
6543;37
6544;25
6545;49
6546;27
6547;26
6548;36
6549;34
6550;29
6551;39
6552;36
6553;37
6554;33
6555;39
6556;43
6557;37
6558;28
6559;34
6560;30
6561;47
6562;39
6563;34
6564;31
6565;45
6566;39
6567;37
6568;46
6569;45
6570;32
6571;28
6572;34
6573;39
6574;45
6575;36
6576;31
6577;44
6578;51
6579;27
6580;38
6581;41
6582;36
6583;38
6584;44
6585;43
6586;55
6587;40
6588;39
6589;50
6590;53
6591;38
6592;45
6593;37
6594;39
6595;47
6596;39
6597;38
6598;40
6599;35
6600;56
6601;47
6602;41
6603;34
6604;36
6605;46
6606;31
6607;51
6608;45
6609;54
6610;46
6611;56
6612;44
6613;48
6614;40
6615;41
6616;36
6617;48
6618;47
6619;49
6620;50
6621;59
6622;46
6623;52
6624;51
6625;48
6626;56
6627;56
6628;58
6629;55
6630;49
6631;46
6632;69
6633;57
6634;57
6635;59
6636;64
6637;57
6638;50
6639;48
6640;60
6641;56
6642;68
6643;58
6644;49
6645;57
6646;58
6647;60
6648;61
6649;50
6650;50
6651;51
6652;56
6653;54
6654;66
6655;69
6656;73
6657;82
6658;64
6659;62
6660;53
6661;72
6662;74
6663;61
6664;62
6665;73
6666;68
6667;72
6668;66
6669;62
6670;64
6671;55
6672;71
6673;44
6674;71
6675;73
6676;71
6677;66
6678;52
6679;56
6680;73
6681;74
6682;60
6683;74
6684;73
6685;81
6686;81
6687;62
6688;81
6689;72
6690;62
6691;63
6692;84
6693;65
6694;88
6695;77
6696;80
6697;73
6698;84
6699;80
6700;67
6701;71
6702;83
6703;67
6704;59
6705;87
6706;78
6707;70
6708;67
6709;78
6710;74
6711;96
6712;81
6713;92
6714;87
6715;88
6716;73
6717;81
6718;77
6719;87
6720;85
6721;75
6722;89
6723;64
6724;82
6725;98
6726;76
6727;68
6728;87
6729;97
6730;77
6731;93
6732;93
6733;94
6734;89
6735;82
6736;105
6737;106
6738;94
6739;109
6740;79
6741;96
6742;96
6743;95
6744;93
6745;87
6746;84
6747;79
6748;90
6749;74
6750;101
6751;70
6752;90
6753;89
6754;87
6755;100
6756;96
6757;90
6758;76
6759;88
6760;106
6761;98
6762;88
6763;97
6764;92
6765;90
6766;125
6767;86
6768;97
6769;107
6770;101
6771;85
6772;101
6773;92
6774;101
6775;94
6776;104
6777;92
6778;112
6779;88
6780;90
6781;99
6782;103
6783;88
6784;107
6785;86
6786;102
6787;90
6788;109
6789;120
6790;91
6791;96
6792;108
6793;104
6794;125
6795;122
6796;123
6797;86
6798;112
6799;99
6800;100
6801;115
6802;89
6803;121
6804;100
6805;119
6806;103
6807;106
6808;108
6809;113
6810;99
6811;127
6812;113
6813;129
6814;104
6815;117
6816;98
6817;133
6818;108
6819;100
6820;111
6821;111
6822;109
6823;110
6824;99
6825;126
6826;124
6827;126
6828;107
6829;107
6830;112
6831;116
6832;97
6833;122
6834;109
6835;107
6836;121
6837;119
6838;108
6839;137
6840;118
6841;116
6842;133
6843;117
6844;122
6845;124
6846;130
6847;102
6848;108
6849;116
6850;105
6851;118
6852;92
6853;123
6854;99
6855;131
6856;114
6857;115
6858;132
6859;107
6860;100
6861;128
6862;125
6863;116
6864;116
6865;100
6866;107
6867;131
6868;110
6869;130
6870;130
6871;125
6872;107
6873;104
6874;119
6875;101
6876;111
6877;133
6878;106
6879;110
6880;113
6881;110
6882;134
6883;127
6884;127
6885;105
6886;121
6887;107
6888;127
6889;116
6890;116
6891;122
6892;124
6893;126
6894;122
6895;113
6896;114
6897;111
6898;116
6899;135
6900;111
6901;105
6902;116
6903;129
6904;110
6905;123
6906;133
6907;114
6908;125
6909;118
6910;117
6911;103
6912;119
6913;106
6914;112
6915;117
6916;117
6917;103
6918;113
6919;114
6920;138
6921;112
6922;121
6923;134
6924;115
6925;129
6926;108
6927;111
6928;124
6929;106
6930;134
6931;113
6932;143
6933;116
6934;146
6935;119
6936;121
6937;113
6938;116
6939;129
6940;150
6941;131
6942;122
6943;111
6944;128
6945;111
6946;123
6947;117
6948;129
6949;113
6950;126
6951;122
6952;114
6953;122
6954;128
6955;110
6956;121
6957;107
6958;125
6959;115
6960;110
6961;107
6962;135
6963;114
6964;118
6965;114
6966;131
6967;112
6968;114
6969;117
6970;120
6971;128
6972;116
6973;104
6974;122
6975;123
6976;118
6977;121
6978;124
6979;123
6980;124
6981;129
6982;109
6983;113
6984;121
6985;119
6986;115
6987;122
6988;119
6989;89
6990;135
6991;108
6992;123
6993;111
6994;94
6995;96
6996;126
6997;117
6998;116
6999;108
7000;121
7001;102
7002;104
7003;119
7004;118
7005;125
7006;101
7007;116
7008;128
7009;104
7010;113
7011;122
7012;117
7013;107
7014;102
7015;98
7016;114
7017;118
7018;99
7019;102
7020;109
7021;108
7022;136
7023;117
7024;108
7025;103
7026;119
7027;111
7028;94
7029;110
7030;116
7031;128
7032;116
7033;116
7034;107
7035;107
7036;122
7037;92
7038;102
7039;125
7040;110
7041;107
7042;101
7043;106
7044;93
7045;86
7046;113
7047;112
7048;117
7049;106
7050;98
7051;92
7052;93
7053;96
7054;125
7055;102
7056;84
7057;104
7058;98
7059;97
7060;102
7061;95
7062;106
7063;94
7064;103
7065;111
7066;84
7067;85
7068;100
7069;102
7070;85
7071;106
7072;99
7073;86
7074;95
7075;88
7076;94
7077;75
7078;108
7079;122
7080;107
7081;98
7082;97
7083;95
7084;99
7085;93
7086;95
7087;82
7088;103
7089;85
7090;102
7091;101
7092;88
7093;80
7094;95
7095;84
7096;85
7097;81
7098;97
7099;96
7100;88
7101;85
7102;94
7103;84
7104;84
7105;86
7106;99
7107;89
7108;91
7109;86
7110;82
7111;86
7112;85
7113;75
7114;78
7115;94
7116;83
7117;59
7118;62
7119;94
7120;77
7121;71
7122;86
7123;88
7124;80
7125;58
7126;68
7127;72
7128;76
7129;68
7130;86
7131;71
7132;88
7133;65
7134;79
7135;84
7136;65
7137;73
7138;89
7139;73
7140;77
7141;83
7142;83
7143;72
7144;73
7145;80
7146;82
7147;54
7148;60
7149;68
7150;59
7151;75
7152;56
7153;62
7154;77
7155;67
7156;78
7157;61
7158;77
7159;61
7160;60
7161;63
7162;75
7163;48
7164;81
7165;53
7166;69
7167;59
7168;53
7169;56
7170;52
7171;61
7172;57
7173;53
7174;63
7175;69
7176;51
7177;63
7178;48
7179;68
7180;62
7181;67
7182;70
7183;54
7184;62
7185;70
7186;48
7187;62
7188;61
7189;64
7190;54
7191;63
7192;56
7193;68
7194;56
7195;42
7196;39
7197;58
7198;66
7199;54
7200;50
7201;52
7202;64
7203;43
7204;54
7205;51
7206;56
7207;52
7208;46
7209;59
7210;55
7211;62
7212;48
7213;50
7214;57
7215;47
7216;52
7217;50
7218;58
7219;42
7220;40
7221;36
7222;28
7223;36
7224;42
7225;47
7226;51
7227;35
7228;39
7229;45
7230;49
7231;57
7232;52
7233;51
7234;46
7235;49
7236;47
7237;48
7238;44
7239;47
7240;49
7241;59
7242;36
7243;48
7244;42
7245;46
7246;34
7247;39
7248;49
7249;39
7250;40
7251;49
7252;29
7253;42
7254;45
7255;31
7256;32
7257;40
7258;39
7259;34
7260;41
7261;24
7262;28
7263;42
7264;41
7265;27
7266;32
7267;37
7268;37
7269;27
7270;39
7271;34
7272;36
7273;31
7274;39
7275;34
7276;31
7277;33
7278;33
7279;40
7280;40
7281;20
7282;28
7283;30
7284;34
7285;32
7286;30
7287;28
7288;35
7289;26
7290;33
7291;24
7292;32
7293;27
7294;36
7295;28
7296;33
7297;28
7298;23
7299;22
7300;34
7301;27
7302;30
7303;20
7304;28
7305;19
7306;24
7307;15
7308;22
7309;28
7310;23
7311;30
7312;25
7313;23
7314;21
7315;29
7316;34
7317;18
7318;26
7319;21
7320;19
7321;27
7322;18
7323;32
7324;22
7325;31
7326;24
7327;25
7328;27
7329;33
7330;18
7331;18
7332;13
7333;11
7334;23
7335;16
7336;15
7337;19
7338;21
7339;19
7340;27
7341;20
7342;27
7343;19
7344;16
7345;20
7346;18
7347;24
7348;21
7349;17
7350;16
7351;21
7352;14
7353;13
7354;16
7355;17
7356;12
7357;24
7358;15
7359;21
7360;24
7361;20
7362;12
7363;21
7364;12
7365;13
7366;13
7367;12
7368;16
7369;21
7370;20
7371;13
7372;11
7373;10
7374;15
7375;21
7376;20
7377;14
7378;16
7379;15
7380;12
7381;10
7382;14
7383;19
7384;10
7385;11
7386;9
7387;18
7388;10
7389;17
7390;18
7391;18
7392;10
7393;17
7394;15
7395;12
7396;12
7397;16
7398;19
7399;8
7400;15
7401;15
7402;17
7403;15
7404;12
7405;9
7406;11
7407;12
7408;5
7409;14
7410;11
7411;10
7412;14
7413;8
7414;8
7415;6
7416;11
7417;13
7418;8
7419;5
7420;9
7421;9
7422;11
7423;5
7424;10
7425;13
7426;8
7427;13
7428;13
7429;9
7430;8
7431;12
7432;9
7433;5
7434;14
7435;7
7436;9
7437;8
7438;11
7439;8
7440;9
7441;9
7442;12
7443;8
7444;7
7445;11
7446;14
7447;7
7448;9
7449;10
7450;10
7451;8
7452;8
7453;5
7454;16
7455;10
7456;8
7457;6
7458;13
7459;7
7460;6
7461;10
7462;8
7463;10
7464;13
7465;6
7466;7
7467;11
7468;14
7469;11
7470;4
7471;8
7472;11
7473;5
7474;13
7475;3
7476;6
7477;9
7478;7
7479;7
7480;7
7481;3
7482;1
7483;6
7484;6
7485;11
7486;10
7487;5
7488;7
7489;12
7490;3
7491;6
7492;11
7493;12
7494;4
7495;3
7496;4
7497;8
7498;8
7499;6
7500;5
7501;9
7502;2
7503;7
7504;6
7505;8
7506;10
7507;4
7508;7
7509;5
7510;4
7511;3
7512;0
7513;2
7514;3
7515;4
7516;8
7517;4
7518;6
7519;5
7520;2
7521;2
7522;3
7523;8
7524;4
7525;9
7526;10
7527;5
7528;5
7529;6
7530;5
7531;6
7532;7
7533;6
7534;2
7535;1
7536;4
7537;11
7538;3
7539;2
7540;3
7541;6
7542;3
7543;6
7544;5
7545;4
7546;5
7547;1
7548;3
7549;6
7550;5
7551;6
7552;7
7553;2
7554;3
7555;3
7556;5
7557;5
7558;7
7559;5
7560;8
7561;5
7562;5
7563;3
7564;8
7565;3
7566;6
7567;5
7568;8
7569;12
7570;2
7571;6
7572;5
7573;6
7574;7
7575;3
7576;10
7577;3
7578;2
7579;2
7580;6
7581;1
7582;3
7583;3
7584;6
7585;6
7586;4
7587;4
7588;7
7589;3
7590;0
7591;8
7592;6
7593;3
7594;5
7595;5
7596;3
7597;4
7598;10
7599;4
7600;4
7601;4
7602;6
7603;7
7604;3
7605;8
7606;3
7607;6
7608;8
7609;3
7610;6
7611;2
7612;1
7613;3
7614;4
7615;5
7616;3
7617;3
7618;4
7619;4
7620;4
7621;6
7622;3
7623;1
7624;5
7625;6
7626;8
7627;2
7628;10
7629;1
7630;4
7631;2
7632;4
7633;5
7634;7
7635;3
7636;3
7637;6
7638;4
7639;4
7640;6
7641;4
7642;4
7643;5
7644;1
7645;8
7646;11
7647;0
7648;8
7649;2
7650;3
7651;3
7652;1
7653;2
7654;4
7655;6
7656;4
7657;5
7658;8
7659;4
7660;3
7661;3
7662;4
7663;7
7664;2
7665;4
7666;6
7667;3
7668;5
7669;7
7670;2
7671;7
7672;1
7673;2
7674;3
7675;5
7676;4
7677;5
7678;7
7679;3
7680;5
7681;3
7682;5
7683;10
7684;3
7685;5
7686;4
7687;6
7688;4
7689;4
7690;6
7691;2
7692;6
7693;5
7694;3
7695;7
7696;2
7697;1
7698;6
7699;3
7700;5
7701;3
7702;2
7703;9
7704;5
7705;2
7706;3
7707;5
7708;3
7709;6
7710;2
7711;1
7712;4
7713;3
7714;5
7715;5
7716;6
7717;6
7718;2
7719;4
7720;4
7721;2
7722;5
7723;1
7724;4
7725;3
7726;5
7727;3
7728;4
7729;3
7730;5
7731;7
7732;2
7733;4
7734;4
7735;5
7736;5
7737;7
7738;5
7739;6
7740;6
7741;6
7742;6
7743;2
7744;4
7745;4
7746;4
7747;4
7748;4
7749;4
7750;3
7751;3
7752;4
7753;1
7754;5
7755;10
7756;3
7757;4
7758;4
7759;2
7760;5
7761;3
7762;7
7763;3
7764;4
7765;5
7766;5
7767;4
7768;1
7769;5
7770;6
7771;4
7772;6
7773;2
7774;1
7775;2
7776;3
7777;5
7778;3
7779;6
7780;7
7781;2
7782;7
7783;5
7784;3
7785;8
7786;7
7787;9
7788;4
7789;5
7790;7
7791;6
7792;4
7793;3
7794;3
7795;5
7796;6
7797;2
7798;4
7799;3
7800;4
7801;7
7802;5
7803;5
7804;5
7805;4
7806;7
7807;0
7808;6
7809;3
7810;1
7811;4
7812;2
7813;4
7814;5
7815;5
7816;5
7817;5
7818;6
7819;4
7820;6
7821;2
7822;7
7823;2
7824;2
7825;5
7826;2
7827;2
7828;2
7829;4
7830;5
7831;5
7832;4
7833;3
7834;4
7835;5
7836;3
7837;5
7838;1
7839;3
7840;5
7841;7
7842;4
7843;2
7844;6
7845;4
7846;4
7847;1
7848;5
7849;6
7850;4
7851;3
7852;5
7853;3
7854;3
7855;2
7856;8
7857;5
7858;4
7859;5
7860;7
7861;6
7862;9
7863;5
7864;2
7865;2
7866;2
7867;4
7868;5
7869;7
7870;2
7871;5
7872;4
7873;4
7874;5
7875;6
7876;1
7877;3
7878;4
7879;3
7880;4
7881;3
7882;6
7883;3
7884;4
7885;3
7886;1
7887;6
7888;2
7889;5
7890;3
7891;5
7892;5
7893;4
7894;4
7895;3
7896;6
7897;2
7898;5
7899;2
7900;6
7901;4
7902;4
7903;2
7904;6
7905;6
7906;4
7907;10
7908;6
7909;4
7910;2
7911;7
7912;6
7913;7
7914;5
7915;6
7916;5
7917;5
7918;5
7919;3
7920;5
7921;4
7922;2
7923;6
7924;4
7925;10
7926;5
7927;6
7928;6
7929;5
7930;3
7931;1
7932;3
7933;2
7934;2
7935;4
7936;7
7937;6
7938;5
7939;1
7940;5
7941;1
7942;6
7943;3
7944;2
7945;3
7946;4
7947;4
7948;3
7949;7
7950;1
7951;3
7952;6
7953;5
7954;4
7955;6
7956;1
7957;3
7958;4
7959;11
7960;3
7961;2
7962;3
7963;4
7964;3
7965;3
7966;2
7967;2
7968;5
7969;5
7970;7
7971;3
7972;5
7973;4
7974;3
7975;3
7976;3
7977;7
7978;8
7979;4
7980;5
7981;3
7982;4
7983;5
7984;4
7985;0
7986;8
7987;2
7988;4
7989;10
7990;5
7991;4
7992;1
7993;0
7994;1
7995;0
7996;0
7997;0
7998;0
7999;0
8000;0
8001;0
8002;0
8003;0
8004;0
8005;0
8006;0
8007;0
8008;0
8009;0
8010;0
8011;0
8012;0
8013;0
8014;0
8015;1
8016;0
8017;0
8018;0
8019;0
8020;0
8021;0
8022;0
8023;0
8024;0
8025;0
8026;0
8027;0
8028;0
8029;0
8030;0
8031;0
8032;0
8033;0
8034;0
8035;0
8036;0
8037;0
8038;0
8039;0
8040;0
8041;0
8042;0
8043;0
8044;0
8045;0
8046;0
8047;0
8048;0
8049;0
8050;0
8051;0
8052;0
8053;0
8054;0
8055;0
8056;0
8057;0
8058;0
8059;0
8060;0
8061;0
8062;0
8063;0
8064;0
8065;0
8066;0
8067;0
8068;0
8069;0
8070;0
8071;1
8072;0
8073;0
8074;0
8075;0
8076;0
8077;0
8078;0
8079;0
8080;0
8081;0
8082;0
8083;0
8084;0
8085;0
8086;0
8087;0
8088;0
8089;0
8090;0
8091;0
8092;0
8093;0
8094;0
8095;0
8096;0
8097;0
8098;0
8099;0
8100;0
8101;0
8102;0
8103;0
8104;0
8105;0
8106;0
8107;0
8108;0
8109;0
8110;0
8111;0
8112;0
8113;0
8114;0
8115;0
8116;0
8117;0
8118;0
8119;0
8120;0
8121;0
8122;0
8123;0
8124;0
8125;0
8126;0
8127;0
8128;0
8129;0
8130;0
8131;0
8132;0
8133;0
8134;0
8135;0
8136;0
8137;0
8138;0
8139;0
8140;0
8141;0
8142;0
8143;0
8144;0
8145;0
8146;0
8147;0
8148;0
8149;0
8150;0
8151;0
8152;0
8153;0
8154;0
8155;0
8156;0
8157;0
8158;0
8159;0
8160;0
8161;0
8162;0
8163;0
8164;0
8165;0
8166;0
8167;0
8168;0
8169;0
8170;0
8171;0
8172;0
8173;0
8174;0
8175;0
8176;0
8177;0
8178;0
8179;0
8180;0
8181;0
8182;0
8183;0
8184;0
8185;0
8186;0
8187;0
8188;0
8189;0
8190;0
8191;0
