0;5
1;1
2;0
3;0
4;0
5;0
6;0
7;0
8;0
9;0
10;0
11;0
12;0
13;0
14;0
15;0
16;0
17;0
18;0
19;0
20;0
21;0
22;0
23;0
24;0
25;0
26;0
27;0
28;0
29;0
30;2
31;7
32;20
33;24
34;25
35;24
36;19
37;22
38;24
39;35
40;18
41;17
42;22
43;27
44;23
45;29
46;27
47;21
48;21
49;26
50;24
51;15
52;27
53;25
54;22
55;29
56;26
57;27
58;23
59;24
60;27
61;28
62;24
63;27
64;16
65;26
66;25
67;25
68;32
69;16
70;34
71;22
72;27
73;28
74;25
75;23
76;29
77;23
78;22
79;16
80;21
81;36
82;30
83;35
84;24
85;20
86;24
87;29
88;27
89;24
90;31
91;20
92;30
93;31
94;33
95;29
96;21
97;22
98;26
99;25
100;25
101;37
102;20
103;20
104;23
105;29
106;34
107;27
108;19
109;27
110;32
111;30
112;25
113;19
114;28
115;35
116;30
117;25
118;46
119;31
120;24
121;30
122;25
123;37
124;30
125;30
126;25
127;30
128;31
129;24
130;36
131;31
132;27
133;28
134;25
135;27
136;25
137;31
138;31
139;23
140;37
141;23
142;19
143;21
144;39
145;28
146;26
147;28
148;26
149;25
150;22
151;36
152;30
153;38
154;23
155;25
156;25
157;26
158;28
159;33
160;18
161;21
162;25
163;26
164;21
165;20
166;31
167;20
168;25
169;38
170;29
171;32
172;25
173;27
174;23
175;30
176;28
177;22
178;13
179;21
180;27
181;28
182;23
183;22
184;23
185;33
186;21
187;29
188;22
189;32
190;31
191;28
192;30
193;26
194;22
195;38
196;25
197;33
198;18
199;31
200;24
201;30
202;39
203;30
204;26
205;36
206;22
207;26
208;30
209;28
210;27
211;20
212;19
213;23
214;18
215;28
216;27
217;28
218;28
219;41
220;25
221;23
222;29
223;41
224;29
225;18
226;21
227;28
228;28
229;23
230;25
231;30
232;32
233;34
234;36
235;32
236;27
237;31
238;32
239;30
240;28
241;42
242;33
243;23
244;22
245;35
246;36
247;28
248;28
249;28
250;25
251;24
252;30
253;31
254;24
255;22
256;25
257;20
258;34
259;34
260;31
261;37
262;27
263;34
264;30
265;33
266;28
267;29
268;30
269;34
270;25
271;24
272;28
273;24
274;26
275;28
276;38
277;33
278;38
279;21
280;36
281;35
282;35
283;33
284;35
285;23
286;28
287;38
288;23
289;27
290;38
291;38
292;33
293;36
294;28
295;25
296;29
297;32
298;29
299;18
300;26
301;32
302;37
303;31
304;26
305;36
306;35
307;23
308;37
309;37
310;32
311;25
312;30
313;30
314;28
315;33
316;29
317;30
318;28
319;38
320;28
321;23
322;32
323;29
324;21
325;27
326;30
327;31
328;24
329;32
330;36
331;36
332;28
333;34
334;43
335;32
336;40
337;37
338;25
339;38
340;31
341;38
342;38
343;31
344;38
345;32
346;40
347;32
348;28
349;28
350;31
351;43
352;31
353;37
354;27
355;19
356;41
357;36
358;39
359;23
360;38
361;33
362;40
363;26
364;29
365;22
366;43
367;32
368;31
369;28
370;39
371;41
372;40
373;34
374;43
375;34
376;51
377;45
378;31
379;44
380;47
381;45
382;33
383;32
384;36
385;40
386;29
387;34
388;40
389;42
390;31
391;22
392;32
393;48
394;31
395;26
396;42
397;47
398;49
399;32
400;33
401;42
402;28
403;28
404;32
405;36
406;40
407;29
408;43
409;34
410;47
411;36
412;32
413;34
414;30
415;33
416;28
417;49
418;33
419;45
420;42
421;39
422;45
423;32
424;36
425;43
426;44
427;47
428;31
429;46
430;48
431;37
432;39
433;42
434;38
435;38
436;47
437;39
438;51
439;45
440;34
441;41
442;50
443;36
444;35
445;28
446;41
447;39
448;37
449;36
450;47
451;39
452;38
453;33
454;44
455;35
456;48
457;52
458;49
459;47
460;44
461;36
462;33
463;42
464;40
465;39
466;44
467;36
468;45
469;44
470;47
471;34
472;46
473;35
474;49
475;47
476;39
477;56
478;42
479;39
480;44
481;51
482;57
483;30
484;40
485;47
486;42
487;41
488;36
489;42
490;30
491;47
492;36
493;40
494;43
495;40
496;45
497;38
498;41
499;43
500;35
501;37
502;33
503;46
504;28
505;39
506;36
507;48
508;36
509;44
510;39
511;32
512;38
513;38
514;41
515;29
516;36
517;37
518;47
519;38
520;36
521;41
522;32
523;37
524;36
525;40
526;48
527;44
528;41
529;53
530;32
531;44
532;42
533;53
534;31
535;38
536;40
537;42
538;41
539;35
540;41
541;48
542;42
543;38
544;36
545;33
546;40
547;41
548;32
549;41
550;39
551;35
552;42
553;38
554;40
555;34
556;30
557;39
558;53
559;34
560;39
561;42
562;36
563;39
564;35
565;48
566;33
567;36
568;38
569;34
570;41
571;30
572;45
573;38
574;37
575;42
576;34
577;51
578;39
579;33
580;45
581;33
582;42
583;40
584;32
585;48
586;32
587;42
588;44
589;37
590;39
591;38
592;44
593;30
594;51
595;34
596;32
597;37
598;28
599;43
600;51
601;39
602;45
603;38
604;26
605;33
606;36
607;30
608;42
609;38
610;37
611;37
612;52
613;38
614;45
615;38
616;33
617;41
618;38
619;46
620;28
621;34
622;41
623;32
624;49
625;51
626;40
627;36
628;42
629;42
630;42
631;42
632;36
633;36
634;38
635;44
636;38
637;39
638;42
639;29
640;35
641;40
642;32
643;40
644;53
645;36
646;29
647;39
648;38
649;34
650;28
651;41
652;28
653;34
654;33
655;39
656;41
657;32
658;47
659;36
660;45
661;31
662;41
663;39
664;35
665;48
666;30
667;34
668;42
669;29
670;49
671;20
672;32
673;39
674;55
675;38
676;41
677;30
678;40
679;46
680;55
681;36
682;48
683;39
684;32
685;41
686;38
687;37
688;43
689;40
690;34
691;51
692;32
693;39
694;36
695;34
696;30
697;48
698;40
699;45
700;53
701;36
702;45
703;37
704;35
705;34
706;39
707;33
708;37
709;38
710;49
711;31
712;31
713;34
714;41
715;44
716;48
717;37
718;55
719;42
720;48
721;37
722;30
723;29
724;39
725;38
726;41
727;38
728;38
729;39
730;45
731;46
732;34
733;34
734;48
735;44
736;39
737;37
738;43
739;45
740;48
741;46
742;39
743;46
744;40
745;33
746;41
747;42
748;41
749;42
750;32
751;30
752;43
753;22
754;33
755;38
756;46
757;36
758;43
759;31
760;53
761;27
762;45
763;46
764;37
765;33
766;48
767;28
768;40
769;43
770;34
771;46
772;35
773;41
774;39
775;34
776;39
777;47
778;43
779;30
780;38
781;36
782;41
783;45
784;39
785;41
786;47
787;41
788;46
789;38
790;34
791;42
792;51
793;49
794;31
795;39
796;30
797;34
798;32
799;36
800;32
801;40
802;26
803;43
804;48
805;44
806;49
807;45
808;35
809;44
810;42
811;36
812;36
813;28
814;49
815;40
816;41
817;28
818;55
819;37
820;41
821;41
822;34
823;39
824;29
825;28
826;36
827;41
828;35
829;41
830;40
831;38
832;48
833;30
834;33
835;35
836;37
837;40
838;32
839;41
840;34
841;42
842;37
843;52
844;38
845;34
846;37
847;37
848;35
849;34
850;45
851;39
852;29
853;32
854;42
855;37
856;39
857;31
858;38
859;44
860;47
861;45
862;32
863;42
864;35
865;41
866;36
867;43
868;31
869;34
870;31
871;42
872;41
873;33
874;40
875;44
876;53
877;38
878;41
879;35
880;54
881;47
882;38
883;36
884;38
885;41
886;34
887;44
888;34
889;40
890;34
891;48
892;45
893;39
894;31
895;48
896;39
897;32
898;36
899;49
900;41
901;40
902;43
903;38
904;31
905;42
906;45
907;34
908;40
909;41
910;56
911;34
912;36
913;44
914;35
915;40
916;40
917;35
918;38
919;35
920;39
921;40
922;28
923;39
924;47
925;43
926;43
927;40
928;45
929;29
930;31
931;44
932;31
933;44
934;44
935;46
936;57
937;43
938;43
939;35
940;38
941;32
942;38
943;39
944;30
945;27
946;44
947;30
948;35
949;33
950;46
951;38
952;42
953;35
954;36
955;38
956;43
957;45
958;43
959;46
960;36
961;38
962;37
963;41
964;50
965;37
966;41
967;33
968;45
969;42
970;35
971;37
972;45
973;40
974;39
975;34
976;27
977;30
978;46
979;39
980;35
981;34
982;38
983;30
984;46
985;40
986;34
987;42
988;43
989;37
990;38
991;26
992;34
993;26
994;38
995;44
996;37
997;46
998;46
999;37
1000;44
1001;31
1002;37
1003;43
1004;37
1005;33
1006;33
1007;39
1008;47
1009;28
1010;36
1011;36
1012;34
1013;47
1014;44
1015;38
1016;41
1017;43
1018;41
1019;33
1020;32
1021;31
1022;32
1023;46
1024;30
1025;34
1026;32
1027;40
1028;43
1029;51
1030;29
1031;33
1032;40
1033;36
1034;26
1035;29
1036;31
1037;48
1038;40
1039;38
1040;32
1041;39
1042;30
1043;30
1044;39
1045;42
1046;29
1047;46
1048;36
1049;33
1050;46
1051;29
1052;40
1053;35
1054;35
1055;36
1056;33
1057;37
1058;29
1059;44
1060;33
1061;29
1062;39
1063;32
1064;42
1065;31
1066;33
1067;45
1068;46
1069;42
1070;38
1071;51
1072;34
1073;35
1074;40
1075;44
1076;40
1077;36
1078;47
1079;39
1080;41
1081;41
1082;38
1083;41
1084;37
1085;43
1086;42
1087;42
1088;48
1089;38
1090;45
1091;42
1092;32
1093;34
1094;46
1095;51
1096;44
1097;38
1098;45
1099;34
1100;43
1101;27
1102;40
1103;38
1104;32
1105;38
1106;42
1107;45
1108;42
1109;38
1110;44
1111;50
1112;36
1113;41
1114;52
1115;47
1116;43
1117;49
1118;42
1119;45
1120;49
1121;43
1122;50
1123;43
1124;45
1125;40
1126;33
1127;56
1128;49
1129;53
1130;39
1131;48
1132;40
1133;36
1134;45
1135;57
1136;47
1137;48
1138;46
1139;52
1140;44
1141;47
1142;58
1143;45
1144;65
1145;63
1146;50
1147;47
1148;38
1149;40
1150;46
1151;57
1152;44
1153;63
1154;48
1155;52
1156;43
1157;45
1158;56
1159;61
1160;54
1161;47
1162;55
1163;45
1164;47
1165;43
1166;59
1167;48
1168;64
1169;50
1170;39
1171;45
1172;48
1173;50
1174;38
1175;46
1176;51
1177;59
1178;52
1179;46
1180;73
1181;48
1182;54
1183;52
1184;44
1185;47
1186;45
1187;51
1188;62
1189;47
1190;45
1191;47
1192;58
1193;46
1194;39
1195;56
1196;47
1197;46
1198;57
1199;47
1200;52
1201;48
1202;46
1203;41
1204;52
1205;43
1206;48
1207;39
1208;48
1209;54
1210;51
1211;44
1212;59
1213;44
1214;43
1215;56
1216;54
1217;44
1218;48
1219;41
1220;50
1221;51
1222;54
1223;43
1224;46
1225;46
1226;55
1227;37
1228;48
1229;48
1230;43
1231;57
1232;44
1233;56
1234;60
1235;52
1236;39
1237;57
1238;43
1239;35
1240;44
1241;41
1242;47
1243;42
1244;51
1245;60
1246;43
1247;43
1248;58
1249;53
1250;59
1251;47
1252;58
1253;40
1254;40
1255;43
1256;43
1257;52
1258;53
1259;46
1260;46
1261;48
1262;57
1263;54
1264;37
1265;51
1266;46
1267;51
1268;52
1269;53
1270;51
1271;54
1272;50
1273;44
1274;46
1275;43
1276;56
1277;43
1278;38
1279;46
1280;45
1281;54
1282;53
1283;47
1284;41
1285;46
1286;51
1287;35
1288;48
1289;36
1290;51
1291;39
1292;42
1293;45
1294;44
1295;43
1296;47
1297;55
1298;57
1299;37
1300;48
1301;35
1302;46
1303;53
1304;46
1305;55
1306;48
1307;40
1308;49
1309;52
1310;51
1311;38
1312;44
1313;35
1314;48
1315;35
1316;44
1317;38
1318;46
1319;54
1320;52
1321;56
1322;44
1323;45
1324;40
1325;31
1326;48
1327;39
1328;49
1329;35
1330;47
1331;31
1332;39
1333;49
1334;55
1335;47
1336;44
1337;40
1338;50
1339;46
1340;42
1341;48
1342;55
1343;30
1344;45
1345;39
1346;44
1347;54
1348;49
1349;49
1350;43
1351;48
1352;46
1353;49
1354;44
1355;39
1356;45
1357;39
1358;42
1359;40
1360;42
1361;50
1362;50
1363;48
1364;35
1365;48
1366;27
1367;36
1368;47
1369;38
1370;33
1371;44
1372;42
1373;50
1374;29
1375;46
1376;48
1377;41
1378;35
1379;55
1380;42
1381;42
1382;50
1383;49
1384;47
1385;47
1386;39
1387;49
1388;42
1389;41
1390;34
1391;43
1392;53
1393;32
1394;32
1395;52
1396;28
1397;49
1398;48
1399;34
1400;50
1401;25
1402;36
1403;31
1404;31
1405;37
1406;42
1407;38
1408;44
1409;36
1410;40
1411;43
1412;36
1413;40
1414;46
1415;36
1416;40
1417;44
1418;46
1419;32
1420;29
1421;40
1422;40
1423;49
1424;38
1425;29
1426;37
1427;33
1428;43
1429;45
1430;40
1431;40
1432;48
1433;44
1434;46
1435;33
1436;40
1437;43
1438;45
1439;40
1440;34
1441;53
1442;29
1443;26
1444;53
1445;36
1446;40
1447;36
1448;34
1449;45
1450;48
1451;29
1452;37
1453;42
1454;40
1455;34
1456;42
1457;38
1458;43
1459;42
1460;36
1461;51
1462;31
1463;33
1464;37
1465;52
1466;41
1467;45
1468;43
1469;40
1470;35
1471;37
1472;36
1473;30
1474;53
1475;39
1476;40
1477;34
1478;46
1479;33
1480;32
1481;31
1482;26
1483;40
1484;34
1485;26
1486;46
1487;50
1488;27
1489;23
1490;36
1491;46
1492;44
1493;51
1494;41
1495;36
1496;36
1497;41
1498;38
1499;45
1500;52
1501;37
1502;40
1503;40
1504;39
1505;28
1506;47
1507;42
1508;36
1509;38
1510;36
1511;26
1512;42
1513;37
1514;38
1515;34
1516;44
1517;48
1518;40
1519;44
1520;27
1521;34
1522;32
1523;30
1524;31
1525;40
1526;41
1527;38
1528;42
1529;41
1530;48
1531;39
1532;31
1533;35
1534;44
1535;37
1536;27
1537;31
1538;41
1539;33
1540;38
1541;28
1542;37
1543;48
1544;45
1545;35
1546;30
1547;50
1548;49
1549;41
1550;49
1551;39
1552;38
1553;40
1554;38
1555;35
1556;43
1557;39
1558;34
1559;31
1560;34
1561;31
1562;37
1563;28
1564;31
1565;31
1566;35
1567;32
1568;38
1569;40
1570;29
1571;34
1572;34
1573;46
1574;43
1575;33
1576;33
1577;29
1578;43
1579;30
1580;34
1581;54
1582;42
1583;28
1584;36
1585;41
1586;39
1587;26
1588;40
1589;35
1590;31
1591;41
1592;28
1593;29
1594;32
1595;35
1596;43
1597;29
1598;48
1599;40
1600;34
1601;31
1602;40
1603;33
1604;38
1605;28
1606;33
1607;39
1608;36
1609;39
1610;23
1611;30
1612;33
1613;28
1614;34
1615;27
1616;34
1617;29
1618;33
1619;25
1620;32
1621;33
1622;27
1623;36
1624;35
1625;38
1626;33
1627;32
1628;42
1629;30
1630;40
1631;38
1632;36
1633;26
1634;30
1635;37
1636;27
1637;32
1638;35
1639;32
1640;33
1641;28
1642;43
1643;33
1644;36
1645;40
1646;32
1647;21
1648;36
1649;29
1650;23
1651;48
1652;30
1653;25
1654;37
1655;38
1656;32
1657;36
1658;31
1659;29
1660;40
1661;35
1662;45
1663;43
1664;26
1665;31
1666;33
1667;33
1668;46
1669;20
1670;22
1671;32
1672;32
1673;30
1674;26
1675;33
1676;35
1677;27
1678;26
1679;36
1680;24
1681;23
1682;25
1683;30
1684;30
1685;30
1686;34
1687;33
1688;35
1689;35
1690;34
1691;34
1692;32
1693;32
1694;29
1695;23
1696;30
1697;39
1698;32
1699;28
1700;35
1701;26
1702;37
1703;37
1704;34
1705;21
1706;32
1707;31
1708;28
1709;37
1710;30
1711;26
1712;35
1713;41
1714;23
1715;36
1716;26
1717;38
1718;22
1719;32
1720;42
1721;29
1722;38
1723;41
1724;27
1725;27
1726;23
1727;29
1728;24
1729;26
1730;30
1731;26
1732;25
1733;29
1734;30
1735;37
1736;29
1737;23
1738;29
1739;40
1740;31
1741;28
1742;36
1743;33
1744;29
1745;29
1746;34
1747;30
1748;28
1749;37
1750;19
1751;30
1752;33
1753;20
1754;27
1755;38
1756;29
1757;35
1758;31
1759;30
1760;29
1761;26
1762;29
1763;31
1764;28
1765;28
1766;30
1767;34
1768;23
1769;29
1770;43
1771;35
1772;36
1773;37
1774;31
1775;34
1776;28
1777;26
1778;31
1779;39
1780;20
1781;27
1782;29
1783;29
1784;26
1785;36
1786;26
1787;24
1788;23
1789;26
1790;23
1791;33
1792;31
1793;39
1794;30
1795;34
1796;33
1797;23
1798;32
1799;31
1800;27
1801;25
1802;29
1803;25
1804;26
1805;35
1806;26
1807;21
1808;21
1809;34
1810;32
1811;29
1812;28
1813;25
1814;37
1815;31
1816;37
1817;24
1818;32
1819;30
1820;24
1821;31
1822;36
1823;36
1824;26
1825;24
1826;30
1827;21
1828;31
1829;36
1830;29
1831;28
1832;25
1833;16
1834;34
1835;23
1836;37
1837;21
1838;25
1839;22
1840;33
1841;35
1842;33
1843;24
1844;39
1845;24
1846;30
1847;23
1848;31
1849;29
1850;27
1851;37
1852;25
1853;28
1854;31
1855;33
1856;25
1857;32
1858;25
1859;29
1860;31
1861;24
1862;28
1863;33
1864;34
1865;28
1866;30
1867;34
1868;19
1869;32
1870;28
1871;22
1872;27
1873;23
1874;23
1875;29
1876;30
1877;31
1878;28
1879;23
1880;26
1881;35
1882;17
1883;25
1884;18
1885;25
1886;22
1887;29
1888;30
1889;19
1890;25
1891;19
1892;33
1893;25
1894;25
1895;28
1896;31
1897;41
1898;26
1899;32
1900;19
1901;30
1902;27
1903;35
1904;29
1905;25
1906;30
1907;21
1908;29
1909;21
1910;28
1911;26
1912;31
1913;29
1914;19
1915;23
1916;23
1917;16
1918;23
1919;23
1920;27
1921;25
1922;27
1923;24
1924;27
1925;24
1926;30
1927;25
1928;27
1929;28
1930;32
1931;35
1932;31
1933;30
1934;18
1935;19
1936;27
1937;29
1938;25
1939;27
1940;24
1941;31
1942;21
1943;19
1944;30
1945;26
1946;34
1947;39
1948;29
1949;30
1950;27
1951;39
1952;29
1953;29
1954;31
1955;33
1956;26
1957;33
1958;29
1959;24
1960;29
1961;31
1962;32
1963;27
1964;28
1965;33
1966;21
1967;27
1968;19
1969;22
1970;24
1971;18
1972;16
1973;31
1974;37
1975;22
1976;18
1977;29
1978;32
1979;21
1980;31
1981;24
1982;18
1983;20
1984;22
1985;24
1986;29
1987;35
1988;24
1989;26
1990;31
1991;22
1992;27
1993;28
1994;28
1995;26
1996;29
1997;30
1998;19
1999;23
2000;22
2001;24
2002;27
2003;28
2004;33
2005;32
2006;23
2007;23
2008;39
2009;16
2010;32
2011;18
2012;28
2013;32
2014;16
2015;23
2016;32
2017;23
2018;25
2019;26
2020;28
2021;25
2022;19
2023;25
2024;32
2025;29
2026;23
2027;16
2028;27
2029;37
2030;29
2031;27
2032;21
2033;28
2034;30
2035;14
2036;24
2037;21
2038;17
2039;23
2040;26
2041;21
2042;24
2043;21
2044;23
2045;25
2046;30
2047;25
2048;32
2049;19
2050;33
2051;23
2052;30
2053;35
2054;29
2055;31
2056;30
2057;24
2058;29
2059;30
2060;20
2061;25
2062;28
2063;27
2064;29
2065;23
2066;22
2067;22
2068;21
2069;23
2070;25
2071;29
2072;37
2073;35
2074;25
2075;24
2076;22
2077;24
2078;25
2079;34
2080;25
2081;21
2082;23
2083;26
2084;19
2085;30
2086;31
2087;25
2088;33
2089;29
2090;30
2091;28
2092;24
2093;26
2094;24
2095;23
2096;29
2097;17
2098;30
2099;31
2100;26
2101;37
2102;21
2103;26
2104;27
2105;28
2106;25
2107;35
2108;26
2109;22
2110;26
2111;20
2112;31
2113;19
2114;27
2115;25
2116;28
2117;33
2118;24
2119;27
2120;27
2121;20
2122;36
2123;37
2124;30
2125;20
2126;26
2127;22
2128;21
2129;23
2130;26
2131;32
2132;24
2133;25
2134;32
2135;32
2136;19
2137;31
2138;27
2139;23
2140;23
2141;26
2142;25
2143;25
2144;31
2145;27
2146;22
2147;20
2148;25
2149;31
2150;25
2151;29
2152;25
2153;30
2154;25
2155;25
2156;21
2157;23
2158;23
2159;36
2160;24
2161;19
2162;21
2163;30
2164;20
2165;19
2166;25
2167;19
2168;26
2169;28
2170;31
2171;31
2172;25
2173;23
2174;25
2175;14
2176;25
2177;30
2178;21
2179;25
2180;17
2181;20
2182;20
2183;38
2184;26
2185;18
2186;20
2187;26
2188;27
2189;31
2190;14
2191;15
2192;21
2193;26
2194;27
2195;21
2196;14
2197;22
2198;16
2199;19
2200;16
2201;20
2202;19
2203;20
2204;26
2205;21
2206;23
2207;22
2208;22
2209;29
2210;17
2211;21
2212;29
2213;26
2214;14
2215;16
2216;21
2217;16
2218;25
2219;17
2220;16
2221;22
2222;19
2223;13
2224;21
2225;22
2226;25
2227;19
2228;24
2229;23
2230;23
2231;20
2232;24
2233;17
2234;20
2235;21
2236;15
2237;17
2238;19
2239;23
2240;22
2241;15
2242;16
2243;17
2244;23
2245;24
2246;14
2247;24
2248;16
2249;18
2250;22
2251;22
2252;18
2253;28
2254;27
2255;21
2256;23
2257;18
2258;23
2259;25
2260;14
2261;13
2262;16
2263;14
2264;21
2265;13
2266;18
2267;20
2268;15
2269;21
2270;12
2271;10
2272;21
2273;23
2274;22
2275;15
2276;23
2277;24
2278;25
2279;16
2280;15
2281;20
2282;11
2283;24
2284;18
2285;19
2286;23
2287;12
2288;19
2289;23
2290;15
2291;14
2292;14
2293;20
2294;13
2295;13
2296;21
2297;15
2298;9
2299;17
2300;19
2301;15
2302;13
2303;16
2304;17
2305;26
2306;14
2307;16
2308;12
2309;24
2310;14
2311;15
2312;16
2313;23
2314;13
2315;10
2316;21
2317;16
2318;11
2319;22
2320;21
2321;22
2322;13
2323;12
2324;15
2325;13
2326;19
2327;13
2328;9
2329;18
2330;17
2331;8
2332;19
2333;23
2334;13
2335;19
2336;11
2337;22
2338;24
2339;20
2340;23
2341;14
2342;18
2343;15
2344;18
2345;17
2346;19
2347;10
2348;13
2349;16
2350;7
2351;25
2352;16
2353;18
2354;19
2355;11
2356;17
2357;17
2358;12
2359;14
2360;14
2361;15
2362;17
2363;13
2364;19
2365;13
2366;13
2367;17
2368;11
2369;11
2370;17
2371;12
2372;15
2373;12
2374;17
2375;15
2376;15
2377;9
2378;10
2379;11
2380;10
2381;15
2382;18
2383;14
2384;13
2385;18
2386;16
2387;11
2388;15
2389;13
2390;8
2391;13
2392;10
2393;13
2394;14
2395;18
2396;14
2397;14
2398;10
2399;15
2400;9
2401;11
2402;13
2403;11
2404;12
2405;15
2406;12
2407;7
2408;13
2409;11
2410;8
2411;14
2412;12
2413;14
2414;10
2415;17
2416;9
2417;10
2418;12
2419;16
2420;14
2421;14
2422;13
2423;14
2424;13
2425;15
2426;7
2427;11
2428;17
2429;7
2430;10
2431;14
2432;9
2433;9
2434;19
2435;11
2436;17
2437;14
2438;10
2439;16
2440;10
2441;11
2442;11
2443;13
2444;9
2445;13
2446;8
2447;15
2448;8
2449;10
2450;15
2451;15
2452;8
2453;11
2454;17
2455;8
2456;11
2457;9
2458;15
2459;8
2460;17
2461;9
2462;11
2463;10
2464;14
2465;13
2466;11
2467;11
2468;15
2469;5
2470;11
2471;14
2472;9
2473;12
2474;10
2475;7
2476;12
2477;11
2478;10
2479;14
2480;16
2481;6
2482;9
2483;12
2484;14
2485;11
2486;10
2487;15
2488;12
2489;12
2490;12
2491;13
2492;6
2493;10
2494;12
2495;16
2496;8
2497;9
2498;14
2499;12
2500;13
2501;15
2502;10
2503;17
2504;10
2505;11
2506;8
2507;2
2508;4
2509;7
2510;10
2511;11
2512;10
2513;13
2514;5
2515;7
2516;8
2517;14
2518;14
2519;13
2520;8
2521;6
2522;14
2523;8
2524;9
2525;16
2526;11
2527;17
2528;8
2529;11
2530;10
2531;9
2532;13
2533;15
2534;16
2535;11
2536;15
2537;6
2538;13
2539;10
2540;10
2541;10
2542;5
2543;15
2544;11
2545;14
2546;12
2547;9
2548;9
2549;10
2550;14
2551;5
2552;8
2553;14
2554;9
2555;7
2556;11
2557;11
2558;9
2559;10
2560;15
2561;8
2562;10
2563;8
2564;7
2565;13
2566;11
2567;12
2568;11
2569;7
2570;12
2571;13
2572;11
2573;18
2574;11
2575;13
2576;8
2577;3
2578;8
2579;14
2580;10
2581;9
2582;9
2583;12
2584;11
2585;5
2586;11
2587;10
2588;8
2589;8
2590;9
2591;6
2592;6
2593;6
2594;12
2595;12
2596;14
2597;10
2598;9
2599;13
2600;8
2601;8
2602;12
2603;12
2604;10
2605;13
2606;7
2607;10
2608;11
2609;11
2610;14
2611;11
2612;11
2613;10
2614;16
2615;9
2616;10
2617;9
2618;8
2619;8
2620;14
2621;16
2622;9
2623;11
2624;17
2625;11
2626;11
2627;11
2628;16
2629;11
2630;11
2631;10
2632;10
2633;14
2634;6
2635;8
2636;11
2637;12
2638;10
2639;8
2640;13
2641;14
2642;11
2643;13
2644;14
2645;9
2646;9
2647;10
2648;16
2649;12
2650;7
2651;9
2652;14
2653;11
2654;7
2655;3
2656;11
2657;13
2658;16
2659;14
2660;11
2661;8
2662;9
2663;8
2664;12
2665;4
2666;8
2667;8
2668;6
2669;11
2670;12
2671;11
2672;7
2673;6
2674;9
2675;9
2676;12
2677;7
2678;13
2679;7
2680;17
2681;14
2682;7
2683;14
2684;9
2685;10
2686;9
2687;9
2688;15
2689;7
2690;12
2691;9
2692;10
2693;14
2694;16
2695;14
2696;12
2697;10
2698;5
2699;7
2700;5
2701;8
2702;7
2703;11
2704;2
2705;8
2706;6
2707;14
2708;10
2709;12
2710;12
2711;5
2712;13
2713;6
2714;16
2715;8
2716;14
2717;9
2718;11
2719;8
2720;15
2721;7
2722;12
2723;8
2724;12
2725;16
2726;11
2727;8
2728;8
2729;5
2730;8
2731;5
2732;17
2733;11
2734;10
2735;6
2736;8
2737;13
2738;6
2739;10
2740;13
2741;7
2742;11
2743;10
2744;6
2745;11
2746;11
2747;15
2748;10
2749;16
2750;11
2751;5
2752;12
2753;8
2754;10
2755;10
2756;11
2757;6
2758;6
2759;11
2760;10
2761;6
2762;6
2763;15
2764;9
2765;8
2766;10
2767;6
2768;6
2769;11
2770;9
2771;11
2772;10
2773;9
2774;5
2775;11
2776;9
2777;11
2778;9
2779;10
2780;12
2781;9
2782;13
2783;6
2784;8
2785;12
2786;9
2787;7
2788;8
2789;15
2790;8
2791;6
2792;5
2793;5
2794;11
2795;14
2796;8
2797;7
2798;6
2799;7
2800;13
2801;12
2802;9
2803;17
2804;11
2805;13
2806;10
2807;11
2808;10
2809;9
2810;8
2811;8
2812;18
2813;12
2814;11
2815;12
2816;5
2817;14
2818;10
2819;7
2820;9
2821;7
2822;5
2823;10
2824;15
2825;15
2826;5
2827;8
2828;6
2829;6
2830;8
2831;10
2832;5
2833;8
2834;12
2835;9
2836;10
2837;10
2838;6
2839;8
2840;11
2841;8
2842;10
2843;8
2844;7
2845;12
2846;12
2847;10
2848;11
2849;13
2850;6
2851;7
2852;7
2853;13
2854;10
2855;10
2856;9
2857;11
2858;6
2859;6
2860;9
2861;7
2862;11
2863;8
2864;6
2865;10
2866;7
2867;12
2868;5
2869;4
2870;9
2871;3
2872;6
2873;10
2874;9
2875;10
2876;4
2877;11
2878;10
2879;6
2880;7
2881;16
2882;9
2883;10
2884;4
2885;7
2886;5
2887;10
2888;11
2889;9
2890;6
2891;7
2892;15
2893;10
2894;7
2895;8
2896;9
2897;7
2898;6
2899;12
2900;8
2901;11
2902;8
2903;3
2904;9
2905;7
2906;7
2907;6
2908;8
2909;11
2910;8
2911;10
2912;7
2913;7
2914;10
2915;11
2916;14
2917;16
2918;10
2919;5
2920;10
2921;9
2922;9
2923;10
2924;12
2925;7
2926;15
2927;8
2928;5
2929;9
2930;16
2931;6
2932;16
2933;9
2934;9
2935;9
2936;9
2937;12
2938;8
2939;7
2940;3
2941;11
2942;11
2943;7
2944;7
2945;7
2946;13
2947;7
2948;8
2949;5
2950;12
2951;5
2952;9
2953;9
2954;7
2955;5
2956;9
2957;5
2958;14
2959;10
2960;10
2961;6
2962;9
2963;6
2964;8
2965;6
2966;7
2967;8
2968;5
2969;9
2970;6
2971;11
2972;13
2973;8
2974;12
2975;11
2976;12
2977;11
2978;10
2979;2
2980;6
2981;7
2982;9
2983;18
2984;10
2985;8
2986;6
2987;14
2988;8
2989;9
2990;9
2991;7
2992;7
2993;12
2994;15
2995;3
2996;9
2997;4
2998;4
2999;12
3000;14
3001;9
3002;3
3003;7
3004;8
3005;11
3006;11
3007;17
3008;8
3009;10
3010;11
3011;3
3012;9
3013;9
3014;9
3015;6
3016;7
3017;7
3018;10
3019;8
3020;10
3021;7
3022;6
3023;11
3024;11
3025;8
3026;4
3027;9
3028;4
3029;8
3030;10
3031;10
3032;10
3033;9
3034;6
3035;16
3036;9
3037;10
3038;11
3039;13
3040;12
3041;4
3042;4
3043;5
3044;6
3045;6
3046;4
3047;9
3048;9
3049;5
3050;6
3051;10
3052;13
3053;11
3054;9
3055;6
3056;3
3057;11
3058;6
3059;8
3060;11
3061;9
3062;8
3063;4
3064;6
3065;10
3066;5
3067;7
3068;10
3069;10
3070;14
3071;6
3072;11
3073;6
3074;6
3075;8
3076;9
3077;5
3078;13
3079;6
3080;4
3081;8
3082;6
3083;13
3084;10
3085;8
3086;12
3087;8
3088;8
3089;8
3090;12
3091;7
3092;5
3093;6
3094;6
3095;14
3096;12
3097;10
3098;13
3099;6
3100;11
3101;9
3102;7
3103;8
3104;12
3105;8
3106;5
3107;9
3108;7
3109;7
3110;8
3111;8
3112;9
3113;6
3114;8
3115;11
3116;2
3117;8
3118;11
3119;14
3120;8
3121;13
3122;17
3123;7
3124;11
3125;8
3126;11
3127;15
3128;7
3129;14
3130;10
3131;9
3132;11
3133;5
3134;4
3135;6
3136;10
3137;12
3138;17
3139;8
3140;10
3141;7
3142;9
3143;12
3144;10
3145;7
3146;13
3147;8
3148;12
3149;7
3150;10
3151;6
3152;13
3153;9
3154;12
3155;9
3156;13
3157;8
3158;7
3159;17
3160;8
3161;6
3162;13
3163;11
3164;9
3165;11
3166;10
3167;11
3168;15
3169;11
3170;9
3171;14
3172;5
3173;10
3174;9
3175;10
3176;8
3177;11
3178;10
3179;8
3180;9
3181;15
3182;11
3183;14
3184;8
3185;10
3186;14
3187;18
3188;5
3189;12
3190;12
3191;11
3192;7
3193;8
3194;14
3195;12
3196;10
3197;13
3198;18
3199;13
3200;11
3201;12
3202;15
3203;10
3204;16
3205;15
3206;18
3207;9
3208;13
3209;13
3210;10
3211;9
3212;8
3213;12
3214;11
3215;16
3216;7
3217;10
3218;12
3219;15
3220;14
3221;18
3222;19
3223;15
3224;17
3225;14
3226;17
3227;15
3228;13
3229;14
3230;17
3231;15
3232;16
3233;17
3234;15
3235;19
3236;12
3237;17
3238;22
3239;14
3240;25
3241;19
3242;20
3243;18
3244;15
3245;18
3246;26
3247;22
3248;23
3249;22
3250;17
3251;24
3252;25
3253;18
3254;27
3255;24
3256;26
3257;19
3258;19
3259;26
3260;26
3261;27
3262;26
3263;25
3264;22
3265;26
3266;33
3267;25
3268;24
3269;17
3270;27
3271;30
3272;25
3273;31
3274;23
3275;29
3276;18
3277;33
3278;28
3279;34
3280;33
3281;23
3282;29
3283;32
3284;40
3285;38
3286;31
3287;37
3288;31
3289;37
3290;36
3291;40
3292;35
3293;34
3294;46
3295;23
3296;30
3297;45
3298;35
3299;44
3300;37
3301;52
3302;26
3303;35
3304;45
3305;48
3306;45
3307;46
3308;45
3309;47
3310;35
3311;61
3312;39
3313;50
3314;43
3315;52
3316;56
3317;59
3318;45
3319;37
3320;47
3321;54
3322;48
3323;61
3324;52
3325;60
3326;56
3327;50
3328;43
3329;55
3330;74
3331;49
3332;55
3333;58
3334;68
3335;61
3336;54
3337;50
3338;63
3339;59
3340;67
3341;61
3342;78
3343;73
3344;69
3345;60
3346;69
3347;70
3348;68
3349;60
3350;89
3351;74
3352;82
3353;74
3354;78
3355;91
3356;82
3357;82
3358;75
3359;78
3360;57
3361;72
3362;72
3363;68
3364;79
3365;91
3366;88
3367;81
3368;88
3369;95
3370;97
3371;98
3372;97
3373;80
3374;83
3375;91
3376;81
3377;81
3378;98
3379;96
3380;100
3381;98
3382;110
3383;103
3384;95
3385;96
3386;94
3387;117
3388;115
3389;111
3390;103
3391;95
3392;108
3393;126
3394;102
3395;125
3396;116
3397;115
3398;109
3399;109
3400;111
3401;129
3402;116
3403;131
3404;125
3405;117
3406;128
3407;99
3408;105
3409;109
3410;122
3411;120
3412;138
3413;130
3414;127
3415;127
3416;110
3417;131
3418;130
3419;135
3420;124
3421;114
3422;136
3423;133
3424;119
3425;118
3426;126
3427;133
3428;136
3429;157
3430;137
3431;136
3432;134
3433;132
3434;150
3435;134
3436;145
3437;145
3438;129
3439;139
3440;148
3441;136
3442;150
3443;129
3444;156
3445;142
3446;153
3447;150
3448;168
3449;141
3450;145
3451;141
3452;152
3453;155
3454;155
3455;136
3456;153
3457;123
3458;147
3459;153
3460;183
3461;155
3462;151
3463;167
3464;142
3465;151
3466;148
3467;134
3468;161
3469;147
3470;178
3471;153
3472;154
3473;156
3474;180
3475;154
3476;154
3477;151
3478;171
3479;140
3480;167
3481;166
3482;162
3483;160
3484;151
3485;141
3486;156
3487;172
3488;166
3489;164
3490;176
3491;169
3492;171
3493;169
3494;161
3495;176
3496;161
3497;158
3498;164
3499;156
3500;199
3501;165
3502;161
3503;160
3504;162
3505;158
3506;147
3507;153
3508;181
3509;154
3510;146
3511;169
3512;191
3513;129
3514;167
3515;151
3516;147
3517;157
3518;155
3519;146
3520;163
3521;162
3522;162
3523;163
3524;155
3525;156
3526;150
3527;153
3528;149
3529;149
3530;171
3531;144
3532;140
3533;174
3534;148
3535;154
3536;161
3537;151
3538;149
3539;144
3540;156
3541;160
3542;149
3543;150
3544;127
3545;173
3546;151
3547;147
3548;153
3549;167
3550;142
3551;128
3552;155
3553;154
3554;135
3555;134
3556;152
3557;129
3558;126
3559;138
3560;141
3561;132
3562;117
3563;144
3564;144
3565;150
3566;123
3567;131
3568;141
3569;126
3570;112
3571;144
3572;119
3573;117
3574;131
3575;135
3576;136
3577;137
3578;146
3579;125
3580;109
3581;125
3582;122
3583;100
3584;113
3585;128
3586;112
3587;121
3588;108
3589;129
3590;103
3591;110
3592;130
3593;101
3594;102
3595;111
3596;98
3597;101
3598;116
3599;111
3600;90
3601;91
3602;95
3603;110
3604;99
3605;100
3606;112
3607;98
3608;102
3609;86
3610;108
3611;101
3612;92
3613;97
3614;91
3615;106
3616;102
3617;96
3618;83
3619;84
3620;88
3621;86
3622;104
3623;80
3624;71
3625;74
3626;90
3627;85
3628;88
3629;72
3630;78
3631;65
3632;70
3633;83
3634;75
3635;82
3636;68
3637;75
3638;56
3639;71
3640;70
3641;75
3642;72
3643;82
3644;64
3645;71
3646;87
3647;64
3648;71
3649;65
3650;59
3651;57
3652;55
3653;53
3654;52
3655;68
3656;56
3657;52
3658;59
3659;55
3660;68
3661;53
3662;50
3663;53
3664;51
3665;56
3666;58
3667;41
3668;40
3669;53
3670;54
3671;46
3672;40
3673;48
3674;53
3675;46
3676;33
3677;46
3678;36
3679;43
3680;35
3681;42
3682;41
3683;37
3684;34
3685;33
3686;38
3687;36
3688;36
3689;43
3690;34
3691;31
3692;40
3693;31
3694;36
3695;38
3696;45
3697;34
3698;37
3699;36
3700;32
3701;35
3702;23
3703;19
3704;30
3705;18
3706;35
3707;31
3708;23
3709;32
3710;17
3711;32
3712;32
3713;22
3714;27
3715;27
3716;26
3717;21
3718;27
3719;33
3720;21
3721;19
3722;20
3723;30
3724;26
3725;23
3726;27
3727;12
3728;13
3729;17
3730;17
3731;14
3732;14
3733;17
3734;16
3735;18
3736;17
3737;14
3738;17
3739;23
3740;18
3741;18
3742;19
3743;15
3744;14
3745;19
3746;12
3747;15
3748;9
3749;15
3750;14
3751;17
3752;10
3753;18
3754;21
3755;10
3756;10
3757;12
3758;18
3759;14
3760;9
3761;13
3762;13
3763;12
3764;12
3765;18
3766;12
3767;12
3768;9
3769;21
3770;7
3771;10
3772;10
3773;18
3774;7
3775;6
3776;11
3777;12
3778;5
3779;7
3780;9
3781;10
3782;8
3783;13
3784;6
3785;9
3786;14
3787;8
3788;7
3789;10
3790;7
3791;8
3792;10
3793;9
3794;8
3795;11
3796;8
3797;3
3798;8
3799;14
3800;11
3801;11
3802;7
3803;9
3804;9
3805;10
3806;4
3807;11
3808;5
3809;7
3810;8
3811;9
3812;11
3813;12
3814;7
3815;7
3816;4
3817;4
3818;9
3819;4
3820;3
3821;9
3822;6
3823;12
3824;6
3825;6
3826;10
3827;7
3828;7
3829;9
3830;6
3831;6
3832;7
3833;4
3834;9
3835;5
3836;7
3837;7
3838;8
3839;5
3840;5
3841;5
3842;7
3843;6
3844;4
3845;8
3846;7
3847;3
3848;4
3849;6
3850;7
3851;4
3852;6
3853;6
3854;7
3855;9
3856;6
3857;5
3858;6
3859;6
3860;8
3861;1
3862;9
3863;2
3864;7
3865;2
3866;6
3867;1
3868;7
3869;6
3870;6
3871;2
3872;6
3873;7
3874;6
3875;8
3876;3
3877;6
3878;8
3879;3
3880;5
3881;2
3882;5
3883;5
3884;5
3885;5
3886;6
3887;3
3888;8
3889;5
3890;9
3891;5
3892;2
3893;7
3894;6
3895;2
3896;9
3897;6
3898;3
3899;6
3900;2
3901;4
3902;5
3903;9
3904;3
3905;5
3906;8
3907;5
3908;3
3909;7
3910;4
3911;2
3912;9
3913;10
3914;3
3915;3
3916;7
3917;13
3918;9
3919;8
3920;9
3921;7
3922;5
3923;0
3924;9
3925;4
3926;4
3927;5
3928;4
3929;7
3930;3
3931;5
3932;6
3933;5
3934;2
3935;3
3936;3
3937;3
3938;3
3939;4
3940;8
3941;7
3942;9
3943;4
3944;3
3945;3
3946;9
3947;3
3948;6
3949;6
3950;4
3951;4
3952;7
3953;3
3954;8
3955;8
3956;6
3957;6
3958;7
3959;3
3960;8
3961;8
3962;5
3963;6
3964;8
3965;5
3966;7
3967;7
3968;4
3969;3
3970;8
3971;6
3972;6
3973;5
3974;4
3975;8
3976;7
3977;5
3978;8
3979;2
3980;3
3981;7
3982;5
3983;6
3984;4
3985;9
3986;9
3987;3
3988;5
3989;6
3990;5
3991;0
3992;5
3993;4
3994;5
3995;4
3996;6
3997;5
3998;7
3999;4
4000;2
4001;5
4002;4
4003;2
4004;4
4005;5
4006;7
4007;6
4008;5
4009;4
4010;3
4011;8
4012;9
4013;8
4014;3
4015;4
4016;8
4017;3
4018;3
4019;4
4020;9
4021;6
4022;2
4023;3
4024;7
4025;4
4026;8
4027;4
4028;3
4029;4
4030;5
4031;5
4032;1
4033;7
4034;9
4035;8
4036;3
4037;7
4038;6
4039;2
4040;6
4041;8
4042;6
4043;7
4044;4
4045;6
4046;6
4047;7
4048;6
4049;4
4050;2
4051;7
4052;6
4053;7
4054;4
4055;4
4056;2
4057;7
4058;3
4059;5
4060;9
4061;3
4062;8
4063;8
4064;8
4065;5
4066;8
4067;5
4068;11
4069;4
4070;2
4071;3
4072;10
4073;8
4074;9
4075;7
4076;5
4077;12
4078;2
4079;6
4080;3
4081;9
4082;4
4083;4
4084;3
4085;7
4086;3
4087;8
4088;3
4089;6
4090;6
4091;8
4092;6
4093;4
4094;12
4095;8
4096;8
4097;8
4098;4
4099;7
4100;7
4101;6
4102;8
4103;13
4104;6
4105;10
4106;3
4107;6
4108;6
4109;7
4110;3
4111;6
4112;7
4113;4
4114;5
4115;7
4116;6
4117;5
4118;5
4119;5
4120;5
4121;7
4122;4
4123;5
4124;11
4125;5
4126;5
4127;8
4128;3
4129;3
4130;9
4131;7
4132;7
4133;5
4134;1
4135;7
4136;6
4137;5
4138;3
4139;6
4140;4
4141;2
4142;3
4143;5
4144;4
4145;4
4146;5
4147;2
4148;6
4149;5
4150;1
4151;5
4152;4
4153;3
4154;8
4155;4
4156;2
4157;4
4158;5
4159;5
4160;6
4161;9
4162;3
4163;6
4164;7
4165;5
4166;6
4167;3
4168;6
4169;4
4170;6
4171;8
4172;6
4173;13
4174;6
4175;8
4176;6
4177;7
4178;6
4179;6
4180;6
4181;6
4182;4
4183;6
4184;5
4185;5
4186;5
4187;4
4188;3
4189;9
4190;3
4191;11
4192;4
4193;7
4194;9
4195;9
4196;5
4197;4
4198;5
4199;6
4200;5
4201;7
4202;3
4203;7
4204;6
4205;6
4206;8
4207;7
4208;3
4209;2
4210;6
4211;6
4212;8
4213;4
4214;3
4215;4
4216;4
4217;4
4218;7
4219;8
4220;4
4221;7
4222;1
4223;8
4224;5
4225;5
4226;6
4227;5
4228;5
4229;5
4230;6
4231;2
4232;8
4233;9
4234;5
4235;6
4236;4
4237;4
4238;9
4239;2
4240;6
4241;6
4242;5
4243;5
4244;4
4245;1
4246;4
4247;7
4248;9
4249;4
4250;3
4251;4
4252;6
4253;2
4254;4
4255;6
4256;5
4257;8
4258;3
4259;4
4260;5
4261;3
4262;9
4263;3
4264;4
4265;8
4266;7
4267;3
4268;7
4269;5
4270;4
4271;3
4272;4
4273;6
4274;4
4275;4
4276;6
4277;6
4278;4
4279;2
4280;6
4281;5
4282;9
4283;5
4284;4
4285;4
4286;6
4287;4
4288;6
4289;4
4290;3
4291;7
4292;4
4293;6
4294;5
4295;4
4296;7
4297;2
4298;3
4299;8
4300;6
4301;5
4302;9
4303;9
4304;3
4305;4
4306;7
4307;6
4308;3
4309;9
4310;4
4311;2
4312;5
4313;5
4314;7
4315;8
4316;9
4317;6
4318;8
4319;4
4320;8
4321;5
4322;5
4323;5
4324;5
4325;3
4326;8
4327;7
4328;9
4329;6
4330;7
4331;7
4332;4
4333;7
4334;2
4335;6
4336;2
4337;3
4338;8
4339;5
4340;6
4341;3
4342;6
4343;4
4344;6
4345;5
4346;3
4347;3
4348;7
4349;4
4350;5
4351;4
4352;7
4353;3
4354;9
4355;6
4356;4
4357;5
4358;4
4359;3
4360;6
4361;4
4362;4
4363;2
4364;1
4365;13
4366;5
4367;5
4368;7
4369;6
4370;7
4371;6
4372;4
4373;4
4374;4
4375;6
4376;2
4377;10
4378;6
4379;3
4380;3
4381;6
4382;8
4383;7
4384;2
4385;0
4386;13
4387;7
4388;6
4389;7
4390;6
4391;4
4392;7
4393;12
4394;4
4395;8
4396;2
4397;4
4398;3
4399;8
4400;5
4401;3
4402;3
4403;3
4404;6
4405;6
4406;6
4407;1
4408;3
4409;2
4410;4
4411;6
4412;6
4413;4
4414;5
4415;6
4416;3
4417;9
4418;5
4419;7
4420;4
4421;6
4422;8
4423;5
4424;5
4425;5
4426;6
4427;1
4428;9
4429;6
4430;3
4431;11
4432;5
4433;4
4434;5
4435;5
4436;5
4437;4
4438;5
4439;4
4440;6
4441;4
4442;6
4443;4
4444;2
4445;3
4446;8
4447;3
4448;6
4449;9
4450;1
4451;6
4452;3
4453;6
4454;8
4455;4
4456;8
4457;3
4458;4
4459;4
4460;8
4461;5
4462;4
4463;12
4464;5
4465;4
4466;8
4467;3
4468;8
4469;8
4470;3
4471;3
4472;3
4473;9
4474;4
4475;12
4476;6
4477;4
4478;8
4479;5
4480;7
4481;2
4482;5
4483;6
4484;3
4485;8
4486;5
4487;7
4488;6
4489;13
4490;1
4491;4
4492;2
4493;3
4494;9
4495;7
4496;3
4497;2
4498;5
4499;4
4500;4
4501;1
4502;11
4503;8
4504;3
4505;2
4506;8
4507;4
4508;4
4509;7
4510;10
4511;3
4512;7
4513;7
4514;2
4515;5
4516;8
4517;5
4518;7
4519;6
4520;4
4521;5
4522;4
4523;2
4524;5
4525;2
4526;5
4527;5
4528;7
4529;4
4530;10
4531;2
4532;3
4533;6
4534;7
4535;10
4536;4
4537;7
4538;4
4539;8
4540;8
4541;5
4542;4
4543;8
4544;4
4545;6
4546;4
4547;6
4548;6
4549;5
4550;4
4551;3
4552;10
4553;5
4554;3
4555;7
4556;5
4557;6
4558;3
4559;5
4560;4
4561;3
4562;7
4563;4
4564;2
4565;6
4566;6
4567;6
4568;3
4569;3
4570;4
4571;6
4572;3
4573;6
4574;4
4575;3
4576;3
4577;5
4578;5
4579;7
4580;12
4581;7
4582;5
4583;5
4584;5
4585;6
4586;3
4587;8
4588;4
4589;4
4590;5
4591;8
4592;6
4593;7
4594;7
4595;3
4596;8
4597;6
4598;6
4599;8
4600;8
4601;5
4602;7
4603;4
4604;8
4605;3
4606;5
4607;11
4608;9
4609;6
4610;4
4611;9
4612;5
4613;3
4614;6
4615;3
4616;8
4617;7
4618;3
4619;5
4620;3
4621;6
4622;9
4623;6
4624;4
4625;5
4626;9
4627;6
4628;10
4629;4
4630;7
4631;6
4632;11
4633;6
4634;3
4635;7
4636;8
4637;3
4638;5
4639;4
4640;8
4641;6
4642;5
4643;7
4644;5
4645;3
4646;3
4647;4
4648;4
4649;8
4650;8
4651;3
4652;16
4653;7
4654;5
4655;7
4656;5
4657;5
4658;7
4659;6
4660;5
4661;7
4662;7
4663;5
4664;11
4665;5
4666;4
4667;10
4668;7
4669;5
4670;4
4671;6
4672;2
4673;6
4674;9
4675;9
4676;4
4677;12
4678;8
4679;5
4680;6
4681;4
4682;8
4683;11
4684;5
4685;11
4686;5
4687;10
4688;5
4689;7
4690;7
4691;4
4692;2
4693;6
4694;8
4695;5
4696;8
4697;5
4698;6
4699;4
4700;6
4701;7
4702;10
4703;6
4704;7
4705;4
4706;6
4707;7
4708;7
4709;9
4710;6
4711;10
4712;6
4713;5
4714;7
4715;7
4716;8
4717;4
4718;7
4719;6
4720;4
4721;7
4722;5
4723;4
4724;9
4725;1
4726;7
4727;5
4728;5
4729;12
4730;8
4731;6
4732;7
4733;13
4734;7
4735;6
4736;8
4737;5
4738;8
4739;6
4740;5
4741;9
4742;7
4743;5
4744;5
4745;7
4746;5
4747;3
4748;5
4749;16
4750;8
4751;7
4752;4
4753;8
4754;14
4755;9
4756;4
4757;8
4758;5
4759;7
4760;5
4761;8
4762;5
4763;11
4764;4
4765;5
4766;10
4767;5
4768;4
4769;11
4770;3
4771;8
4772;11
4773;2
4774;10
4775;5
4776;5
4777;3
4778;5
4779;8
4780;5
4781;3
4782;6
4783;4
4784;4
4785;8
4786;5
4787;4
4788;4
4789;5
4790;6
4791;7
4792;4
4793;7
4794;5
4795;7
4796;6
4797;9
4798;5
4799;8
4800;7
4801;9
4802;6
4803;4
4804;5
4805;9
4806;4
4807;1
4808;7
4809;6
4810;4
4811;11
4812;10
4813;6
4814;6
4815;6
4816;6
4817;4
4818;8
4819;4
4820;4
4821;8
4822;7
4823;9
4824;6
4825;6
4826;4
4827;7
4828;3
4829;13
4830;7
4831;4
4832;7
4833;7
4834;1
4835;6
4836;6
4837;8
4838;9
4839;5
4840;11
4841;6
4842;6
4843;11
4844;10
4845;3
4846;2
4847;8
4848;7
4849;7
4850;11
4851;5
4852;8
4853;5
4854;8
4855;9
4856;2
4857;6
4858;7
4859;5
4860;11
4861;5
4862;6
4863;8
4864;9
4865;7
4866;5
4867;4
4868;3
4869;2
4870;4
4871;8
4872;5
4873;7
4874;4
4875;2
4876;7
4877;7
4878;3
4879;7
4880;7
4881;3
4882;8
4883;7
4884;3
4885;9
4886;4
4887;7
4888;3
4889;5
4890;6
4891;10
4892;7
4893;5
4894;11
4895;7
4896;5
4897;8
4898;7
4899;5
4900;2
4901;9
4902;11
4903;6
4904;11
4905;11
4906;7
4907;5
4908;4
4909;5
4910;14
4911;8
4912;6
4913;7
4914;3
4915;4
4916;9
4917;4
4918;5
4919;9
4920;10
4921;9
4922;7
4923;7
4924;8
4925;10
4926;7
4927;6
4928;7
4929;8
4930;4
4931;7
4932;4
4933;7
4934;4
4935;4
4936;13
4937;11
4938;10
4939;4
4940;10
4941;4
4942;7
4943;6
4944;10
4945;0
4946;6
4947;10
4948;7
4949;7
4950;6
4951;6
4952;6
4953;8
4954;9
4955;5
4956;8
4957;6
4958;5
4959;6
4960;2
4961;4
4962;6
4963;11
4964;8
4965;9
4966;6
4967;10
4968;8
4969;3
4970;4
4971;8
4972;7
4973;5
4974;13
4975;3
4976;11
4977;9
4978;7
4979;11
4980;5
4981;2
4982;7
4983;8
4984;3
4985;6
4986;8
4987;0
4988;7
4989;8
4990;10
4991;4
4992;9
4993;5
4994;9
4995;4
4996;3
4997;6
4998;10
4999;4
5000;6
5001;5
5002;2
5003;5
5004;8
5005;4
5006;7
5007;4
5008;7
5009;4
5010;1
5011;8
5012;4
5013;2
5014;10
5015;5
5016;7
5017;8
5018;9
5019;3
5020;3
5021;3
5022;4
5023;4
5024;5
5025;6
5026;6
5027;6
5028;6
5029;2
5030;5
5031;7
5032;8
5033;7
5034;9
5035;8
5036;4
5037;4
5038;5
5039;3
5040;9
5041;3
5042;3
5043;9
5044;6
5045;7
5046;3
5047;4
5048;4
5049;4
5050;7
5051;5
5052;2
5053;4
5054;7
5055;5
5056;5
5057;2
5058;6
5059;5
5060;7
5061;2
5062;3
5063;9
5064;2
5065;5
5066;6
5067;10
5068;3
5069;11
5070;3
5071;3
5072;5
5073;4
5074;6
5075;3
5076;3
5077;1
5078;5
5079;2
5080;9
5081;3
5082;8
5083;3
5084;9
5085;7
5086;9
5087;4
5088;5
5089;7
5090;4
5091;6
5092;6
5093;3
5094;4
5095;5
5096;8
5097;5
5098;3
5099;10
5100;5
5101;2
5102;5
5103;2
5104;10
5105;9
5106;6
5107;6
5108;4
5109;7
5110;4
5111;8
5112;5
5113;7
5114;6
5115;6
5116;3
5117;6
5118;4
5119;5
5120;2
5121;3
5122;4
5123;6
5124;7
5125;12
5126;4
5127;6
5128;7
5129;6
5130;11
5131;5
5132;2
5133;8
5134;6
5135;6
5136;2
5137;3
5138;12
5139;6
5140;8
5141;5
5142;8
5143;9
5144;2
5145;4
5146;5
5147;4
5148;5
5149;7
5150;3
5151;2
5152;7
5153;6
5154;4
5155;9
5156;5
5157;4
5158;8
5159;6
5160;8
5161;7
5162;4
5163;3
5164;5
5165;4
5166;5
5167;6
5168;3
5169;3
5170;8
5171;1
5172;7
5173;7
5174;3
5175;8
5176;6
5177;8
5178;7
5179;6
5180;3
5181;5
5182;7
5183;4
5184;8
5185;6
5186;5
5187;5
5188;7
5189;3
5190;6
5191;5
5192;10
5193;6
5194;6
5195;3
5196;5
5197;8
5198;8
5199;3
5200;6
5201;2
5202;3
5203;8
5204;6
5205;7
5206;1
5207;6
5208;10
5209;7
5210;7
5211;6
5212;3
5213;4
5214;5
5215;5
5216;8
5217;3
5218;6
5219;7
5220;3
5221;5
5222;4
5223;7
5224;3
5225;5
5226;9
5227;9
5228;8
5229;1
5230;5
5231;3
5232;5
5233;6
5234;4
5235;7
5236;10
5237;6
5238;11
5239;6
5240;6
5241;4
5242;4
5243;6
5244;3
5245;5
5246;6
5247;5
5248;5
5249;8
5250;2
5251;3
5252;8
5253;4
5254;4
5255;3
5256;3
5257;3
5258;3
5259;7
5260;8
5261;6
5262;3
5263;4
5264;4
5265;5
5266;2
5267;5
5268;1
5269;3
5270;2
5271;5
5272;5
5273;3
5274;4
5275;5
5276;4
5277;6
5278;9
5279;5
5280;3
5281;7
5282;9
5283;4
5284;4
5285;4
5286;2
5287;6
5288;8
5289;7
5290;6
5291;1
5292;7
5293;4
5294;5
5295;5
5296;10
5297;7
5298;2
5299;1
5300;5
5301;4
5302;9
5303;3
5304;5
5305;5
5306;3
5307;3
5308;5
5309;2
5310;6
5311;11
5312;7
5313;6
5314;4
5315;4
5316;5
5317;3
5318;5
5319;5
5320;5
5321;6
5322;3
5323;4
5324;10
5325;2
5326;2
5327;2
5328;1
5329;9
5330;8
5331;4
5332;5
5333;3
5334;6
5335;2
5336;4
5337;4
5338;9
5339;4
5340;3
5341;4
5342;5
5343;5
5344;10
5345;4
5346;2
5347;3
5348;8
5349;3
5350;3
5351;3
5352;3
5353;10
5354;5
5355;3
5356;11
5357;7
5358;6
5359;5
5360;7
5361;4
5362;5
5363;6
5364;8
5365;1
5366;9
5367;6
5368;6
5369;4
5370;4
5371;4
5372;5
5373;2
5374;1
5375;2
5376;9
5377;5
5378;7
5379;5
5380;7
5381;6
5382;5
5383;8
5384;3
5385;5
5386;5
5387;5
5388;7
5389;4
5390;4
5391;4
5392;3
5393;4
5394;2
5395;5
5396;3
5397;3
5398;1
5399;4
5400;6
5401;5
5402;3
5403;8
5404;6
5405;5
5406;7
5407;6
5408;2
5409;8
5410;7
5411;7
5412;4
5413;3
5414;2
5415;5
5416;9
5417;4
5418;6
5419;4
5420;3
5421;6
5422;7
5423;2
5424;7
5425;10
5426;7
5427;6
5428;2
5429;3
5430;3
5431;4
5432;5
5433;5
5434;6
5435;5
5436;6
5437;5
5438;2
5439;9
5440;2
5441;12
5442;6
5443;4
5444;8
5445;7
5446;7
5447;2
5448;2
5449;4
5450;4
5451;8
5452;7
5453;4
5454;6
5455;8
5456;6
5457;8
5458;4
5459;2
5460;5
5461;8
5462;5
5463;5
5464;4
5465;3
5466;5
5467;3
5468;6
5469;3
5470;3
5471;6
5472;7
5473;3
5474;3
5475;1
5476;8
5477;2
5478;4
5479;6
5480;7
5481;6
5482;7
5483;5
5484;4
5485;1
5486;3
5487;4
5488;4
5489;6
5490;7
5491;3
5492;4
5493;5
5494;9
5495;3
5496;4
5497;3
5498;8
5499;3
5500;8
5501;6
5502;4
5503;5
5504;4
5505;3
5506;3
5507;7
5508;7
5509;10
5510;8
5511;6
5512;2
5513;7
5514;6
5515;6
5516;3
5517;4
5518;2
5519;6
5520;4
5521;7
5522;3
5523;5
5524;2
5525;6
5526;3
5527;0
5528;6
5529;7
5530;3
5531;8
5532;4
5533;4
5534;11
5535;2
5536;4
5537;4
5538;5
5539;5
5540;4
5541;5
5542;4
5543;8
5544;7
5545;10
5546;8
5547;5
5548;4
5549;7
5550;8
5551;5
5552;2
5553;3
5554;1
5555;10
5556;2
5557;5
5558;5
5559;2
5560;2
5561;4
5562;3
5563;6
5564;4
5565;2
5566;3
5567;4
5568;3
5569;4
5570;4
5571;3
5572;4
5573;9
5574;5
5575;3
5576;5
5577;5
5578;5
5579;7
5580;3
5581;2
5582;7
5583;4
5584;3
5585;1
5586;8
5587;6
5588;1
5589;3
5590;4
5591;8
5592;6
5593;3
5594;4
5595;9
5596;6
5597;5
5598;6
5599;3
5600;6
5601;5
5602;3
5603;5
5604;7
5605;4
5606;6
5607;4
5608;8
5609;9
5610;6
5611;8
5612;2
5613;4
5614;2
5615;4
5616;4
5617;4
5618;1
5619;1
5620;2
5621;3
5622;8
5623;2
5624;9
5625;4
5626;6
5627;3
5628;3
5629;7
5630;5
5631;9
5632;2
5633;1
5634;2
5635;4
5636;5
5637;2
5638;6
5639;4
5640;10
5641;3
5642;5
5643;4
5644;8
5645;8
5646;4
5647;6
5648;2
5649;4
5650;3
5651;4
5652;4
5653;4
5654;5
5655;3
5656;6
5657;3
5658;4
5659;1
5660;6
5661;5
5662;4
5663;1
5664;6
5665;3
5666;4
5667;5
5668;5
5669;3
5670;10
5671;1
5672;2
5673;5
5674;4
5675;6
5676;7
5677;3
5678;4
5679;6
5680;6
5681;2
5682;1
5683;5
5684;6
5685;10
5686;4
5687;3
5688;5
5689;4
5690;9
5691;6
5692;6
5693;6
5694;8
5695;6
5696;5
5697;4
5698;5
5699;7
5700;9
5701;6
5702;3
5703;5
5704;4
5705;2
5706;3
5707;5
5708;1
5709;8
5710;1
5711;3
5712;8
5713;4
5714;7
5715;5
5716;4
5717;0
5718;4
5719;3
5720;8
5721;5
5722;3
5723;7
5724;6
5725;6
5726;5
5727;3
5728;3
5729;3
5730;2
5731;7
5732;3
5733;2
5734;7
5735;2
5736;2
5737;8
5738;10
5739;8
5740;2
5741;8
5742;6
5743;9
5744;11
5745;4
5746;4
5747;3
5748;4
5749;5
5750;4
5751;4
5752;2
5753;8
5754;4
5755;7
5756;3
5757;7
5758;1
5759;2
5760;3
5761;5
5762;5
5763;3
5764;9
5765;6
5766;0
5767;2
5768;2
5769;4
5770;3
5771;3
5772;2
5773;5
5774;3
5775;5
5776;8
5777;0
5778;2
5779;6
5780;4
5781;5
5782;5
5783;4
5784;5
5785;3
5786;3
5787;6
5788;9
5789;7
5790;4
5791;5
5792;4
5793;7
5794;4
5795;2
5796;1
5797;5
5798;2
5799;3
5800;4
5801;3
5802;2
5803;7
5804;7
5805;2
5806;5
5807;6
5808;0
5809;2
5810;5
5811;0
5812;6
5813;4
5814;7
5815;6
5816;4
5817;2
5818;6
5819;3
5820;5
5821;5
5822;5
5823;2
5824;3
5825;6
5826;4
5827;7
5828;4
5829;5
5830;5
5831;10
5832;8
5833;6
5834;6
5835;4
5836;6
5837;6
5838;5
5839;4
5840;5
5841;7
5842;4
5843;3
5844;5
5845;3
5846;6
5847;10
5848;3
5849;5
5850;6
5851;7
5852;5
5853;3
5854;12
5855;5
5856;5
5857;3
5858;4
5859;2
5860;7
5861;1
5862;1
5863;6
5864;4
5865;4
5866;2
5867;6
5868;3
5869;8
5870;5
5871;4
5872;2
5873;6
5874;3
5875;2
5876;5
5877;7
5878;5
5879;6
5880;3
5881;2
5882;7
5883;7
5884;6
5885;9
5886;4
5887;6
5888;7
5889;7
5890;2
5891;8
5892;2
5893;7
5894;4
5895;9
5896;8
5897;5
5898;2
5899;5
5900;5
5901;2
5902;6
5903;2
5904;4
5905;5
5906;4
5907;6
5908;5
5909;4
5910;1
5911;3
5912;4
5913;0
5914;2
5915;5
5916;3
5917;0
5918;5
5919;6
5920;4
5921;8
5922;4
5923;6
5924;7
5925;6
5926;3
5927;2
5928;5
5929;6
5930;9
5931;2
5932;5
5933;7
5934;7
5935;5
5936;9
5937;4
5938;3
5939;5
5940;5
5941;6
5942;4
5943;7
5944;7
5945;6
5946;6
5947;6
5948;8
5949;5
5950;12
5951;13
5952;2
5953;3
5954;3
5955;4
5956;6
5957;6
5958;5
5959;7
5960;8
5961;5
5962;6
5963;4
5964;6
5965;4
5966;6
5967;11
5968;3
5969;4
5970;6
5971;4
5972;6
5973;6
5974;8
5975;4
5976;5
5977;2
5978;3
5979;7
5980;1
5981;6
5982;3
5983;6
5984;3
5985;4
5986;8
5987;6
5988;5
5989;7
5990;3
5991;9
5992;7
5993;6
5994;5
5995;4
5996;5
5997;2
5998;2
5999;5
6000;7
6001;7
6002;5
6003;4
6004;2
6005;3
6006;5
6007;10
6008;4
6009;8
6010;4
6011;6
6012;2
6013;7
6014;3
6015;5
6016;3
6017;6
6018;5
6019;3
6020;5
6021;8
6022;1
6023;6
6024;2
6025;6
6026;5
6027;8
6028;3
6029;3
6030;6
6031;6
6032;4
6033;5
6034;6
6035;4
6036;5
6037;5
6038;7
6039;2
6040;6
6041;1
6042;5
6043;6
6044;4
6045;6
6046;8
6047;4
6048;3
6049;8
6050;7
6051;4
6052;0
6053;4
6054;2
6055;3
6056;5
6057;1
6058;7
6059;4
6060;5
6061;3
6062;2
6063;10
6064;6
6065;4
6066;9
6067;8
6068;6
6069;3
6070;4
6071;7
6072;5
6073;3
6074;10
6075;4
6076;4
6077;4
6078;3
6079;4
6080;1
6081;4
6082;4
6083;3
6084;10
6085;3
6086;7
6087;9
6088;8
6089;3
6090;3
6091;6
6092;5
6093;2
6094;7
6095;3
6096;7
6097;1
6098;11
6099;9
6100;7
6101;5
6102;2
6103;4
6104;3
6105;7
6106;4
6107;4
6108;4
6109;4
6110;3
6111;3
6112;6
6113;7
6114;5
6115;5
6116;1
6117;4
6118;10
6119;8
6120;7
6121;5
6122;7
6123;4
6124;2
6125;7
6126;6
6127;4
6128;8
6129;9
6130;9
6131;2
6132;8
6133;6
6134;5
6135;1
6136;2
6137;12
6138;5
6139;1
6140;5
6141;4
6142;5
6143;2
6144;4
6145;5
6146;4
6147;4
6148;6
6149;7
6150;2
6151;4
6152;4
6153;3
6154;3
6155;5
6156;6
6157;5
6158;6
6159;3
6160;3
6161;5
6162;7
6163;2
6164;8
6165;3
6166;7
6167;8
6168;5
6169;9
6170;3
6171;3
6172;11
6173;6
6174;3
6175;12
6176;5
6177;8
6178;7
6179;5
6180;9
6181;6
6182;4
6183;3
6184;4
6185;7
6186;3
6187;5
6188;4
6189;5
6190;7
6191;5
6192;4
6193;4
6194;2
6195;3
6196;6
6197;2
6198;5
6199;2
6200;6
6201;2
6202;2
6203;4
6204;8
6205;5
6206;3
6207;3
6208;1
6209;7
6210;6
6211;3
6212;5
6213;7
6214;2
6215;5
6216;2
6217;3
6218;6
6219;2
6220;9
6221;4
6222;3
6223;3
6224;6
6225;5
6226;2
6227;7
6228;7
6229;9
6230;3
6231;5
6232;8
6233;7
6234;5
6235;6
6236;2
6237;4
6238;5
6239;3
6240;10
6241;6
6242;5
6243;6
6244;6
6245;6
6246;9
6247;5
6248;7
6249;4
6250;4
6251;5
6252;5
6253;1
6254;3
6255;8
6256;6
6257;7
6258;4
6259;6
6260;5
6261;3
6262;5
6263;5
6264;5
6265;11
6266;4
6267;8
6268;6
6269;3
6270;2
6271;4
6272;2
6273;3
6274;4
6275;6
6276;9
6277;6
6278;8
6279;6
6280;2
6281;5
6282;3
6283;1
6284;4
6285;4
6286;5
6287;1
6288;5
6289;2
6290;4
6291;3
6292;5
6293;3
6294;4
6295;1
6296;2
6297;5
6298;3
6299;8
6300;7
6301;7
6302;3
6303;3
6304;4
6305;2
6306;6
6307;6
6308;4
6309;5
6310;3
6311;5
6312;3
6313;6
6314;2
6315;5
6316;4
6317;3
6318;4
6319;3
6320;2
6321;8
6322;5
6323;8
6324;8
6325;6
6326;5
6327;6
6328;5
6329;4
6330;0
6331;5
6332;4
6333;4
6334;5
6335;6
6336;8
6337;5
6338;5
6339;3
6340;7
6341;11
6342;4
6343;7
6344;9
6345;0
6346;4
6347;3
6348;4
6349;3
6350;9
6351;8
6352;2
6353;7
6354;4
6355;6
6356;6
6357;10
6358;8
6359;4
6360;8
6361;5
6362;7
6363;5
6364;7
6365;2
6366;2
6367;3
6368;0
6369;7
6370;3
6371;6
6372;7
6373;7
6374;3
6375;7
6376;2
6377;7
6378;7
6379;5
6380;5
6381;3
6382;1
6383;6
6384;5
6385;11
6386;2
6387;5
6388;6
6389;5
6390;6
6391;6
6392;8
6393;4
6394;5
6395;5
6396;9
6397;6
6398;6
6399;5
6400;3
6401;5
6402;7
6403;7
6404;5
6405;1
6406;2
6407;6
6408;4
6409;3
6410;4
6411;5
6412;6
6413;7
6414;7
6415;6
6416;3
6417;9
6418;6
6419;8
6420;4
6421;4
6422;7
6423;3
6424;5
6425;3
6426;6
6427;5
6428;4
6429;4
6430;6
6431;3
6432;8
6433;7
6434;10
6435;9
6436;5
6437;3
6438;5
6439;4
6440;5
6441;8
6442;3
6443;8
6444;6
6445;4
6446;9
6447;8
6448;4
6449;8
6450;9
6451;4
6452;9
6453;5
6454;6
6455;5
6456;4
6457;3
6458;11
6459;6
6460;8
6461;6
6462;5
6463;10
6464;10
6465;2
6466;5
6467;3
6468;8
6469;5
6470;10
6471;7
6472;4
6473;5
6474;6
6475;4
6476;9
6477;6
6478;4
6479;5
6480;4
6481;3
6482;8
6483;9
6484;3
6485;7
6486;4
6487;4
6488;7
6489;6
6490;5
6491;6
6492;9
6493;5
6494;3
6495;1
6496;3
6497;7
6498;4
6499;5
6500;4
6501;5
6502;4
6503;3
6504;3
6505;7
6506;5
6507;6
6508;6
6509;3
6510;2
6511;6
6512;3
6513;8
6514;7
6515;7
6516;4
6517;4
6518;7
6519;8
6520;5
6521;3
6522;4
6523;4
6524;2
6525;4
6526;4
6527;5
6528;4
6529;4
6530;4
6531;1
6532;4
6533;5
6534;1
6535;6
6536;9
6537;4
6538;3
6539;4
6540;4
6541;4
6542;6
6543;5
6544;4
6545;6
6546;4
6547;6
6548;8
6549;2
6550;3
6551;1
6552;6
6553;5
6554;6
6555;7
6556;5
6557;6
6558;2
6559;1
6560;7
6561;9
6562;10
6563;5
6564;7
6565;11
6566;2
6567;1
6568;6
6569;5
6570;0
6571;4
6572;6
6573;7
6574;2
6575;7
6576;4
6577;4
6578;2
6579;7
6580;1
6581;4
6582;6
6583;1
6584;5
6585;2
6586;4
6587;8
6588;5
6589;5
6590;4
6591;8
6592;6
6593;6
6594;3
6595;1
6596;4
6597;4
6598;10
6599;4
6600;3
6601;6
6602;4
6603;8
6604;1
6605;10
6606;6
6607;6
6608;3
6609;2
6610;5
6611;3
6612;5
6613;5
6614;5
6615;3
6616;2
6617;4
6618;7
6619;4
6620;6
6621;2
6622;2
6623;5
6624;5
6625;4
6626;3
6627;3
6628;9
6629;8
6630;2
6631;3
6632;5
6633;2
6634;8
6635;1
6636;6
6637;8
6638;6
6639;10
6640;3
6641;3
6642;4
6643;6
6644;3
6645;7
6646;5
6647;3
6648;3
6649;7
6650;3
6651;6
6652;4
6653;4
6654;3
6655;4
6656;9
6657;6
6658;5
6659;4
6660;2
6661;6
6662;5
6663;4
6664;3
6665;4
6666;7
6667;5
6668;2
6669;6
6670;9
6671;5
6672;4
6673;4
6674;7
6675;6
6676;8
6677;3
6678;1
6679;4
6680;8
6681;7
6682;8
6683;5
6684;3
6685;4
6686;8
6687;6
6688;6
6689;4
6690;6
6691;5
6692;3
6693;10
6694;4
6695;4
6696;4
6697;6
6698;1
6699;5
6700;9
6701;6
6702;3
6703;7
6704;3
6705;7
6706;6
6707;4
6708;2
6709;4
6710;3
6711;5
6712;6
6713;7
6714;5
6715;4
6716;3
6717;3
6718;4
6719;4
6720;7
6721;5
6722;2
6723;6
6724;8
6725;4
6726;7
6727;4
6728;3
6729;7
6730;7
6731;5
6732;5
6733;3
6734;6
6735;4
6736;6
6737;5
6738;5
6739;4
6740;7
6741;2
6742;7
6743;8
6744;3
6745;5
6746;9
6747;4
6748;6
6749;10
6750;3
6751;0
6752;5
6753;6
6754;1
6755;4
6756;8
6757;2
6758;6
6759;8
6760;2
6761;7
6762;5
6763;7
6764;6
6765;4
6766;6
6767;5
6768;3
6769;3
6770;3
6771;8
6772;6
6773;8
6774;6
6775;5
6776;5
6777;5
6778;5
6779;10
6780;7
6781;7
6782;4
6783;8
6784;7
6785;1
6786;8
6787;6
6788;4
6789;8
6790;4
6791;7
6792;8
6793;10
6794;2
6795;8
6796;2
6797;6
6798;4
6799;4
6800;4
6801;4
6802;5
6803;5
6804;8
6805;4
6806;3
6807;4
6808;3
6809;2
6810;2
6811;4
6812;2
6813;4
6814;4
6815;5
6816;4
6817;10
6818;5
6819;5
6820;7
6821;8
6822;5
6823;6
6824;2
6825;5
6826;5
6827;2
6828;4
6829;6
6830;7
6831;2
6832;4
6833;4
6834;4
6835;5
6836;9
6837;7
6838;2
6839;7
6840;6
6841;3
6842;7
6843;6
6844;9
6845;2
6846;3
6847;7
6848;6
6849;2
6850;5
6851;6
6852;7
6853;10
6854;7
6855;5
6856;2
6857;4
6858;5
6859;3
6860;6
6861;7
6862;6
6863;9
6864;4
6865;4
6866;2
6867;2
6868;11
6869;8
6870;6
6871;5
6872;6
6873;5
6874;3
6875;4
6876;3
6877;6
6878;4
6879;3
6880;10
6881;4
6882;8
6883;7
6884;9
6885;5
6886;10
6887;2
6888;6
6889;7
6890;3
6891;4
6892;4
6893;1
6894;2
6895;7
6896;6
6897;3
6898;5
6899;7
6900;4
6901;6
6902;13
6903;6
6904;3
6905;8
6906;4
6907;9
6908;3
6909;5
6910;2
6911;9
6912;5
6913;5
6914;10
6915;5
6916;3
6917;3
6918;10
6919;6
6920;3
6921;6
6922;7
6923;5
6924;6
6925;4
6926;5
6927;5
6928;5
6929;4
6930;9
6931;2
6932;5
6933;6
6934;6
6935;3
6936;10
6937;5
6938;9
6939;4
6940;6
6941;5
6942;10
6943;2
6944;7
6945;10
6946;3
6947;3
6948;1
6949;3
6950;6
6951;3
6952;4
6953;6
6954;4
6955;8
6956;4
6957;6
6958;3
6959;7
6960;2
6961;5
6962;4
6963;4
6964;2
6965;5
6966;4
6967;1
6968;6
6969;8
6970;4
6971;5
6972;0
6973;4
6974;6
6975;9
6976;4
6977;9
6978;1
6979;10
6980;9
6981;7
6982;3
6983;5
6984;6
6985;5
6986;2
6987;2
6988;8
6989;5
6990;4
6991;7
6992;4
6993;6
6994;4
6995;3
6996;5
6997;4
6998;8
6999;8
7000;4
7001;3
7002;2
7003;4
7004;2
7005;2
7006;4
7007;2
7008;2
7009;3
7010;11
7011;4
7012;6
7013;3
7014;3
7015;6
7016;6
7017;6
7018;3
7019;4
7020;2
7021;7
7022;5
7023;6
7024;7
7025;8
7026;5
7027;5
7028;4
7029;6
7030;4
7031;4
7032;1
7033;4
7034;5
7035;3
7036;7
7037;3
7038;9
7039;7
7040;4
7041;6
7042;9
7043;0
7044;2
7045;9
7046;6
7047;5
7048;9
7049;6
7050;7
7051;3
7052;4
7053;6
7054;7
7055;10
7056;7
7057;4
7058;6
7059;6
7060;3
7061;7
7062;12
7063;2
7064;5
7065;3
7066;4
7067;4
7068;5
7069;2
7070;3
7071;9
7072;4
7073;4
7074;10
7075;4
7076;5
7077;5
7078;7
7079;5
7080;0
7081;5
7082;6
7083;7
7084;5
7085;6
7086;3
7087;4
7088;3
7089;1
7090;4
7091;5
7092;3
7093;6
7094;5
7095;2
7096;4
7097;7
7098;5
7099;5
7100;1
7101;9
7102;2
7103;5
7104;4
7105;8
7106;6
7107;2
7108;3
7109;1
7110;6
7111;8
7112;2
7113;1
7114;6
7115;6
7116;3
7117;3
7118;5
7119;3
7120;4
7121;6
7122;4
7123;3
7124;6
7125;9
7126;4
7127;8
7128;3
7129;4
7130;5
7131;9
7132;4
7133;1
7134;4
7135;7
7136;5
7137;5
7138;1
7139;5
7140;3
7141;5
7142;2
7143;4
7144;3
7145;5
7146;5
7147;3
7148;4
7149;2
7150;1
7151;0
7152;6
7153;1
7154;5
7155;0
7156;4
7157;4
7158;4
7159;2
7160;2
7161;1
7162;3
7163;4
7164;3
7165;7
7166;4
7167;4
7168;4
7169;5
7170;0
7171;3
7172;3
7173;6
7174;4
7175;6
7176;5
7177;2
7178;3
7179;1
7180;5
7181;2
7182;3
7183;2
7184;4
7185;4
7186;5
7187;2
7188;5
7189;7
7190;5
7191;1
7192;2
7193;3
7194;4
7195;4
7196;3
7197;6
7198;5
7199;5
7200;4
7201;3
7202;4
7203;0
7204;3
7205;5
7206;5
7207;3
7208;4
7209;2
7210;2
7211;3
7212;5
7213;3
7214;2
7215;3
7216;1
7217;2
7218;2
7219;2
7220;1
7221;5
7222;1
7223;5
7224;2
7225;4
7226;6
7227;5
7228;5
7229;1
7230;2
7231;12
7232;4
7233;10
7234;1
7235;5
7236;4
7237;4
7238;4
7239;5
7240;3
7241;3
7242;2
7243;3
7244;3
7245;2
7246;5
7247;3
7248;5
7249;2
7250;3
7251;1
7252;0
7253;3
7254;4
7255;3
7256;4
7257;4
7258;0
7259;3
7260;4
7261;11
7262;3
7263;1
7264;5
7265;3
7266;4
7267;6
7268;2
7269;2
7270;4
7271;2
7272;3
7273;4
7274;3
7275;4
7276;3
7277;2
7278;1
7279;3
7280;9
7281;3
7282;1
7283;2
7284;2
7285;4
7286;4
7287;4
7288;5
7289;2
7290;1
7291;3
7292;2
7293;0
7294;4
7295;1
7296;3
7297;3
7298;4
7299;2
7300;6
7301;1
7302;2
7303;7
7304;2
7305;3
7306;5
7307;4
7308;3
7309;3
7310;4
7311;4
7312;0
7313;3
7314;8
7315;3
7316;2
7317;1
7318;4
7319;6
7320;3
7321;5
7322;3
7323;5
7324;8
7325;1
7326;3
7327;6
7328;0
7329;5
7330;4
7331;3
7332;1
7333;5
7334;4
7335;3
7336;5
7337;4
7338;2
7339;3
7340;3
7341;4
7342;6
7343;3
7344;9
7345;3
7346;2
7347;3
7348;0
7349;3
7350;3
7351;5
7352;4
7353;4
7354;0
7355;3
7356;4
7357;3
7358;2
7359;7
7360;5
7361;3
7362;5
7363;2
7364;3
7365;3
7366;4
7367;4
7368;1
7369;5
7370;2
7371;1
7372;3
7373;3
7374;0
7375;6
7376;4
7377;7
7378;0
7379;2
7380;4
7381;3
7382;4
7383;0
7384;6
7385;3
7386;1
7387;4
7388;2
7389;1
7390;4
7391;0
7392;1
7393;4
7394;4
7395;0
7396;4
7397;1
7398;1
7399;2
7400;4
7401;4
7402;4
7403;3
7404;1
7405;0
7406;3
7407;2
7408;3
7409;2
7410;4
7411;3
7412;4
7413;2
7414;2
7415;1
7416;2
7417;3
7418;5
7419;2
7420;2
7421;1
7422;1
7423;4
7424;4
7425;5
7426;2
7427;4
7428;4
7429;3
7430;2
7431;3
7432;1
7433;2
7434;7
7435;4
7436;3
7437;2
7438;2
7439;0
7440;2
7441;2
7442;3
7443;4
7444;5
7445;3
7446;4
7447;6
7448;6
7449;4
7450;1
7451;0
7452;3
7453;2
7454;3
7455;2
7456;3
7457;1
7458;5
7459;2
7460;4
7461;2
7462;3
7463;4
7464;1
7465;2
7466;2
7467;0
7468;3
7469;4
7470;4
7471;2
7472;5
7473;2
7474;2
7475;1
7476;1
7477;0
7478;3
7479;3
7480;2
7481;4
7482;5
7483;2
7484;0
7485;0
7486;2
7487;1
7488;3
7489;2
7490;4
7491;5
7492;2
7493;0
7494;5
7495;3
7496;1
7497;2
7498;0
7499;3
7500;3
7501;0
7502;2
7503;4
7504;4
7505;0
7506;0
7507;2
7508;3
7509;0
7510;1
7511;2
7512;0
7513;5
7514;2
7515;3
7516;5
7517;1
7518;2
7519;4
7520;2
7521;2
7522;4
7523;2
7524;4
7525;2
7526;4
7527;2
7528;3
7529;2
7530;5
7531;2
7532;4
7533;4
7534;2
7535;1
7536;1
7537;1
7538;2
7539;1
7540;1
7541;4
7542;3
7543;1
7544;3
7545;2
7546;0
7547;0
7548;3
7549;4
7550;2
7551;0
7552;2
7553;2
7554;3
7555;3
7556;1
7557;2
7558;2
7559;4
7560;3
7561;5
7562;3
7563;3
7564;4
7565;2
7566;2
7567;1
7568;1
7569;1
7570;4
7571;1
7572;4
7573;3
7574;3
7575;2
7576;0
7577;3
7578;2
7579;2
7580;5
7581;1
7582;3
7583;3
7584;4
7585;2
7586;1
7587;2
7588;1
7589;1
7590;2
7591;1
7592;2
7593;1
7594;4
7595;2
7596;3
7597;2
7598;2
7599;0
7600;5
7601;2
7602;1
7603;2
7604;4
7605;1
7606;2
7607;1
7608;5
7609;1
7610;4
7611;3
7612;1
7613;2
7614;1
7615;3
7616;1
7617;2
7618;5
7619;2
7620;1
7621;2
7622;1
7623;2
7624;1
7625;1
7626;3
7627;1
7628;4
7629;2
7630;3
7631;3
7632;1
7633;5
7634;1
7635;2
7636;2
7637;3
7638;3
7639;0
7640;0
7641;1
7642;3
7643;2
7644;1
7645;1
7646;3
7647;4
7648;1
7649;0
7650;2
7651;3
7652;1
7653;2
7654;2
7655;1
7656;2
7657;4
7658;0
7659;2
7660;2
7661;2
7662;1
7663;0
7664;1
7665;1
7666;2
7667;4
7668;2
7669;1
7670;0
7671;3
7672;5
7673;2
7674;2
7675;3
7676;2
7677;3
7678;1
7679;2
7680;6
7681;1
7682;2
7683;5
7684;1
7685;5
7686;4
7687;1
7688;1
7689;2
7690;1
7691;2
7692;4
7693;1
7694;2
7695;2
7696;2
7697;3
7698;2
7699;1
7700;2
7701;1
7702;3
7703;0
7704;1
7705;4
7706;2
7707;0
7708;1
7709;1
7710;1
7711;3
7712;3
7713;1
7714;5
7715;3
7716;2
7717;0
7718;0
7719;3
7720;1
7721;4
7722;4
7723;1
7724;0
7725;3
7726;0
7727;2
7728;2
7729;0
7730;0
7731;2
7732;1
7733;0
7734;1
7735;1
7736;4
7737;3
7738;2
7739;3
7740;3
7741;1
7742;3
7743;0
7744;1
7745;2
7746;3
7747;4
7748;0
7749;0
7750;2
7751;1
7752;1
7753;2
7754;0
7755;3
7756;1
7757;2
7758;3
7759;3
7760;0
7761;0
7762;2
7763;5
7764;6
7765;0
7766;2
7767;4
7768;5
7769;1
7770;3
7771;1
7772;3
7773;2
7774;2
7775;2
7776;1
7777;1
7778;4
7779;1
7780;2
7781;1
7782;2
7783;1
7784;2
7785;1
7786;1
7787;3
7788;3
7789;3
7790;2
7791;2
7792;3
7793;3
7794;3
7795;0
7796;2
7797;1
7798;1
7799;2
7800;1
7801;2
7802;1
7803;0
7804;1
7805;3
7806;1
7807;1
7808;5
7809;3
7810;1
7811;2
7812;2
7813;4
7814;1
7815;4
7816;3
7817;4
7818;0
7819;2
7820;2
7821;1
7822;6
7823;0
7824;1
7825;3
7826;3
7827;2
7828;2
7829;1
7830;2
7831;0
7832;3
7833;1
7834;2
7835;0
7836;3
7837;2
7838;1
7839;3
7840;3
7841;2
7842;3
7843;3
7844;2
7845;6
7846;2
7847;3
7848;1
7849;4
7850;4
7851;0
7852;0
7853;1
7854;2
7855;1
7856;2
7857;1
7858;4
7859;2
7860;3
7861;3
7862;3
7863;1
7864;2
7865;1
7866;0
7867;1
7868;1
7869;2
7870;1
7871;1
7872;1
7873;2
7874;1
7875;4
7876;1
7877;0
7878;1
7879;1
7880;4
7881;0
7882;1
7883;3
7884;2
7885;1
7886;1
7887;2
7888;1
7889;0
7890;2
7891;4
7892;0
7893;2
7894;5
7895;0
7896;1
7897;0
7898;1
7899;1
7900;3
7901;1
7902;2
7903;1
7904;1
7905;1
7906;1
7907;4
7908;0
7909;2
7910;2
7911;4
7912;2
7913;3
7914;2
7915;0
7916;0
7917;6
7918;0
7919;3
7920;2
7921;1
7922;1
7923;5
7924;4
7925;5
7926;0
7927;3
7928;3
7929;5
7930;7
7931;3
7932;0
7933;2
7934;2
7935;3
7936;1
7937;2
7938;4
7939;1
7940;1
7941;4
7942;1
7943;3
7944;2
7945;1
7946;1
7947;3
7948;1
7949;2
7950;0
7951;3
7952;0
7953;1
7954;2
7955;1
7956;2
7957;1
7958;2
7959;1
7960;4
7961;3
7962;1
7963;3
7964;2
7965;0
7966;2
7967;5
7968;1
7969;1
7970;1
7971;2
7972;1
7973;3
7974;1
7975;3
7976;2
7977;1
7978;1
7979;3
7980;2
7981;4
7982;3
7983;1
7984;0
7985;3
7986;3
7987;2
7988;0
7989;1
7990;0
7991;0
7992;0
7993;0
7994;0
7995;0
7996;0
7997;0
7998;0
7999;0
8000;0
8001;0
8002;0
8003;0
8004;0
8005;0
8006;0
8007;0
8008;0
8009;0
8010;0
8011;0
8012;0
8013;0
8014;0
8015;0
8016;0
8017;0
8018;0
8019;0
8020;0
8021;0
8022;0
8023;0
8024;0
8025;0
8026;0
8027;0
8028;0
8029;0
8030;0
8031;0
8032;0
8033;0
8034;0
8035;0
8036;0
8037;0
8038;0
8039;0
8040;0
8041;0
8042;0
8043;0
8044;0
8045;0
8046;0
8047;0
8048;0
8049;0
8050;0
8051;0
8052;0
8053;0
8054;0
8055;0
8056;0
8057;0
8058;0
8059;0
8060;0
8061;0
8062;0
8063;0
8064;0
8065;0
8066;0
8067;0
8068;0
8069;0
8070;0
8071;0
8072;0
8073;0
8074;0
8075;0
8076;0
8077;0
8078;0
8079;0
8080;0
8081;0
8082;0
8083;0
8084;0
8085;0
8086;0
8087;0
8088;0
8089;0
8090;0
8091;0
8092;0
8093;0
8094;0
8095;0
8096;0
8097;0
8098;0
8099;0
8100;0
8101;0
8102;0
8103;0
8104;0
8105;0
8106;0
8107;0
8108;0
8109;0
8110;0
8111;0
8112;0
8113;0
8114;0
8115;0
8116;0
8117;0
8118;0
8119;0
8120;0
8121;0
8122;0
8123;0
8124;0
8125;0
8126;0
8127;0
8128;0
8129;0
8130;0
8131;0
8132;0
8133;0
8134;0
8135;0
8136;0
8137;0
8138;0
8139;0
8140;0
8141;0
8142;0
8143;0
8144;0
8145;0
8146;0
8147;0
8148;0
8149;0
8150;0
8151;0
8152;0
8153;0
8154;0
8155;0
8156;0
8157;0
8158;0
8159;0
8160;0
8161;0
8162;0
8163;0
8164;0
8165;0
8166;0
8167;0
8168;0
8169;0
8170;0
8171;0
8172;0
8173;0
8174;0
8175;0
8176;0
8177;0
8178;0
8179;0
8180;0
8181;0
8182;0
8183;0
8184;0
8185;0
8186;0
8187;0
8188;0
8189;0
8190;0
8191;0
