0;7
1;0
2;0
3;0
4;0
5;0
6;0
7;1
8;0
9;0
10;0
11;0
12;0
13;0
14;1
15;0
16;0
17;0
18;0
19;0
20;1
21;0
22;0
23;0
24;0
25;0
26;0
27;0
28;0
29;0
30;2
31;5
32;13
33;18
34;17
35;20
36;19
37;20
38;13
39;22
40;19
41;24
42;15
43;12
44;14
45;19
46;22
47;18
48;12
49;14
50;20
51;24
52;18
53;19
54;20
55;23
56;20
57;21
58;19
59;16
60;20
61;19
62;18
63;29
64;14
65;23
66;13
67;22
68;18
69;21
70;19
71;11
72;11
73;16
74;32
75;20
76;22
77;19
78;12
79;22
80;16
81;15
82;22
83;21
84;15
85;19
86;16
87;19
88;24
89;14
90;28
91;18
92;19
93;23
94;21
95;14
96;24
97;18
98;20
99;20
100;12
101;17
102;21
103;27
104;29
105;19
106;18
107;15
108;19
109;21
110;10
111;21
112;15
113;24
114;18
115;14
116;26
117;16
118;19
119;20
120;13
121;15
122;15
123;13
124;16
125;22
126;17
127;17
128;17
129;25
130;29
131;17
132;19
133;21
134;23
135;20
136;17
137;17
138;19
139;27
140;13
141;26
142;20
143;26
144;17
145;17
146;16
147;14
148;16
149;13
150;19
151;23
152;20
153;21
154;26
155;27
156;13
157;19
158;16
159;17
160;12
161;28
162;17
163;15
164;19
165;20
166;14
167;21
168;21
169;19
170;11
171;13
172;17
173;15
174;23
175;24
176;26
177;18
178;22
179;24
180;17
181;20
182;22
183;19
184;21
185;23
186;19
187;17
188;16
189;12
190;21
191;29
192;27
193;18
194;22
195;14
196;21
197;26
198;22
199;19
200;19
201;13
202;15
203;21
204;16
205;15
206;13
207;15
208;17
209;21
210;25
211;18
212;23
213;24
214;26
215;14
216;20
217;15
218;21
219;14
220;22
221;19
222;22
223;23
224;19
225;14
226;27
227;19
228;22
229;19
230;20
231;28
232;16
233;35
234;22
235;34
236;19
237;27
238;17
239;21
240;16
241;22
242;17
243;16
244;16
245;30
246;26
247;24
248;12
249;23
250;19
251;18
252;17
253;17
254;28
255;19
256;30
257;24
258;22
259;17
260;20
261;32
262;19
263;25
264;26
265;24
266;16
267;16
268;25
269;23
270;32
271;17
272;21
273;27
274;19
275;16
276;27
277;11
278;17
279;12
280;25
281;20
282;18
283;13
284;18
285;21
286;28
287;23
288;27
289;19
290;16
291;20
292;23
293;21
294;31
295;22
296;27
297;18
298;28
299;24
300;22
301;17
302;21
303;16
304;25
305;30
306;25
307;21
308;29
309;23
310;25
311;24
312;26
313;26
314;26
315;23
316;18
317;26
318;18
319;23
320;17
321;21
322;16
323;12
324;16
325;27
326;25
327;18
328;28
329;29
330;19
331;30
332;19
333;20
334;18
335;23
336;18
337;21
338;30
339;33
340;18
341;26
342;24
343;18
344;19
345;18
346;27
347;31
348;27
349;27
350;27
351;22
352;26
353;24
354;16
355;22
356;28
357;24
358;31
359;14
360;30
361;20
362;22
363;32
364;32
365;24
366;15
367;26
368;17
369;17
370;21
371;31
372;15
373;28
374;21
375;20
376;25
377;27
378;16
379;24
380;27
381;16
382;23
383;22
384;19
385;25
386;18
387;18
388;24
389;16
390;26
391;22
392;20
393;29
394;24
395;29
396;19
397;22
398;18
399;19
400;19
401;19
402;17
403;17
404;20
405;24
406;22
407;28
408;20
409;23
410;21
411;26
412;21
413;25
414;23
415;21
416;13
417;29
418;28
419;19
420;23
421;17
422;32
423;25
424;18
425;28
426;9
427;17
428;28
429;28
430;21
431;26
432;29
433;25
434;20
435;16
436;21
437;14
438;27
439;23
440;26
441;19
442;21
443;25
444;14
445;28
446;10
447;17
448;19
449;26
450;23
451;17
452;23
453;19
454;20
455;22
456;15
457;27
458;19
459;19
460;21
461;15
462;26
463;21
464;22
465;30
466;19
467;29
468;25
469;13
470;27
471;25
472;24
473;26
474;20
475;9
476;27
477;30
478;27
479;15
480;33
481;23
482;25
483;19
484;18
485;22
486;17
487;24
488;20
489;23
490;20
491;17
492;20
493;20
494;24
495;22
496;23
497;16
498;27
499;26
500;20
501;21
502;17
503;35
504;24
505;23
506;21
507;17
508;17
509;34
510;24
511;22
512;19
513;27
514;19
515;20
516;20
517;16
518;26
519;28
520;21
521;29
522;15
523;18
524;19
525;19
526;23
527;23
528;16
529;19
530;23
531;18
532;18
533;27
534;25
535;20
536;19
537;24
538;18
539;19
540;30
541;24
542;20
543;22
544;26
545;28
546;25
547;17
548;29
549;21
550;26
551;15
552;21
553;19
554;23
555;22
556;28
557;26
558;20
559;29
560;18
561;30
562;27
563;26
564;28
565;21
566;25
567;20
568;23
569;10
570;23
571;16
572;32
573;23
574;27
575;21
576;29
577;25
578;18
579;23
580;33
581;24
582;24
583;30
584;23
585;23
586;21
587;26
588;13
589;19
590;13
591;21
592;24
593;26
594;25
595;16
596;22
597;27
598;23
599;23
600;20
601;25
602;18
603;19
604;16
605;23
606;16
607;21
608;24
609;19
610;25
611;16
612;30
613;21
614;18
615;15
616;21
617;26
618;23
619;26
620;28
621;13
622;18
623;22
624;23
625;23
626;27
627;23
628;21
629;21
630;19
631;25
632;22
633;26
634;15
635;18
636;14
637;36
638;15
639;21
640;29
641;23
642;18
643;20
644;20
645;25
646;13
647;23
648;22
649;29
650;22
651;28
652;21
653;29
654;20
655;22
656;24
657;26
658;29
659;15
660;23
661;21
662;27
663;24
664;24
665;24
666;31
667;28
668;21
669;28
670;22
671;31
672;25
673;21
674;24
675;30
676;24
677;24
678;37
679;29
680;20
681;31
682;23
683;26
684;41
685;15
686;21
687;26
688;21
689;25
690;30
691;22
692;21
693;21
694;20
695;27
696;20
697;27
698;23
699;23
700;27
701;17
702;21
703;25
704;22
705;21
706;28
707;19
708;21
709;27
710;22
711;22
712;32
713;28
714;25
715;35
716;26
717;26
718;18
719;34
720;18
721;32
722;37
723;33
724;23
725;22
726;28
727;24
728;35
729;30
730;26
731;21
732;27
733;37
734;16
735;36
736;20
737;21
738;25
739;20
740;25
741;18
742;23
743;25
744;40
745;23
746;28
747;26
748;22
749;25
750;30
751;27
752;32
753;26
754;31
755;22
756;22
757;24
758;36
759;30
760;23
761;24
762;12
763;26
764;32
765;24
766;27
767;37
768;22
769;26
770;21
771;13
772;33
773;25
774;25
775;38
776;26
777;27
778;23
779;25
780;23
781;28
782;32
783;20
784;25
785;16
786;24
787;29
788;30
789;32
790;18
791;22
792;24
793;28
794;24
795;23
796;32
797;27
798;33
799;33
800;18
801;34
802;33
803;30
804;35
805;27
806;22
807;27
808;34
809;25
810;23
811;33
812;23
813;27
814;31
815;29
816;27
817;26
818;27
819;31
820;24
821;36
822;29
823;27
824;27
825;23
826;26
827;25
828;28
829;33
830;32
831;30
832;25
833;27
834;28
835;24
836;29
837;27
838;26
839;33
840;20
841;26
842;28
843;34
844;30
845;17
846;28
847;30
848;29
849;37
850;22
851;31
852;32
853;35
854;23
855;38
856;33
857;34
858;26
859;28
860;27
861;22
862;33
863;23
864;28
865;22
866;29
867;30
868;27
869;17
870;37
871;31
872;36
873;21
874;28
875;21
876;27
877;26
878;32
879;33
880;31
881;24
882;27
883;35
884;31
885;26
886;32
887;36
888;33
889;24
890;39
891;40
892;25
893;24
894;33
895;32
896;30
897;30
898;32
899;32
900;25
901;35
902;29
903;25
904;33
905;24
906;32
907;25
908;24
909;38
910;28
911;26
912;25
913;35
914;29
915;31
916;29
917;23
918;38
919;33
920;28
921;29
922;35
923;34
924;43
925;30
926;27
927;36
928;28
929;28
930;30
931;33
932;40
933;28
934;33
935;27
936;38
937;38
938;28
939;24
940;25
941;34
942;29
943;24
944;32
945;26
946;36
947;39
948;30
949;38
950;38
951;32
952;21
953;29
954;30
955;29
956;33
957;25
958;34
959;31
960;33
961;40
962;27
963;39
964;21
965;31
966;30
967;33
968;45
969;28
970;23
971;31
972;34
973;33
974;28
975;20
976;40
977;26
978;31
979;39
980;25
981;29
982;29
983;36
984;33
985;29
986;31
987;28
988;37
989;35
990;25
991;31
992;29
993;33
994;27
995;33
996;42
997;44
998;46
999;34
1000;28
1001;21
1002;31
1003;34
1004;27
1005;29
1006;33
1007;35
1008;42
1009;36
1010;29
1011;37
1012;23
1013;44
1014;37
1015;37
1016;33
1017;40
1018;36
1019;23
1020;40
1021;35
1022;30
1023;22
1024;32
1025;31
1026;30
1027;32
1028;29
1029;38
1030;29
1031;35
1032;34
1033;29
1034;42
1035;38
1036;24
1037;27
1038;30
1039;32
1040;27
1041;26
1042;32
1043;35
1044;29
1045;40
1046;25
1047;36
1048;32
1049;36
1050;37
1051;32
1052;31
1053;35
1054;34
1055;35
1056;29
1057;38
1058;24
1059;37
1060;37
1061;35
1062;23
1063;34
1064;31
1065;27
1066;29
1067;38
1068;27
1069;30
1070;39
1071;36
1072;33
1073;30
1074;24
1075;43
1076;37
1077;29
1078;35
1079;37
1080;30
1081;33
1082;30
1083;38
1084;34
1085;20
1086;45
1087;37
1088;30
1089;40
1090;31
1091;36
1092;26
1093;25
1094;34
1095;36
1096;26
1097;26
1098;37
1099;22
1100;23
1101;28
1102;28
1103;22
1104;38
1105;30
1106;31
1107;36
1108;36
1109;34
1110;30
1111;37
1112;29
1113;33
1114;29
1115;35
1116;27
1117;32
1118;32
1119;31
1120;39
1121;29
1122;39
1123;26
1124;25
1125;35
1126;33
1127;41
1128;36
1129;26
1130;27
1131;28
1132;28
1133;26
1134;33
1135;29
1136;31
1137;35
1138;33
1139;33
1140;47
1141;33
1142;25
1143;27
1144;26
1145;24
1146;35
1147;34
1148;43
1149;22
1150;26
1151;37
1152;33
1153;34
1154;26
1155;39
1156;31
1157;29
1158;33
1159;24
1160;30
1161;45
1162;29
1163;29
1164;34
1165;36
1166;24
1167;41
1168;25
1169;25
1170;34
1171;28
1172;29
1173;41
1174;30
1175;38
1176;35
1177;38
1178;36
1179;26
1180;36
1181;33
1182;27
1183;37
1184;27
1185;41
1186;30
1187;36
1188;29
1189;28
1190;29
1191;27
1192;32
1193;21
1194;30
1195;39
1196;32
1197;45
1198;25
1199;37
1200;32
1201;36
1202;30
1203;37
1204;30
1205;32
1206;33
1207;24
1208;36
1209;37
1210;41
1211;27
1212;33
1213;29
1214;23
1215;31
1216;27
1217;33
1218;30
1219;33
1220;33
1221;31
1222;31
1223;25
1224;27
1225;31
1226;30
1227;27
1228;27
1229;30
1230;39
1231;23
1232;28
1233;40
1234;36
1235;37
1236;31
1237;32
1238;40
1239;23
1240;28
1241;22
1242;19
1243;32
1244;24
1245;35
1246;24
1247;30
1248;30
1249;25
1250;32
1251;26
1252;26
1253;24
1254;30
1255;29
1256;26
1257;29
1258;37
1259;33
1260;29
1261;25
1262;32
1263;27
1264;40
1265;29
1266;27
1267;26
1268;32
1269;36
1270;21
1271;30
1272;30
1273;31
1274;28
1275;22
1276;31
1277;47
1278;32
1279;33
1280;35
1281;33
1282;37
1283;32
1284;31
1285;35
1286;28
1287;28
1288;27
1289;39
1290;30
1291;39
1292;37
1293;27
1294;33
1295;36
1296;28
1297;40
1298;26
1299;30
1300;37
1301;29
1302;25
1303;34
1304;33
1305;35
1306;31
1307;31
1308;33
1309;34
1310;39
1311;25
1312;26
1313;26
1314;28
1315;33
1316;33
1317;35
1318;29
1319;34
1320;33
1321;39
1322;30
1323;29
1324;28
1325;32
1326;25
1327;33
1328;31
1329;41
1330;35
1331;37
1332;28
1333;31
1334;46
1335;42
1336;26
1337;28
1338;31
1339;30
1340;30
1341;33
1342;34
1343;28
1344;41
1345;30
1346;30
1347;35
1348;34
1349;34
1350;38
1351;32
1352;34
1353;32
1354;29
1355;27
1356;28
1357;38
1358;36
1359;23
1360;34
1361;29
1362;43
1363;29
1364;35
1365;34
1366;28
1367;26
1368;24
1369;25
1370;43
1371;25
1372;34
1373;24
1374;44
1375;32
1376;39
1377;25
1378;33
1379;26
1380;26
1381;35
1382;27
1383;28
1384;37
1385;34
1386;17
1387;41
1388;27
1389;33
1390;34
1391;28
1392;24
1393;29
1394;37
1395;25
1396;31
1397;26
1398;33
1399;31
1400;38
1401;37
1402;57
1403;33
1404;34
1405;36
1406;26
1407;35
1408;23
1409;37
1410;27
1411;27
1412;24
1413;29
1414;28
1415;30
1416;38
1417;31
1418;26
1419;32
1420;24
1421;32
1422;27
1423;30
1424;42
1425;21
1426;19
1427;49
1428;31
1429;32
1430;31
1431;34
1432;36
1433;32
1434;28
1435;37
1436;34
1437;33
1438;32
1439;29
1440;30
1441;31
1442;35
1443;36
1444;38
1445;30
1446;35
1447;28
1448;31
1449;34
1450;35
1451;13
1452;27
1453;37
1454;40
1455;33
1456;27
1457;39
1458;32
1459;30
1460;26
1461;34
1462;33
1463;29
1464;30
1465;40
1466;25
1467;28
1468;25
1469;37
1470;31
1471;25
1472;32
1473;27
1474;30
1475;25
1476;32
1477;35
1478;31
1479;28
1480;27
1481;34
1482;23
1483;36
1484;32
1485;27
1486;25
1487;30
1488;26
1489;27
1490;20
1491;31
1492;38
1493;33
1494;33
1495;35
1496;23
1497;29
1498;28
1499;24
1500;25
1501;29
1502;32
1503;27
1504;28
1505;47
1506;31
1507;31
1508;23
1509;40
1510;24
1511;29
1512;32
1513;35
1514;43
1515;32
1516;30
1517;30
1518;21
1519;26
1520;19
1521;35
1522;37
1523;35
1524;21
1525;21
1526;34
1527;33
1528;27
1529;30
1530;19
1531;48
1532;27
1533;39
1534;34
1535;36
1536;28
1537;33
1538;21
1539;38
1540;32
1541;38
1542;35
1543;35
1544;25
1545;32
1546;37
1547;37
1548;27
1549;40
1550;27
1551;27
1552;22
1553;19
1554;19
1555;31
1556;34
1557;30
1558;42
1559;28
1560;40
1561;30
1562;37
1563;40
1564;41
1565;26
1566;24
1567;38
1568;38
1569;41
1570;30
1571;29
1572;27
1573;38
1574;30
1575;31
1576;29
1577;37
1578;25
1579;38
1580;31
1581;33
1582;25
1583;25
1584;41
1585;32
1586;38
1587;30
1588;29
1589;35
1590;38
1591;31
1592;31
1593;32
1594;22
1595;32
1596;38
1597;38
1598;29
1599;32
1600;42
1601;31
1602;35
1603;28
1604;30
1605;26
1606;29
1607;22
1608;35
1609;27
1610;32
1611;35
1612;36
1613;33
1614;36
1615;37
1616;38
1617;37
1618;40
1619;26
1620;20
1621;24
1622;19
1623;31
1624;24
1625;31
1626;36
1627;37
1628;29
1629;28
1630;25
1631;33
1632;35
1633;35
1634;30
1635;28
1636;32
1637;32
1638;30
1639;36
1640;26
1641;26
1642;22
1643;32
1644;39
1645;31
1646;24
1647;35
1648;32
1649;25
1650;28
1651;27
1652;33
1653;27
1654;41
1655;26
1656;43
1657;27
1658;44
1659;39
1660;38
1661;36
1662;34
1663;31
1664;20
1665;26
1666;23
1667;42
1668;25
1669;27
1670;41
1671;35
1672;37
1673;25
1674;33
1675;28
1676;32
1677;24
1678;32
1679;26
1680;24
1681;28
1682;31
1683;28
1684;26
1685;25
1686;29
1687;22
1688;33
1689;21
1690;32
1691;39
1692;32
1693;26
1694;35
1695;24
1696;28
1697;32
1698;38
1699;32
1700;25
1701;23
1702;38
1703;26
1704;27
1705;27
1706;32
1707;25
1708;39
1709;31
1710;32
1711;35
1712;32
1713;25
1714;29
1715;39
1716;21
1717;30
1718;23
1719;32
1720;29
1721;36
1722;27
1723;41
1724;29
1725;37
1726;30
1727;29
1728;27
1729;45
1730;29
1731;28
1732;39
1733;36
1734;31
1735;43
1736;22
1737;30
1738;37
1739;32
1740;31
1741;26
1742;25
1743;36
1744;31
1745;18
1746;28
1747;43
1748;33
1749;47
1750;38
1751;37
1752;36
1753;35
1754;36
1755;31
1756;38
1757;33
1758;38
1759;33
1760;31
1761;35
1762;30
1763;33
1764;41
1765;34
1766;35
1767;31
1768;29
1769;33
1770;32
1771;27
1772;31
1773;26
1774;30
1775;18
1776;27
1777;46
1778;31
1779;41
1780;26
1781;31
1782;31
1783;30
1784;20
1785;28
1786;24
1787;33
1788;31
1789;31
1790;36
1791;37
1792;32
1793;25
1794;35
1795;34
1796;34
1797;36
1798;41
1799;37
1800;33
1801;32
1802;35
1803;31
1804;32
1805;27
1806;35
1807;23
1808;32
1809;25
1810;32
1811;30
1812;28
1813;43
1814;29
1815;29
1816;34
1817;24
1818;31
1819;30
1820;33
1821;30
1822;36
1823;22
1824;33
1825;39
1826;36
1827;40
1828;32
1829;24
1830;33
1831;35
1832;30
1833;36
1834;25
1835;26
1836;29
1837;24
1838;32
1839;30
1840;36
1841;28
1842;38
1843;25
1844;37
1845;24
1846;35
1847;35
1848;27
1849;34
1850;31
1851;31
1852;31
1853;38
1854;34
1855;29
1856;33
1857;27
1858;38
1859;34
1860;33
1861;32
1862;40
1863;41
1864;24
1865;38
1866;31
1867;31
1868;39
1869;36
1870;29
1871;27
1872;34
1873;30
1874;39
1875;27
1876;30
1877;34
1878;24
1879;29
1880;35
1881;33
1882;27
1883;32
1884;35
1885;26
1886;29
1887;20
1888;29
1889;31
1890;32
1891;31
1892;28
1893;34
1894;34
1895;35
1896;26
1897;19
1898;35
1899;33
1900;30
1901;38
1902;25
1903;35
1904;27
1905;26
1906;32
1907;35
1908;26
1909;40
1910;20
1911;30
1912;39
1913;23
1914;22
1915;28
1916;32
1917;33
1918;28
1919;32
1920;35
1921;35
1922;30
1923;30
1924;30
1925;22
1926;22
1927;23
1928;31
1929;22
1930;30
1931;24
1932;31
1933;33
1934;36
1935;34
1936;36
1937;24
1938;33
1939;33
1940;42
1941;26
1942;34
1943;25
1944;25
1945;24
1946;31
1947;25
1948;27
1949;30
1950;33
1951;36
1952;23
1953;39
1954;35
1955;34
1956;39
1957;37
1958;26
1959;27
1960;23
1961;17
1962;29
1963;29
1964;22
1965;30
1966;28
1967;26
1968;26
1969;33
1970;24
1971;34
1972;39
1973;30
1974;30
1975;18
1976;23
1977;36
1978;30
1979;35
1980;39
1981;33
1982;32
1983;30
1984;33
1985;26
1986;32
1987;28
1988;24
1989;29
1990;22
1991;24
1992;25
1993;30
1994;24
1995;24
1996;23
1997;31
1998;23
1999;32
2000;25
2001;32
2002;34
2003;33
2004;23
2005;27
2006;27
2007;39
2008;33
2009;34
2010;26
2011;34
2012;34
2013;31
2014;30
2015;30
2016;46
2017;31
2018;28
2019;26
2020;27
2021;22
2022;25
2023;24
2024;19
2025;28
2026;31
2027;30
2028;27
2029;36
2030;33
2031;40
2032;34
2033;27
2034;30
2035;31
2036;39
2037;30
2038;28
2039;34
2040;30
2041;34
2042;22
2043;30
2044;25
2045;22
2046;27
2047;22
2048;31
2049;26
2050;22
2051;30
2052;29
2053;34
2054;30
2055;27
2056;34
2057;36
2058;33
2059;22
2060;35
2061;24
2062;29
2063;28
2064;30
2065;30
2066;28
2067;30
2068;32
2069;24
2070;28
2071;27
2072;27
2073;29
2074;31
2075;32
2076;16
2077;29
2078;23
2079;24
2080;33
2081;38
2082;31
2083;33
2084;30
2085;26
2086;22
2087;44
2088;39
2089;24
2090;32
2091;27
2092;25
2093;20
2094;35
2095;30
2096;30
2097;32
2098;29
2099;35
2100;22
2101;24
2102;26
2103;33
2104;22
2105;27
2106;28
2107;23
2108;30
2109;27
2110;29
2111;27
2112;26
2113;26
2114;33
2115;34
2116;26
2117;45
2118;23
2119;31
2120;30
2121;39
2122;27
2123;41
2124;30
2125;20
2126;37
2127;24
2128;39
2129;35
2130;31
2131;26
2132;31
2133;28
2134;27
2135;28
2136;40
2137;36
2138;28
2139;19
2140;38
2141;30
2142;30
2143;39
2144;42
2145;23
2146;30
2147;37
2148;36
2149;30
2150;31
2151;30
2152;35
2153;23
2154;45
2155;18
2156;29
2157;19
2158;24
2159;32
2160;38
2161;31
2162;39
2163;38
2164;41
2165;51
2166;38
2167;36
2168;31
2169;36
2170;32
2171;26
2172;27
2173;31
2174;39
2175;30
2176;35
2177;28
2178;30
2179;31
2180;31
2181;22
2182;30
2183;43
2184;26
2185;34
2186;37
2187;30
2188;28
2189;29
2190;32
2191;36
2192;28
2193;23
2194;33
2195;24
2196;30
2197;35
2198;36
2199;28
2200;40
2201;21
2202;33
2203;25
2204;29
2205;35
2206;27
2207;35
2208;37
2209;39
2210;35
2211;39
2212;28
2213;32
2214;26
2215;34
2216;29
2217;38
2218;35
2219;29
2220;33
2221;29
2222;28
2223;37
2224;34
2225;24
2226;20
2227;32
2228;35
2229;33
2230;35
2231;34
2232;34
2233;49
2234;28
2235;35
2236;37
2237;28
2238;31
2239;25
2240;39
2241;29
2242;31
2243;24
2244;40
2245;29
2246;34
2247;36
2248;36
2249;36
2250;34
2251;29
2252;32
2253;24
2254;33
2255;46
2256;25
2257;33
2258;26
2259;25
2260;43
2261;38
2262;44
2263;19
2264;32
2265;38
2266;47
2267;44
2268;34
2269;39
2270;50
2271;42
2272;34
2273;39
2274;33
2275;44
2276;39
2277;34
2278;29
2279;44
2280;28
2281;36
2282;31
2283;37
2284;34
2285;41
2286;39
2287;35
2288;37
2289;37
2290;33
2291;33
2292;41
2293;33
2294;26
2295;39
2296;26
2297;26
2298;37
2299;35
2300;34
2301;33
2302;37
2303;42
2304;44
2305;40
2306;33
2307;32
2308;40
2309;32
2310;45
2311;41
2312;36
2313;30
2314;33
2315;31
2316;40
2317;43
2318;34
2319;32
2320;31
2321;43
2322;40
2323;37
2324;36
2325;31
2326;30
2327;34
2328;40
2329;34
2330;27
2331;30
2332;43
2333;35
2334;34
2335;39
2336;38
2337;41
2338;45
2339;35
2340;33
2341;45
2342;48
2343;31
2344;43
2345;40
2346;33
2347;37
2348;45
2349;45
2350;31
2351;44
2352;43
2353;34
2354;38
2355;34
2356;31
2357;41
2358;32
2359;44
2360;32
2361;42
2362;39
2363;31
2364;36
2365;34
2366;39
2367;43
2368;41
2369;50
2370;30
2371;39
2372;31
2373;33
2374;36
2375;32
2376;39
2377;33
2378;42
2379;20
2380;46
2381;47
2382;32
2383;36
2384;39
2385;38
2386;43
2387;46
2388;46
2389;40
2390;34
2391;40
2392;47
2393;42
2394;38
2395;47
2396;28
2397;39
2398;49
2399;31
2400;42
2401;43
2402;46
2403;48
2404;48
2405;47
2406;45
2407;48
2408;28
2409;43
2410;42
2411;40
2412;28
2413;41
2414;40
2415;36
2416;43
2417;31
2418;39
2419;32
2420;37
2421;47
2422;31
2423;37
2424;38
2425;33
2426;41
2427;29
2428;39
2429;37
2430;46
2431;40
2432;36
2433;41
2434;38
2435;36
2436;36
2437;30
2438;41
2439;45
2440;39
2441;33
2442;38
2443;40
2444;40
2445;36
2446;39
2447;48
2448;42
2449;45
2450;43
2451;37
2452;52
2453;43
2454;42
2455;35
2456;35
2457;41
2458;35
2459;54
2460;43
2461;41
2462;34
2463;43
2464;46
2465;38
2466;39
2467;37
2468;41
2469;43
2470;35
2471;44
2472;26
2473;36
2474;44
2475;40
2476;30
2477;36
2478;42
2479;30
2480;51
2481;34
2482;36
2483;47
2484;23
2485;37
2486;37
2487;37
2488;44
2489;33
2490;35
2491;33
2492;28
2493;60
2494;39
2495;39
2496;37
2497;36
2498;40
2499;42
2500;27
2501;44
2502;44
2503;36
2504;29
2505;40
2506;38
2507;46
2508;33
2509;43
2510;36
2511;42
2512;33
2513;40
2514;44
2515;41
2516;45
2517;45
2518;56
2519;40
2520;33
2521;36
2522;42
2523;31
2524;43
2525;36
2526;36
2527;31
2528;41
2529;39
2530;40
2531;29
2532;35
2533;35
2534;41
2535;34
2536;31
2537;39
2538;35
2539;37
2540;38
2541;38
2542;44
2543;29
2544;36
2545;44
2546;34
2547;37
2548;43
2549;42
2550;39
2551;39
2552;42
2553;28
2554;25
2555;39
2556;33
2557;34
2558;36
2559;44
2560;36
2561;24
2562;35
2563;37
2564;39
2565;30
2566;42
2567;38
2568;32
2569;35
2570;40
2571;43
2572;38
2573;36
2574;42
2575;44
2576;43
2577;37
2578;38
2579;48
2580;35
2581;40
2582;32
2583;31
2584;42
2585;39
2586;37
2587;45
2588;24
2589;30
2590;40
2591;38
2592;36
2593;37
2594;28
2595;27
2596;39
2597;45
2598;37
2599;35
2600;55
2601;26
2602;34
2603;38
2604;29
2605;45
2606;43
2607;33
2608;41
2609;37
2610;37
2611;45
2612;33
2613;39
2614;50
2615;38
2616;42
2617;30
2618;34
2619;39
2620;40
2621;46
2622;48
2623;35
2624;28
2625;33
2626;39
2627;35
2628;30
2629;37
2630;30
2631;25
2632;35
2633;33
2634;41
2635;31
2636;36
2637;36
2638;26
2639;25
2640;35
2641;22
2642;37
2643;31
2644;32
2645;26
2646;34
2647;39
2648;32
2649;34
2650;25
2651;33
2652;40
2653;42
2654;38
2655;33
2656;38
2657;41
2658;49
2659;31
2660;29
2661;44
2662;49
2663;46
2664;25
2665;31
2666;56
2667;29
2668;34
2669;32
2670;39
2671;40
2672;36
2673;36
2674;36
2675;38
2676;33
2677;48
2678;23
2679;31
2680;43
2681;31
2682;34
2683;35
2684;39
2685;29
2686;28
2687;36
2688;32
2689;34
2690;35
2691;26
2692;53
2693;30
2694;37
2695;37
2696;29
2697;29
2698;35
2699;31
2700;27
2701;36
2702;37
2703;30
2704;31
2705;41
2706;32
2707;38
2708;39
2709;49
2710;33
2711;44
2712;41
2713;34
2714;36
2715;32
2716;47
2717;37
2718;34
2719;32
2720;30
2721;34
2722;41
2723;35
2724;36
2725;32
2726;31
2727;25
2728;33
2729;37
2730;33
2731;52
2732;29
2733;32
2734;34
2735;33
2736;33
2737;40
2738;23
2739;32
2740;36
2741;32
2742;25
2743;30
2744;22
2745;34
2746;31
2747;36
2748;44
2749;33
2750;31
2751;33
2752;26
2753;32
2754;36
2755;31
2756;26
2757;38
2758;30
2759;37
2760;24
2761;34
2762;36
2763;25
2764;29
2765;34
2766;30
2767;32
2768;47
2769;41
2770;29
2771;40
2772;38
2773;40
2774;36
2775;28
2776;37
2777;22
2778;37
2779;46
2780;33
2781;36
2782;35
2783;24
2784;31
2785;23
2786;29
2787;38
2788;42
2789;24
2790;19
2791;31
2792;42
2793;29
2794;26
2795;32
2796;35
2797;28
2798;27
2799;39
2800;30
2801;30
2802;45
2803;26
2804;31
2805;23
2806;30
2807;37
2808;32
2809;40
2810;35
2811;41
2812;39
2813;32
2814;30
2815;31
2816;33
2817;35
2818;32
2819;36
2820;29
2821;41
2822;34
2823;32
2824;29
2825;40
2826;35
2827;36
2828;39
2829;36
2830;26
2831;24
2832;36
2833;39
2834;30
2835;36
2836;40
2837;28
2838;42
2839;33
2840;30
2841;38
2842;24
2843;32
2844;25
2845;43
2846;38
2847;31
2848;30
2849;26
2850;39
2851;22
2852;42
2853;45
2854;40
2855;28
2856;30
2857;33
2858;38
2859;40
2860;32
2861;37
2862;34
2863;41
2864;32
2865;38
2866;26
2867;29
2868;46
2869;32
2870;32
2871;33
2872;22
2873;31
2874;37
2875;28
2876;42
2877;30
2878;27
2879;42
2880;30
2881;40
2882;26
2883;32
2884;47
2885;28
2886;45
2887;30
2888;27
2889;37
2890;21
2891;30
2892;37
2893;32
2894;34
2895;41
2896;27
2897;33
2898;38
2899;32
2900;32
2901;25
2902;30
2903;37
2904;35
2905;35
2906;41
2907;33
2908;31
2909;33
2910;19
2911;36
2912;31
2913;25
2914;29
2915;31
2916;28
2917;22
2918;32
2919;36
2920;27
2921;32
2922;29
2923;34
2924;28
2925;33
2926;33
2927;38
2928;33
2929;37
2930;37
2931;33
2932;26
2933;37
2934;37
2935;46
2936;32
2937;25
2938;32
2939;39
2940;26
2941;23
2942;43
2943;37
2944;40
2945;39
2946;28
2947;31
2948;30
2949;35
2950;37
2951;30
2952;34
2953;31
2954;30
2955;31
2956;31
2957;35
2958;34
2959;38
2960;24
2961;32
2962;24
2963;29
2964;30
2965;27
2966;40
2967;49
2968;25
2969;31
2970;32
2971;28
2972;28
2973;29
2974;31
2975;40
2976;28
2977;25
2978;32
2979;27
2980;30
2981;29
2982;22
2983;27
2984;29
2985;29
2986;33
2987;23
2988;38
2989;24
2990;26
2991;28
2992;22
2993;20
2994;32
2995;29
2996;38
2997;29
2998;30
2999;27
3000;32
3001;30
3002;38
3003;32
3004;32
3005;19
3006;31
3007;37
3008;33
3009;27
3010;31
3011;31
3012;32
3013;28
3014;36
3015;35
3016;31
3017;30
3018;38
3019;42
3020;33
3021;33
3022;32
3023;21
3024;27
3025;35
3026;36
3027;27
3028;36
3029;44
3030;27
3031;28
3032;21
3033;31
3034;28
3035;29
3036;33
3037;24
3038;38
3039;25
3040;18
3041;27
3042;27
3043;33
3044;24
3045;26
3046;31
3047;37
3048;25
3049;32
3050;32
3051;24
3052;26
3053;39
3054;30
3055;36
3056;28
3057;27
3058;33
3059;27
3060;27
3061;30
3062;29
3063;33
3064;34
3065;41
3066;26
3067;24
3068;33
3069;38
3070;34
3071;40
3072;35
3073;32
3074;35
3075;35
3076;31
3077;25
3078;31
3079;27
3080;27
3081;27
3082;41
3083;29
3084;29
3085;25
3086;37
3087;28
3088;21
3089;26
3090;32
3091;36
3092;23
3093;23
3094;34
3095;20
3096;31
3097;28
3098;26
3099;43
3100;28
3101;27
3102;23
3103;36
3104;37
3105;25
3106;27
3107;31
3108;19
3109;17
3110;36
3111;23
3112;43
3113;35
3114;33
3115;29
3116;26
3117;20
3118;30
3119;31
3120;24
3121;29
3122;34
3123;23
3124;33
3125;34
3126;24
3127;28
3128;22
3129;25
3130;25
3131;34
3132;27
3133;23
3134;26
3135;28
3136;30
3137;31
3138;31
3139;28
3140;24
3141;24
3142;31
3143;30
3144;25
3145;17
3146;41
3147;18
3148;33
3149;21
3150;43
3151;25
3152;18
3153;29
3154;21
3155;35
3156;23
3157;24
3158;24
3159;24
3160;23
3161;19
3162;32
3163;23
3164;32
3165;25
3166;32
3167;23
3168;31
3169;32
3170;20
3171;34
3172;28
3173;34
3174;28
3175;31
3176;28
3177;31
3178;28
3179;31
3180;29
3181;31
3182;30
3183;32
3184;35
3185;41
3186;28
3187;32
3188;35
3189;32
3190;28
3191;43
3192;32
3193;36
3194;37
3195;20
3196;29
3197;31
3198;27
3199;22
3200;30
3201;30
3202;26
3203;29
3204;25
3205;23
3206;26
3207;19
3208;33
3209;32
3210;29
3211;35
3212;25
3213;18
3214;30
3215;33
3216;38
3217;27
3218;35
3219;33
3220;30
3221;33
3222;20
3223;31
3224;33
3225;24
3226;33
3227;27
3228;26
3229;30
3230;35
3231;25
3232;17
3233;23
3234;17
3235;27
3236;30
3237;30
3238;29
3239;37
3240;29
3241;16
3242;31
3243;33
3244;25
3245;21
3246;36
3247;24
3248;37
3249;30
3250;29
3251;22
3252;21
3253;19
3254;34
3255;19
3256;30
3257;27
3258;28
3259;23
3260;22
3261;28
3262;36
3263;18
3264;35
3265;19
3266;33
3267;29
3268;23
3269;23
3270;27
3271;19
3272;29
3273;28
3274;29
3275;27
3276;28
3277;28
3278;31
3279;29
3280;25
3281;24
3282;27
3283;14
3284;29
3285;25
3286;31
3287;27
3288;25
3289;33
3290;22
3291;24
3292;22
3293;27
3294;34
3295;26
3296;19
3297;20
3298;26
3299;30
3300;22
3301;18
3302;22
3303;25
3304;29
3305;23
3306;25
3307;21
3308;23
3309;30
3310;27
3311;29
3312;23
3313;30
3314;30
3315;25
3316;29
3317;30
3318;26
3319;22
3320;32
3321;36
3322;29
3323;26
3324;28
3325;31
3326;23
3327;25
3328;22
3329;26
3330;30
3331;28
3332;25
3333;29
3334;32
3335;26
3336;22
3337;26
3338;28
3339;31
3340;25
3341;32
3342;21
3343;23
3344;16
3345;34
3346;33
3347;22
3348;26
3349;22
3350;19
3351;30
3352;25
3353;24
3354;22
3355;24
3356;21
3357;25
3358;38
3359;19
3360;23
3361;24
3362;18
3363;23
3364;22
3365;26
3366;29
3367;21
3368;23
3369;34
3370;40
3371;32
3372;18
3373;33
3374;23
3375;20
3376;26
3377;23
3378;21
3379;28
3380;29
3381;25
3382;19
3383;29
3384;34
3385;26
3386;30
3387;32
3388;25
3389;30
3390;24
3391;25
3392;26
3393;29
3394;23
3395;28
3396;20
3397;23
3398;13
3399;28
3400;24
3401;23
3402;20
3403;26
3404;25
3405;26
3406;32
3407;25
3408;21
3409;30
3410;16
3411;25
3412;34
3413;36
3414;18
3415;31
3416;27
3417;40
3418;25
3419;21
3420;22
3421;17
3422;27
3423;34
3424;11
3425;19
3426;31
3427;30
3428;31
3429;30
3430;22
3431;30
3432;30
3433;27
3434;25
3435;29
3436;20
3437;17
3438;21
3439;32
3440;26
3441;22
3442;19
3443;23
3444;24
3445;23
3446;30
3447;28
3448;24
3449;28
3450;23
3451;21
3452;17
3453;23
3454;18
3455;25
3456;19
3457;25
3458;22
3459;26
3460;34
3461;22
3462;17
3463;16
3464;20
3465;23
3466;28
3467;32
3468;31
3469;24
3470;30
3471;28
3472;22
3473;32
3474;12
3475;21
3476;27
3477;27
3478;33
3479;20
3480;25
3481;25
3482;30
3483;23
3484;19
3485;16
3486;33
3487;22
3488;21
3489;20
3490;19
3491;25
3492;22
3493;23
3494;27
3495;25
3496;29
3497;24
3498;15
3499;20
3500;20
3501;19
3502;22
3503;18
3504;22
3505;20
3506;23
3507;20
3508;16
3509;27
3510;16
3511;22
3512;25
3513;29
3514;23
3515;14
3516;17
3517;21
3518;28
3519;24
3520;25
3521;20
3522;28
3523;14
3524;24
3525;20
3526;30
3527;28
3528;15
3529;11
3530;21
3531;30
3532;25
3533;20
3534;19
3535;22
3536;22
3537;28
3538;20
3539;29
3540;23
3541;26
3542;14
3543;20
3544;31
3545;16
3546;25
3547;24
3548;26
3549;22
3550;30
3551;21
3552;19
3553;22
3554;22
3555;27
3556;17
3557;35
3558;27
3559;27
3560;25
3561;24
3562;27
3563;23
3564;23
3565;24
3566;27
3567;21
3568;25
3569;21
3570;23
3571;31
3572;13
3573;22
3574;17
3575;18
3576;24
3577;25
3578;21
3579;20
3580;26
3581;22
3582;13
3583;24
3584;20
3585;27
3586;18
3587;22
3588;27
3589;21
3590;20
3591;28
3592;35
3593;22
3594;18
3595;23
3596;19
3597;21
3598;19
3599;24
3600;25
3601;15
3602;24
3603;21
3604;22
3605;21
3606;20
3607;21
3608;25
3609;16
3610;30
3611;28
3612;24
3613;20
3614;21
3615;19
3616;21
3617;23
3618;17
3619;18
3620;28
3621;22
3622;22
3623;21
3624;26
3625;20
3626;27
3627;18
3628;21
3629;21
3630;27
3631;26
3632;22
3633;24
3634;24
3635;25
3636;29
3637;29
3638;34
3639;32
3640;20
3641;21
3642;20
3643;21
3644;30
3645;20
3646;31
3647;25
3648;33
3649;19
3650;29
3651;22
3652;26
3653;26
3654;24
3655;21
3656;21
3657;22
3658;19
3659;27
3660;23
3661;22
3662;21
3663;16
3664;14
3665;23
3666;23
3667;20
3668;18
3669;26
3670;22
3671;26
3672;17
3673;28
3674;24
3675;20
3676;23
3677;24
3678;23
3679;26
3680;24
3681;22
3682;20
3683;29
3684;19
3685;26
3686;29
3687;21
3688;20
3689;29
3690;20
3691;20
3692;25
3693;26
3694;25
3695;29
3696;24
3697;28
3698;21
3699;14
3700;25
3701;16
3702;19
3703;18
3704;21
3705;27
3706;29
3707;24
3708;22
3709;24
3710;36
3711;34
3712;22
3713;19
3714;23
3715;19
3716;18
3717;16
3718;23
3719;17
3720;16
3721;20
3722;22
3723;22
3724;22
3725;18
3726;18
3727;27
3728;24
3729;23
3730;21
3731;19
3732;17
3733;26
3734;18
3735;15
3736;13
3737;22
3738;22
3739;22
3740;24
3741;28
3742;22
3743;14
3744;22
3745;19
3746;26
3747;20
3748;28
3749;25
3750;29
3751;20
3752;29
3753;20
3754;20
3755;25
3756;21
3757;22
3758;23
3759;33
3760;24
3761;16
3762;23
3763;22
3764;38
3765;25
3766;26
3767;20
3768;18
3769;19
3770;26
3771;19
3772;20
3773;19
3774;25
3775;33
3776;24
3777;28
3778;23
3779;28
3780;19
3781;29
3782;21
3783;22
3784;28
3785;20
3786;21
3787;20
3788;23
3789;18
3790;21
3791;26
3792;29
3793;21
3794;25
3795;28
3796;25
3797;24
3798;17
3799;23
3800;29
3801;21
3802;24
3803;22
3804;28
3805;23
3806;22
3807;30
3808;20
3809;28
3810;29
3811;31
3812;27
3813;19
3814;21
3815;15
3816;23
3817;25
3818;26
3819;29
3820;24
3821;17
3822;21
3823;22
3824;20
3825;20
3826;19
3827;13
3828;27
3829;23
3830;21
3831;24
3832;20
3833;19
3834;24
3835;22
3836;18
3837;22
3838;19
3839;23
3840;25
3841;26
3842;29
3843;22
3844;19
3845;18
3846;24
3847;27
3848;22
3849;21
3850;18
3851;26
3852;22
3853;22
3854;31
3855;17
3856;20
3857;29
3858;17
3859;22
3860;26
3861;19
3862;19
3863;18
3864;25
3865;31
3866;25
3867;23
3868;18
3869;17
3870;27
3871;22
3872;17
3873;24
3874;21
3875;18
3876;25
3877;22
3878;22
3879;25
3880;23
3881;24
3882;26
3883;23
3884;21
3885;21
3886;22
3887;28
3888;24
3889;23
3890;23
3891;19
3892;23
3893;24
3894;23
3895;23
3896;15
3897;27
3898;11
3899;18
3900;14
3901;26
3902;22
3903;20
3904;23
3905;31
3906;24
3907;12
3908;22
3909;23
3910;25
3911;22
3912;26
3913;29
3914;26
3915;27
3916;17
3917;19
3918;24
3919;27
3920;22
3921;23
3922;23
3923;25
3924;22
3925;25
3926;17
3927;24
3928;25
3929;23
3930;26
3931;25
3932;22
3933;18
3934;17
3935;19
3936;18
3937;15
3938;19
3939;19
3940;22
3941;15
3942;16
3943;18
3944;21
3945;26
3946;22
3947;24
3948;23
3949;21
3950;17
3951;17
3952;22
3953;24
3954;18
3955;27
3956;29
3957;20
3958;22
3959;25
3960;20
3961;15
3962;20
3963;19
3964;16
3965;22
3966;26
3967;17
3968;26
3969;11
3970;30
3971;25
3972;19
3973;16
3974;16
3975;26
3976;22
3977;28
3978;24
3979;30
3980;21
3981;21
3982;29
3983;21
3984;31
3985;14
3986;14
3987;19
3988;26
3989;14
3990;25
3991;17
3992;21
3993;22
3994;27
3995;41
3996;18
3997;19
3998;21
3999;18
4000;23
4001;26
4002;23
4003;18
4004;24
4005;27
4006;17
4007;18
4008;19
4009;21
4010;24
4011;29
4012;23
4013;26
4014;27
4015;21
4016;26
4017;27
4018;14
4019;12
4020;17
4021;20
4022;21
4023;16
4024;15
4025;11
4026;24
4027;17
4028;23
4029;16
4030;15
4031;23
4032;21
4033;17
4034;23
4035;24
4036;27
4037;20
4038;18
4039;17
4040;19
4041;24
4042;17
4043;21
4044;21
4045;20
4046;21
4047;29
4048;25
4049;21
4050;15
4051;17
4052;24
4053;15
4054;17
4055;27
4056;14
4057;24
4058;21
4059;20
4060;12
4061;17
4062;20
4063;24
4064;21
4065;20
4066;16
4067;25
4068;15
4069;27
4070;13
4071;32
4072;22
4073;17
4074;24
4075;17
4076;15
4077;17
4078;20
4079;19
4080;21
4081;20
4082;17
4083;18
4084;25
4085;19
4086;26
4087;15
4088;25
4089;16
4090;23
4091;20
4092;19
4093;27
4094;15
4095;20
4096;24
4097;34
4098;25
4099;18
4100;21
4101;21
4102;16
4103;16
4104;18
4105;33
4106;17
4107;19
4108;26
4109;13
4110;33
4111;21
4112;21
4113;20
4114;28
4115;17
4116;21
4117;21
4118;19
4119;18
4120;13
4121;13
4122;21
4123;21
4124;18
4125;22
4126;26
4127;18
4128;24
4129;17
4130;26
4131;21
4132;27
4133;27
4134;21
4135;31
4136;27
4137;18
4138;20
4139;26
4140;25
4141;23
4142;18
4143;17
4144;33
4145;24
4146;22
4147;14
4148;17
4149;20
4150;33
4151;27
4152;22
4153;24
4154;22
4155;24
4156;25
4157;18
4158;19
4159;22
4160;26
4161;23
4162;15
4163;25
4164;24
4165;18
4166;30
4167;17
4168;16
4169;21
4170;19
4171;31
4172;19
4173;23
4174;18
4175;26
4176;21
4177;21
4178;17
4179;22
4180;14
4181;16
4182;20
4183;26
4184;24
4185;19
4186;16
4187;13
4188;23
4189;19
4190;26
4191;21
4192;18
4193;22
4194;22
4195;27
4196;18
4197;19
4198;19
4199;15
4200;25
4201;15
4202;16
4203;16
4204;12
4205;27
4206;18
4207;18
4208;21
4209;17
4210;18
4211;29
4212;19
4213;16
4214;26
4215;21
4216;17
4217;18
4218;19
4219;27
4220;11
4221;10
4222;17
4223;23
4224;21
4225;17
4226;21
4227;22
4228;19
4229;21
4230;25
4231;20
4232;19
4233;22
4234;28
4235;15
4236;18
4237;15
4238;17
4239;21
4240;18
4241;17
4242;25
4243;18
4244;19
4245;18
4246;25
4247;20
4248;28
4249;15
4250;27
4251;24
4252;17
4253;25
4254;24
4255;25
4256;17
4257;16
4258;18
4259;25
4260;23
4261;25
4262;20
4263;15
4264;21
4265;23
4266;26
4267;17
4268;22
4269;20
4270;30
4271;19
4272;16
4273;23
4274;20
4275;18
4276;16
4277;25
4278;18
4279;15
4280;12
4281;28
4282;15
4283;20
4284;17
4285;18
4286;15
4287;21
4288;23
4289;25
4290;22
4291;17
4292;22
4293;17
4294;12
4295;24
4296;24
4297;24
4298;16
4299;16
4300;15
4301;22
4302;16
4303;17
4304;16
4305;20
4306;14
4307;12
4308;11
4309;15
4310;19
4311;22
4312;16
4313;24
4314;22
4315;20
4316;21
4317;8
4318;18
4319;15
4320;12
4321;25
4322;18
4323;18
4324;23
4325;21
4326;21
4327;26
4328;16
4329;21
4330;21
4331;18
4332;32
4333;9
4334;12
4335;17
4336;26
4337;22
4338;14
4339;20
4340;13
4341;16
4342;19
4343;24
4344;12
4345;23
4346;26
4347;20
4348;20
4349;21
4350;23
4351;22
4352;20
4353;14
4354;14
4355;18
4356;19
4357;19
4358;13
4359;21
4360;14
4361;21
4362;14
4363;16
4364;18
4365;16
4366;16
4367;17
4368;12
4369;16
4370;17
4371;26
4372;18
4373;19
4374;23
4375;25
4376;23
4377;11
4378;16
4379;15
4380;22
4381;22
4382;18
4383;13
4384;16
4385;10
4386;19
4387;24
4388;22
4389;23
4390;19
4391;16
4392;24
4393;27
4394;18
4395;17
4396;19
4397;21
4398;19
4399;11
4400;18
4401;16
4402;18
4403;13
4404;13
4405;10
4406;17
4407;18
4408;19
4409;16
4410;16
4411;24
4412;14
4413;13
4414;16
4415;22
4416;18
4417;22
4418;17
4419;8
4420;15
4421;19
4422;16
4423;15
4424;17
4425;20
4426;13
4427;13
4428;19
4429;21
4430;17
4431;15
4432;13
4433;23
4434;13
4435;16
4436;15
4437;12
4438;18
4439;12
4440;11
4441;18
4442;15
4443;17
4444;15
4445;15
4446;14
4447;18
4448;16
4449;13
4450;13
4451;17
4452;13
4453;17
4454;15
4455;27
4456;14
4457;14
4458;20
4459;18
4460;11
4461;14
4462;14
4463;21
4464;18
4465;12
4466;10
4467;12
4468;19
4469;16
4470;23
4471;11
4472;10
4473;21
4474;15
4475;9
4476;14
4477;16
4478;19
4479;10
4480;18
4481;12
4482;20
4483;20
4484;17
4485;19
4486;16
4487;17
4488;16
4489;19
4490;17
4491;10
4492;8
4493;14
4494;16
4495;12
4496;10
4497;16
4498;13
4499;19
4500;13
4501;12
4502;16
4503;14
4504;10
4505;19
4506;21
4507;16
4508;16
4509;16
4510;13
4511;23
4512;12
4513;20
4514;15
4515;18
4516;17
4517;22
4518;13
4519;7
4520;14
4521;10
4522;9
4523;10
4524;18
4525;16
4526;18
4527;12
4528;17
4529;18
4530;9
4531;15
4532;18
4533;17
4534;12
4535;12
4536;21
4537;12
4538;17
4539;13
4540;12
4541;10
4542;14
4543;12
4544;8
4545;13
4546;11
4547;11
4548;14
4549;12
4550;19
4551;11
4552;19
4553;18
4554;15
4555;18
4556;12
4557;17
4558;18
4559;11
4560;12
4561;15
4562;14
4563;17
4564;14
4565;12
4566;13
4567;14
4568;12
4569;11
4570;6
4571;14
4572;13
4573;13
4574;18
4575;21
4576;11
4577;18
4578;12
4579;15
4580;15
4581;19
4582;15
4583;6
4584;17
4585;13
4586;11
4587;12
4588;11
4589;13
4590;12
4591;17
4592;10
4593;12
4594;14
4595;9
4596;13
4597;10
4598;15
4599;14
4600;16
4601;13
4602;13
4603;13
4604;12
4605;15
4606;14
4607;10
4608;8
4609;11
4610;14
4611;15
4612;12
4613;16
4614;23
4615;8
4616;10
4617;17
4618;16
4619;10
4620;9
4621;14
4622;18
4623;11
4624;8
4625;6
4626;7
4627;8
4628;15
4629;10
4630;12
4631;10
4632;12
4633;13
4634;12
4635;6
4636;15
4637;19
4638;15
4639;5
4640;10
4641;9
4642;14
4643;12
4644;22
4645;13
4646;14
4647;21
4648;9
4649;12
4650;13
4651;22
4652;10
4653;17
4654;15
4655;9
4656;16
4657;16
4658;2
4659;5
4660;9
4661;12
4662;9
4663;9
4664;7
4665;9
4666;12
4667;9
4668;14
4669;11
4670;11
4671;13
4672;8
4673;3
4674;13
4675;7
4676;12
4677;9
4678;14
4679;7
4680;9
4681;17
4682;13
4683;20
4684;11
4685;8
4686;14
4687;13
4688;16
4689;10
4690;8
4691;8
4692;7
4693;14
4694;18
4695;9
4696;12
4697;14
4698;9
4699;12
4700;11
4701;12
4702;14
4703;8
4704;12
4705;16
4706;13
4707;9
4708;6
4709;8
4710;10
4711;4
4712;7
4713;19
4714;16
4715;13
4716;15
4717;7
4718;11
4719;10
4720;10
4721;8
4722;6
4723;12
4724;11
4725;15
4726;10
4727;15
4728;14
4729;15
4730;15
4731;12
4732;9
4733;8
4734;8
4735;11
4736;10
4737;5
4738;9
4739;6
4740;15
4741;6
4742;17
4743;12
4744;9
4745;14
4746;10
4747;10
4748;11
4749;14
4750;6
4751;12
4752;6
4753;5
4754;10
4755;8
4756;9
4757;13
4758;9
4759;14
4760;8
4761;10
4762;8
4763;9
4764;8
4765;5
4766;6
4767;15
4768;17
4769;10
4770;9
4771;11
4772;8
4773;12
4774;8
4775;4
4776;12
4777;9
4778;12
4779;12
4780;7
4781;12
4782;11
4783;15
4784;12
4785;8
4786;8
4787;12
4788;8
4789;11
4790;10
4791;12
4792;9
4793;16
4794;11
4795;12
4796;10
4797;6
4798;12
4799;10
4800;7
4801;12
4802;11
4803;11
4804;16
4805;7
4806;11
4807;10
4808;10
4809;13
4810;14
4811;4
4812;11
4813;14
4814;15
4815;8
4816;10
4817;4
4818;12
4819;8
4820;7
4821;6
4822;12
4823;6
4824;10
4825;18
4826;13
4827;15
4828;9
4829;10
4830;8
4831;9
4832;11
4833;10
4834;11
4835;10
4836;10
4837;12
4838;7
4839;5
4840;11
4841;7
4842;4
4843;13
4844;11
4845;15
4846;8
4847;10
4848;17
4849;10
4850;7
4851;5
4852;20
4853;7
4854;6
4855;8
4856;10
4857;9
4858;16
4859;5
4860;11
4861;9
4862;13
4863;14
4864;12
4865;3
4866;16
4867;8
4868;9
4869;8
4870;7
4871;9
4872;14
4873;16
4874;9
4875;10
4876;10
4877;12
4878;10
4879;9
4880;4
4881;7
4882;12
4883;11
4884;13
4885;4
4886;10
4887;5
4888;15
4889;5
4890;9
4891;10
4892;14
4893;8
4894;13
4895;10
4896;17
4897;9
4898;7
4899;11
4900;7
4901;10
4902;11
4903;10
4904;11
4905;7
4906;13
4907;10
4908;9
4909;13
4910;13
4911;11
4912;10
4913;6
4914;6
4915;6
4916;10
4917;8
4918;14
4919;11
4920;8
4921;8
4922;11
4923;14
4924;5
4925;9
4926;10
4927;7
4928;9
4929;10
4930;9
4931;9
4932;10
4933;12
4934;6
4935;11
4936;10
4937;2
4938;11
4939;13
4940;12
4941;7
4942;8
4943;10
4944;10
4945;7
4946;9
4947;3
4948;11
4949;6
4950;8
4951;8
4952;12
4953;11
4954;12
4955;7
4956;7
4957;6
4958;16
4959;9
4960;8
4961;10
4962;8
4963;8
4964;5
4965;9
4966;9
4967;11
4968;3
4969;11
4970;9
4971;11
4972;9
4973;8
4974;6
4975;18
4976;9
4977;8
4978;13
4979;8
4980;11
4981;8
4982;5
4983;10
4984;9
4985;8
4986;7
4987;11
4988;9
4989;4
4990;5
4991;9
4992;9
4993;7
4994;9
4995;6
4996;18
4997;5
4998;11
4999;8
5000;6
5001;10
5002;7
5003;9
5004;10
5005;10
5006;7
5007;7
5008;3
5009;15
5010;11
5011;12
5012;6
5013;11
5014;10
5015;5
5016;9
5017;12
5018;8
5019;4
5020;8
5021;13
5022;9
5023;11
5024;7
5025;10
5026;16
5027;7
5028;4
5029;4
5030;11
5031;10
5032;9
5033;9
5034;7
5035;5
5036;13
5037;14
5038;8
5039;11
5040;9
5041;11
5042;8
5043;5
5044;10
5045;8
5046;13
5047;6
5048;5
5049;12
5050;7
5051;5
5052;5
5053;9
5054;7
5055;7
5056;11
5057;9
5058;1
5059;6
5060;7
5061;6
5062;8
5063;13
5064;8
5065;14
5066;6
5067;4
5068;5
5069;10
5070;6
5071;13
5072;7
5073;12
5074;12
5075;9
5076;8
5077;9
5078;8
5079;10
5080;11
5081;5
5082;10
5083;9
5084;4
5085;8
5086;6
5087;9
5088;3
5089;19
5090;5
5091;7
5092;10
5093;7
5094;8
5095;7
5096;7
5097;9
5098;9
5099;9
5100;8
5101;13
5102;7
5103;9
5104;9
5105;6
5106;7
5107;10
5108;9
5109;12
5110;10
5111;6
5112;9
5113;5
5114;11
5115;11
5116;7
5117;5
5118;9
5119;10
5120;3
5121;9
5122;4
5123;6
5124;9
5125;9
5126;4
5127;8
5128;12
5129;5
5130;5
5131;9
5132;7
5133;10
5134;9
5135;12
5136;9
5137;4
5138;10
5139;9
5140;11
5141;5
5142;19
5143;6
5144;8
5145;8
5146;8
5147;6
5148;8
5149;10
5150;16
5151;8
5152;7
5153;12
5154;12
5155;8
5156;14
5157;5
5158;8
5159;5
5160;8
5161;9
5162;7
5163;4
5164;13
5165;9
5166;7
5167;9
5168;12
5169;8
5170;9
5171;9
5172;13
5173;8
5174;8
5175;7
5176;10
5177;9
5178;11
5179;9
5180;7
5181;8
5182;6
5183;4
5184;9
5185;8
5186;5
5187;7
5188;12
5189;9
5190;15
5191;6
5192;9
5193;9
5194;7
5195;6
5196;7
5197;13
5198;8
5199;11
5200;6
5201;7
5202;7
5203;4
5204;3
5205;9
5206;10
5207;8
5208;8
5209;10
5210;9
5211;5
5212;11
5213;9
5214;8
5215;8
5216;9
5217;9
5218;6
5219;8
5220;6
5221;2
5222;8
5223;11
5224;4
5225;10
5226;10
5227;14
5228;8
5229;7
5230;11
5231;9
5232;6
5233;6
5234;10
5235;10
5236;2
5237;4
5238;10
5239;12
5240;10
5241;9
5242;11
5243;13
5244;10
5245;3
5246;12
5247;11
5248;8
5249;9
5250;7
5251;7
5252;5
5253;9
5254;8
5255;6
5256;7
5257;1
5258;7
5259;6
5260;9
5261;5
5262;8
5263;8
5264;9
5265;9
5266;3
5267;4
5268;5
5269;4
5270;7
5271;9
5272;12
5273;5
5274;9
5275;9
5276;12
5277;7
5278;6
5279;7
5280;8
5281;6
5282;4
5283;10
5284;2
5285;7
5286;4
5287;6
5288;8
5289;11
5290;11
5291;10
5292;6
5293;5
5294;6
5295;6
5296;5
5297;6
5298;4
5299;6
5300;7
5301;4
5302;14
5303;3
5304;12
5305;4
5306;13
5307;7
5308;3
5309;7
5310;6
5311;8
5312;3
5313;10
5314;8
5315;5
5316;3
5317;4
5318;7
5319;6
5320;13
5321;11
5322;6
5323;6
5324;11
5325;3
5326;7
5327;4
5328;2
5329;5
5330;5
5331;7
5332;3
5333;5
5334;2
5335;10
5336;0
5337;7
5338;8
5339;10
5340;9
5341;6
5342;9
5343;12
5344;11
5345;6
5346;10
5347;6
5348;7
5349;4
5350;5
5351;7
5352;5
5353;7
5354;10
5355;5
5356;6
5357;7
5358;3
5359;8
5360;8
5361;9
5362;4
5363;6
5364;6
5365;8
5366;2
5367;7
5368;10
5369;10
5370;2
5371;14
5372;7
5373;8
5374;9
5375;5
5376;8
5377;4
5378;10
5379;7
5380;9
5381;6
5382;5
5383;8
5384;4
5385;9
5386;6
5387;10
5388;6
5389;4
5390;9
5391;8
5392;8
5393;9
5394;8
5395;4
5396;6
5397;8
5398;10
5399;8
5400;15
5401;4
5402;8
5403;5
5404;7
5405;4
5406;9
5407;9
5408;7
5409;5
5410;8
5411;6
5412;0
5413;11
5414;11
5415;10
5416;8
5417;4
5418;9
5419;11
5420;3
5421;13
5422;10
5423;8
5424;6
5425;7
5426;7
5427;6
5428;7
5429;9
5430;5
5431;6
5432;6
5433;11
5434;8
5435;8
5436;5
5437;7
5438;10
5439;5
5440;6
5441;12
5442;4
5443;6
5444;8
5445;8
5446;8
5447;4
5448;14
5449;9
5450;7
5451;5
5452;8
5453;7
5454;9
5455;5
5456;9
5457;7
5458;15
5459;7
5460;8
5461;10
5462;4
5463;7
5464;10
5465;7
5466;4
5467;9
5468;6
5469;4
5470;9
5471;6
5472;10
5473;10
5474;13
5475;6
5476;6
5477;5
5478;15
5479;6
5480;5
5481;10
5482;5
5483;7
5484;5
5485;9
5486;4
5487;7
5488;11
5489;9
5490;3
5491;6
5492;7
5493;9
5494;6
5495;7
5496;8
5497;4
5498;8
5499;3
5500;6
5501;3
5502;9
5503;7
5504;13
5505;7
5506;9
5507;4
5508;3
5509;4
5510;7
5511;6
5512;9
5513;6
5514;4
5515;7
5516;8
5517;14
5518;8
5519;3
5520;10
5521;4
5522;7
5523;10
5524;7
5525;10
5526;4
5527;7
5528;8
5529;9
5530;16
5531;6
5532;9
5533;7
5534;8
5535;6
5536;7
5537;5
5538;13
5539;5
5540;7
5541;9
5542;8
5543;5
5544;5
5545;9
5546;8
5547;9
5548;3
5549;7
5550;5
5551;10
5552;10
5553;1
5554;11
5555;9
5556;7
5557;6
5558;10
5559;14
5560;6
5561;8
5562;4
5563;6
5564;8
5565;4
5566;6
5567;4
5568;8
5569;11
5570;10
5571;1
5572;9
5573;5
5574;4
5575;9
5576;8
5577;10
5578;9
5579;5
5580;7
5581;7
5582;5
5583;8
5584;11
5585;5
5586;6
5587;5
5588;8
5589;3
5590;4
5591;7
5592;5
5593;4
5594;5
5595;8
5596;10
5597;9
5598;9
5599;4
5600;7
5601;6
5602;6
5603;6
5604;11
5605;4
5606;9
5607;10
5608;8
5609;6
5610;2
5611;5
5612;8
5613;9
5614;4
5615;4
5616;6
5617;4
5618;8
5619;8
5620;11
5621;8
5622;5
5623;7
5624;7
5625;7
5626;7
5627;9
5628;4
5629;6
5630;7
5631;5
5632;3
5633;9
5634;4
5635;6
5636;7
5637;6
5638;4
5639;9
5640;4
5641;8
5642;3
5643;5
5644;1
5645;6
5646;3
5647;10
5648;15
5649;12
5650;9
5651;6
5652;4
5653;5
5654;12
5655;6
5656;11
5657;5
5658;5
5659;12
5660;9
5661;7
5662;6
5663;8
5664;6
5665;6
5666;7
5667;4
5668;5
5669;7
5670;6
5671;7
5672;11
5673;1
5674;8
5675;3
5676;5
5677;10
5678;9
5679;8
5680;14
5681;8
5682;5
5683;5
5684;8
5685;9
5686;8
5687;10
5688;3
5689;10
5690;8
5691;11
5692;9
5693;2
5694;7
5695;8
5696;8
5697;2
5698;6
5699;6
5700;8
5701;9
5702;12
5703;13
5704;9
5705;3
5706;8
5707;10
5708;10
5709;4
5710;7
5711;5
5712;4
5713;2
5714;6
5715;5
5716;10
5717;6
5718;9
5719;15
5720;7
5721;10
5722;9
5723;6
5724;8
5725;9
5726;6
5727;10
5728;5
5729;4
5730;7
5731;6
5732;4
5733;1
5734;3
5735;5
5736;12
5737;9
5738;10
5739;10
5740;4
5741;7
5742;3
5743;10
5744;6
5745;6
5746;8
5747;14
5748;8
5749;7
5750;15
5751;6
5752;5
5753;4
5754;7
5755;7
5756;17
5757;8
5758;5
5759;5
5760;4
5761;11
5762;8
5763;6
5764;8
5765;3
5766;5
5767;5
5768;10
5769;4
5770;6
5771;7
5772;3
5773;5
5774;8
5775;6
5776;4
5777;2
5778;3
5779;6
5780;2
5781;7
5782;11
5783;7
5784;4
5785;7
5786;10
5787;15
5788;11
5789;7
5790;5
5791;10
5792;7
5793;4
5794;15
5795;4
5796;8
5797;8
5798;6
5799;5
5800;8
5801;9
5802;4
5803;4
5804;3
5805;14
5806;10
5807;13
5808;5
5809;5
5810;12
5811;5
5812;5
5813;5
5814;6
5815;3
5816;4
5817;6
5818;9
5819;10
5820;8
5821;7
5822;7
5823;10
5824;7
5825;5
5826;5
5827;5
5828;9
5829;6
5830;6
5831;8
5832;8
5833;10
5834;3
5835;4
5836;7
5837;5
5838;7
5839;6
5840;8
5841;2
5842;9
5843;5
5844;9
5845;2
5846;9
5847;8
5848;1
5849;12
5850;10
5851;6
5852;5
5853;7
5854;9
5855;4
5856;6
5857;8
5858;3
5859;7
5860;8
5861;8
5862;7
5863;11
5864;10
5865;11
5866;5
5867;5
5868;7
5869;8
5870;9
5871;12
5872;5
5873;6
5874;9
5875;10
5876;6
5877;11
5878;5
5879;9
5880;11
5881;8
5882;12
5883;10
5884;4
5885;7
5886;7
5887;7
5888;11
5889;12
5890;11
5891;7
5892;7
5893;9
5894;8
5895;6
5896;4
5897;9
5898;4
5899;11
5900;5
5901;2
5902;4
5903;9
5904;7
5905;8
5906;5
5907;13
5908;9
5909;11
5910;11
5911;9
5912;5
5913;6
5914;9
5915;13
5916;3
5917;9
5918;4
5919;6
5920;5
5921;5
5922;7
5923;4
5924;12
5925;4
5926;6
5927;1
5928;4
5929;10
5930;3
5931;6
5932;6
5933;8
5934;7
5935;2
5936;7
5937;7
5938;8
5939;8
5940;4
5941;8
5942;10
5943;7
5944;7
5945;4
5946;8
5947;6
5948;2
5949;8
5950;5
5951;4
5952;8
5953;4
5954;8
5955;8
5956;7
5957;7
5958;10
5959;8
5960;6
5961;10
5962;8
5963;2
5964;2
5965;13
5966;5
5967;5
5968;4
5969;7
5970;6
5971;5
5972;11
5973;4
5974;4
5975;4
5976;6
5977;3
5978;9
5979;13
5980;5
5981;11
5982;8
5983;6
5984;10
5985;2
5986;3
5987;4
5988;3
5989;5
5990;11
5991;7
5992;8
5993;4
5994;7
5995;8
5996;7
5997;7
5998;9
5999;8
6000;5
6001;5
6002;5
6003;6
6004;7
6005;9
6006;4
6007;11
6008;5
6009;7
6010;5
6011;10
6012;13
6013;8
6014;8
6015;5
6016;6
6017;8
6018;10
6019;3
6020;7
6021;6
6022;5
6023;5
6024;4
6025;12
6026;5
6027;4
6028;7
6029;4
6030;6
6031;6
6032;6
6033;4
6034;7
6035;10
6036;8
6037;9
6038;8
6039;6
6040;4
6041;11
6042;6
6043;6
6044;11
6045;8
6046;8
6047;6
6048;6
6049;8
6050;14
6051;6
6052;5
6053;7
6054;9
6055;10
6056;8
6057;4
6058;6
6059;8
6060;7
6061;11
6062;6
6063;6
6064;4
6065;6
6066;6
6067;2
6068;9
6069;6
6070;5
6071;11
6072;8
6073;4
6074;6
6075;7
6076;10
6077;2
6078;6
6079;7
6080;10
6081;8
6082;10
6083;3
6084;8
6085;9
6086;3
6087;10
6088;7
6089;9
6090;5
6091;11
6092;6
6093;7
6094;5
6095;4
6096;6
6097;5
6098;6
6099;7
6100;6
6101;10
6102;2
6103;6
6104;7
6105;6
6106;8
6107;6
6108;7
6109;5
6110;10
6111;11
6112;2
6113;7
6114;7
6115;13
6116;5
6117;4
6118;9
6119;6
6120;5
6121;5
6122;10
6123;6
6124;8
6125;4
6126;6
6127;9
6128;8
6129;4
6130;7
6131;11
6132;7
6133;3
6134;11
6135;8
6136;7
6137;5
6138;6
6139;7
6140;5
6141;4
6142;7
6143;9
6144;8
6145;6
6146;14
6147;6
6148;9
6149;5
6150;4
6151;5
6152;4
6153;9
6154;6
6155;11
6156;5
6157;8
6158;8
6159;11
6160;14
6161;5
6162;9
6163;9
6164;8
6165;4
6166;8
6167;6
6168;7
6169;3
6170;5
6171;8
6172;4
6173;8
6174;9
6175;4
6176;8
6177;7
6178;8
6179;3
6180;6
6181;5
6182;8
6183;8
6184;8
6185;5
6186;6
6187;9
6188;6
6189;9
6190;11
6191;11
6192;11
6193;5
6194;3
6195;9
6196;3
6197;2
6198;6
6199;10
6200;3
6201;9
6202;7
6203;6
6204;6
6205;3
6206;8
6207;11
6208;10
6209;7
6210;9
6211;8
6212;7
6213;11
6214;8
6215;2
6216;7
6217;11
6218;6
6219;12
6220;4
6221;10
6222;6
6223;6
6224;10
6225;5
6226;11
6227;4
6228;7
6229;8
6230;8
6231;7
6232;5
6233;10
6234;10
6235;7
6236;12
6237;5
6238;6
6239;14
6240;10
6241;6
6242;3
6243;5
6244;8
6245;6
6246;7
6247;7
6248;9
6249;10
6250;7
6251;6
6252;10
6253;10
6254;7
6255;13
6256;8
6257;8
6258;9
6259;9
6260;9
6261;3
6262;7
6263;2
6264;5
6265;13
6266;8
6267;4
6268;7
6269;8
6270;11
6271;7
6272;11
6273;12
6274;5
6275;13
6276;13
6277;11
6278;9
6279;4
6280;10
6281;9
6282;13
6283;11
6284;7
6285;13
6286;5
6287;9
6288;6
6289;8
6290;7
6291;11
6292;3
6293;16
6294;6
6295;12
6296;12
6297;13
6298;7
6299;10
6300;14
6301;12
6302;6
6303;6
6304;9
6305;15
6306;5
6307;20
6308;8
6309;7
6310;7
6311;9
6312;14
6313;6
6314;10
6315;4
6316;12
6317;12
6318;10
6319;10
6320;8
6321;8
6322;12
6323;4
6324;10
6325;14
6326;11
6327;5
6328;7
6329;12
6330;11
6331;8
6332;9
6333;14
6334;11
6335;12
6336;7
6337;9
6338;10
6339;13
6340;11
6341;7
6342;8
6343;8
6344;6
6345;8
6346;4
6347;16
6348;9
6349;10
6350;11
6351;9
6352;8
6353;15
6354;12
6355;13
6356;8
6357;14
6358;11
6359;13
6360;8
6361;9
6362;13
6363;11
6364;13
6365;12
6366;11
6367;9
6368;19
6369;13
6370;11
6371;8
6372;15
6373;13
6374;13
6375;8
6376;21
6377;16
6378;15
6379;7
6380;9
6381;18
6382;16
6383;14
6384;8
6385;17
6386;14
6387;19
6388;11
6389;16
6390;21
6391;21
6392;17
6393;12
6394;9
6395;23
6396;13
6397;10
6398;18
6399;13
6400;13
6401;19
6402;13
6403;19
6404;12
6405;16
6406;12
6407;14
6408;9
6409;15
6410;15
6411;12
6412;13
6413;14
6414;15
6415;18
6416;20
6417;12
6418;12
6419;13
6420;15
6421;9
6422;16
6423;17
6424;25
6425;23
6426;16
6427;16
6428;19
6429;25
6430;13
6431;11
6432;20
6433;16
6434;13
6435;20
6436;14
6437;15
6438;19
6439;18
6440;15
6441;17
6442;24
6443;22
6444;22
6445;11
6446;19
6447;20
6448;28
6449;26
6450;15
6451;22
6452;23
6453;15
6454;19
6455;24
6456;20
6457;17
6458;20
6459;19
6460;26
6461;27
6462;22
6463;18
6464;20
6465;20
6466;27
6467;20
6468;20
6469;20
6470;16
6471;19
6472;26
6473;34
6474;14
6475;23
6476;24
6477;22
6478;25
6479;22
6480;27
6481;21
6482;26
6483;27
6484;24
6485;27
6486;35
6487;38
6488;37
6489;26
6490;21
6491;26
6492;19
6493;28
6494;21
6495;29
6496;20
6497;29
6498;29
6499;24
6500;24
6501;35
6502;31
6503;32
6504;31
6505;25
6506;30
6507;32
6508;44
6509;26
6510;38
6511;25
6512;27
6513;33
6514;28
6515;31
6516;26
6517;33
6518;21
6519;29
6520;44
6521;30
6522;45
6523;34
6524;22
6525;35
6526;31
6527;47
6528;37
6529;31
6530;43
6531;28
6532;34
6533;35
6534;36
6535;50
6536;38
6537;35
6538;40
6539;32
6540;33
6541;33
6542;39
6543;45
6544;33
6545;35
6546;42
6547;31
6548;42
6549;44
6550;43
6551;40
6552;34
6553;47
6554;47
6555;35
6556;33
6557;43
6558;47
6559;37
6560;36
6561;37
6562;46
6563;44
6564;49
6565;37
6566;40
6567;51
6568;38
6569;46
6570;47
6571;54
6572;45
6573;41
6574;42
6575;33
6576;52
6577;49
6578;57
6579;50
6580;53
6581;42
6582;48
6583;45
6584;51
6585;60
6586;56
6587;52
6588;49
6589;63
6590;54
6591;41
6592;34
6593;45
6594;52
6595;55
6596;49
6597;53
6598;58
6599;50
6600;55
6601;59
6602;62
6603;52
6604;49
6605;66
6606;51
6607;67
6608;47
6609;56
6610;48
6611;46
6612;64
6613;49
6614;59
6615;64
6616;53
6617;68
6618;60
6619;62
6620;59
6621;52
6622;53
6623;60
6624;62
6625;54
6626;45
6627;76
6628;55
6629;77
6630;58
6631;75
6632;66
6633;57
6634;57
6635;79
6636;63
6637;54
6638;57
6639;73
6640;74
6641;82
6642;81
6643;70
6644;65
6645;55
6646;63
6647;62
6648;74
6649;62
6650;90
6651;66
6652;74
6653;70
6654;70
6655;64
6656;63
6657;67
6658;67
6659;68
6660;71
6661;84
6662;77
6663;77
6664;59
6665;73
6666;76
6667;73
6668;80
6669;73
6670;68
6671;80
6672;68
6673;78
6674;71
6675;100
6676;73
6677;71
6678;78
6679;80
6680;71
6681;94
6682;70
6683;77
6684;82
6685;61
6686;87
6687;74
6688;81
6689;88
6690;81
6691;87
6692;73
6693;84
6694;86
6695;83
6696;94
6697;81
6698;85
6699;75
6700;91
6701;81
6702;87
6703;80
6704;83
6705;100
6706;92
6707;92
6708;83
6709;90
6710;81
6711;101
6712;81
6713;94
6714;108
6715;93
6716;95
6717;85
6718;90
6719;92
6720;73
6721;91
6722;98
6723;84
6724;93
6725;109
6726;95
6727;108
6728;108
6729;116
6730;107
6731;96
6732;101
6733;97
6734;85
6735;76
6736;96
6737;102
6738;82
6739;90
6740;114
6741;105
6742;122
6743;99
6744;93
6745;114
6746;117
6747;96
6748;122
6749;102
6750;79
6751;116
6752;81
6753;98
6754;114
6755;116
6756;104
6757;99
6758;103
6759;92
6760;85
6761;100
6762;109
6763;115
6764;122
6765;101
6766;111
6767;121
6768;110
6769;114
6770;110
6771;95
6772;85
6773;109
6774;125
6775;100
6776;85
6777;105
6778;116
6779;119
6780;129
6781;111
6782;110
6783;111
6784;98
6785;98
6786;124
6787;100
6788;107
6789;120
6790;127
6791;115
6792;121
6793;138
6794;106
6795;99
6796;125
6797;108
6798;104
6799;131
6800;123
6801;118
6802;111
6803;138
6804;140
6805;134
6806;130
6807;117
6808;114
6809;116
6810;117
6811;114
6812;106
6813;129
6814;122
6815;119
6816;123
6817;133
6818;126
6819;138
6820;122
6821;115
6822;119
6823;117
6824;124
6825;137
6826;111
6827;121
6828;102
6829;120
6830;122
6831;112
6832;117
6833;114
6834;123
6835;114
6836;116
6837;138
6838;128
6839;125
6840;140
6841;129
6842;115
6843;112
6844;122
6845;120
6846;114
6847;133
6848;120
6849;139
6850;123
6851;124
6852;119
6853;141
6854;132
6855;126
6856;112
6857;111
6858;116
6859;120
6860;132
6861;111
6862;109
6863;124
6864;144
6865;141
6866;127
6867;125
6868;113
6869;132
6870;120
6871;145
6872;118
6873;122
6874;120
6875;125
6876;127
6877;128
6878;119
6879;119
6880;135
6881;151
6882;135
6883;128
6884;118
6885;111
6886;131
6887;130
6888;130
6889;129
6890;137
6891;126
6892;129
6893;118
6894;125
6895;136
6896;123
6897;129
6898;142
6899;112
6900;118
6901;113
6902;123
6903;138
6904;130
6905;143
6906;133
6907;111
6908;120
6909;114
6910;141
6911;140
6912;119
6913;116
6914;133
6915;111
6916;131
6917;113
6918;127
6919;118
6920;121
6921;143
6922;118
6923;117
6924;114
6925;126
6926;137
6927;125
6928;120
6929;132
6930;117
6931;116
6932;139
6933;120
6934;137
6935;118
6936;145
6937;126
6938;108
6939;130
6940;117
6941;133
6942;120
6943;110
6944;124
6945;112
6946;117
6947;131
6948;138
6949;116
6950;137
6951;131
6952;132
6953;130
6954;117
6955;126
6956;120
6957;131
6958;104
6959;99
6960;121
6961;115
6962;97
6963;103
6964;120
6965;129
6966;113
6967;112
6968;118
6969;112
6970;127
6971;111
6972;140
6973;121
6974;112
6975;117
6976;132
6977;110
6978;118
6979;118
6980;117
6981;103
6982;128
6983;132
6984;114
6985;97
6986;104
6987;109
6988;118
6989;116
6990;126
6991;125
6992;123
6993;139
6994;108
6995;108
6996;109
6997;105
6998;105
6999;100
7000;127
7001;116
7002;112
7003;124
7004;109
7005;121
7006;106
7007;106
7008;108
7009;134
7010;94
7011;116
7012;112
7013;115
7014;102
7015;109
7016;110
7017;110
7018;114
7019;125
7020;103
7021;98
7022;132
7023;115
7024;115
7025;99
7026;95
7027;97
7028;110
7029;114
7030;120
7031;112
7032;106
7033;103
7034;110
7035;139
7036;100
7037;105
7038;91
7039;98
7040;106
7041;92
7042;101
7043;92
7044;84
7045;97
7046;94
7047;108
7048;96
7049;113
7050;90
7051;88
7052;101
7053;101
7054;95
7055;113
7056;86
7057;95
7058;95
7059;105
7060;88
7061;95
7062;68
7063;79
7064;85
7065;90
7066;87
7067;95
7068;86
7069;99
7070;94
7071;81
7072;93
7073;88
7074;107
7075;83
7076;88
7077;74
7078;99
7079;102
7080;109
7081;90
7082;94
7083;89
7084;95
7085;92
7086;88
7087;83
7088;80
7089;91
7090;85
7091;80
7092;84
7093;88
7094;87
7095;96
7096;85
7097;96
7098;82
7099;90
7100;70
7101;87
7102;78
7103;73
7104;77
7105;85
7106;86
7107;71
7108;86
7109;75
7110;78
7111;75
7112;68
7113;70
7114;68
7115;78
7116;75
7117;82
7118;74
7119;70
7120;77
7121;79
7122;74
7123;73
7124;60
7125;63
7126;79
7127;71
7128;74
7129;80
7130;66
7131;73
7132;77
7133;63
7134;62
7135;62
7136;59
7137;81
7138;58
7139;62
7140;73
7141;52
7142;59
7143;68
7144;70
7145;71
7146;75
7147;58
7148;57
7149;61
7150;51
7151;63
7152;54
7153;40
7154;63
7155;63
7156;55
7157;57
7158;56
7159;62
7160;65
7161;52
7162;52
7163;60
7164;63
7165;62
7166;57
7167;49
7168;49
7169;53
7170;64
7171;53
7172;54
7173;62
7174;55
7175;58
7176;58
7177;53
7178;43
7179;54
7180;46
7181;57
7182;51
7183;43
7184;47
7185;50
7186;53
7187;49
7188;37
7189;48
7190;43
7191;45
7192;40
7193;54
7194;39
7195;45
7196;46
7197;42
7198;54
7199;46
7200;52
7201;40
7202;43
7203;40
7204;45
7205;51
7206;48
7207;53
7208;44
7209;43
7210;47
7211;36
7212;34
7213;36
7214;40
7215;34
7216;37
7217;38
7218;47
7219;40
7220;52
7221;40
7222;37
7223;51
7224;39
7225;31
7226;45
7227;49
7228;43
7229;35
7230;32
7231;32
7232;33
7233;34
7234;31
7235;35
7236;36
7237;33
7238;28
7239;33
7240;41
7241;38
7242;36
7243;38
7244;31
7245;26
7246;43
7247;34
7248;23
7249;30
7250;31
7251;41
7252;38
7253;31
7254;39
7255;36
7256;24
7257;25
7258;32
7259;37
7260;27
7261;29
7262;33
7263;39
7264;35
7265;33
7266;38
7267;35
7268;26
7269;30
7270;29
7271;22
7272;31
7273;29
7274;34
7275;21
7276;26
7277;26
7278;24
7279;17
7280;20
7281;23
7282;32
7283;21
7284;24
7285;24
7286;25
7287;22
7288;22
7289;27
7290;23
7291;25
7292;31
7293;31
7294;25
7295;17
7296;17
7297;17
7298;37
7299;22
7300;23
7301;27
7302;24
7303;11
7304;15
7305;23
7306;32
7307;28
7308;15
7309;19
7310;13
7311;22
7312;20
7313;20
7314;20
7315;24
7316;25
7317;15
7318;14
7319;18
7320;22
7321;19
7322;9
7323;17
7324;18
7325;26
7326;23
7327;23
7328;17
7329;21
7330;18
7331;14
7332;12
7333;17
7334;15
7335;12
7336;18
7337;18
7338;14
7339;12
7340;18
7341;19
7342;18
7343;9
7344;15
7345;19
7346;12
7347;14
7348;10
7349;21
7350;7
7351;17
7352;15
7353;15
7354;11
7355;17
7356;15
7357;14
7358;20
7359;12
7360;13
7361;16
7362;13
7363;17
7364;16
7365;18
7366;17
7367;10
7368;11
7369;10
7370;16
7371;8
7372;7
7373;15
7374;12
7375;10
7376;10
7377;16
7378;11
7379;18
7380;9
7381;12
7382;12
7383;11
7384;13
7385;11
7386;11
7387;8
7388;11
7389;9
7390;10
7391;6
7392;16
7393;10
7394;8
7395;9
7396;5
7397;11
7398;5
7399;14
7400;12
7401;13
7402;11
7403;12
7404;12
7405;12
7406;6
7407;5
7408;14
7409;13
7410;7
7411;9
7412;8
7413;10
7414;7
7415;11
7416;9
7417;9
7418;16
7419;14
7420;11
7421;12
7422;7
7423;13
7424;5
7425;5
7426;6
7427;15
7428;9
7429;7
7430;3
7431;9
7432;12
7433;10
7434;6
7435;6
7436;8
7437;5
7438;5
7439;3
7440;12
7441;4
7442;5
7443;5
7444;6
7445;7
7446;3
7447;4
7448;10
7449;6
7450;9
7451;3
7452;8
7453;9
7454;7
7455;10
7456;6
7457;4
7458;11
7459;6
7460;11
7461;7
7462;5
7463;9
7464;4
7465;1
7466;5
7467;5
7468;13
7469;9
7470;7
7471;6
7472;4
7473;4
7474;4
7475;5
7476;7
7477;6
7478;5
7479;1
7480;9
7481;6
7482;4
7483;4
7484;9
7485;11
7486;5
7487;7
7488;4
7489;5
7490;10
7491;5
7492;4
7493;7
7494;5
7495;1
7496;4
7497;8
7498;5
7499;3
7500;6
7501;4
7502;6
7503;4
7504;4
7505;4
7506;9
7507;6
7508;8
7509;3
7510;6
7511;3
7512;6
7513;6
7514;6
7515;5
7516;7
7517;6
7518;5
7519;4
7520;4
7521;3
7522;6
7523;7
7524;8
7525;6
7526;3
7527;4
7528;3
7529;2
7530;3
7531;3
7532;3
7533;11
7534;4
7535;1
7536;4
7537;4
7538;5
7539;5
7540;7
7541;9
7542;6
7543;6
7544;4
7545;2
7546;4
7547;2
7548;5
7549;4
7550;2
7551;6
7552;7
7553;8
7554;4
7555;4
7556;4
7557;5
7558;6
7559;5
7560;6
7561;4
7562;5
7563;2
7564;6
7565;3
7566;4
7567;5
7568;2
7569;9
7570;9
7571;7
7572;1
7573;4
7574;8
7575;4
7576;5
7577;3
7578;2
7579;8
7580;3
7581;2
7582;11
7583;7
7584;5
7585;5
7586;5
7587;9
7588;5
7589;2
7590;2
7591;2
7592;6
7593;1
7594;4
7595;1
7596;5
7597;4
7598;5
7599;9
7600;3
7601;7
7602;4
7603;2
7604;4
7605;2
7606;7
7607;3
7608;6
7609;4
7610;4
7611;5
7612;5
7613;5
7614;7
7615;4
7616;4
7617;5
7618;2
7619;1
7620;6
7621;6
7622;4
7623;4
7624;6
7625;3
7626;4
7627;3
7628;1
7629;7
7630;2
7631;4
7632;8
7633;8
7634;3
7635;7
7636;6
7637;2
7638;9
7639;1
7640;5
7641;3
7642;3
7643;7
7644;7
7645;2
7646;5
7647;5
7648;11
7649;3
7650;5
7651;4
7652;1
7653;4
7654;2
7655;4
7656;4
7657;5
7658;0
7659;4
7660;8
7661;7
7662;3
7663;4
7664;5
7665;6
7666;7
7667;4
7668;3
7669;2
7670;3
7671;4
7672;1
7673;6
7674;1
7675;1
7676;5
7677;4
7678;6
7679;4
7680;3
7681;3
7682;7
7683;8
7684;4
7685;6
7686;10
7687;4
7688;2
7689;3
7690;3
7691;3
7692;9
7693;2
7694;6
7695;6
7696;3
7697;8
7698;9
7699;4
7700;9
7701;3
7702;1
7703;5
7704;2
7705;2
7706;1
7707;4
7708;9
7709;3
7710;5
7711;7
7712;2
7713;7
7714;3
7715;6
7716;5
7717;1
7718;7
7719;2
7720;1
7721;6
7722;4
7723;4
7724;3
7725;5
7726;5
7727;6
7728;10
7729;6
7730;3
7731;7
7732;4
7733;10
7734;6
7735;2
7736;5
7737;4
7738;6
7739;3
7740;1
7741;4
7742;3
7743;3
7744;4
7745;8
7746;7
7747;3
7748;3
7749;4
7750;4
7751;2
7752;7
7753;8
7754;2
7755;8
7756;5
7757;5
7758;3
7759;6
7760;7
7761;4
7762;3
7763;5
7764;9
7765;0
7766;4
7767;4
7768;6
7769;8
7770;5
7771;9
7772;5
7773;1
7774;2
7775;4
7776;4
7777;4
7778;3
7779;6
7780;3
7781;3
7782;6
7783;6
7784;2
7785;5
7786;7
7787;7
7788;6
7789;8
7790;4
7791;2
7792;4
7793;5
7794;5
7795;8
7796;4
7797;7
7798;3
7799;4
7800;5
7801;2
7802;5
7803;7
7804;6
7805;10
7806;5
7807;6
7808;7
7809;4
7810;5
7811;5
7812;3
7813;4
7814;2
7815;7
7816;5
7817;8
7818;7
7819;7
7820;4
7821;6
7822;5
7823;8
7824;8
7825;4
7826;4
7827;4
7828;7
7829;1
7830;4
7831;4
7832;7
7833;5
7834;4
7835;5
7836;5
7837;4
7838;7
7839;5
7840;4
7841;5
7842;2
7843;3
7844;6
7845;4
7846;3
7847;5
7848;2
7849;3
7850;3
7851;6
7852;4
7853;4
7854;4
7855;2
7856;4
7857;2
7858;2
7859;5
7860;5
7861;5
7862;6
7863;2
7864;6
7865;4
7866;4
7867;2
7868;5
7869;1
7870;2
7871;2
7872;6
7873;5
7874;4
7875;3
7876;3
7877;6
7878;1
7879;6
7880;3
7881;8
7882;3
7883;3
7884;6
7885;5
7886;2
7887;4
7888;5
7889;2
7890;3
7891;4
7892;5
7893;6
7894;3
7895;1
7896;6
7897;4
7898;5
7899;2
7900;3
7901;4
7902;4
7903;4
7904;4
7905;4
7906;4
7907;2
7908;2
7909;4
7910;4
7911;5
7912;6
7913;1
7914;6
7915;1
7916;7
7917;4
7918;4
7919;6
7920;6
7921;3
7922;1
7923;5
7924;2
7925;5
7926;1
7927;6
7928;5
7929;4
7930;6
7931;1
7932;7
7933;5
7934;6
7935;5
7936;6
7937;0
7938;5
7939;7
7940;1
7941;2
7942;2
7943;5
7944;6
7945;5
7946;3
7947;4
7948;6
7949;2
7950;4
7951;10
7952;4
7953;7
7954;2
7955;3
7956;1
7957;3
7958;2
7959;4
7960;3
7961;4
7962;3
7963;6
7964;8
7965;1
7966;2
7967;6
7968;3
7969;5
7970;3
7971;4
7972;5
7973;3
7974;5
7975;3
7976;3
7977;5
7978;8
7979;4
7980;3
7981;3
7982;0
7983;3
7984;4
7985;4
7986;3
7987;6
7988;3
7989;5
7990;6
7991;4
7992;1
7993;6
7994;0
7995;0
7996;0
7997;0
7998;0
7999;0
8000;0
8001;0
8002;0
8003;0
8004;0
8005;0
8006;0
8007;0
8008;0
8009;0
8010;0
8011;0
8012;0
8013;0
8014;0
8015;0
8016;0
8017;0
8018;0
8019;0
8020;0
8021;0
8022;0
8023;0
8024;0
8025;0
8026;0
8027;0
8028;0
8029;0
8030;0
8031;0
8032;0
8033;0
8034;0
8035;0
8036;0
8037;0
8038;1
8039;0
8040;0
8041;0
8042;0
8043;0
8044;0
8045;0
8046;0
8047;0
8048;0
8049;0
8050;0
8051;0
8052;0
8053;0
8054;0
8055;0
8056;0
8057;0
8058;0
8059;0
8060;0
8061;0
8062;0
8063;0
8064;0
8065;0
8066;0
8067;0
8068;0
8069;0
8070;0
8071;0
8072;0
8073;0
8074;0
8075;0
8076;0
8077;0
8078;0
8079;0
8080;0
8081;0
8082;0
8083;0
8084;0
8085;0
8086;0
8087;0
8088;0
8089;0
8090;0
8091;0
8092;0
8093;0
8094;0
8095;0
8096;0
8097;0
8098;0
8099;0
8100;0
8101;0
8102;0
8103;0
8104;0
8105;0
8106;0
8107;0
8108;0
8109;0
8110;0
8111;0
8112;0
8113;0
8114;0
8115;0
8116;0
8117;0
8118;0
8119;0
8120;0
8121;0
8122;0
8123;0
8124;0
8125;0
8126;0
8127;0
8128;0
8129;0
8130;0
8131;0
8132;0
8133;0
8134;0
8135;0
8136;0
8137;0
8138;0
8139;0
8140;0
8141;0
8142;0
8143;0
8144;0
8145;0
8146;0
8147;0
8148;0
8149;0
8150;0
8151;0
8152;0
8153;0
8154;0
8155;0
8156;0
8157;0
8158;0
8159;0
8160;0
8161;0
8162;0
8163;0
8164;0
8165;0
8166;0
8167;0
8168;0
8169;0
8170;0
8171;0
8172;0
8173;0
8174;0
8175;0
8176;0
8177;0
8178;0
8179;0
8180;0
8181;0
8182;0
8183;0
8184;0
8185;0
8186;0
8187;0
8188;0
8189;0
8190;0
8191;0
