0;0
1;0
2;0
3;0
4;0
5;0
6;0
7;0
8;0
9;0
10;0
11;0
12;0
13;0
14;0
15;0
16;0
17;0
18;0
19;0
20;0
21;0
22;0
23;0
24;0
25;0
26;0
27;0
28;0
29;0
30;0
31;0
32;0
33;0
34;0
35;0
36;0
37;0
38;0
39;0
40;0
41;0
42;0
43;0
44;0
45;0
46;0
47;0
48;0
49;0
50;0
51;0
52;0
53;0
54;0
55;0
56;0
57;0
58;0
59;0
60;0
61;0
62;0
63;0
64;0
65;0
66;0
67;0
68;0
69;0
70;0
71;0
72;0
73;0
74;0
75;0
76;0
77;0
78;0
79;0
80;0
81;0
82;0
83;0
84;0
85;0
86;0
87;0
88;0
89;0
90;0
91;0
92;0
93;0
94;0
95;0
96;0
97;0
98;0
99;0
100;0
101;0
102;0
103;0
104;0
105;0
106;0
107;0
108;0
109;0
110;0
111;0
112;0
113;0
114;0
115;0
116;0
117;0
118;0
119;0
120;0
121;0
122;0
123;0
124;0
125;0
126;0
127;1
128;0
129;0
130;0
131;0
132;1
133;0
134;1
135;0
136;1
137;0
138;1
139;0
140;0
141;1
142;2
143;2
144;0
145;0
146;0
147;2
148;1
149;1
150;0
151;1
152;0
153;2
154;0
155;0
156;0
157;0
158;1
159;0
160;1
161;0
162;0
163;1
164;1
165;1
166;0
167;0
168;1
169;1
170;2
171;0
172;0
173;0
174;3
175;1
176;1
177;0
178;1
179;2
180;0
181;2
182;2
183;1
184;0
185;3
186;0
187;0
188;1
189;1
190;1
191;2
192;1
193;1
194;1
195;2
196;2
197;1
198;1
199;5
200;2
201;3
202;4
203;1
204;3
205;2
206;1
207;4
208;2
209;4
210;5
211;3
212;3
213;3
214;2
215;2
216;1
217;5
218;5
219;2
220;2
221;4
222;9
223;1
224;4
225;4
226;5
227;4
228;2
229;4
230;2
231;4
232;5
233;3
234;3
235;4
236;5
237;3
238;6
239;3
240;2
241;5
242;2
243;5
244;5
245;7
246;5
247;7
248;8
249;6
250;5
251;8
252;4
253;5
254;1
255;5
256;6
257;6
258;5
259;7
260;5
261;7
262;3
263;5
264;3
265;10
266;3
267;5
268;5
269;6
270;9
271;3
272;5
273;7
274;5
275;12
276;7
277;6
278;6
279;7
280;7
281;7
282;6
283;8
284;8
285;4
286;5
287;3
288;9
289;9
290;13
291;8
292;14
293;10
294;7
295;8
296;10
297;11
298;19
299;8
300;3
301;16
302;10
303;12
304;8
305;9
306;10
307;10
308;6
309;14
310;12
311;12
312;7
313;11
314;7
315;13
316;15
317;8
318;15
319;16
320;15
321;13
322;10
323;13
324;10
325;18
326;14
327;10
328;7
329;12
330;9
331;11
332;11
333;12
334;13
335;23
336;15
337;13
338;14
339;17
340;20
341;17
342;22
343;13
344;12
345;15
346;18
347;18
348;15
349;13
350;16
351;13
352;16
353;15
354;16
355;13
356;10
357;8
358;21
359;13
360;14
361;15
362;14
363;19
364;13
365;15
366;15
367;20
368;11
369;19
370;22
371;19
372;17
373;18
374;14
375;8
376;10
377;11
378;17
379;17
380;11
381;14
382;15
383;18
384;17
385;20
386;13
387;18
388;15
389;15
390;17
391;7
392;24
393;22
394;13
395;9
396;8
397;13
398;17
399;8
400;11
401;17
402;7
403;14
404;11
405;25
406;17
407;11
408;17
409;17
410;13
411;13
412;20
413;12
414;12
415;13
416;18
417;7
418;14
419;10
420;14
421;10
422;16
423;16
424;12
425;12
426;9
427;17
428;12
429;10
430;15
431;12
432;9
433;8
434;6
435;14
436;26
437;9
438;12
439;11
440;12
441;15
442;11
443;14
444;10
445;15
446;9
447;7
448;14
449;13
450;16
451;13
452;8
453;10
454;8
455;10
456;9
457;14
458;2
459;11
460;14
461;12
462;10
463;9
464;13
465;4
466;10
467;13
468;7
469;10
470;8
471;14
472;9
473;13
474;9
475;10
476;6
477;7
478;8
479;5
480;8
481;8
482;6
483;7
484;4
485;3
486;10
487;4
488;6
489;8
490;11
491;8
492;5
493;6
494;7
495;4
496;7
497;10
498;5
499;12
500;10
501;3
502;8
503;3
504;7
505;4
506;8
507;4
508;8
509;6
510;3
511;7
512;1
513;6
514;6
515;3
516;11
517;0
518;3
519;7
520;5
521;8
522;5
523;1
524;5
525;6
526;3
527;6
528;5
529;5
530;6
531;4
532;2
533;7
534;5
535;2
536;3
537;4
538;4
539;3
540;6
541;1
542;4
543;2
544;6
545;5
546;5
547;1
548;3
549;3
550;4
551;1
552;1
553;2
554;2
555;1
556;2
557;3
558;0
559;3
560;0
561;2
562;2
563;0
564;2
565;3
566;0
567;1
568;0
569;0
570;3
571;0
572;1
573;3
574;4
575;1
576;5
577;4
578;1
579;2
580;0
581;0
582;1
583;1
584;0
585;0
586;2
587;1
588;1
589;0
590;0
591;0
592;0
593;0
594;1
595;1
596;4
597;2
598;0
599;0
600;1
601;1
602;1
603;1
604;0
605;0
606;0
607;1
608;1
609;0
610;0
611;1
612;2
613;1
614;0
615;0
616;0
617;1
618;0
619;0
620;0
621;0
622;0
623;0
624;0
625;1
626;0
627;1
628;1
629;2
630;2
631;0
632;0
633;0
634;0
635;0
636;0
637;0
638;0
639;1
640;0
641;2
642;1
643;0
644;1
645;0
646;1
647;0
648;0
649;0
650;0
651;0
652;0
653;0
654;1
655;0
656;0
657;0
658;0
659;0
660;0
661;0
662;0
663;0
664;0
665;0
666;1
667;0
668;0
669;0
670;0
671;0
672;0
673;1
674;0
675;0
676;0
677;0
678;0
679;0
680;0
681;1
682;1
683;0
684;1
685;0
686;0
687;0
688;1
689;0
690;0
691;0
692;1
693;0
694;0
695;0
696;0
697;0
698;0
699;0
700;1
701;0
702;0
703;0
704;0
705;0
706;0
707;0
708;0
709;0
710;0
711;0
712;0
713;0
714;0
715;0
716;0
717;0
718;0
719;0
720;0
721;0
722;0
723;0
724;0
725;0
726;0
727;0
728;0
729;0
730;0
731;0
732;0
733;0
734;0
735;0
736;0
737;0
738;0
739;0
740;0
741;0
742;0
743;0
744;0
745;0
746;0
747;0
748;0
749;0
750;0
751;0
752;0
753;0
754;0
755;0
756;0
757;0
758;0
759;0
760;0
761;0
762;0
763;0
764;0
765;0
766;0
767;0
768;0
769;0
770;0
771;0
772;0
773;0
774;0
775;0
776;0
777;0
778;0
779;0
780;0
781;0
782;0
783;0
784;0
785;0
786;0
787;0
788;0
789;0
790;0
791;0
792;1
793;0
794;0
795;0
796;0
797;0
798;0
799;0
800;0
801;0
802;0
803;0
804;0
805;0
806;0
807;0
808;0
809;0
810;0
811;0
812;0
813;0
814;0
815;0
816;0
817;0
818;0
819;0
820;0
821;0
822;0
823;0
824;0
825;0
826;0
827;0
828;0
829;0
830;0
831;1
832;0
833;0
834;0
835;0
836;0
837;0
838;0
839;0
840;0
841;0
842;0
843;0
844;0
845;0
846;0
847;0
848;0
849;0
850;0
851;0
852;0
853;0
854;0
855;0
856;0
857;0
858;0
859;0
860;0
861;0
862;0
863;0
864;0
865;0
866;0
867;0
868;0
869;0
870;0
871;0
872;0
873;0
874;0
875;0
876;0
877;0
878;0
879;0
880;0
881;0
882;0
883;0
884;0
885;0
886;0
887;0
888;0
889;0
890;0
891;0
892;1
893;0
894;0
895;0
896;0
897;0
898;0
899;0
900;0
901;0
902;0
903;0
904;0
905;0
906;0
907;0
908;0
909;0
910;0
911;0
912;0
913;0
914;0
915;0
916;0
917;0
918;0
919;0
920;0
921;0
922;0
923;0
924;0
925;0
926;0
927;0
928;0
929;0
930;0
931;0
932;0
933;0
934;0
935;0
936;0
937;0
938;0
939;0
940;0
941;0
942;0
943;0
944;0
945;0
946;0
947;0
948;0
949;0
950;0
951;0
952;0
953;0
954;0
955;0
956;0
957;0
958;0
959;0
960;0
961;0
962;0
963;0
964;0
965;0
966;0
967;0
968;0
969;0
970;0
971;0
972;0
973;0
974;0
975;0
976;0
977;0
978;0
979;0
980;0
981;0
982;0
983;0
984;1
985;0
986;0
987;0
988;0
989;0
990;0
991;0
992;0
993;0
994;0
995;0
996;0
997;0
998;0
999;0
1000;0
1001;0
1002;0
1003;0
1004;0
1005;0
1006;0
1007;0
1008;0
1009;0
1010;0
1011;0
1012;0
1013;0
1014;0
1015;0
1016;0
1017;0
1018;0
1019;0
1020;0
1021;0
1022;0
1023;0
1024;0
1025;0
1026;0
1027;0
1028;0
1029;0
1030;0
1031;0
1032;0
1033;0
1034;0
1035;0
1036;0
1037;0
1038;0
1039;0
1040;0
1041;0
1042;0
1043;0
1044;0
1045;0
1046;0
1047;0
1048;0
1049;0
1050;0
1051;0
1052;0
1053;0
1054;0
1055;0
1056;0
1057;0
1058;0
1059;0
1060;0
1061;0
1062;0
1063;0
1064;0
1065;0
1066;0
1067;0
1068;0
1069;0
1070;0
1071;0
1072;0
1073;0
1074;0
1075;0
1076;0
1077;0
1078;0
1079;0
1080;0
1081;0
1082;0
1083;0
1084;0
1085;0
1086;0
1087;0
1088;0
1089;0
1090;0
1091;0
1092;0
1093;0
1094;0
1095;0
1096;0
1097;0
1098;0
1099;0
1100;0
1101;0
1102;0
1103;0
1104;0
1105;0
1106;0
1107;0
1108;0
1109;0
1110;0
1111;0
1112;0
1113;0
1114;0
1115;0
1116;0
1117;0
1118;1
1119;0
1120;0
1121;0
1122;0
1123;0
1124;0
1125;0
1126;0
1127;0
1128;0
1129;0
1130;0
1131;0
1132;0
1133;0
1134;0
1135;0
1136;0
1137;0
1138;0
1139;0
1140;0
1141;0
1142;0
1143;0
1144;0
1145;0
1146;0
1147;1
1148;0
1149;0
1150;0
1151;0
1152;0
1153;0
1154;0
1155;0
1156;0
1157;0
1158;0
1159;0
1160;0
1161;0
1162;0
1163;0
1164;0
1165;0
1166;0
1167;0
1168;0
1169;0
1170;0
1171;0
1172;0
1173;0
1174;0
1175;0
1176;0
1177;0
1178;0
1179;0
1180;0
1181;0
1182;0
1183;0
1184;0
1185;0
1186;0
1187;0
1188;0
1189;0
1190;0
1191;0
1192;0
1193;0
1194;0
1195;0
1196;0
1197;0
1198;0
1199;0
1200;0
1201;0
1202;0
1203;0
1204;0
1205;0
1206;0
1207;0
1208;0
1209;0
1210;0
1211;0
1212;0
1213;0
1214;0
1215;0
1216;1
1217;0
1218;0
1219;0
1220;0
1221;0
1222;0
1223;0
1224;0
1225;0
1226;0
1227;0
1228;0
1229;0
1230;0
1231;0
1232;0
1233;0
1234;0
1235;0
1236;0
1237;0
1238;0
1239;0
1240;0
1241;0
1242;0
1243;0
1244;0
1245;0
1246;0
1247;0
1248;0
1249;0
1250;0
1251;0
1252;0
1253;0
1254;0
1255;0
1256;1
1257;0
1258;0
1259;0
1260;0
1261;0
1262;0
1263;0
1264;0
1265;0
1266;0
1267;0
1268;0
1269;0
1270;0
1271;1
1272;0
1273;0
1274;0
1275;0
1276;0
1277;0
1278;0
1279;0
1280;0
1281;0
1282;0
1283;0
1284;0
1285;0
1286;0
1287;0
1288;0
1289;0
1290;0
1291;0
1292;0
1293;0
1294;0
1295;0
1296;0
1297;0
1298;0
1299;0
1300;0
1301;0
1302;0
1303;1
1304;0
1305;1
1306;0
1307;0
1308;0
1309;0
1310;0
1311;0
1312;0
1313;0
1314;0
1315;0
1316;0
1317;0
1318;1
1319;0
1320;0
1321;0
1322;0
1323;0
1324;0
1325;0
1326;0
1327;1
1328;0
1329;0
1330;1
1331;0
1332;1
1333;1
1334;0
1335;0
1336;0
1337;0
1338;0
1339;0
1340;1
1341;0
1342;0
1343;1
1344;1
1345;0
1346;1
1347;0
1348;0
1349;0
1350;0
1351;0
1352;1
1353;0
1354;0
1355;0
1356;1
1357;0
1358;1
1359;1
1360;0
1361;1
1362;0
1363;1
1364;0
1365;0
1366;0
1367;2
1368;2
1369;1
1370;0
1371;0
1372;0
1373;1
1374;0
1375;0
1376;0
1377;2
1378;1
1379;1
1380;1
1381;1
1382;0
1383;2
1384;1
1385;0
1386;3
1387;1
1388;1
1389;0
1390;1
1391;1
1392;3
1393;2
1394;2
1395;2
1396;0
1397;5
1398;0
1399;2
1400;2
1401;3
1402;1
1403;2
1404;0
1405;1
1406;3
1407;0
1408;1
1409;1
1410;1
1411;3
1412;4
1413;1
1414;1
1415;2
1416;2
1417;2
1418;2
1419;3
1420;3
1421;3
1422;1
1423;1
1424;3
1425;2
1426;5
1427;1
1428;3
1429;3
1430;7
1431;5
1432;2
1433;6
1434;2
1435;4
1436;3
1437;5
1438;5
1439;5
1440;2
1441;2
1442;0
1443;3
1444;4
1445;4
1446;10
1447;7
1448;5
1449;4
1450;4
1451;2
1452;4
1453;4
1454;5
1455;2
1456;6
1457;11
1458;7
1459;4
1460;9
1461;3
1462;6
1463;4
1464;6
1465;4
1466;8
1467;7
1468;5
1469;6
1470;8
1471;6
1472;10
1473;5
1474;4
1475;5
1476;8
1477;8
1478;4
1479;8
1480;7
1481;7
1482;6
1483;8
1484;9
1485;9
1486;6
1487;8
1488;6
1489;6
1490;3
1491;7
1492;12
1493;9
1494;11
1495;8
1496;11
1497;9
1498;9
1499;12
1500;8
1501;8
1502;7
1503;7
1504;6
1505;11
1506;14
1507;8
1508;13
1509;14
1510;11
1511;2
1512;14
1513;7
1514;16
1515;14
1516;8
1517;13
1518;15
1519;6
1520;12
1521;19
1522;10
1523;14
1524;10
1525;14
1526;9
1527;8
1528;17
1529;14
1530;13
1531;13
1532;16
1533;10
1534;9
1535;15
1536;12
1537;14
1538;15
1539;10
1540;13
1541;15
1542;10
1543;14
1544;15
1545;12
1546;14
1547;12
1548;15
1549;13
1550;15
1551;8
1552;12
1553;14
1554;14
1555;22
1556;16
1557;15
1558;14
1559;9
1560;9
1561;12
1562;12
1563;17
1564;19
1565;16
1566;21
1567;14
1568;16
1569;10
1570;21
1571;10
1572;10
1573;12
1574;13
1575;16
1576;12
1577;15
1578;20
1579;20
1580;11
1581;14
1582;17
1583;14
1584;8
1585;18
1586;18
1587;14
1588;24
1589;12
1590;11
1591;17
1592;9
1593;12
1594;11
1595;17
1596;11
1597;14
1598;18
1599;12
1600;13
1601;21
1602;12
1603;18
1604;16
1605;12
1606;11
1607;5
1608;12
1609;11
1610;17
1611;11
1612;17
1613;11
1614;17
1615;15
1616;13
1617;12
1618;21
1619;13
1620;12
1621;15
1622;12
1623;15
1624;10
1625;13
1626;6
1627;10
1628;14
1629;13
1630;12
1631;14
1632;7
1633;11
1634;14
1635;13
1636;11
1637;12
1638;13
1639;8
1640;20
1641;16
1642;10
1643;17
1644;14
1645;13
1646;13
1647;18
1648;5
1649;9
1650;12
1651;10
1652;13
1653;9
1654;7
1655;6
1656;14
1657;8
1658;15
1659;12
1660;13
1661;8
1662;7
1663;9
1664;10
1665;10
1666;7
1667;11
1668;11
1669;13
1670;9
1671;16
1672;10
1673;7
1674;8
1675;9
1676;11
1677;5
1678;6
1679;10
1680;3
1681;10
1682;10
1683;12
1684;4
1685;10
1686;17
1687;6
1688;10
1689;3
1690;9
1691;4
1692;7
1693;10
1694;9
1695;9
1696;8
1697;11
1698;3
1699;9
1700;8
1701;4
1702;5
1703;11
1704;3
1705;10
1706;7
1707;6
1708;5
1709;2
1710;6
1711;5
1712;8
1713;5
1714;4
1715;4
1716;4
1717;4
1718;8
1719;5
1720;3
1721;2
1722;4
1723;5
1724;4
1725;5
1726;2
1727;7
1728;4
1729;4
1730;3
1731;4
1732;6
1733;4
1734;4
1735;1
1736;7
1737;6
1738;1
1739;3
1740;4
1741;4
1742;4
1743;8
1744;3
1745;5
1746;6
1747;6
1748;6
1749;3
1750;4
1751;3
1752;2
1753;4
1754;5
1755;3
1756;2
1757;6
1758;2
1759;4
1760;0
1761;1
1762;3
1763;2
1764;4
1765;5
1766;1
1767;3
1768;1
1769;3
1770;5
1771;1
1772;0
1773;3
1774;1
1775;2
1776;2
1777;2
1778;3
1779;2
1780;2
1781;2
1782;1
1783;2
1784;2
1785;2
1786;0
1787;0
1788;0
1789;1
1790;3
1791;0
1792;2
1793;2
1794;2
1795;2
1796;1
1797;0
1798;1
1799;1
1800;0
1801;0
1802;1
1803;2
1804;0
1805;1
1806;0
1807;0
1808;0
1809;1
1810;0
1811;1
1812;1
1813;1
1814;0
1815;1
1816;0
1817;0
1818;1
1819;0
1820;0
1821;0
1822;0
1823;0
1824;0
1825;1
1826;0
1827;1
1828;0
1829;1
1830;0
1831;1
1832;0
1833;0
1834;0
1835;0
1836;0
1837;0
1838;0
1839;1
1840;0
1841;1
1842;0
1843;1
1844;1
1845;0
1846;0
1847;1
1848;0
1849;1
1850;0
1851;0
1852;0
1853;0
1854;0
1855;0
1856;1
1857;0
1858;0
1859;0
1860;2
1861;0
1862;0
1863;0
1864;0
1865;0
1866;1
1867;0
1868;1
1869;0
1870;3
1871;0
1872;0
1873;0
1874;0
1875;0
1876;0
1877;0
1878;0
1879;0
1880;0
1881;0
1882;0
1883;0
1884;2
1885;0
1886;0
1887;0
1888;0
1889;0
1890;0
1891;0
1892;0
1893;0
1894;0
1895;0
1896;0
1897;0
1898;0
1899;0
1900;0
1901;0
1902;0
1903;1
1904;0
1905;0
1906;1
1907;0
1908;0
1909;0
1910;0
1911;0
1912;0
1913;0
1914;0
1915;0
1916;0
1917;0
1918;0
1919;0
1920;0
1921;0
1922;0
1923;0
1924;0
1925;0
1926;0
1927;0
1928;0
1929;0
1930;0
1931;0
1932;0
1933;0
1934;0
1935;0
1936;0
1937;0
1938;0
1939;0
1940;0
1941;0
1942;0
1943;0
1944;0
1945;0
1946;0
1947;0
1948;0
1949;0
1950;0
1951;0
1952;0
1953;0
1954;0
1955;0
1956;0
1957;0
1958;0
1959;0
1960;0
1961;0
1962;0
1963;0
1964;0
1965;0
1966;0
1967;0
1968;0
1969;0
1970;0
1971;0
1972;0
1973;0
1974;0
1975;0
1976;0
1977;0
1978;0
1979;0
1980;0
1981;0
1982;0
1983;0
1984;0
1985;0
1986;0
1987;0
1988;0
1989;0
1990;0
1991;0
1992;0
1993;0
1994;0
1995;0
1996;0
1997;0
1998;0
1999;0
2000;0
2001;0
2002;0
2003;0
2004;1
2005;0
2006;0
2007;0
2008;0
2009;0
2010;0
2011;0
2012;0
2013;0
2014;0
2015;0
2016;0
2017;0
2018;0
2019;0
2020;0
2021;0
2022;0
2023;0
2024;0
2025;0
2026;0
2027;0
2028;0
2029;0
2030;0
2031;0
2032;0
2033;0
2034;0
2035;0
2036;0
2037;0
2038;0
2039;0
2040;0
2041;0
2042;0
2043;0
2044;0
2045;0
2046;0
2047;0
2048;0
2049;0
2050;0
2051;0
2052;0
2053;0
2054;0
2055;0
2056;0
2057;0
2058;0
2059;0
2060;0
2061;0
2062;0
2063;0
2064;0
2065;0
2066;0
2067;0
2068;0
2069;0
2070;0
2071;0
2072;0
2073;0
2074;0
2075;0
2076;0
2077;0
2078;0
2079;0
2080;0
2081;0
2082;0
2083;0
2084;0
2085;0
2086;0
2087;0
2088;0
2089;0
2090;0
2091;0
2092;0
2093;0
2094;0
2095;0
2096;0
2097;0
2098;0
2099;0
2100;0
2101;0
2102;0
2103;0
2104;0
2105;0
2106;0
2107;0
2108;0
2109;0
2110;0
2111;0
2112;0
2113;0
2114;0
2115;0
2116;0
2117;0
2118;0
2119;0
2120;0
2121;0
2122;0
2123;0
2124;0
2125;0
2126;0
2127;0
2128;0
2129;0
2130;0
2131;0
2132;0
2133;0
2134;0
2135;0
2136;0
2137;0
2138;0
2139;0
2140;0
2141;0
2142;0
2143;0
2144;0
2145;0
2146;0
2147;0
2148;0
2149;0
2150;0
2151;0
2152;0
2153;0
2154;0
2155;0
2156;0
2157;0
2158;0
2159;0
2160;0
2161;0
2162;0
2163;0
2164;0
2165;0
2166;0
2167;0
2168;0
2169;0
2170;0
2171;0
2172;0
2173;0
2174;0
2175;0
2176;0
2177;0
2178;0
2179;0
2180;0
2181;0
2182;0
2183;0
2184;0
2185;0
2186;0
2187;0
2188;0
2189;0
2190;0
2191;0
2192;0
2193;0
2194;0
2195;0
2196;0
2197;0
2198;0
2199;0
2200;0
2201;0
2202;0
2203;0
2204;0
2205;0
2206;0
2207;0
2208;0
2209;0
2210;0
2211;0
2212;0
2213;0
2214;0
2215;0
2216;0
2217;0
2218;0
2219;0
2220;0
2221;0
2222;0
2223;0
2224;0
2225;0
2226;0
2227;0
2228;0
2229;0
2230;0
2231;0
2232;0
2233;0
2234;0
2235;0
2236;0
2237;0
2238;0
2239;0
2240;0
2241;0
2242;0
2243;0
2244;0
2245;0
2246;0
2247;0
2248;0
2249;0
2250;0
2251;0
2252;0
2253;0
2254;0
2255;0
2256;0
2257;0
2258;0
2259;0
2260;0
2261;0
2262;0
2263;0
2264;0
2265;0
2266;0
2267;0
2268;0
2269;0
2270;0
2271;0
2272;0
2273;0
2274;0
2275;0
2276;0
2277;0
2278;0
2279;0
2280;0
2281;0
2282;0
2283;0
2284;0
2285;0
2286;0
2287;0
2288;0
2289;0
2290;0
2291;0
2292;0
2293;0
2294;0
2295;0
2296;0
2297;0
2298;0
2299;0
2300;0
2301;0
2302;0
2303;0
2304;0
2305;0
2306;0
2307;0
2308;0
2309;0
2310;0
2311;0
2312;0
2313;0
2314;0
2315;0
2316;0
2317;0
2318;0
2319;0
2320;0
2321;0
2322;0
2323;0
2324;0
2325;0
2326;0
2327;0
2328;0
2329;0
2330;0
2331;0
2332;0
2333;0
2334;0
2335;0
2336;0
2337;0
2338;0
2339;0
2340;0
2341;1
2342;0
2343;0
2344;0
2345;0
2346;0
2347;0
2348;0
2349;0
2350;0
2351;0
2352;0
2353;0
2354;0
2355;0
2356;0
2357;0
2358;0
2359;0
2360;0
2361;0
2362;0
2363;0
2364;0
2365;0
2366;0
2367;0
2368;0
2369;0
2370;0
2371;0
2372;0
2373;0
2374;0
2375;0
2376;0
2377;0
2378;0
2379;0
2380;0
2381;0
2382;0
2383;0
2384;0
2385;0
2386;0
2387;0
2388;0
2389;0
2390;0
2391;0
2392;0
2393;0
2394;0
2395;0
2396;0
2397;0
2398;0
2399;0
2400;0
2401;0
2402;0
2403;0
2404;0
2405;0
2406;0
2407;0
2408;0
2409;0
2410;0
2411;0
2412;0
2413;0
2414;0
2415;0
2416;0
2417;0
2418;0
2419;0
2420;0
2421;0
2422;0
2423;0
2424;0
2425;0
2426;0
2427;0
2428;0
2429;0
2430;0
2431;0
2432;0
2433;0
2434;0
2435;0
2436;0
2437;0
2438;0
2439;0
2440;1
2441;0
2442;0
2443;0
2444;0
2445;0
2446;0
2447;0
2448;0
2449;0
2450;0
2451;0
2452;0
2453;0
2454;0
2455;0
2456;0
2457;0
2458;0
2459;0
2460;0
2461;0
2462;0
2463;0
2464;0
2465;0
2466;0
2467;0
2468;0
2469;0
2470;0
2471;0
2472;0
2473;0
2474;0
2475;0
2476;0
2477;0
2478;0
2479;0
2480;0
2481;1
2482;0
2483;0
2484;0
2485;0
2486;0
2487;0
2488;0
2489;0
2490;0
2491;0
2492;0
2493;0
2494;0
2495;0
2496;0
2497;1
2498;0
2499;0
2500;0
2501;0
2502;0
2503;0
2504;0
2505;0
2506;0
2507;0
2508;0
2509;0
2510;0
2511;0
2512;0
2513;0
2514;0
2515;0
2516;0
2517;0
2518;0
2519;0
2520;0
2521;0
2522;0
2523;0
2524;0
2525;0
2526;0
2527;0
2528;0
2529;0
2530;1
2531;0
2532;0
2533;0
2534;0
2535;0
2536;0
2537;0
2538;0
2539;0
2540;0
2541;0
2542;0
2543;1
2544;0
2545;0
2546;0
2547;0
2548;0
2549;0
2550;0
2551;0
2552;0
2553;0
2554;0
2555;0
2556;0
2557;0
2558;0
2559;0
2560;1
2561;0
2562;0
2563;1
2564;0
2565;0
2566;0
2567;0
2568;0
2569;1
2570;0
2571;0
2572;0
2573;0
2574;1
2575;1
2576;0
2577;0
2578;0
2579;1
2580;0
2581;0
2582;0
2583;0
2584;1
2585;1
2586;0
2587;0
2588;0
2589;0
2590;0
2591;0
2592;0
2593;1
2594;0
2595;1
2596;0
2597;0
2598;0
2599;2
2600;0
2601;2
2602;1
2603;0
2604;0
2605;0
2606;1
2607;1
2608;3
2609;0
2610;0
2611;0
2612;0
2613;1
2614;0
2615;3
2616;0
2617;1
2618;2
2619;0
2620;2
2621;1
2622;2
2623;2
2624;0
2625;1
2626;1
2627;0
2628;1
2629;0
2630;1
2631;2
2632;2
2633;1
2634;2
2635;2
2636;0
2637;2
2638;2
2639;2
2640;1
2641;3
2642;1
2643;1
2644;2
2645;1
2646;1
2647;3
2648;0
2649;2
2650;4
2651;0
2652;3
2653;1
2654;3
2655;1
2656;1
2657;4
2658;1
2659;1
2660;2
2661;3
2662;2
2663;3
2664;2
2665;4
2666;1
2667;2
2668;7
2669;4
2670;4
2671;0
2672;8
2673;4
2674;7
2675;4
2676;2
2677;1
2678;5
2679;6
2680;3
2681;6
2682;5
2683;4
2684;3
2685;4
2686;3
2687;4
2688;5
2689;7
2690;3
2691;6
2692;6
2693;8
2694;5
2695;6
2696;3
2697;6
2698;5
2699;5
2700;7
2701;5
2702;5
2703;7
2704;6
2705;7
2706;7
2707;8
2708;3
2709;5
2710;8
2711;10
2712;8
2713;6
2714;9
2715;6
2716;6
2717;6
2718;5
2719;1
2720;8
2721;8
2722;6
2723;1
2724;3
2725;10
2726;7
2727;11
2728;7
2729;5
2730;15
2731;9
2732;11
2733;6
2734;10
2735;8
2736;5
2737;7
2738;10
2739;11
2740;7
2741;11
2742;5
2743;9
2744;8
2745;17
2746;8
2747;14
2748;11
2749;5
2750;14
2751;8
2752;8
2753;12
2754;7
2755;9
2756;7
2757;12
2758;11
2759;11
2760;7
2761;11
2762;9
2763;11
2764;6
2765;11
2766;14
2767;9
2768;16
2769;18
2770;9
2771;17
2772;16
2773;10
2774;18
2775;16
2776;14
2777;10
2778;17
2779;16
2780;17
2781;10
2782;5
2783;9
2784;13
2785;12
2786;14
2787;16
2788;8
2789;13
2790;12
2791;20
2792;18
2793;15
2794;13
2795;10
2796;9
2797;9
2798;12
2799;12
2800;12
2801;13
2802;10
2803;14
2804;16
2805;18
2806;17
2807;14
2808;15
2809;12
2810;13
2811;8
2812;14
2813;19
2814;11
2815;24
2816;15
2817;16
2818;15
2819;10
2820;22
2821;14
2822;11
2823;13
2824;17
2825;15
2826;24
2827;15
2828;21
2829;13
2830;19
2831;15
2832;15
2833;13
2834;10
2835;16
2836;20
2837;21
2838;17
2839;8
2840;22
2841;14
2842;22
2843;21
2844;19
2845;13
2846;11
2847;10
2848;15
2849;16
2850;17
2851;11
2852;15
2853;16
2854;15
2855;15
2856;17
2857;18
2858;12
2859;14
2860;17
2861;19
2862;13
2863;14
2864;11
2865;11
2866;20
2867;16
2868;18
2869;11
2870;14
2871;11
2872;16
2873;16
2874;7
2875;13
2876;12
2877;10
2878;14
2879;14
2880;11
2881;15
2882;13
2883;11
2884;8
2885;13
2886;6
2887;9
2888;14
2889;11
2890;10
2891;11
2892;8
2893;11
2894;23
2895;13
2896;10
2897;6
2898;11
2899;14
2900;14
2901;18
2902;13
2903;12
2904;12
2905;7
2906;12
2907;12
2908;11
2909;10
2910;12
2911;8
2912;8
2913;15
2914;10
2915;14
2916;11
2917;6
2918;8
2919;8
2920;8
2921;8
2922;8
2923;7
2924;10
2925;7
2926;10
2927;5
2928;11
2929;4
2930;11
2931;7
2932;7
2933;7
2934;9
2935;8
2936;5
2937;8
2938;10
2939;6
2940;7
2941;3
2942;5
2943;8
2944;9
2945;6
2946;7
2947;5
2948;13
2949;6
2950;13
2951;4
2952;9
2953;6
2954;8
2955;7
2956;5
2957;3
2958;3
2959;8
2960;10
2961;4
2962;8
2963;11
2964;8
2965;7
2966;6
2967;5
2968;9
2969;5
2970;3
2971;4
2972;2
2973;3
2974;6
2975;8
2976;3
2977;4
2978;5
2979;4
2980;6
2981;4
2982;5
2983;2
2984;2
2985;4
2986;5
2987;2
2988;4
2989;4
2990;6
2991;4
2992;4
2993;5
2994;0
2995;4
2996;7
2997;3
2998;2
2999;3
3000;0
3001;2
3002;2
3003;4
3004;3
3005;9
3006;5
3007;1
3008;3
3009;2
3010;3
3011;1
3012;2
3013;2
3014;4
3015;1
3016;3
3017;2
3018;0
3019;3
3020;2
3021;2
3022;0
3023;3
3024;0
3025;4
3026;0
3027;0
3028;1
3029;1
3030;1
3031;3
3032;0
3033;1
3034;1
3035;0
3036;2
3037;0
3038;0
3039;1
3040;1
3041;2
3042;0
3043;1
3044;1
3045;1
3046;0
3047;1
3048;1
3049;0
3050;0
3051;0
3052;1
3053;2
3054;2
3055;1
3056;1
3057;0
3058;0
3059;1
3060;0
3061;1
3062;1
3063;1
3064;0
3065;1
3066;3
3067;0
3068;2
3069;0
3070;0
3071;0
3072;0
3073;2
3074;0
3075;1
3076;3
3077;1
3078;0
3079;1
3080;0
3081;1
3082;1
3083;1
3084;0
3085;0
3086;0
3087;0
3088;0
3089;1
3090;0
3091;0
3092;0
3093;0
3094;1
3095;0
3096;0
3097;0
3098;0
3099;0
3100;0
3101;0
3102;1
3103;1
3104;0
3105;0
3106;1
3107;0
3108;1
3109;0
3110;0
3111;0
3112;0
3113;0
3114;0
3115;0
3116;0
3117;0
3118;0
3119;1
3120;0
3121;0
3122;0
3123;0
3124;0
3125;0
3126;1
3127;0
3128;0
3129;0
3130;1
3131;0
3132;0
3133;0
3134;0
3135;0
3136;0
3137;0
3138;0
3139;0
3140;0
3141;0
3142;1
3143;0
3144;0
3145;0
3146;0
3147;0
3148;0
3149;0
3150;0
3151;0
3152;0
3153;0
3154;0
3155;0
3156;0
3157;0
3158;0
3159;0
3160;0
3161;0
3162;0
3163;0
3164;0
3165;0
3166;0
3167;0
3168;0
3169;0
3170;0
3171;0
3172;0
3173;0
3174;0
3175;0
3176;0
3177;0
3178;1
3179;0
3180;0
3181;0
3182;0
3183;0
3184;0
3185;0
3186;0
3187;0
3188;0
3189;0
3190;0
3191;0
3192;0
3193;0
3194;1
3195;0
3196;0
3197;0
3198;0
3199;0
3200;0
3201;0
3202;0
3203;0
3204;0
3205;0
3206;0
3207;0
3208;0
3209;0
3210;0
3211;0
3212;0
3213;0
3214;0
3215;0
3216;0
3217;1
3218;0
3219;0
3220;0
3221;0
3222;0
3223;0
3224;0
3225;0
3226;0
3227;0
3228;0
3229;0
3230;0
3231;0
3232;0
3233;0
3234;0
3235;0
3236;0
3237;0
3238;0
3239;0
3240;0
3241;0
3242;0
3243;0
3244;0
3245;0
3246;0
3247;0
3248;0
3249;0
3250;0
3251;0
3252;0
3253;0
3254;1
3255;0
3256;0
3257;0
3258;0
3259;0
3260;0
3261;0
3262;0
3263;0
3264;0
3265;0
3266;0
3267;0
3268;0
3269;0
3270;0
3271;0
3272;0
3273;0
3274;1
3275;0
3276;0
3277;0
3278;0
3279;0
3280;0
3281;0
3282;0
3283;0
3284;0
3285;0
3286;0
3287;0
3288;0
3289;0
3290;0
3291;0
3292;0
3293;0
3294;0
3295;0
3296;0
3297;0
3298;0
3299;0
3300;0
3301;0
3302;0
3303;0
3304;0
3305;0
3306;0
3307;0
3308;0
3309;0
3310;0
3311;0
3312;0
3313;0
3314;0
3315;0
3316;0
3317;0
3318;0
3319;0
3320;0
3321;0
3322;0
3323;0
3324;0
3325;0
3326;0
3327;0
3328;0
3329;0
3330;0
3331;0
3332;0
3333;0
3334;0
3335;0
3336;0
3337;0
3338;0
3339;0
3340;0
3341;0
3342;0
3343;0
3344;0
3345;0
3346;0
3347;0
3348;0
3349;0
3350;0
3351;0
3352;0
3353;0
3354;0
3355;0
3356;0
3357;0
3358;0
3359;0
3360;0
3361;0
3362;0
3363;0
3364;0
3365;0
3366;0
3367;0
3368;0
3369;0
3370;0
3371;0
3372;0
3373;0
3374;0
3375;0
3376;0
3377;0
3378;0
3379;0
3380;0
3381;0
3382;0
3383;0
3384;0
3385;0
3386;0
3387;0
3388;0
3389;1
3390;0
3391;0
3392;0
3393;0
3394;0
3395;0
3396;0
3397;0
3398;0
3399;0
3400;0
3401;0
3402;0
3403;0
3404;0
3405;0
3406;0
3407;0
3408;0
3409;0
3410;0
3411;0
3412;0
3413;0
3414;0
3415;0
3416;0
3417;0
3418;0
3419;0
3420;0
3421;0
3422;0
3423;0
3424;0
3425;0
3426;0
3427;0
3428;0
3429;0
3430;0
3431;0
3432;0
3433;0
3434;0
3435;1
3436;0
3437;0
3438;0
3439;0
3440;0
3441;0
3442;0
3443;0
3444;0
3445;0
3446;0
3447;0
3448;0
3449;0
3450;0
3451;0
3452;0
3453;0
3454;0
3455;0
3456;0
3457;0
3458;0
3459;0
3460;0
3461;0
3462;0
3463;0
3464;0
3465;0
3466;0
3467;0
3468;0
3469;0
3470;0
3471;0
3472;0
3473;0
3474;0
3475;0
3476;0
3477;0
3478;0
3479;0
3480;0
3481;0
3482;0
3483;0
3484;0
3485;0
3486;0
3487;0
3488;0
3489;0
3490;0
3491;0
3492;0
3493;0
3494;0
3495;0
3496;0
3497;0
3498;0
3499;0
3500;0
3501;0
3502;0
3503;0
3504;0
3505;0
3506;0
3507;0
3508;0
3509;0
3510;0
3511;0
3512;0
3513;0
3514;0
3515;0
3516;0
3517;0
3518;0
3519;0
3520;0
3521;0
3522;0
3523;0
3524;0
3525;0
3526;0
3527;0
3528;0
3529;0
3530;0
3531;0
3532;0
3533;0
3534;0
3535;0
3536;0
3537;0
3538;0
3539;0
3540;0
3541;0
3542;0
3543;0
3544;0
3545;0
3546;0
3547;0
3548;0
3549;0
3550;0
3551;0
3552;0
3553;0
3554;0
3555;0
3556;0
3557;0
3558;0
3559;0
3560;0
3561;0
3562;0
3563;0
3564;0
3565;0
3566;0
3567;0
3568;0
3569;0
3570;0
3571;0
3572;0
3573;0
3574;0
3575;0
3576;0
3577;0
3578;0
3579;0
3580;0
3581;0
3582;0
3583;0
3584;0
3585;0
3586;0
3587;0
3588;0
3589;0
3590;0
3591;0
3592;0
3593;0
3594;0
3595;0
3596;0
3597;0
3598;0
3599;0
3600;0
3601;0
3602;0
3603;0
3604;0
3605;0
3606;0
3607;0
3608;0
3609;0
3610;0
3611;0
3612;0
3613;0
3614;0
3615;0
3616;0
3617;0
3618;0
3619;0
3620;0
3621;0
3622;0
3623;0
3624;0
3625;0
3626;0
3627;0
3628;0
3629;0
3630;0
3631;0
3632;0
3633;0
3634;0
3635;0
3636;0
3637;0
3638;0
3639;0
3640;0
3641;0
3642;0
3643;0
3644;0
3645;0
3646;0
3647;0
3648;0
3649;0
3650;0
3651;0
3652;0
3653;0
3654;0
3655;0
3656;0
3657;0
3658;0
3659;0
3660;0
3661;0
3662;0
3663;0
3664;0
3665;0
3666;0
3667;0
3668;1
3669;0
3670;0
3671;0
3672;0
3673;0
3674;0
3675;0
3676;0
3677;0
3678;0
3679;0
3680;0
3681;1
3682;0
3683;0
3684;0
3685;0
3686;0
3687;0
3688;0
3689;0
3690;0
3691;0
3692;0
3693;0
3694;0
3695;0
3696;0
3697;1
3698;0
3699;0
3700;0
3701;0
3702;0
3703;0
3704;1
3705;0
3706;0
3707;0
3708;0
3709;0
3710;1
3711;0
3712;0
3713;0
3714;0
3715;0
3716;0
3717;0
3718;0
3719;0
3720;0
3721;0
3722;0
3723;1
3724;0
3725;0
3726;0
3727;0
3728;0
3729;0
3730;0
3731;0
3732;0
3733;0
3734;1
3735;0
3736;0
3737;0
3738;0
3739;0
3740;0
3741;0
3742;0
3743;0
3744;0
3745;0
3746;0
3747;0
3748;0
3749;0
3750;0
3751;0
3752;0
3753;0
3754;0
3755;0
3756;0
3757;0
3758;0
3759;0
3760;0
3761;0
3762;0
3763;0
3764;0
3765;0
3766;0
3767;0
3768;0
3769;0
3770;0
3771;0
3772;0
3773;0
3774;0
3775;0
3776;1
3777;0
3778;0
3779;0
3780;0
3781;0
3782;0
3783;0
3784;0
3785;1
3786;0
3787;0
3788;0
3789;0
3790;0
3791;0
3792;0
3793;0
3794;0
3795;0
3796;0
3797;0
3798;0
3799;0
3800;0
3801;0
3802;0
3803;1
3804;0
3805;0
3806;0
3807;0
3808;0
3809;0
3810;0
3811;0
3812;0
3813;1
3814;0
3815;0
3816;0
3817;1
3818;0
3819;1
3820;0
3821;0
3822;0
3823;0
3824;0
3825;0
3826;1
3827;0
3828;1
3829;0
3830;0
3831;1
3832;0
3833;1
3834;0
3835;3
3836;0
3837;0
3838;0
3839;1
3840;0
3841;0
3842;0
3843;1
3844;0
3845;1
3846;1
3847;1
3848;1
3849;0
3850;0
3851;1
3852;1
3853;0
3854;1
3855;0
3856;1
3857;2
3858;1
3859;2
3860;2
3861;2
3862;0
3863;0
3864;1
3865;0
3866;2
3867;2
3868;3
3869;3
3870;1
3871;1
3872;1
3873;4
3874;1
3875;2
3876;4
3877;2
3878;0
3879;3
3880;1
3881;2
3882;1
3883;2
3884;3
3885;1
3886;1
3887;0
3888;0
3889;0
3890;1
3891;3
3892;1
3893;3
3894;3
3895;2
3896;1
3897;1
3898;2
3899;3
3900;5
3901;3
3902;2
3903;2
3904;3
3905;1
3906;2
3907;4
3908;5
3909;2
3910;2
3911;3
3912;4
3913;3
3914;1
3915;4
3916;2
3917;8
3918;1
3919;5
3920;2
3921;5
3922;5
3923;4
3924;2
3925;3
3926;6
3927;2
3928;5
3929;5
3930;5
3931;3
3932;7
3933;8
3934;6
3935;4
3936;5
3937;3
3938;5
3939;4
3940;8
3941;7
3942;3
3943;4
3944;5
3945;6
3946;8
3947;6
3948;5
3949;4
3950;3
3951;6
3952;1
3953;4
3954;8
3955;3
3956;3
3957;7
3958;5
3959;5
3960;9
3961;12
3962;4
3963;7
3964;7
3965;6
3966;4
3967;4
3968;9
3969;6
3970;4
3971;11
3972;5
3973;8
3974;5
3975;6
3976;11
3977;8
3978;6
3979;12
3980;9
3981;7
3982;7
3983;6
3984;8
3985;11
3986;6
3987;10
3988;3
3989;13
3990;10
3991;13
3992;10
3993;8
3994;9
3995;14
3996;2
3997;11
3998;8
3999;5
4000;9
4001;6
4002;7
4003;14
4004;10
4005;11
4006;10
4007;9
4008;9
4009;9
4010;9
4011;18
4012;16
4013;12
4014;14
4015;10
4016;15
4017;10
4018;21
4019;6
4020;16
4021;17
4022;11
4023;9
4024;8
4025;9
4026;14
4027;14
4028;8
4029;4
4030;5
4031;13
4032;8
4033;16
4034;13
4035;14
4036;16
4037;15
4038;26
4039;14
4040;10
4041;13
4042;6
4043;24
4044;11
4045;13
4046;6
4047;13
4048;9
4049;16
4050;10
4051;14
4052;8
4053;12
4054;9
4055;15
4056;11
4057;14
4058;13
4059;11
4060;13
4061;11
4062;20
4063;13
4064;10
4065;19
4066;14
4067;13
4068;9
4069;14
4070;13
4071;10
4072;15
4073;16
4074;16
4075;17
4076;14
4077;14
4078;13
4079;9
4080;5
4081;9
4082;17
4083;10
4084;11
4085;9
4086;12
4087;11
4088;10
4089;13
4090;9
4091;16
4092;8
4093;12
4094;13
4095;10
4096;18
4097;10
4098;16
4099;11
4100;10
4101;8
4102;19
4103;13
4104;12
4105;19
4106;15
4107;6
4108;13
4109;18
4110;6
4111;11
4112;12
4113;11
4114;8
4115;19
4116;13
4117;12
4118;15
4119;13
4120;21
4121;14
4122;7
4123;9
4124;15
4125;7
4126;6
4127;16
4128;10
4129;15
4130;15
4131;11
4132;14
4133;10
4134;6
4135;8
4136;7
4137;13
4138;7
4139;14
4140;7
4141;10
4142;10
4143;6
4144;10
4145;8
4146;13
4147;7
4148;12
4149;11
4150;9
4151;13
4152;10
4153;8
4154;11
4155;7
4156;12
4157;12
4158;10
4159;11
4160;11
4161;7
4162;14
4163;2
4164;6
4165;11
4166;7
4167;10
4168;13
4169;11
4170;14
4171;9
4172;2
4173;4
4174;10
4175;6
4176;8
4177;6
4178;9
4179;6
4180;6
4181;8
4182;7
4183;10
4184;5
4185;12
4186;6
4187;5
4188;6
4189;9
4190;7
4191;5
4192;3
4193;8
4194;6
4195;2
4196;3
4197;6
4198;5
4199;4
4200;5
4201;9
4202;6
4203;5
4204;6
4205;4
4206;6
4207;8
4208;2
4209;4
4210;5
4211;4
4212;4
4213;1
4214;5
4215;3
4216;3
4217;3
4218;5
4219;3
4220;1
4221;1
4222;4
4223;3
4224;3
4225;7
4226;3
4227;9
4228;4
4229;3
4230;7
4231;0
4232;2
4233;3
4234;4
4235;4
4236;3
4237;2
4238;3
4239;1
4240;2
4241;1
4242;4
4243;3
4244;2
4245;0
4246;3
4247;3
4248;1
4249;2
4250;3
4251;0
4252;0
4253;5
4254;3
4255;2
4256;2
4257;0
4258;4
4259;1
4260;1
4261;1
4262;1
4263;2
4264;1
4265;2
4266;1
4267;0
4268;2
4269;2
4270;3
4271;1
4272;1
4273;2
4274;0
4275;1
4276;3
4277;0
4278;0
4279;1
4280;0
4281;0
4282;2
4283;0
4284;0
4285;1
4286;1
4287;1
4288;0
4289;0
4290;1
4291;1
4292;1
4293;0
4294;0
4295;3
4296;2
4297;3
4298;0
4299;1
4300;1
4301;0
4302;1
4303;1
4304;0
4305;0
4306;1
4307;1
4308;1
4309;0
4310;0
4311;0
4312;1
4313;2
4314;1
4315;0
4316;2
4317;1
4318;1
4319;0
4320;1
4321;0
4322;1
4323;0
4324;1
4325;0
4326;1
4327;0
4328;1
4329;1
4330;0
4331;0
4332;0
4333;0
4334;1
4335;0
4336;0
4337;0
4338;0
4339;0
4340;0
4341;0
4342;0
4343;0
4344;0
4345;1
4346;0
4347;0
4348;1
4349;0
4350;0
4351;0
4352;0
4353;0
4354;0
4355;0
4356;1
4357;0
4358;0
4359;0
4360;0
4361;0
4362;0
4363;0
4364;0
4365;0
4366;0
4367;0
4368;0
4369;0
4370;0
4371;0
4372;0
4373;0
4374;0
4375;0
4376;0
4377;0
4378;1
4379;0
4380;0
4381;1
4382;0
4383;0
4384;0
4385;0
4386;0
4387;0
4388;0
4389;0
4390;0
4391;0
4392;0
4393;0
4394;0
4395;0
4396;1
4397;0
4398;0
4399;0
4400;0
4401;0
4402;0
4403;0
4404;0
4405;1
4406;0
4407;1
4408;0
4409;0
4410;0
4411;0
4412;0
4413;0
4414;0
4415;0
4416;0
4417;0
4418;0
4419;0
4420;0
4421;0
4422;0
4423;0
4424;0
4425;0
4426;0
4427;0
4428;0
4429;0
4430;0
4431;0
4432;0
4433;0
4434;0
4435;0
4436;0
4437;0
4438;0
4439;0
4440;0
4441;0
4442;0
4443;0
4444;0
4445;0
4446;0
4447;0
4448;0
4449;0
4450;0
4451;0
4452;0
4453;0
4454;0
4455;0
4456;0
4457;0
4458;0
4459;0
4460;0
4461;0
4462;0
4463;0
4464;0
4465;0
4466;0
4467;0
4468;0
4469;0
4470;0
4471;0
4472;0
4473;0
4474;0
4475;0
4476;0
4477;0
4478;0
4479;0
4480;0
4481;0
4482;0
4483;0
4484;0
4485;0
4486;0
4487;0
4488;0
4489;0
4490;0
4491;0
4492;0
4493;0
4494;0
4495;0
4496;0
4497;0
4498;0
4499;0
4500;0
4501;0
4502;0
4503;0
4504;0
4505;0
4506;0
4507;0
4508;0
4509;0
4510;0
4511;0
4512;0
4513;0
4514;0
4515;0
4516;0
4517;0
4518;0
4519;0
4520;0
4521;0
4522;0
4523;0
4524;0
4525;0
4526;0
4527;0
4528;0
4529;0
4530;0
4531;0
4532;0
4533;0
4534;0
4535;0
4536;0
4537;0
4538;0
4539;0
4540;1
4541;0
4542;0
4543;0
4544;0
4545;0
4546;0
4547;0
4548;0
4549;0
4550;0
4551;0
4552;0
4553;0
4554;0
4555;0
4556;0
4557;0
4558;0
4559;0
4560;0
4561;0
4562;0
4563;0
4564;0
4565;0
4566;0
4567;0
4568;0
4569;0
4570;0
4571;0
4572;0
4573;0
4574;0
4575;0
4576;0
4577;0
4578;0
4579;0
4580;0
4581;0
4582;0
4583;0
4584;0
4585;0
4586;0
4587;0
4588;0
4589;0
4590;0
4591;0
4592;0
4593;0
4594;0
4595;0
4596;0
4597;0
4598;0
4599;0
4600;0
4601;0
4602;0
4603;0
4604;0
4605;0
4606;0
4607;0
4608;0
4609;0
4610;0
4611;0
4612;0
4613;0
4614;0
4615;0
4616;0
4617;0
4618;0
4619;0
4620;0
4621;0
4622;0
4623;0
4624;0
4625;0
4626;0
4627;0
4628;0
4629;0
4630;0
4631;0
4632;0
4633;0
4634;0
4635;0
4636;0
4637;0
4638;0
4639;0
4640;0
4641;0
4642;0
4643;0
4644;0
4645;0
4646;0
4647;0
4648;0
4649;0
4650;0
4651;0
4652;0
4653;0
4654;0
4655;0
4656;0
4657;0
4658;0
4659;0
4660;0
4661;0
4662;0
4663;0
4664;0
4665;0
4666;0
4667;0
4668;0
4669;0
4670;0
4671;0
4672;0
4673;0
4674;0
4675;0
4676;0
4677;0
4678;0
4679;0
4680;0
4681;0
4682;0
4683;0
4684;0
4685;0
4686;0
4687;0
4688;0
4689;0
4690;0
4691;0
4692;0
4693;0
4694;0
4695;0
4696;0
4697;0
4698;0
4699;0
4700;0
4701;0
4702;0
4703;0
4704;0
4705;0
4706;0
4707;0
4708;0
4709;0
4710;0
4711;0
4712;0
4713;0
4714;0
4715;0
4716;0
4717;0
4718;0
4719;0
4720;0
4721;0
4722;0
4723;0
4724;0
4725;0
4726;0
4727;0
4728;0
4729;0
4730;0
4731;0
4732;0
4733;0
4734;0
4735;0
4736;0
4737;0
4738;0
4739;0
4740;0
4741;0
4742;0
4743;0
4744;0
4745;0
4746;0
4747;0
4748;0
4749;0
4750;0
4751;0
4752;0
4753;0
4754;0
4755;0
4756;0
4757;0
4758;0
4759;0
4760;0
4761;0
4762;0
4763;0
4764;0
4765;0
4766;0
4767;0
4768;0
4769;0
4770;0
4771;0
4772;0
4773;0
4774;0
4775;0
4776;0
4777;0
4778;0
4779;0
4780;0
4781;0
4782;0
4783;0
4784;0
4785;0
4786;0
4787;0
4788;0
4789;0
4790;0
4791;0
4792;0
4793;0
4794;0
4795;0
4796;0
4797;0
4798;0
4799;0
4800;0
4801;0
4802;0
4803;0
4804;0
4805;0
4806;0
4807;0
4808;0
4809;0
4810;0
4811;0
4812;0
4813;0
4814;0
4815;0
4816;0
4817;0
4818;0
4819;0
4820;0
4821;0
4822;0
4823;0
4824;0
4825;0
4826;0
4827;0
4828;0
4829;0
4830;0
4831;0
4832;0
4833;0
4834;0
4835;0
4836;0
4837;0
4838;0
4839;0
4840;0
4841;0
4842;0
4843;0
4844;0
4845;0
4846;0
4847;0
4848;0
4849;0
4850;0
4851;0
4852;0
4853;0
4854;0
4855;0
4856;0
4857;1
4858;0
4859;0
4860;0
4861;0
4862;0
4863;0
4864;0
4865;0
4866;0
4867;0
4868;0
4869;0
4870;0
4871;0
4872;0
4873;0
4874;0
4875;0
4876;0
4877;0
4878;0
4879;0
4880;0
4881;0
4882;0
4883;0
4884;0
4885;0
4886;0
4887;0
4888;0
4889;0
4890;0
4891;0
4892;0
4893;0
4894;0
4895;0
4896;0
4897;0
4898;0
4899;0
4900;0
4901;0
4902;0
4903;0
4904;0
4905;0
4906;0
4907;0
4908;0
4909;0
4910;0
4911;0
4912;0
4913;0
4914;0
4915;0
4916;0
4917;0
4918;0
4919;0
4920;0
4921;0
4922;0
4923;0
4924;0
4925;0
4926;0
4927;0
4928;0
4929;0
4930;0
4931;0
4932;0
4933;0
4934;0
4935;0
4936;0
4937;0
4938;0
4939;0
4940;0
4941;0
4942;0
4943;0
4944;0
4945;0
4946;1
4947;0
4948;0
4949;0
4950;0
4951;0
4952;0
4953;1
4954;0
4955;0
4956;0
4957;0
4958;0
4959;0
4960;0
4961;0
4962;0
4963;0
4964;0
4965;0
4966;0
4967;0
4968;0
4969;0
4970;0
4971;0
4972;0
4973;0
4974;0
4975;0
4976;0
4977;0
4978;0
4979;0
4980;0
4981;0
4982;0
4983;0
4984;0
4985;0
4986;0
4987;0
4988;0
4989;0
4990;0
4991;0
4992;0
4993;0
4994;0
4995;0
4996;0
4997;0
4998;0
4999;0
5000;0
5001;0
5002;0
5003;0
5004;0
5005;0
5006;0
5007;0
5008;0
5009;0
5010;0
5011;0
5012;0
5013;0
5014;0
5015;0
5016;0
5017;0
5018;0
5019;0
5020;1
5021;0
5022;0
5023;0
5024;1
5025;0
5026;0
5027;0
5028;0
5029;1
5030;0
5031;0
5032;0
5033;1
5034;1
5035;0
5036;0
5037;0
5038;1
5039;0
5040;0
5041;0
5042;0
5043;0
5044;0
5045;0
5046;0
5047;0
5048;2
5049;0
5050;0
5051;1
5052;1
5053;0
5054;0
5055;0
5056;0
5057;0
5058;1
5059;0
5060;0
5061;0
5062;0
5063;0
5064;0
5065;0
5066;0
5067;0
5068;1
5069;0
5070;0
5071;0
5072;1
5073;0
5074;0
5075;1
5076;0
5077;0
5078;1
5079;1
5080;1
5081;0
5082;1
5083;0
5084;2
5085;0
5086;0
5087;0
5088;0
5089;2
5090;1
5091;3
5092;1
5093;2
5094;1
5095;2
5096;0
5097;0
5098;1
5099;0
5100;0
5101;1
5102;2
5103;2
5104;0
5105;0
5106;0
5107;3
5108;1
5109;0
5110;2
5111;0
5112;0
5113;0
5114;3
5115;0
5116;0
5117;0
5118;2
5119;1
5120;2
5121;2
5122;2
5123;2
5124;5
5125;1
5126;3
5127;4
5128;4
5129;1
5130;1
5131;1
5132;4
5133;1
5134;2
5135;3
5136;0
5137;1
5138;3
5139;4
5140;1
5141;3
5142;5
5143;4
5144;1
5145;0
5146;5
5147;1
5148;3
5149;4
5150;2
5151;2
5152;10
5153;1
5154;6
5155;4
5156;2
5157;3
5158;4
5159;0
5160;5
5161;4
5162;1
5163;4
5164;4
5165;2
5166;2
5167;4
5168;10
5169;1
5170;4
5171;8
5172;1
5173;5
5174;5
5175;7
5176;5
5177;3
5178;5
5179;6
5180;2
5181;2
5182;6
5183;7
5184;6
5185;5
5186;5
5187;4
5188;5
5189;2
5190;5
5191;7
5192;7
5193;5
5194;8
5195;5
5196;8
5197;8
5198;10
5199;7
5200;5
5201;2
5202;8
5203;9
5204;8
5205;11
5206;7
5207;9
5208;8
5209;8
5210;9
5211;11
5212;10
5213;7
5214;12
5215;12
5216;14
5217;13
5218;10
5219;10
5220;5
5221;9
5222;10
5223;14
5224;7
5225;11
5226;14
5227;9
5228;14
5229;11
5230;7
5231;9
5232;10
5233;11
5234;9
5235;12
5236;11
5237;8
5238;13
5239;12
5240;17
5241;12
5242;21
5243;16
5244;13
5245;15
5246;8
5247;16
5248;11
5249;14
5250;14
5251;14
5252;11
5253;13
5254;17
5255;16
5256;19
5257;13
5258;9
5259;8
5260;22
5261;11
5262;12
5263;14
5264;20
5265;13
5266;13
5267;13
5268;19
5269;20
5270;18
5271;19
5272;16
5273;20
5274;13
5275;16
5276;20
5277;9
5278;9
5279;18
5280;21
5281;25
5282;14
5283;18
5284;22
5285;21
5286;16
5287;12
5288;14
5289;23
5290;25
5291;16
5292;20
5293;22
5294;26
5295;12
5296;23
5297;26
5298;20
5299;17
5300;16
5301;17
5302;26
5303;25
5304;19
5305;20
5306;17
5307;21
5308;16
5309;24
5310;24
5311;16
5312;20
5313;24
5314;13
5315;28
5316;23
5317;17
5318;16
5319;20
5320;30
5321;30
5322;16
5323;15
5324;19
5325;18
5326;21
5327;13
5328;22
5329;23
5330;16
5331;21
5332;26
5333;16
5334;18
5335;20
5336;19
5337;32
5338;15
5339;18
5340;20
5341;25
5342;19
5343;24
5344;16
5345;29
5346;19
5347;24
5348;19
5349;24
5350;22
5351;22
5352;24
5353;23
5354;26
5355;21
5356;21
5357;22
5358;20
5359;21
5360;24
5361;20
5362;17
5363;19
5364;19
5365;8
5366;24
5367;23
5368;18
5369;19
5370;19
5371;17
5372;14
5373;24
5374;22
5375;17
5376;19
5377;24
5378;15
5379;26
5380;22
5381;25
5382;19
5383;16
5384;10
5385;18
5386;18
5387;16
5388;16
5389;25
5390;17
5391;16
5392;22
5393;21
5394;5
5395;19
5396;14
5397;16
5398;13
5399;17
5400;16
5401;16
5402;21
5403;13
5404;15
5405;12
5406;18
5407;12
5408;17
5409;12
5410;14
5411;20
5412;11
5413;15
5414;13
5415;15
5416;19
5417;17
5418;21
5419;13
5420;11
5421;15
5422;18
5423;20
5424;13
5425;20
5426;16
5427;20
5428;11
5429;14
5430;8
5431;6
5432;6
5433;9
5434;9
5435;4
5436;9
5437;11
5438;13
5439;16
5440;11
5441;8
5442;15
5443;11
5444;14
5445;18
5446;9
5447;4
5448;13
5449;7
5450;11
5451;8
5452;6
5453;8
5454;5
5455;7
5456;10
5457;11
5458;9
5459;3
5460;11
5461;5
5462;5
5463;12
5464;9
5465;8
5466;6
5467;11
5468;8
5469;10
5470;4
5471;8
5472;3
5473;3
5474;8
5475;6
5476;10
5477;6
5478;3
5479;6
5480;4
5481;4
5482;6
5483;3
5484;2
5485;2
5486;7
5487;8
5488;5
5489;8
5490;5
5491;4
5492;3
5493;2
5494;5
5495;6
5496;8
5497;4
5498;3
5499;4
5500;2
5501;1
5502;4
5503;2
5504;3
5505;2
5506;2
5507;3
5508;6
5509;2
5510;3
5511;2
5512;2
5513;3
5514;3
5515;2
5516;2
5517;4
5518;3
5519;3
5520;2
5521;2
5522;2
5523;3
5524;3
5525;2
5526;2
5527;5
5528;2
5529;2
5530;1
5531;2
5532;2
5533;2
5534;2
5535;1
5536;3
5537;0
5538;1
5539;4
5540;3
5541;1
5542;1
5543;1
5544;1
5545;2
5546;4
5547;3
5548;3
5549;1
5550;3
5551;0
5552;1
5553;0
5554;1
5555;0
5556;1
5557;3
5558;1
5559;1
5560;2
5561;1
5562;1
5563;1
5564;0
5565;0
5566;1
5567;1
5568;3
5569;0
5570;0
5571;0
5572;1
5573;2
5574;0
5575;1
5576;2
5577;0
5578;2
5579;0
5580;0
5581;0
5582;1
5583;2
5584;0
5585;0
5586;0
5587;1
5588;1
5589;1
5590;1
5591;1
5592;0
5593;1
5594;1
5595;0
5596;0
5597;0
5598;2
5599;0
5600;0
5601;0
5602;0
5603;0
5604;0
5605;0
5606;0
5607;0
5608;0
5609;0
5610;0
5611;0
5612;1
5613;0
5614;1
5615;1
5616;1
5617;0
5618;0
5619;0
5620;0
5621;0
5622;0
5623;1
5624;0
5625;0
5626;0
5627;0
5628;0
5629;0
5630;0
5631;0
5632;0
5633;0
5634;0
5635;1
5636;0
5637;0
5638;0
5639;0
5640;0
5641;0
5642;0
5643;0
5644;0
5645;0
5646;0
5647;0
5648;0
5649;1
5650;1
5651;0
5652;0
5653;0
5654;0
5655;0
5656;0
5657;0
5658;0
5659;0
5660;0
5661;0
5662;0
5663;0
5664;1
5665;0
5666;0
5667;0
5668;0
5669;0
5670;1
5671;0
5672;0
5673;0
5674;0
5675;0
5676;0
5677;0
5678;0
5679;0
5680;0
5681;0
5682;0
5683;0
5684;0
5685;0
5686;0
5687;1
5688;0
5689;0
5690;0
5691;0
5692;0
5693;0
5694;0
5695;0
5696;0
5697;0
5698;0
5699;0
5700;0
5701;0
5702;0
5703;0
5704;0
5705;0
5706;0
5707;0
5708;0
5709;0
5710;0
5711;0
5712;0
5713;0
5714;0
5715;0
5716;0
5717;0
5718;0
5719;0
5720;0
5721;0
5722;0
5723;0
5724;0
5725;0
5726;1
5727;0
5728;0
5729;0
5730;0
5731;0
5732;0
5733;0
5734;0
5735;0
5736;0
5737;0
5738;0
5739;0
5740;0
5741;0
5742;0
5743;0
5744;0
5745;0
5746;0
5747;0
5748;0
5749;0
5750;0
5751;0
5752;0
5753;0
5754;0
5755;0
5756;0
5757;0
5758;0
5759;1
5760;1
5761;0
5762;0
5763;0
5764;0
5765;0
5766;0
5767;0
5768;0
5769;0
5770;0
5771;0
5772;0
5773;0
5774;0
5775;0
5776;0
5777;0
5778;0
5779;0
5780;0
5781;0
5782;0
5783;0
5784;0
5785;0
5786;0
5787;1
5788;0
5789;0
5790;0
5791;0
5792;0
5793;0
5794;0
5795;1
5796;0
5797;0
5798;0
5799;0
5800;0
5801;0
5802;0
5803;0
5804;1
5805;0
5806;0
5807;0
5808;0
5809;0
5810;0
5811;0
5812;0
5813;0
5814;0
5815;0
5816;0
5817;0
5818;0
5819;0
5820;0
5821;0
5822;0
5823;0
5824;0
5825;0
5826;0
5827;0
5828;0
5829;0
5830;0
5831;0
5832;0
5833;0
5834;0
5835;0
5836;0
5837;0
5838;0
5839;0
5840;0
5841;0
5842;0
5843;0
5844;0
5845;0
5846;0
5847;0
5848;0
5849;0
5850;0
5851;0
5852;0
5853;0
5854;0
5855;0
5856;0
5857;1
5858;0
5859;0
5860;0
5861;0
5862;0
5863;0
5864;0
5865;0
5866;0
5867;0
5868;0
5869;0
5870;0
5871;0
5872;0
5873;0
5874;0
5875;0
5876;0
5877;0
5878;0
5879;0
5880;0
5881;0
5882;0
5883;0
5884;0
5885;0
5886;0
5887;0
5888;0
5889;0
5890;0
5891;0
5892;0
5893;0
5894;0
5895;0
5896;0
5897;0
5898;0
5899;0
5900;0
5901;0
5902;0
5903;0
5904;0
5905;0
5906;0
5907;0
5908;0
5909;0
5910;0
5911;0
5912;0
5913;0
5914;0
5915;0
5916;0
5917;0
5918;0
5919;0
5920;0
5921;0
5922;0
5923;1
5924;0
5925;0
5926;0
5927;0
5928;0
5929;0
5930;0
5931;0
5932;0
5933;0
5934;0
5935;0
5936;0
5937;0
5938;0
5939;0
5940;0
5941;0
5942;0
5943;0
5944;0
5945;0
5946;0
5947;0
5948;0
5949;0
5950;0
5951;0
5952;0
5953;0
5954;0
5955;0
5956;0
5957;0
5958;0
5959;0
5960;0
5961;0
5962;0
5963;0
5964;0
5965;0
5966;0
5967;0
5968;0
5969;0
5970;0
5971;0
5972;0
5973;0
5974;0
5975;0
5976;0
5977;0
5978;0
5979;0
5980;0
5981;0
5982;0
5983;0
5984;0
5985;0
5986;0
5987;0
5988;0
5989;0
5990;0
5991;0
5992;0
5993;0
5994;0
5995;0
5996;1
5997;0
5998;0
5999;0
6000;0
6001;0
6002;0
6003;0
6004;0
6005;0
6006;0
6007;0
6008;0
6009;0
6010;0
6011;0
6012;0
6013;0
6014;0
6015;0
6016;0
6017;0
6018;0
6019;0
6020;0
6021;0
6022;0
6023;0
6024;0
6025;0
6026;0
6027;0
6028;0
6029;0
6030;0
6031;0
6032;0
6033;0
6034;0
6035;0
6036;0
6037;0
6038;0
6039;0
6040;0
6041;0
6042;0
6043;0
6044;0
6045;0
6046;0
6047;0
6048;0
6049;0
6050;0
6051;1
6052;0
6053;0
6054;0
6055;0
6056;0
6057;0
6058;0
6059;0
6060;0
6061;0
6062;0
6063;0
6064;0
6065;0
6066;0
6067;0
6068;0
6069;0
6070;0
6071;0
6072;0
6073;0
6074;0
6075;0
6076;0
6077;0
6078;0
6079;0
6080;0
6081;0
6082;0
6083;0
6084;0
6085;0
6086;0
6087;0
6088;0
6089;0
6090;0
6091;0
6092;0
6093;1
6094;0
6095;0
6096;0
6097;0
6098;0
6099;0
6100;0
6101;0
6102;0
6103;0
6104;0
6105;0
6106;0
6107;0
6108;0
6109;0
6110;0
6111;0
6112;0
6113;0
6114;0
6115;0
6116;0
6117;0
6118;0
6119;0
6120;1
6121;0
6122;0
6123;0
6124;0
6125;0
6126;0
6127;0
6128;0
6129;0
6130;0
6131;0
6132;0
6133;0
6134;0
6135;0
6136;0
6137;0
6138;0
6139;0
6140;0
6141;0
6142;0
6143;0
6144;0
6145;0
6146;0
6147;0
6148;0
6149;0
6150;0
6151;0
6152;0
6153;0
6154;0
6155;0
6156;0
6157;0
6158;0
6159;0
6160;0
6161;0
6162;0
6163;0
6164;0
6165;0
6166;0
6167;0
6168;0
6169;0
6170;0
6171;0
6172;0
6173;0
6174;0
6175;0
6176;0
6177;0
6178;0
6179;0
6180;0
6181;0
6182;0
6183;0
6184;0
6185;0
6186;0
6187;0
6188;0
6189;0
6190;0
6191;0
6192;0
6193;0
6194;0
6195;1
6196;0
6197;0
6198;1
6199;0
6200;1
6201;0
6202;0
6203;0
6204;0
6205;0
6206;0
6207;0
6208;0
6209;0
6210;0
6211;1
6212;0
6213;0
6214;0
6215;0
6216;0
6217;0
6218;0
6219;0
6220;0
6221;0
6222;0
6223;0
6224;0
6225;0
6226;0
6227;0
6228;0
6229;0
6230;0
6231;0
6232;0
6233;0
6234;0
6235;0
6236;0
6237;0
6238;0
6239;0
6240;0
6241;0
6242;0
6243;0
6244;0
6245;0
6246;0
6247;0
6248;0
6249;0
6250;0
6251;0
6252;0
6253;0
6254;0
6255;0
6256;0
6257;0
6258;0
6259;0
6260;0
6261;0
6262;0
6263;0
6264;0
6265;0
6266;0
6267;0
6268;0
6269;0
6270;0
6271;0
6272;0
6273;0
6274;0
6275;0
6276;1
6277;1
6278;0
6279;0
6280;0
6281;0
6282;0
6283;0
6284;0
6285;0
6286;0
6287;0
6288;0
6289;0
6290;0
6291;1
6292;0
6293;0
6294;0
6295;0
6296;0
6297;0
6298;0
6299;0
6300;2
6301;1
6302;0
6303;0
6304;0
6305;0
6306;1
6307;0
6308;0
6309;0
6310;0
6311;0
6312;1
6313;0
6314;0
6315;0
6316;0
6317;0
6318;0
6319;0
6320;0
6321;1
6322;1
6323;0
6324;0
6325;0
6326;0
6327;1
6328;1
6329;2
6330;0
6331;0
6332;2
6333;0
6334;0
6335;1
6336;0
6337;1
6338;1
6339;1
6340;0
6341;0
6342;0
6343;1
6344;0
6345;0
6346;0
6347;0
6348;0
6349;1
6350;1
6351;1
6352;0
6353;1
6354;0
6355;0
6356;0
6357;0
6358;1
6359;0
6360;0
6361;0
6362;2
6363;0
6364;1
6365;0
6366;1
6367;0
6368;1
6369;0
6370;1
6371;0
6372;0
6373;1
6374;2
6375;1
6376;0
6377;1
6378;1
6379;1
6380;2
6381;2
6382;0
6383;0
6384;2
6385;3
6386;1
6387;2
6388;3
6389;1
6390;1
6391;2
6392;0
6393;1
6394;1
6395;0
6396;1
6397;2
6398;0
6399;0
6400;3
6401;1
6402;3
6403;1
6404;1
6405;0
6406;2
6407;0
6408;2
6409;1
6410;3
6411;2
6412;2
6413;2
6414;1
6415;2
6416;0
6417;1
6418;1
6419;2
6420;3
6421;1
6422;1
6423;3
6424;4
6425;5
6426;6
6427;2
6428;3
6429;3
6430;3
6431;2
6432;2
6433;2
6434;2
6435;4
6436;2
6437;3
6438;3
6439;3
6440;3
6441;5
6442;3
6443;3
6444;2
6445;5
6446;2
6447;1
6448;3
6449;2
6450;4
6451;5
6452;6
6453;6
6454;3
6455;4
6456;6
6457;7
6458;8
6459;5
6460;8
6461;4
6462;6
6463;8
6464;7
6465;7
6466;9
6467;6
6468;6
6469;7
6470;6
6471;6
6472;9
6473;4
6474;8
6475;5
6476;5
6477;6
6478;3
6479;9
6480;5
6481;5
6482;9
6483;8
6484;7
6485;5
6486;8
6487;8
6488;15
6489;8
6490;5
6491;6
6492;10
6493;9
6494;12
6495;7
6496;11
6497;12
6498;10
6499;7
6500;11
6501;8
6502;9
6503;14
6504;4
6505;9
6506;9
6507;8
6508;6
6509;9
6510;8
6511;14
6512;10
6513;11
6514;10
6515;8
6516;9
6517;8
6518;6
6519;8
6520;13
6521;11
6522;8
6523;8
6524;10
6525;7
6526;16
6527;10
6528;10
6529;9
6530;15
6531;12
6532;16
6533;21
6534;11
6535;17
6536;8
6537;11
6538;8
6539;9
6540;16
6541;13
6542;25
6543;18
6544;26
6545;16
6546;16
6547;12
6548;15
6549;9
6550;12
6551;16
6552;15
6553;13
6554;18
6555;16
6556;23
6557;9
6558;16
6559;17
6560;12
6561;10
6562;11
6563;11
6564;13
6565;11
6566;15
6567;15
6568;9
6569;9
6570;21
6571;16
6572;14
6573;16
6574;17
6575;18
6576;16
6577;13
6578;19
6579;14
6580;15
6581;11
6582;12
6583;18
6584;16
6585;17
6586;16
6587;24
6588;8
6589;14
6590;16
6591;13
6592;3
6593;15
6594;15
6595;16
6596;17
6597;24
6598;20
6599;19
6600;18
6601;18
6602;16
6603;12
6604;17
6605;17
6606;18
6607;10
6608;12
6609;12
6610;10
6611;16
6612;21
6613;12
6614;19
6615;13
6616;8
6617;14
6618;18
6619;13
6620;8
6621;17
6622;12
6623;11
6624;13
6625;7
6626;17
6627;6
6628;14
6629;17
6630;11
6631;11
6632;16
6633;13
6634;11
6635;15
6636;11
6637;8
6638;5
6639;9
6640;10
6641;14
6642;12
6643;11
6644;8
6645;18
6646;12
6647;10
6648;10
6649;10
6650;9
6651;8
6652;13
6653;11
6654;13
6655;13
6656;13
6657;13
6658;9
6659;6
6660;17
6661;10
6662;3
6663;10
6664;9
6665;10
6666;15
6667;2
6668;12
6669;10
6670;7
6671;12
6672;11
6673;12
6674;8
6675;9
6676;5
6677;12
6678;2
6679;10
6680;6
6681;16
6682;12
6683;16
6684;9
6685;9
6686;6
6687;5
6688;9
6689;8
6690;9
6691;7
6692;6
6693;5
6694;7
6695;2
6696;6
6697;1
6698;6
6699;5
6700;6
6701;7
6702;5
6703;5
6704;7
6705;6
6706;2
6707;3
6708;5
6709;1
6710;4
6711;6
6712;7
6713;6
6714;6
6715;5
6716;6
6717;5
6718;9
6719;8
6720;9
6721;8
6722;5
6723;3
6724;1
6725;2
6726;3
6727;3
6728;3
6729;3
6730;4
6731;3
6732;6
6733;6
6734;4
6735;4
6736;3
6737;3
6738;3
6739;5
6740;2
6741;4
6742;5
6743;3
6744;3
6745;4
6746;5
6747;5
6748;2
6749;6
6750;7
6751;4
6752;3
6753;5
6754;1
6755;4
6756;2
6757;3
6758;2
6759;1
6760;1
6761;1
6762;2
6763;3
6764;2
6765;1
6766;1
6767;3
6768;1
6769;5
6770;3
6771;2
6772;2
6773;1
6774;2
6775;0
6776;4
6777;1
6778;1
6779;0
6780;2
6781;0
6782;1
6783;2
6784;0
6785;2
6786;0
6787;4
6788;2
6789;1
6790;0
6791;1
6792;1
6793;0
6794;0
6795;0
6796;1
6797;2
6798;1
6799;0
6800;1
6801;0
6802;0
6803;1
6804;2
6805;1
6806;2
6807;2
6808;0
6809;1
6810;2
6811;1
6812;2
6813;0
6814;1
6815;0
6816;0
6817;1
6818;0
6819;0
6820;0
6821;0
6822;0
6823;0
6824;1
6825;1
6826;1
6827;1
6828;0
6829;0
6830;0
6831;1
6832;1
6833;1
6834;0
6835;2
6836;0
6837;1
6838;0
6839;0
6840;0
6841;0
6842;1
6843;0
6844;0
6845;0
6846;3
6847;0
6848;0
6849;0
6850;0
6851;0
6852;0
6853;0
6854;0
6855;0
6856;0
6857;0
6858;0
6859;0
6860;0
6861;0
6862;0
6863;0
6864;0
6865;0
6866;0
6867;0
6868;0
6869;0
6870;0
6871;0
6872;0
6873;0
6874;0
6875;0
6876;1
6877;0
6878;0
6879;0
6880;0
6881;1
6882;1
6883;0
6884;0
6885;0
6886;0
6887;0
6888;1
6889;0
6890;0
6891;0
6892;0
6893;0
6894;0
6895;1
6896;0
6897;0
6898;0
6899;0
6900;0
6901;0
6902;0
6903;1
6904;0
6905;0
6906;0
6907;0
6908;0
6909;0
6910;0
6911;0
6912;0
6913;0
6914;0
6915;0
6916;0
6917;0
6918;0
6919;0
6920;0
6921;0
6922;1
6923;0
6924;0
6925;0
6926;0
6927;0
6928;0
6929;0
6930;0
6931;1
6932;0
6933;0
6934;0
6935;0
6936;0
6937;0
6938;0
6939;0
6940;0
6941;0
6942;0
6943;0
6944;0
6945;0
6946;0
6947;0
6948;0
6949;0
6950;0
6951;0
6952;0
6953;0
6954;0
6955;0
6956;0
6957;0
6958;0
6959;0
6960;0
6961;0
6962;0
6963;0
6964;0
6965;0
6966;0
6967;0
6968;0
6969;0
6970;0
6971;0
6972;0
6973;0
6974;0
6975;0
6976;0
6977;0
6978;0
6979;0
6980;0
6981;0
6982;0
6983;0
6984;0
6985;0
6986;0
6987;0
6988;0
6989;0
6990;0
6991;0
6992;0
6993;0
6994;0
6995;0
6996;0
6997;0
6998;0
6999;0
7000;0
7001;0
7002;0
7003;0
7004;1
7005;0
7006;0
7007;0
7008;0
7009;0
7010;0
7011;0
7012;0
7013;0
7014;0
7015;0
7016;0
7017;0
7018;0
7019;0
7020;0
7021;0
7022;0
7023;0
7024;0
7025;0
7026;0
7027;0
7028;0
7029;0
7030;0
7031;0
7032;0
7033;0
7034;0
7035;0
7036;0
7037;0
7038;0
7039;0
7040;0
7041;0
7042;0
7043;0
7044;0
7045;0
7046;0
7047;0
7048;0
7049;0
7050;0
7051;0
7052;0
7053;0
7054;0
7055;0
7056;0
7057;0
7058;0
7059;0
7060;0
7061;0
7062;0
7063;0
7064;0
7065;0
7066;0
7067;0
7068;0
7069;0
7070;0
7071;0
7072;0
7073;0
7074;0
7075;0
7076;0
7077;0
7078;0
7079;0
7080;0
7081;0
7082;0
7083;0
7084;0
7085;0
7086;0
7087;0
7088;0
7089;0
7090;0
7091;0
7092;0
7093;0
7094;0
7095;0
7096;0
7097;0
7098;0
7099;0
7100;0
7101;0
7102;0
7103;0
7104;0
7105;0
7106;0
7107;0
7108;0
7109;0
7110;0
7111;0
7112;0
7113;0
7114;0
7115;0
7116;0
7117;0
7118;0
7119;0
7120;0
7121;0
7122;0
7123;0
7124;0
7125;0
7126;0
7127;0
7128;0
7129;0
7130;0
7131;0
7132;0
7133;0
7134;0
7135;0
7136;0
7137;0
7138;0
7139;0
7140;0
7141;0
7142;0
7143;0
7144;0
7145;0
7146;0
7147;0
7148;0
7149;0
7150;0
7151;0
7152;0
7153;0
7154;0
7155;0
7156;0
7157;0
7158;0
7159;0
7160;0
7161;0
7162;0
7163;0
7164;0
7165;0
7166;0
7167;0
7168;0
7169;0
7170;0
7171;0
7172;0
7173;0
7174;0
7175;0
7176;0
7177;0
7178;0
7179;0
7180;0
7181;0
7182;0
7183;0
7184;0
7185;0
7186;0
7187;0
7188;0
7189;0
7190;0
7191;0
7192;0
7193;0
7194;0
7195;0
7196;0
7197;0
7198;0
7199;0
7200;0
7201;0
7202;0
7203;0
7204;0
7205;0
7206;0
7207;0
7208;0
7209;0
7210;1
7211;0
7212;0
7213;0
7214;0
7215;0
7216;0
7217;0
7218;0
7219;0
7220;0
7221;1
7222;0
7223;0
7224;0
7225;0
7226;0
7227;0
7228;0
7229;0
7230;0
7231;0
7232;0
7233;0
7234;0
7235;0
7236;0
7237;0
7238;0
7239;0
7240;0
7241;0
7242;0
7243;0
7244;0
7245;0
7246;0
7247;0
7248;0
7249;0
7250;0
7251;0
7252;0
7253;0
7254;0
7255;0
7256;0
7257;0
7258;0
7259;0
7260;0
7261;0
7262;0
7263;0
7264;0
7265;0
7266;0
7267;0
7268;0
7269;0
7270;0
7271;0
7272;0
7273;0
7274;0
7275;0
7276;0
7277;0
7278;0
7279;0
7280;0
7281;0
7282;0
7283;0
7284;0
7285;0
7286;0
7287;0
7288;0
7289;0
7290;0
7291;0
7292;0
7293;0
7294;0
7295;0
7296;0
7297;0
7298;0
7299;0
7300;0
7301;0
7302;0
7303;0
7304;0
7305;0
7306;0
7307;0
7308;0
7309;0
7310;0
7311;0
7312;0
7313;0
7314;0
7315;0
7316;0
7317;0
7318;0
7319;0
7320;0
7321;0
7322;0
7323;0
7324;0
7325;0
7326;0
7327;0
7328;0
7329;0
7330;0
7331;0
7332;0
7333;0
7334;0
7335;0
7336;0
7337;0
7338;0
7339;0
7340;0
7341;0
7342;0
7343;0
7344;0
7345;0
7346;0
7347;0
7348;0
7349;0
7350;0
7351;0
7352;0
7353;0
7354;0
7355;0
7356;0
7357;0
7358;0
7359;0
7360;0
7361;0
7362;0
7363;0
7364;0
7365;0
7366;0
7367;0
7368;0
7369;0
7370;0
7371;0
7372;0
7373;0
7374;0
7375;0
7376;0
7377;0
7378;0
7379;0
7380;0
7381;0
7382;0
7383;0
7384;0
7385;0
7386;0
7387;0
7388;0
7389;0
7390;0
7391;0
7392;0
7393;0
7394;0
7395;0
7396;0
7397;0
7398;0
7399;0
7400;0
7401;0
7402;0
7403;0
7404;0
7405;0
7406;0
7407;0
7408;0
7409;0
7410;0
7411;0
7412;0
7413;0
7414;0
7415;0
7416;0
7417;0
7418;0
7419;0
7420;0
7421;0
7422;0
7423;0
7424;0
7425;0
7426;0
7427;0
7428;0
7429;0
7430;0
7431;0
7432;0
7433;0
7434;0
7435;0
7436;0
7437;0
7438;0
7439;0
7440;0
7441;0
7442;0
7443;0
7444;0
7445;0
7446;0
7447;0
7448;0
7449;0
7450;0
7451;0
7452;0
7453;0
7454;0
7455;0
7456;0
7457;0
7458;0
7459;0
7460;0
7461;0
7462;0
7463;0
7464;0
7465;0
7466;0
7467;1
7468;0
7469;0
7470;0
7471;0
7472;0
7473;0
7474;0
7475;0
7476;0
7477;0
7478;0
7479;0
7480;0
7481;0
7482;0
7483;0
7484;0
7485;0
7486;0
7487;0
7488;0
7489;0
7490;0
7491;0
7492;0
7493;0
7494;0
7495;0
7496;0
7497;0
7498;0
7499;0
7500;0
7501;0
7502;0
7503;0
7504;0
7505;0
7506;0
7507;0
7508;0
7509;0
7510;0
7511;0
7512;0
7513;0
7514;0
7515;0
7516;0
7517;0
7518;0
7519;0
7520;0
7521;0
7522;0
7523;0
7524;0
7525;0
7526;0
7527;0
7528;0
7529;0
7530;0
7531;0
7532;0
7533;0
7534;0
7535;0
7536;0
7537;0
7538;0
7539;0
7540;1
7541;0
7542;0
7543;0
7544;0
7545;0
7546;0
7547;1
7548;0
7549;0
7550;0
7551;0
7552;0
7553;0
7554;1
7555;0
7556;0
7557;0
7558;0
7559;0
7560;1
7561;0
7562;0
7563;0
7564;0
7565;0
7566;0
7567;0
7568;0
7569;0
7570;0
7571;0
7572;0
7573;1
7574;0
7575;0
7576;0
7577;1
7578;0
7579;0
7580;0
7581;0
7582;0
7583;0
7584;0
7585;1
7586;0
7587;0
7588;0
7589;0
7590;1
7591;0
7592;0
7593;0
7594;0
7595;0
7596;0
7597;0
7598;0
7599;0
7600;1
7601;0
7602;0
7603;1
7604;0
7605;1
7606;0
7607;0
7608;0
7609;0
7610;1
7611;1
7612;0
7613;0
7614;0
7615;0
7616;0
7617;2
7618;0
7619;1
7620;0
7621;0
7622;0
7623;0
7624;0
7625;2
7626;0
7627;1
7628;2
7629;0
7630;0
7631;0
7632;3
7633;1
7634;1
7635;1
7636;2
7637;2
7638;0
7639;0
7640;0
7641;2
7642;0
7643;0
7644;4
7645;1
7646;0
7647;1
7648;0
7649;1
7650;2
7651;1
7652;1
7653;0
7654;0
7655;5
7656;2
7657;2
7658;0
7659;2
7660;2
7661;2
7662;3
7663;1
7664;2
7665;2
7666;3
7667;1
7668;1
7669;3
7670;4
7671;1
7672;1
7673;3
7674;1
7675;1
7676;2
7677;3
7678;7
7679;4
7680;1
7681;2
7682;2
7683;1
7684;0
7685;3
7686;1
7687;3
7688;2
7689;1
7690;3
7691;1
7692;2
7693;3
7694;2
7695;2
7696;1
7697;5
7698;4
7699;4
7700;3
7701;6
7702;3
7703;2
7704;4
7705;1
7706;3
7707;2
7708;7
7709;4
7710;5
7711;2
7712;7
7713;3
7714;8
7715;2
7716;3
7717;3
7718;6
7719;5
7720;12
7721;4
7722;6
7723;6
7724;5
7725;7
7726;4
7727;4
7728;7
7729;5
7730;5
7731;6
7732;4
7733;9
7734;5
7735;1
7736;7
7737;8
7738;10
7739;4
7740;6
7741;4
7742;8
7743;5
7744;2
7745;10
7746;4
7747;7
7748;4
7749;10
7750;7
7751;5
7752;8
7753;7
7754;6
7755;6
7756;6
7757;2
7758;3
7759;6
7760;8
7761;8
7762;8
7763;6
7764;9
7765;10
7766;13
7767;11
7768;13
7769;11
7770;8
7771;10
7772;6
7773;10
7774;9
7775;6
7776;11
7777;11
7778;14
7779;12
7780;8
7781;10
7782;14
7783;11
7784;8
7785;8
7786;8
7787;6
7788;11
7789;10
7790;8
7791;10
7792;13
7793;8
7794;10
7795;7
7796;15
7797;5
7798;10
7799;13
7800;13
7801;6
7802;11
7803;9
7804;10
7805;11
7806;14
7807;7
7808;14
7809;20
7810;11
7811;12
7812;13
7813;11
7814;9
7815;15
7816;14
7817;13
7818;17
7819;11
7820;7
7821;9
7822;13
7823;11
7824;24
7825;19
7826;10
7827;14
7828;13
7829;11
7830;14
7831;12
7832;15
7833;12
7834;13
7835;8
7836;12
7837;13
7838;13
7839;7
7840;19
7841;15
7842;9
7843;13
7844;10
7845;13
7846;15
7847;19
7848;17
7849;14
7850;16
7851;15
7852;15
7853;11
7854;11
7855;11
7856;16
7857;12
7858;16
7859;10
7860;12
7861;19
7862;21
7863;10
7864;6
7865;11
7866;16
7867;16
7868;18
7869;16
7870;20
7871;20
7872;9
7873;19
7874;15
7875;16
7876;18
7877;21
7878;9
7879;14
7880;11
7881;14
7882;12
7883;11
7884;9
7885;13
7886;10
7887;8
7888;8
7889;15
7890;17
7891;12
7892;9
7893;11
7894;12
7895;13
7896;14
7897;13
7898;11
7899;15
7900;18
7901;11
7902;12
7903;13
7904;12
7905;16
7906;17
7907;13
7908;5
7909;10
7910;12
7911;16
7912;14
7913;11
7914;12
7915;9
7916;12
7917;17
7918;11
7919;13
7920;10
7921;10
7922;8
7923;10
7924;14
7925;8
7926;11
7927;8
7928;11
7929;6
7930;10
7931;11
7932;12
7933;20
7934;6
7935;8
7936;7
7937;8
7938;6
7939;10
7940;11
7941;10
7942;9
7943;15
7944;8
7945;14
7946;10
7947;3
7948;13
7949;10
7950;6
7951;5
7952;7
7953;12
7954;6
7955;6
7956;6
7957;8
7958;13
7959;4
7960;9
7961;8
7962;3
7963;4
7964;7
7965;10
7966;8
7967;6
7968;10
7969;9
7970;8
7971;4
7972;3
7973;9
7974;9
7975;5
7976;3
7977;4
7978;5
7979;3
7980;3
7981;5
7982;3
7983;6
7984;6
7985;4
7986;3
7987;7
7988;4
7989;6
7990;3
7991;5
7992;2
7993;5
7994;4
7995;6
7996;3
7997;8
7998;2
7999;2
8000;4
8001;3
8002;5
8003;5
8004;6
8005;2
8006;6
8007;2
8008;2
8009;2
8010;2
8011;4
8012;1
8013;2
8014;5
8015;4
8016;2
8017;3
8018;6
8019;1
8020;2
8021;2
8022;2
8023;5
8024;2
8025;2
8026;4
8027;3
8028;2
8029;3
8030;6
8031;1
8032;1
8033;5
8034;1
8035;2
8036;1
8037;2
8038;1
8039;2
8040;1
8041;3
8042;3
8043;2
8044;1
8045;1
8046;1
8047;2
8048;3
8049;2
8050;1
8051;1
8052;2
8053;0
8054;2
8055;1
8056;0
8057;0
8058;1
8059;1
8060;1
8061;0
8062;3
8063;3
8064;1
8065;2
8066;0
8067;1
8068;0
8069;3
8070;0
8071;0
8072;1
8073;1
8074;1
8075;1
8076;2
8077;1
8078;0
8079;1
8080;0
8081;0
8082;0
8083;0
8084;0
8085;0
8086;0
8087;0
8088;0
8089;0
8090;0
8091;0
8092;0
8093;0
8094;0
8095;0
8096;0
8097;0
8098;0
8099;0
8100;0
8101;0
8102;0
8103;0
8104;0
8105;0
8106;0
8107;0
8108;0
8109;0
8110;0
8111;0
8112;0
8113;0
8114;0
8115;0
8116;0
8117;0
8118;0
8119;0
8120;0
8121;0
8122;0
8123;0
8124;0
8125;0
8126;0
8127;0
8128;0
8129;0
8130;0
8131;0
8132;0
8133;0
8134;0
8135;0
8136;0
8137;0
8138;0
8139;0
8140;0
8141;0
8142;0
8143;0
8144;0
8145;0
8146;0
8147;0
8148;0
8149;0
8150;0
8151;0
8152;0
8153;0
8154;0
8155;0
8156;0
8157;0
8158;0
8159;0
8160;0
8161;0
8162;0
8163;0
8164;0
8165;0
8166;0
8167;0
8168;0
8169;0
8170;0
8171;0
8172;0
8173;0
8174;0
8175;0
8176;0
8177;0
8178;0
8179;0
8180;0
8181;0
8182;0
8183;0
8184;0
8185;0
8186;0
8187;0
8188;0
8189;0
8190;0
8191;0
