0;0
1;0
2;0
3;0
4;0
5;0
6;0
7;0
8;0
9;0
10;0
11;0
12;0
13;0
14;0
15;0
16;0
17;0
18;0
19;0
20;0
21;0
22;0
23;0
24;0
25;0
26;0
27;0
28;0
29;0
30;0
31;0
32;0
33;0
34;0
35;0
36;0
37;0
38;0
39;0
40;0
41;0
42;0
43;0
44;0
45;0
46;0
47;0
48;0
49;0
50;0
51;0
52;0
53;0
54;0
55;0
56;0
57;0
58;0
59;0
60;0
61;0
62;0
63;0
64;0
65;0
66;0
67;0
68;0
69;0
70;0
71;0
72;0
73;0
74;0
75;0
76;0
77;0
78;0
79;0
80;0
81;0
82;0
83;0
84;0
85;0
86;0
87;0
88;0
89;0
90;0
91;0
92;0
93;0
94;0
95;0
96;0
97;8
98;93
99;321
100;487
101;453
102;452
103;449
104;406
105;403
106;399
107;409
108;404
109;353
110;382
111;378
112;409
113;386
114;382
115;342
116;366
117;368
118;368
119;324
120;358
121;338
122;350
123;338
124;328
125;345
126;363
127;343
128;366
129;354
130;320
131;351
132;346
133;354
134;342
135;344
136;374
137;362
138;336
139;331
140;362
141;323
142;308
143;295
144;352
145;321
146;325
147;308
148;340
149;295
150;319
151;293
152;325
153;306
154;310
155;288
156;289
157;330
158;288
159;287
160;299
161;323
162;311
163;305
164;312
165;298
166;307
167;315
168;322
169;321
170;312
171;299
172;293
173;308
174;272
175;287
176;267
177;295
178;246
179;318
180;284
181;285
182;291
183;304
184;267
185;282
186;299
187;279
188;283
189;313
190;274
191;286
192;261
193;271
194;289
195;274
196;275
197;264
198;257
199;287
200;279
201;260
202;276
203;305
204;273
205;240
206;262
207;256
208;300
209;261
210;317
211;279
212;275
213;247
214;277
215;258
216;231
217;242
218;239
219;260
220;256
221;252
222;269
223;261
224;227
225;268
226;258
227;256
228;267
229;258
230;215
231;244
232;277
233;245
234;240
235;266
236;252
237;245
238;244
239;241
240;246
241;246
242;237
243;226
244;226
245;240
246;224
247;235
248;242
249;245
250;258
251;222
252;240
253;252
254;226
255;245
256;224
257;216
258;233
259;222
260;238
261;262
262;229
263;221
264;230
265;223
266;233
267;231
268;236
269;234
270;248
271;252
272;219
273;217
274;213
275;224
276;231
277;244
278;249
279;220
280;227
281;240
282;223
283;256
284;218
285;210
286;230
287;199
288;223
289;215
290;231
291;217
292;231
293;232
294;211
295;201
296;209
297;205
298;210
299;212
300;214
301;209
302;231
303;221
304;231
305;213
306;222
307;201
308;227
309;229
310;189
311;201
312;196
313;226
314;229
315;222
316;207
317;216
318;217
319;199
320;199
321;204
322;197
323;214
324;221
325;227
326;234
327;210
328;202
329;209
330;214
331;233
332;237
333;207
334;220
335;190
336;202
337;216
338;177
339;177
340;229
341;221
342;204
343;221
344;196
345;232
346;208
347;243
348;208
349;204
350;217
351;213
352;210
353;224
354;208
355;207
356;229
357;190
358;224
359;230
360;209
361;222
362;216
363;188
364;239
365;192
366;210
367;201
368;199
369;223
370;234
371;220
372;217
373;203
374;195
375;207
376;216
377;204
378;209
379;176
380;192
381;212
382;206
383;185
384;191
385;187
386;177
387;207
388;207
389;202
390;207
391;190
392;212
393;208
394;224
395;208
396;198
397;191
398;203
399;198
400;219
401;206
402;174
403;204
404;182
405;202
406;200
407;198
408;220
409;197
410;215
411;226
412;206
413;187
414;217
415;209
416;203
417;202
418;183
419;202
420;222
421;216
422;184
423;192
424;213
425;195
426;190
427;193
428;195
429;223
430;199
431;216
432;226
433;200
434;183
435;230
436;196
437;191
438;197
439;211
440;204
441;197
442;201
443;205
444;188
445;206
446;188
447;212
448;202
449;213
450;184
451;173
452;191
453;197
454;196
455;191
456;187
457;232
458;209
459;179
460;184
461;188
462;173
463;197
464;228
465;178
466;189
467;179
468;177
469;176
470;208
471;212
472;193
473;213
474;195
475;189
476;187
477;208
478;202
479;198
480;204
481;195
482;210
483;225
484;197
485;188
486;172
487;198
488;220
489;210
490;196
491;181
492;175
493;204
494;215
495;173
496;191
497;185
498;181
499;184
500;188
501;182
502;204
503;198
504;188
505;198
506;210
507;203
508;205
509;207
510;187
511;202
512;187
513;204
514;228
515;203
516;196
517;207
518;190
519;214
520;196
521;189
522;199
523;169
524;204
525;202
526;194
527;196
528;224
529;179
530;179
531;181
532;170
533;166
534;191
535;190
536;169
537;202
538;185
539;193
540;194
541;196
542;182
543;194
544;205
545;186
546;192
547;199
548;191
549;217
550;180
551;199
552;175
553;164
554;197
555;179
556;186
557;194
558;202
559;210
560;193
561;227
562;227
563;197
564;200
565;170
566;185
567;193
568;183
569;168
570;190
571;200
572;191
573;195
574;182
575;196
576;217
577;186
578;218
579;181
580;171
581;194
582;215
583;183
584;177
585;197
586;192
587;189
588;182
589;206
590;187
591;172
592;193
593;203
594;210
595;190
596;185
597;236
598;190
599;193
600;185
601;191
602;184
603;177
604;204
605;193
606;186
607;177
608;186
609;198
610;203
611;206
612;182
613;214
614;202
615;192
616;202
617;189
618;204
619;195
620;181
621;203
622;175
623;172
624;200
625;196
626;167
627;199
628;179
629;167
630;190
631;185
632;201
633;192
634;190
635;193
636;188
637;191
638;190
639;163
640;209
641;178
642;212
643;198
644;177
645;188
646;182
647;184
648;217
649;184
650;214
651;172
652;187
653;187
654;195
655;169
656;164
657;201
658;197
659;191
660;197
661;198
662;199
663;163
664;160
665;188
666;184
667;197
668;184
669;200
670;206
671;193
672;176
673;199
674;172
675;176
676;165
677;177
678;194
679;168
680;171
681;193
682;198
683;193
684;169
685;168
686;182
687;186
688;167
689;191
690;182
691;201
692;205
693;210
694;180
695;193
696;172
697;169
698;189
699;174
700;184
701;196
702;173
703;179
704;171
705;155
706;181
707;173
708;164
709;189
710;168
711;192
712;192
713;184
714;170
715;192
716;192
717;172
718;158
719;176
720;190
721;180
722;168
723;201
724;182
725;165
726;194
727;184
728;192
729;156
730;186
731;197
732;188
733;204
734;186
735;179
736;183
737;176
738;174
739;190
740;165
741;193
742;185
743;197
744;191
745;180
746;198
747;172
748;165
749;159
750;152
751;188
752;196
753;194
754;178
755;196
756;173
757;160
758;182
759;181
760;178
761;177
762;161
763;168
764;164
765;185
766;169
767;200
768;153
769;173
770;158
771;169
772;164
773;189
774;179
775;172
776;170
777;194
778;154
779;178
780;141
781;165
782;178
783;156
784;161
785;168
786;198
787;162
788;162
789;203
790;158
791;185
792;169
793;158
794;164
795;156
796;185
797;169
798;163
799;167
800;153
801;181
802;162
803;178
804;184
805;179
806;175
807;177
808;170
809;180
810;162
811;188
812;158
813;202
814;175
815;192
816;155
817;179
818;173
819;156
820;167
821;168
822;159
823;161
824;183
825;163
826;170
827;147
828;170
829;180
830;164
831;174
832;169
833;165
834;185
835;156
836;175
837;168
838;173
839;161
840;180
841;152
842;151
843;151
844;163
845;166
846;171
847;171
848;180
849;173
850;166
851;163
852;167
853;143
854;181
855;161
856;142
857;170
858;155
859;175
860;153
861;149
862;170
863;173
864;175
865;151
866;160
867;151
868;176
869;158
870;131
871;178
872;169
873;156
874;162
875;164
876;149
877;185
878;152
879;152
880;136
881;144
882;163
883;155
884;165
885;139
886;134
887;150
888;153
889;181
890;160
891;148
892;154
893;154
894;146
895;158
896;170
897;160
898;156
899;169
900;143
901;156
902;154
903;174
904;153
905;156
906;162
907;148
908;168
909;161
910;163
911;152
912;150
913;174
914;160
915;157
916;159
917;165
918;159
919;155
920;140
921;151
922;160
923;164
924;170
925;148
926;141
927;149
928;173
929;155
930;159
931;149
932;151
933;183
934;166
935;160
936;155
937;136
938;155
939;168
940;167
941;166
942;168
943;153
944;140
945;146
946;141
947;150
948;168
949;171
950;179
951;161
952;151
953;170
954;159
955;133
956;150
957;111
958;134
959;145
960;151
961;154
962;139
963;153
964;140
965;151
966;180
967;164
968;143
969;150
970;152
971;164
972;152
973;152
974;138
975;153
976;145
977;141
978;136
979;132
980;160
981;146
982;133
983;155
984;158
985;149
986;156
987;127
988;166
989;150
990;130
991;163
992;141
993;157
994;158
995;138
996;145
997;143
998;153
999;153
1000;137
1001;148
1002;139
1003;160
1004;122
1005;138
1006;153
1007;144
1008;158
1009;152
1010;153
1011;149
1012;145
1013;145
1014;142
1015;153
1016;134
1017;186
1018;152
1019;177
1020;159
1021;148
1022;178
1023;158
1024;174
1025;159
1026;149
1027;161
1028;147
1029;160
1030;156
1031;157
1032;165
1033;173
1034;170
1035;172
1036;170
1037;154
1038;157
1039;152
1040;158
1041;178
1042;158
1043;151
1044;151
1045;151
1046;171
1047;153
1048;168
1049;157
1050;159
1051;162
1052;154
1053;169
1054;186
1055;180
1056;164
1057;161
1058;164
1059;151
1060;153
1061;160
1062;178
1063;162
1064;179
1065;174
1066;146
1067;162
1068;186
1069;157
1070;177
1071;184
1072;162
1073;183
1074;166
1075;158
1076;183
1077;151
1078;175
1079;134
1080;137
1081;175
1082;149
1083;157
1084;154
1085;137
1086;142
1087;134
1088;141
1089;153
1090;152
1091;150
1092;168
1093;158
1094;165
1095;157
1096;165
1097;157
1098;177
1099;166
1100;148
1101;156
1102;148
1103;152
1104;157
1105;164
1106;167
1107;151
1108;167
1109;153
1110;138
1111;141
1112;154
1113;149
1114;138
1115;139
1116;153
1117;151
1118;160
1119;166
1120;138
1121;174
1122;141
1123;175
1124;134
1125;163
1126;156
1127;136
1128;173
1129;163
1130;146
1131;152
1132;128
1133;148
1134;135
1135;144
1136;141
1137;150
1138;124
1139;139
1140;160
1141;137
1142;161
1143;153
1144;141
1145;155
1146;160
1147;138
1148;141
1149;142
1150;139
1151;142
1152;156
1153;143
1154;163
1155;150
1156;120
1157;137
1158;138
1159;122
1160;136
1161;131
1162;144
1163;148
1164;170
1165;167
1166;169
1167;168
1168;157
1169;133
1170;170
1171;128
1172;144
1173;135
1174;126
1175;146
1176;147
1177;122
1178;142
1179;141
1180;155
1181;132
1182;145
1183;134
1184;162
1185;110
1186;146
1187;127
1188;149
1189;129
1190;128
1191;145
1192;132
1193;160
1194;143
1195;132
1196;123
1197;149
1198;146
1199;155
1200;131
1201;126
1202;155
1203;145
1204;140
1205;145
1206;148
1207;140
1208;123
1209;122
1210;118
1211;142
1212;123
1213;140
1214;101
1215;129
1216;146
1217;127
1218;130
1219;130
1220;116
1221;140
1222;143
1223;122
1224;129
1225;111
1226;122
1227;165
1228;123
1229;156
1230;122
1231;132
1232;134
1233;112
1234;131
1235;131
1236;114
1237;114
1238;130
1239;123
1240;136
1241;147
1242;119
1243;119
1244;113
1245;127
1246;144
1247;125
1248;134
1249;133
1250;134
1251;154
1252;120
1253;147
1254;123
1255;128
1256;123
1257;114
1258;140
1259;124
1260;126
1261;125
1262;153
1263;137
1264;111
1265;130
1266;123
1267;117
1268;138
1269;131
1270;101
1271;129
1272;127
1273;129
1274;113
1275;127
1276;130
1277;130
1278;115
1279;128
1280;126
1281;121
1282;121
1283;129
1284;136
1285;126
1286;140
1287;127
1288;132
1289;108
1290;119
1291;132
1292;111
1293;120
1294;116
1295;132
1296;126
1297;131
1298;127
1299;123
1300;131
1301;126
1302;119
1303;126
1304;127
1305;129
1306;110
1307;127
1308;124
1309;114
1310;121
1311;88
1312;117
1313;122
1314;126
1315;121
1316;105
1317;125
1318;135
1319;116
1320;131
1321;124
1322;119
1323;136
1324;134
1325;106
1326;132
1327;129
1328;121
1329;131
1330;117
1331;128
1332;121
1333;114
1334;125
1335;131
1336;119
1337;115
1338;114
1339;123
1340;126
1341;100
1342;108
1343;119
1344;131
1345;129
1346;107
1347;108
1348;120
1349;104
1350;115
1351;82
1352;117
1353;99
1354;117
1355;110
1356;126
1357;103
1358;124
1359;137
1360;122
1361;116
1362;123
1363;107
1364;106
1365;128
1366;115
1367;128
1368;120
1369;101
1370;116
1371;113
1372;125
1373;110
1374;127
1375;135
1376;120
1377;114
1378;118
1379;101
1380;112
1381;130
1382;110
1383;127
1384;106
1385;133
1386;129
1387;113
1388;118
1389;111
1390;104
1391;99
1392;119
1393;118
1394;106
1395;86
1396;111
1397;102
1398;104
1399;101
1400;99
1401;114
1402;104
1403;128
1404;110
1405;101
1406;100
1407;109
1408;112
1409;107
1410;119
1411;129
1412;105
1413;96
1414;122
1415;99
1416;109
1417;97
1418;97
1419;120
1420;106
1421;129
1422;126
1423;114
1424;103
1425;120
1426;118
1427;99
1428;107
1429;104
1430;109
1431;103
1432;104
1433;124
1434;107
1435;103
1436;116
1437;100
1438;116
1439;107
1440;131
1441;121
1442;121
1443;107
1444;121
1445;118
1446;110
1447;121
1448;119
1449;96
1450;101
1451;120
1452;108
1453;125
1454;100
1455;114
1456;110
1457;100
1458;100
1459;110
1460;96
1461;101
1462;104
1463;99
1464;126
1465;115
1466;103
1467;104
1468;101
1469;118
1470;103
1471;98
1472;104
1473;122
1474;118
1475;105
1476;106
1477;114
1478;121
1479;105
1480;88
1481;88
1482;118
1483;110
1484;105
1485;119
1486;105
1487;105
1488;101
1489;131
1490;115
1491;102
1492;100
1493;113
1494;109
1495;108
1496;113
1497;114
1498;91
1499;91
1500;104
1501;86
1502;108
1503;100
1504;97
1505;87
1506;110
1507;108
1508;75
1509;105
1510;90
1511;126
1512;104
1513;122
1514;102
1515;89
1516;111
1517;129
1518;96
1519;120
1520;124
1521;111
1522;107
1523;124
1524;132
1525;113
1526;96
1527;115
1528;95
1529;107
1530;84
1531;101
1532;102
1533;115
1534;102
1535;86
1536;101
1537;105
1538;89
1539;119
1540;113
1541;97
1542;104
1543;79
1544;85
1545;89
1546;109
1547;97
1548;96
1549;114
1550;134
1551;112
1552;88
1553;113
1554;91
1555;111
1556;89
1557;100
1558;83
1559;102
1560;112
1561;91
1562;111
1563;103
1564;105
1565;100
1566;104
1567;110
1568;114
1569;113
1570;103
1571;94
1572;92
1573;96
1574;91
1575;116
1576;90
1577;93
1578;110
1579;103
1580;83
1581;97
1582;94
1583;100
1584;110
1585;102
1586;98
1587;89
1588;100
1589;88
1590;97
1591;96
1592;118
1593;93
1594;85
1595;111
1596;100
1597;89
1598;116
1599;85
1600;91
1601;88
1602;85
1603;95
1604;119
1605;99
1606;119
1607;103
1608;117
1609;104
1610;99
1611;102
1612;105
1613;117
1614;96
1615;87
1616;86
1617;100
1618;99
1619;97
1620;86
1621;108
1622;98
1623;85
1624;102
1625;110
1626;98
1627;80
1628;125
1629;101
1630;98
1631;89
1632;96
1633;112
1634;97
1635;87
1636;87
1637;96
1638;85
1639;96
1640;102
1641;82
1642;90
1643;105
1644;93
1645;80
1646;81
1647;101
1648;89
1649;94
1650;83
1651;87
1652;99
1653;105
1654;100
1655;93
1656;89
1657;114
1658;90
1659;95
1660;98
1661;102
1662;98
1663;81
1664;100
1665;107
1666;92
1667;107
1668;86
1669;95
1670;97
1671;76
1672;88
1673;94
1674;96
1675;101
1676;90
1677;99
1678;89
1679;66
1680;92
1681;81
1682;112
1683;84
1684;86
1685;84
1686;85
1687;108
1688;90
1689;91
1690;98
1691;98
1692;92
1693;96
1694;103
1695;79
1696;94
1697;91
1698;103
1699;95
1700;85
1701;80
1702;86
1703;106
1704;93
1705;93
1706;102
1707;107
1708;86
1709;103
1710;88
1711;82
1712;104
1713;91
1714;84
1715;95
1716;83
1717;102
1718;81
1719;94
1720;88
1721;122
1722;105
1723;105
1724;103
1725;105
1726;87
1727;107
1728;92
1729;117
1730;101
1731;83
1732;82
1733;94
1734;96
1735;88
1736;95
1737;97
1738;97
1739;95
1740;100
1741;96
1742;85
1743;79
1744;112
1745;89
1746;101
1747;88
1748;95
1749;93
1750;80
1751;80
1752;88
1753;89
1754;105
1755;87
1756;72
1757;95
1758;90
1759;81
1760;91
1761;93
1762;100
1763;70
1764;105
1765;104
1766;81
1767;80
1768;86
1769;92
1770;95
1771;99
1772;77
1773;123
1774;104
1775;96
1776;93
1777;69
1778;86
1779;94
1780;91
1781;88
1782;103
1783;98
1784;110
1785;92
1786;91
1787;95
1788;96
1789;97
1790;90
1791;93
1792;91
1793;78
1794;101
1795;82
1796;103
1797;79
1798;103
1799;85
1800;95
1801;79
1802;91
1803;88
1804;86
1805;84
1806;79
1807;75
1808;95
1809;104
1810;113
1811;101
1812;87
1813;92
1814;98
1815;87
1816;91
1817;82
1818;81
1819;89
1820;93
1821;85
1822;90
1823;84
1824;87
1825;96
1826;97
1827;94
1828;101
1829;106
1830;111
1831;94
1832;95
1833;120
1834;106
1835;78
1836;90
1837;102
1838;77
1839;84
1840;91
1841;83
1842;91
1843;89
1844;76
1845;79
1846;88
1847;88
1848;81
1849;88
1850;66
1851;72
1852;89
1853;88
1854;90
1855;105
1856;109
1857;99
1858;84
1859;84
1860;94
1861;101
1862;74
1863;99
1864;108
1865;74
1866;96
1867;98
1868;81
1869;71
1870;95
1871;96
1872;112
1873;103
1874;90
1875;78
1876;97
1877;99
1878;75
1879;83
1880;99
1881;85
1882;83
1883;94
1884;74
1885;82
1886;82
1887;88
1888;95
1889;66
1890;93
1891;81
1892;93
1893;90
1894;73
1895;101
1896;86
1897;89
1898;89
1899;106
1900;92
1901;90
1902;75
1903;81
1904;90
1905;81
1906;71
1907;92
1908;85
1909;91
1910;76
1911;68
1912;74
1913;91
1914;72
1915;82
1916;102
1917;90
1918;91
1919;74
1920;76
1921;89
1922;104
1923;86
1924;80
1925;76
1926;89
1927;93
1928;73
1929;86
1930;80
1931;83
1932;92
1933;83
1934;70
1935;71
1936;90
1937;88
1938;85
1939;70
1940;85
1941;86
1942;93
1943;89
1944;80
1945;80
1946;88
1947;96
1948;94
1949;86
1950;92
1951;72
1952;76
1953;97
1954;77
1955;86
1956;88
1957;88
1958;77
1959;87
1960;86
1961;96
1962;61
1963;75
1964;99
1965;71
1966;88
1967;94
1968;90
1969;88
1970;68
1971;106
1972;74
1973;78
1974;75
1975;74
1976;72
1977;79
1978;91
1979;86
1980;72
1981;84
1982;69
1983;92
1984;94
1985;94
1986;89
1987;85
1988;78
1989;95
1990;101
1991;91
1992;75
1993;86
1994;86
1995;101
1996;82
1997;89
1998;83
1999;77
2000;82
2001;86
2002;92
2003;69
2004;72
2005;73
2006;89
2007;91
2008;75
2009;86
2010;90
2011;91
2012;74
2013;87
2014;97
2015;89
2016;81
2017;73
2018;91
2019;85
2020;85
2021;67
2022;85
2023;93
2024;83
2025;86
2026;86
2027;67
2028;71
2029;83
2030;82
2031;99
2032;79
2033;65
2034;78
2035;75
2036;84
2037;81
2038;79
2039;93
2040;94
2041;84
2042;82
2043;89
2044;55
2045;67
2046;89
2047;93
2048;62
2049;78
2050;82
2051;71
2052;79
2053;74
2054;74
2055;83
2056;79
2057;92
2058;74
2059;72
2060;81
2061;76
2062;77
2063;96
2064;90
2065;71
2066;79
2067;87
2068;81
2069;73
2070;78
2071;79
2072;80
2073;85
2074;79
2075;72
2076;81
2077;78
2078;65
2079;68
2080;85
2081;73
2082;82
2083;92
2084;76
2085;83
2086;83
2087;75
2088;70
2089;82
2090;76
2091;72
2092;84
2093;91
2094;83
2095;100
2096;54
2097;81
2098;83
2099;84
2100;84
2101;79
2102;98
2103;83
2104;87
2105;81
2106;79
2107;65
2108;77
2109;79
2110;104
2111;82
2112;82
2113;84
2114;79
2115;74
2116;76
2117;92
2118;69
2119;79
2120;80
2121;87
2122;64
2123;73
2124;74
2125;86
2126;86
2127;81
2128;79
2129;78
2130;74
2131;95
2132;76
2133;91
2134;84
2135;83
2136;63
2137;80
2138;84
2139;69
2140;88
2141;77
2142;78
2143;95
2144;76
2145;74
2146;66
2147;61
2148;78
2149;68
2150;86
2151;75
2152;78
2153;75
2154;90
2155;59
2156;77
2157;81
2158;77
2159;80
2160;83
2161;85
2162;89
2163;74
2164;69
2165;84
2166;70
2167;82
2168;92
2169;92
2170;86
2171;82
2172;86
2173;73
2174;81
2175;81
2176;76
2177;81
2178;62
2179;76
2180;88
2181;74
2182;93
2183;97
2184;78
2185;95
2186;87
2187;76
2188;72
2189;77
2190;74
2191;83
2192;70
2193;61
2194;78
2195;68
2196;89
2197;77
2198;71
2199;86
2200;83
2201;79
2202;65
2203;70
2204;83
2205;75
2206;82
2207;82
2208;71
2209;66
2210;84
2211;69
2212;76
2213;76
2214;96
2215;70
2216;88
2217;64
2218;82
2219;69
2220;59
2221;73
2222;68
2223;85
2224;80
2225;61
2226;62
2227;92
2228;73
2229;68
2230;79
2231;91
2232;81
2233;63
2234;80
2235;67
2236;81
2237;83
2238;71
2239;92
2240;68
2241;83
2242;69
2243;83
2244;82
2245;82
2246;76
2247;67
2248;76
2249;80
2250;85
2251;84
2252;68
2253;74
2254;70
2255;59
2256;76
2257;87
2258;79
2259;78
2260;78
2261;61
2262;79
2263;72
2264;67
2265;84
2266;72
2267;62
2268;85
2269;70
2270;79
2271;75
2272;80
2273;68
2274;70
2275;85
2276;80
2277;76
2278;86
2279;88
2280;86
2281;87
2282;81
2283;68
2284;84
2285;73
2286;74
2287;73
2288;53
2289;69
2290;64
2291;55
2292;70
2293;74
2294;72
2295;65
2296;60
2297;65
2298;82
2299;88
2300;72
2301;76
2302;59
2303;67
2304;62
2305;76
2306;75
2307;67
2308;76
2309;82
2310;81
2311;78
2312;73
2313;75
2314;63
2315;90
2316;80
2317;70
2318;73
2319;61
2320;80
2321;62
2322;75
2323;84
2324;89
2325;71
2326;83
2327;90
2328;78
2329;84
2330;84
2331;72
2332;63
2333;66
2334;56
2335;81
2336;69
2337;71
2338;77
2339;77
2340;72
2341;80
2342;72
2343;72
2344;85
2345;85
2346;75
2347;65
2348;75
2349;82
2350;85
2351;73
2352;64
2353;77
2354;84
2355;69
2356;71
2357;71
2358;71
2359;77
2360;83
2361;66
2362;59
2363;77
2364;91
2365;69
2366;69
2367;73
2368;68
2369;68
2370;77
2371;68
2372;62
2373;90
2374;76
2375;75
2376;66
2377;71
2378;69
2379;76
2380;76
2381;66
2382;81
2383;89
2384;90
2385;58
2386;73
2387;75
2388;70
2389;60
2390;84
2391;84
2392;71
2393;83
2394;65
2395;86
2396;74
2397;72
2398;66
2399;73
2400;56
2401;69
2402;72
2403;74
2404;70
2405;84
2406;80
2407;63
2408;67
2409;79
2410;69
2411;83
2412;71
2413;69
2414;80
2415;75
2416;77
2417;75
2418;73
2419;79
2420;66
2421;63
2422;76
2423;81
2424;92
2425;76
2426;72
2427;80
2428;77
2429;77
2430;80
2431;83
2432;65
2433;81
2434;86
2435;71
2436;62
2437;58
2438;59
2439;59
2440;68
2441;69
2442;68
2443;86
2444;79
2445;79
2446;64
2447;70
2448;78
2449;77
2450;63
2451;74
2452;62
2453;72
2454;72
2455;75
2456;72
2457;67
2458;68
2459;60
2460;78
2461;71
2462;70
2463;63
2464;64
2465;76
2466;63
2467;62
2468;65
2469;71
2470;65
2471;59
2472;94
2473;87
2474;68
2475;67
2476;65
2477;57
2478;64
2479;89
2480;72
2481;73
2482;68
2483;79
2484;70
2485;65
2486;63
2487;69
2488;75
2489;64
2490;66
2491;64
2492;80
2493;82
2494;75
2495;81
2496;70
2497;62
2498;93
2499;78
2500;70
2501;74
2502;62
2503;76
2504;61
2505;71
2506;58
2507;65
2508;79
2509;84
2510;68
2511;73
2512;97
2513;82
2514;89
2515;85
2516;63
2517;74
2518;82
2519;62
2520;72
2521;60
2522;70
2523;57
2524;78
2525;70
2526;81
2527;67
2528;76
2529;60
2530;70
2531;86
2532;72
2533;66
2534;85
2535;68
2536;74
2537;71
2538;67
2539;82
2540;69
2541;62
2542;75
2543;67
2544;63
2545;75
2546;66
2547;72
2548;76
2549;58
2550;72
2551;72
2552;84
2553;73
2554;61
2555;80
2556;84
2557;69
2558;58
2559;80
2560;78
2561;72
2562;60
2563;71
2564;60
2565;56
2566;62
2567;71
2568;82
2569;75
2570;67
2571;59
2572;68
2573;71
2574;48
2575;57
2576;71
2577;70
2578;62
2579;62
2580;66
2581;71
2582;68
2583;81
2584;81
2585;66
2586;91
2587;59
2588;67
2589;63
2590;72
2591;65
2592;83
2593;75
2594;64
2595;58
2596;73
2597;73
2598;97
2599;59
2600;62
2601;80
2602;60
2603;77
2604;58
2605;70
2606;69
2607;62
2608;75
2609;57
2610;71
2611;71
2612;65
2613;59
2614;74
2615;60
2616;81
2617;61
2618;69
2619;84
2620;70
2621;58
2622;88
2623;69
2624;50
2625;69
2626;71
2627;50
2628;64
2629;67
2630;86
2631;65
2632;77
2633;57
2634;67
2635;72
2636;67
2637;78
2638;70
2639;73
2640;65
2641;70
2642;67
2643;73
2644;77
2645;55
2646;60
2647;89
2648;70
2649;75
2650;59
2651;66
2652;68
2653;66
2654;65
2655;64
2656;69
2657;67
2658;79
2659;73
2660;71
2661;71
2662;54
2663;69
2664;62
2665;79
2666;59
2667;72
2668;65
2669;61
2670;66
2671;60
2672;60
2673;73
2674;75
2675;71
2676;69
2677;67
2678;52
2679;67
2680;75
2681;77
2682;71
2683;67
2684;85
2685;74
2686;64
2687;75
2688;78
2689;60
2690;67
2691;75
2692;67
2693;62
2694;68
2695;76
2696;69
2697;78
2698;74
2699;58
2700;64
2701;56
2702;73
2703;65
2704;68
2705;51
2706;66
2707;84
2708;57
2709;65
2710;73
2711;62
2712;66
2713;64
2714;80
2715;63
2716;54
2717;62
2718;59
2719;66
2720;70
2721;71
2722;65
2723;59
2724;57
2725;82
2726;69
2727;59
2728;79
2729;80
2730;55
2731;60
2732;72
2733;68
2734;64
2735;64
2736;74
2737;65
2738;51
2739;72
2740;73
2741;69
2742;80
2743;61
2744;75
2745;66
2746;55
2747;61
2748;70
2749;56
2750;74
2751;82
2752;78
2753;64
2754;75
2755;65
2756;62
2757;64
2758;59
2759;68
2760;63
2761;65
2762;67
2763;68
2764;82
2765;63
2766;55
2767;50
2768;73
2769;73
2770;77
2771;58
2772;58
2773;75
2774;68
2775;69
2776;76
2777;61
2778;75
2779;79
2780;52
2781;76
2782;69
2783;58
2784;77
2785;74
2786;71
2787;81
2788;78
2789;71
2790;79
2791;64
2792;68
2793;74
2794;72
2795;59
2796;75
2797;59
2798;74
2799;71
2800;81
2801;63
2802;60
2803;69
2804;68
2805;85
2806;61
2807;56
2808;67
2809;66
2810;78
2811;57
2812;83
2813;77
2814;72
2815;58
2816;62
2817;66
2818;73
2819;41
2820;65
2821;82
2822;72
2823;63
2824;51
2825;69
2826;61
2827;90
2828;78
2829;74
2830;66
2831;70
2832;61
2833;70
2834;67
2835;75
2836;68
2837;83
2838;63
2839;67
2840;77
2841;64
2842;75
2843;74
2844;67
2845;74
2846;83
2847;72
2848;63
2849;75
2850;57
2851;62
2852;62
2853;65
2854;78
2855;58
2856;66
2857;59
2858;68
2859;80
2860;79
2861;74
2862;66
2863;69
2864;64
2865;65
2866;66
2867;66
2868;77
2869;84
2870;75
2871;94
2872;76
2873;82
2874;73
2875;69
2876;66
2877;71
2878;82
2879;71
2880;70
2881;83
2882;82
2883;60
2884;58
2885;50
2886;70
2887;81
2888;72
2889;82
2890;57
2891;57
2892;53
2893;58
2894;65
2895;60
2896;65
2897;57
2898;65
2899;72
2900;64
2901;72
2902;72
2903;57
2904;68
2905;68
2906;60
2907;67
2908;58
2909;73
2910;67
2911;78
2912;79
2913;67
2914;77
2915;70
2916;70
2917;68
2918;67
2919;70
2920;68
2921;73
2922;75
2923;67
2924;70
2925;73
2926;68
2927;75
2928;66
2929;64
2930;76
2931;63
2932;66
2933;59
2934;57
2935;68
2936;69
2937;72
2938;76
2939;65
2940;62
2941;70
2942;76
2943;62
2944;66
2945;62
2946;56
2947;63
2948;77
2949;61
2950;69
2951;63
2952;76
2953;60
2954;53
2955;62
2956;46
2957;56
2958;68
2959;90
2960;56
2961;65
2962;63
2963;80
2964;73
2965;90
2966;76
2967;67
2968;77
2969;67
2970;75
2971;58
2972;67
2973;71
2974;68
2975;79
2976;69
2977;72
2978;82
2979;59
2980;59
2981;73
2982;73
2983;72
2984;70
2985;54
2986;69
2987;74
2988;55
2989;58
2990;68
2991;71
2992;60
2993;73
2994;59
2995;65
2996;66
2997;69
2998;67
2999;66
3000;73
3001;86
3002;75
3003;67
3004;77
3005;81
3006;55
3007;83
3008;76
3009;62
3010;65
3011;71
3012;72
3013;68
3014;55
3015;72
3016;66
3017;65
3018;77
3019;80
3020;60
3021;57
3022;82
3023;53
3024;66
3025;69
3026;67
3027;71
3028;74
3029;43
3030;68
3031;59
3032;74
3033;78
3034;62
3035;62
3036;70
3037;65
3038;75
3039;68
3040;61
3041;76
3042;67
3043;71
3044;75
3045;68
3046;69
3047;46
3048;67
3049;72
3050;71
3051;53
3052;77
3053;56
3054;58
3055;59
3056;68
3057;71
3058;78
3059;78
3060;63
3061;61
3062;64
3063;68
3064;62
3065;69
3066;63
3067;62
3068;78
3069;72
3070;65
3071;64
3072;63
3073;70
3074;52
3075;73
3076;62
3077;51
3078;57
3079;79
3080;74
3081;66
3082;70
3083;63
3084;55
3085;53
3086;54
3087;62
3088;62
3089;80
3090;58
3091;56
3092;64
3093;65
3094;67
3095;59
3096;77
3097;62
3098;77
3099;56
3100;48
3101;62
3102;54
3103;80
3104;66
3105;59
3106;75
3107;72
3108;65
3109;56
3110;66
3111;49
3112;62
3113;65
3114;67
3115;72
3116;66
3117;67
3118;64
3119;69
3120;63
3121;61
3122;68
3123;65
3124;60
3125;66
3126;69
3127;62
3128;60
3129;65
3130;59
3131;82
3132;71
3133;67
3134;59
3135;66
3136;67
3137;57
3138;64
3139;63
3140;61
3141;61
3142;50
3143;63
3144;68
3145;59
3146;90
3147;60
3148;61
3149;65
3150;65
3151;60
3152;61
3153;77
3154;58
3155;77
3156;45
3157;74
3158;60
3159;77
3160;64
3161;63
3162;63
3163;66
3164;59
3165;58
3166;61
3167;80
3168;59
3169;64
3170;65
3171;63
3172;69
3173;75
3174;70
3175;56
3176;66
3177;74
3178;70
3179;67
3180;57
3181;53
3182;70
3183;69
3184;56
3185;65
3186;66
3187;60
3188;59
3189;64
3190;61
3191;57
3192;67
3193;77
3194;55
3195;58
3196;69
3197;70
3198;71
3199;65
3200;56
3201;70
3202;73
3203;79
3204;51
3205;72
3206;64
3207;64
3208;75
3209;67
3210;79
3211;61
3212;70
3213;86
3214;68
3215;48
3216;64
3217;63
3218;57
3219;57
3220;60
3221;58
3222;71
3223;71
3224;62
3225;68
3226;63
3227;65
3228;62
3229;54
3230;65
3231;62
3232;71
3233;60
3234;58
3235;70
3236;67
3237;67
3238;83
3239;64
3240;59
3241;59
3242;63
3243;71
3244;68
3245;76
3246;80
3247;69
3248;58
3249;59
3250;62
3251;78
3252;81
3253;63
3254;71
3255;76
3256;55
3257;69
3258;63
3259;71
3260;73
3261;59
3262;54
3263;73
3264;66
3265;65
3266;58
3267;58
3268;70
3269;56
3270;64
3271;67
3272;72
3273;66
3274;54
3275;77
3276;64
3277;68
3278;57
3279;59
3280;61
3281;78
3282;64
3283;64
3284;68
3285;47
3286;73
3287;58
3288;56
3289;76
3290;63
3291;75
3292;74
3293;67
3294;60
3295;69
3296;59
3297;70
3298;78
3299;72
3300;62
3301;66
3302;71
3303;56
3304;88
3305;73
3306;64
3307;67
3308;64
3309;73
3310;70
3311;63
3312;79
3313;59
3314;66
3315;65
3316;66
3317;68
3318;71
3319;69
3320;63
3321;63
3322;65
3323;56
3324;72
3325;57
3326;71
3327;56
3328;56
3329;76
3330;63
3331;68
3332;68
3333;61
3334;64
3335;53
3336;63
3337;58
3338;66
3339;52
3340;84
3341;55
3342;50
3343;48
3344;54
3345;63
3346;67
3347;62
3348;54
3349;69
3350;56
3351;45
3352;65
3353;55
3354;72
3355;67
3356;50
3357;59
3358;64
3359;70
3360;66
3361;82
3362;57
3363;62
3364;58
3365;57
3366;62
3367;74
3368;60
3369;59
3370;72
3371;65
3372;59
3373;60
3374;65
3375;74
3376;67
3377;65
3378;72
3379;58
3380;67
3381;60
3382;60
3383;70
3384;72
3385;59
3386;67
3387;80
3388;62
3389;69
3390;53
3391;60
3392;63
3393;80
3394;54
3395;47
3396;63
3397;79
3398;64
3399;62
3400;63
3401;59
3402;74
3403;69
3404;93
3405;59
3406;75
3407;62
3408;63
3409;68
3410;45
3411;63
3412;52
3413;71
3414;67
3415;77
3416;67
3417;64
3418;81
3419;62
3420;55
3421;68
3422;81
3423;72
3424;84
3425;80
3426;59
3427;64
3428;66
3429;71
3430;58
3431;80
3432;59
3433;80
3434;73
3435;69
3436;77
3437;76
3438;66
3439;64
3440;76
3441;61
3442;63
3443;66
3444;70
3445;59
3446;63
3447;67
3448;64
3449;60
3450;74
3451;81
3452;71
3453;67
3454;78
3455;70
3456;66
3457;66
3458;62
3459;64
3460;79
3461;68
3462;56
3463;69
3464;79
3465;57
3466;69
3467;70
3468;68
3469;69
3470;67
3471;72
3472;55
3473;57
3474;61
3475;67
3476;69
3477;57
3478;64
3479;63
3480;70
3481;73
3482;74
3483;74
3484;62
3485;63
3486;63
3487;62
3488;71
3489;78
3490;79
3491;76
3492;73
3493;60
3494;68
3495;70
3496;67
3497;59
3498;57
3499;69
3500;63
3501;91
3502;71
3503;69
3504;60
3505;61
3506;50
3507;68
3508;61
3509;68
3510;70
3511;63
3512;71
3513;75
3514;65
3515;74
3516;59
3517;71
3518;70
3519;74
3520;86
3521;61
3522;66
3523;72
3524;45
3525;83
3526;80
3527;74
3528;53
3529;64
3530;59
3531;78
3532;81
3533;73
3534;58
3535;68
3536;72
3537;72
3538;58
3539;78
3540;61
3541;74
3542;68
3543;65
3544;75
3545;69
3546;73
3547;77
3548;72
3549;63
3550;68
3551;69
3552;60
3553;70
3554;64
3555;69
3556;61
3557;62
3558;69
3559;80
3560;73
3561;71
3562;83
3563;66
3564;60
3565;56
3566;61
3567;71
3568;74
3569;61
3570;63
3571;67
3572;82
3573;63
3574;57
3575;61
3576;67
3577;71
3578;74
3579;63
3580;48
3581;80
3582;52
3583;56
3584;77
3585;67
3586;71
3587;73
3588;72
3589;68
3590;74
3591;70
3592;57
3593;83
3594;87
3595;79
3596;80
3597;85
3598;77
3599;75
3600;43
3601;60
3602;71
3603;64
3604;63
3605;65
3606;56
3607;63
3608;69
3609;78
3610;64
3611;65
3612;65
3613;55
3614;51
3615;73
3616;65
3617;62
3618;70
3619;77
3620;63
3621;74
3622;64
3623;67
3624;57
3625;72
3626;70
3627;73
3628;62
3629;68
3630;63
3631;75
3632;60
3633;72
3634;61
3635;68
3636;68
3637;65
3638;67
3639;63
3640;65
3641;64
3642;72
3643;52
3644;79
3645;82
3646;70
3647;63
3648;75
3649;62
3650;72
3651;75
3652;65
3653;77
3654;71
3655;69
3656;57
3657;79
3658;63
3659;63
3660;58
3661;60
3662;85
3663;70
3664;74
3665;56
3666;72
3667;68
3668;61
3669;74
3670;63
3671;63
3672;71
3673;72
3674;78
3675;60
3676;62
3677;49
3678;74
3679;67
3680;56
3681;71
3682;78
3683;92
3684;66
3685;68
3686;66
3687;65
3688;83
3689;73
3690;58
3691;61
3692;54
3693;69
3694;58
3695;65
3696;62
3697;55
3698;78
3699;62
3700;68
3701;62
3702;64
3703;71
3704;76
3705;55
3706;67
3707;61
3708;51
3709;69
3710;66
3711;63
3712;69
3713;78
3714;60
3715;68
3716;82
3717;61
3718;58
3719;56
3720;62
3721;75
3722;70
3723;63
3724;65
3725;53
3726;66
3727;68
3728;73
3729;48
3730;53
3731;66
3732;75
3733;64
3734;64
3735;66
3736;73
3737;75
3738;70
3739;73
3740;68
3741;68
3742;66
3743;72
3744;51
3745;69
3746;71
3747;51
3748;62
3749;64
3750;75
3751;75
3752;79
3753;61
3754;71
3755;60
3756;69
3757;59
3758;72
3759;58
3760;75
3761;77
3762;67
3763;71
3764;74
3765;77
3766;71
3767;73
3768;64
3769;73
3770;70
3771;77
3772;51
3773;72
3774;71
3775;65
3776;62
3777;69
3778;67
3779;48
3780;64
3781;76
3782;57
3783;77
3784;58
3785;87
3786;79
3787;85
3788;69
3789;76
3790;52
3791;68
3792;65
3793;62
3794;76
3795;79
3796;66
3797;70
3798;64
3799;74
3800;59
3801;87
3802;81
3803;60
3804;72
3805;76
3806;68
3807;67
3808;61
3809;57
3810;57
3811;72
3812;68
3813;68
3814;65
3815;73
3816;64
3817;68
3818;61
3819;81
3820;82
3821;66
3822;80
3823;65
3824;50
3825;59
3826;65
3827;58
3828;72
3829;60
3830;81
3831;71
3832;66
3833;75
3834;72
3835;50
3836;73
3837;69
3838;67
3839;75
3840;79
3841;74
3842;65
3843;76
3844;80
3845;73
3846;80
3847;72
3848;71
3849;66
3850;75
3851;62
3852;74
3853;56
3854;67
3855;81
3856;70
3857;68
3858;84
3859;66
3860;60
3861;74
3862;78
3863;80
3864;78
3865;61
3866;80
3867;75
3868;51
3869;91
3870;65
3871;65
3872;70
3873;68
3874;71
3875;65
3876;70
3877;82
3878;74
3879;65
3880;59
3881;80
3882;74
3883;73
3884;53
3885;63
3886;66
3887;79
3888;69
3889;65
3890;68
3891;71
3892;70
3893;64
3894;59
3895;64
3896;74
3897;74
3898;55
3899;68
3900;78
3901;71
3902;48
3903;71
3904;70
3905;63
3906;68
3907;77
3908;66
3909;70
3910;67
3911;71
3912;67
3913;58
3914;64
3915;83
3916;69
3917;79
3918;65
3919;90
3920;60
3921;72
3922;81
3923;56
3924;76
3925;62
3926;82
3927;84
3928;68
3929;87
3930;58
3931;68
3932;65
3933;63
3934;79
3935;67
3936;82
3937;74
3938;78
3939;58
3940;66
3941;80
3942;64
3943;80
3944;71
3945;53
3946;77
3947;65
3948;65
3949;74
3950;95
3951;68
3952;80
3953;66
3954;86
3955;73
3956;68
3957;72
3958;69
3959;74
3960;74
3961;76
3962;71
3963;60
3964;65
3965;85
3966;69
3967;83
3968;76
3969;58
3970;82
3971;65
3972;84
3973;82
3974;69
3975;61
3976;71
3977;67
3978;70
3979;77
3980;60
3981;79
3982;79
3983;76
3984;87
3985;70
3986;75
3987;65
3988;79
3989;70
3990;66
3991;60
3992;66
3993;68
3994;89
3995;69
3996;88
3997;68
3998;62
3999;78
4000;77
4001;85
4002;83
4003;68
4004;49
4005;71
4006;76
4007;71
4008;77
4009;72
4010;56
4011;81
4012;59
4013;77
4014;68
4015;64
4016;70
4017;72
4018;75
4019;63
4020;73
4021;65
4022;73
4023;52
4024;57
4025;83
4026;63
4027;75
4028;73
4029;56
4030;74
4031;57
4032;72
4033;69
4034;74
4035;77
4036;69
4037;64
4038;94
4039;55
4040;63
4041;59
4042;68
4043;78
4044;63
4045;69
4046;77
4047;79
4048;73
4049;83
4050;77
4051;70
4052;94
4053;79
4054;77
4055;68
4056;70
4057;71
4058;68
4059;67
4060;72
4061;75
4062;64
4063;72
4064;79
4065;72
4066;84
4067;60
4068;71
4069;81
4070;70
4071;82
4072;81
4073;70
4074;63
4075;83
4076;70
4077;72
4078;82
4079;67
4080;73
4081;70
4082;79
4083;69
4084;69
4085;66
4086;74
4087;78
4088;78
4089;64
4090;81
4091;77
4092;61
4093;70
4094;80
4095;70
4096;83
4097;83
4098;87
4099;64
4100;81
4101;71
4102;77
4103;81
4104;76
4105;65
4106;72
4107;68
4108;69
4109;73
4110;81
4111;60
4112;73
4113;67
4114;71
4115;71
4116;71
4117;76
4118;78
4119;79
4120;87
4121;80
4122;71
4123;91
4124;70
4125;75
4126;71
4127;87
4128;70
4129;64
4130;62
4131;80
4132;88
4133;75
4134;66
4135;83
4136;64
4137;77
4138;81
4139;75
4140;71
4141;65
4142;75
4143;88
4144;78
4145;86
4146;91
4147;68
4148;65
4149;68
4150;79
4151;80
4152;71
4153;70
4154;72
4155;70
4156;66
4157;80
4158;91
4159;70
4160;69
4161;89
4162;80
4163;72
4164;62
4165;95
4166;82
4167;84
4168;70
4169;71
4170;60
4171;72
4172;84
4173;67
4174;67
4175;73
4176;84
4177;71
4178;93
4179;69
4180;86
4181;75
4182;62
4183;69
4184;70
4185;74
4186;71
4187;81
4188;70
4189;84
4190;70
4191;75
4192;75
4193;78
4194;72
4195;88
4196;66
4197;71
4198;67
4199;75
4200;79
4201;82
4202;80
4203;70
4204;95
4205;90
4206;74
4207;68
4208;78
4209;71
4210;80
4211;66
4212;72
4213;74
4214;78
4215;83
4216;76
4217;88
4218;65
4219;62
4220;87
4221;79
4222;83
4223;81
4224;71
4225;83
4226;77
4227;78
4228;90
4229;75
4230;90
4231;80
4232;72
4233;89
4234;72
4235;70
4236;78
4237;67
4238;73
4239;60
4240;81
4241;59
4242;86
4243;74
4244;69
4245;69
4246;91
4247;85
4248;85
4249;79
4250;81
4251;80
4252;74
4253;77
4254;89
4255;74
4256;69
4257;63
4258;71
4259;72
4260;79
4261;89
4262;94
4263;71
4264;77
4265;82
4266;66
4267;72
4268;78
4269;90
4270;71
4271;94
4272;79
4273;70
4274;70
4275;83
4276;70
4277;81
4278;70
4279;77
4280;71
4281;82
4282;69
4283;82
4284;75
4285;61
4286;65
4287;99
4288;62
4289;69
4290;67
4291;83
4292;81
4293;77
4294;84
4295;77
4296;66
4297;76
4298;92
4299;87
4300;72
4301;97
4302;66
4303;90
4304;68
4305;87
4306;78
4307;72
4308;89
4309;78
4310;94
4311;83
4312;85
4313;88
4314;82
4315;85
4316;73
4317;80
4318;65
4319;86
4320;71
4321;83
4322;74
4323;70
4324;78
4325;86
4326;80
4327;84
4328;81
4329;91
4330;71
4331;91
4332;87
4333;99
4334;97
4335;69
4336;74
4337;91
4338;77
4339;82
4340;88
4341;74
4342;72
4343;87
4344;83
4345;77
4346;82
4347;79
4348;81
4349;82
4350;82
4351;74
4352;88
4353;77
4354;87
4355;75
4356;97
4357;91
4358;92
4359;80
4360;84
4361;80
4362;90
4363;102
4364;72
4365;89
4366;85
4367;69
4368;82
4369;72
4370;79
4371;79
4372;88
4373;91
4374;73
4375;89
4376;77
4377;74
4378;99
4379;74
4380;69
4381;79
4382;80
4383;79
4384;87
4385;92
4386;72
4387;96
4388;101
4389;90
4390;95
4391;101
4392;85
4393;83
4394;83
4395;90
4396;84
4397;101
4398;78
4399;66
4400;86
4401;71
4402;75
4403;79
4404;102
4405;73
4406;70
4407;77
4408;93
4409;91
4410;82
4411;95
4412;77
4413;85
4414;89
4415;77
4416;83
4417;77
4418;91
4419;80
4420;96
4421;99
4422;79
4423;84
4424;80
4425;91
4426;70
4427;102
4428;78
4429;90
4430;71
4431;83
4432;84
4433;82
4434;66
4435;89
4436;96
4437;87
4438;80
4439;90
4440;80
4441;90
4442;96
4443;114
4444;84
4445;95
4446;88
4447;77
4448;89
4449;87
4450;101
4451;91
4452;77
4453;87
4454;81
4455;98
4456;89
4457;107
4458;76
4459;81
4460;86
4461;79
4462;95
4463;90
4464;80
4465;91
4466;99
4467;81
4468;83
4469;77
4470;97
4471;105
4472;65
4473;80
4474;77
4475;92
4476;83
4477;103
4478;82
4479;88
4480;85
4481;99
4482;104
4483;107
4484;95
4485;77
4486;104
4487;85
4488;77
4489;121
4490;93
4491;69
4492;117
4493;85
4494;104
4495;93
4496;95
4497;86
4498;87
4499;79
4500;106
4501;92
4502;102
4503;97
4504;74
4505;73
4506;93
4507;71
4508;83
4509;90
4510;83
4511;104
4512;83
4513;81
4514;77
4515;85
4516;82
4517;90
4518;80
4519;105
4520;91
4521;92
4522;100
4523;90
4524;104
4525;79
4526;100
4527;86
4528;76
4529;95
4530;109
4531;93
4532;87
4533;94
4534;80
4535;91
4536;103
4537;87
4538;97
4539;96
4540;94
4541;95
4542;84
4543;82
4544;95
4545;79
4546;104
4547;103
4548;75
4549;90
4550;104
4551;84
4552;105
4553;95
4554;82
4555;91
4556;82
4557;110
4558;96
4559;86
4560;94
4561;82
4562;108
4563;77
4564;94
4565;97
4566;96
4567;90
4568;104
4569;102
4570;92
4571;93
4572;89
4573;90
4574;104
4575;103
4576;100
4577;101
4578;88
4579;98
4580;96
4581;90
4582;81
4583;105
4584;96
4585;87
4586;87
4587;82
4588;96
4589;98
4590;75
4591;97
4592;77
4593;97
4594;84
4595;88
4596;106
4597;97
4598;86
4599;95
4600;97
4601;99
4602;94
4603;87
4604;82
4605;101
4606;95
4607;85
4608;98
4609;91
4610;94
4611;81
4612;89
4613;86
4614;122
4615;91
4616;98
4617;106
4618;101
4619;92
4620;102
4621;100
4622;96
4623;103
4624;98
4625;98
4626;96
4627;102
4628;91
4629;98
4630;108
4631;92
4632;100
4633;101
4634;94
4635;93
4636;89
4637;99
4638;101
4639;89
4640;91
4641;93
4642;96
4643;96
4644;92
4645;97
4646;109
4647;100
4648;95
4649;90
4650;97
4651;93
4652;107
4653;91
4654;96
4655;94
4656;99
4657;99
4658;108
4659;100
4660;96
4661;92
4662;92
4663;82
4664;108
4665;72
4666;94
4667;96
4668;106
4669;100
4670;90
4671;94
4672;87
4673;85
4674;84
4675;96
4676;106
4677;81
4678;112
4679;98
4680;95
4681;111
4682;104
4683;99
4684;101
4685;77
4686;90
4687;97
4688;84
4689;107
4690;81
4691;98
4692;102
4693;89
4694;91
4695;90
4696;89
4697;92
4698;117
4699;85
4700;104
4701;87
4702;100
4703;94
4704;105
4705;82
4706;99
4707;99
4708;91
4709;107
4710;91
4711;95
4712;100
4713;94
4714;105
4715;111
4716;110
4717;98
4718;80
4719;98
4720;89
4721;105
4722;92
4723;105
4724;100
4725;85
4726;101
4727;80
4728;94
4729;81
4730;84
4731;101
4732;111
4733;100
4734;111
4735;93
4736;82
4737;96
4738;86
4739;87
4740;93
4741;93
4742;103
4743;89
4744;79
4745;78
4746;81
4747;90
4748;91
4749;92
4750;98
4751;93
4752;92
4753;91
4754;100
4755;89
4756;89
4757;94
4758;94
4759;81
4760;100
4761;86
4762;91
4763;81
4764;64
4765;87
4766;99
4767;78
4768;82
4769;99
4770;86
4771;66
4772;93
4773;73
4774;93
4775;80
4776;73
4777;89
4778;72
4779;96
4780;81
4781;84
4782;84
4783;81
4784;66
4785;80
4786;83
4787;85
4788;86
4789;86
4790;81
4791;75
4792;87
4793;69
4794;87
4795;78
4796;73
4797;67
4798;89
4799;78
4800;63
4801;77
4802;83
4803;67
4804;80
4805;79
4806;60
4807;76
4808;58
4809;80
4810;80
4811;77
4812;83
4813;94
4814;70
4815;86
4816;87
4817;77
4818;62
4819;76
4820;70
4821;78
4822;76
4823;70
4824;70
4825;64
4826;68
4827;71
4828;67
4829;62
4830;73
4831;69
4832;66
4833;74
4834;64
4835;73
4836;70
4837;71
4838;71
4839;60
4840;83
4841;77
4842;79
4843;76
4844;70
4845;71
4846;71
4847;72
4848;69
4849;84
4850;79
4851;75
4852;72
4853;73
4854;62
4855;77
4856;70
4857;76
4858;85
4859;81
4860;80
4861;44
4862;54
4863;74
4864;69
4865;79
4866;71
4867;84
4868;64
4869;83
4870;66
4871;65
4872;72
4873;66
4874;82
4875;73
4876;70
4877;56
4878;55
4879;66
4880;60
4881;59
4882;72
4883;53
4884;81
4885;71
4886;74
4887;58
4888;64
4889;71
4890;61
4891;71
4892;75
4893;80
4894;79
4895;70
4896;66
4897;77
4898;65
4899;66
4900;78
4901;80
4902;75
4903;57
4904;85
4905;66
4906;80
4907;66
4908;69
4909;69
4910;74
4911;59
4912;61
4913;62
4914;66
4915;73
4916;57
4917;75
4918;74
4919;67
4920;74
4921;70
4922;62
4923;65
4924;76
4925;66
4926;61
4927;62
4928;73
4929;74
4930;78
4931;77
4932;72
4933;77
4934;67
4935;62
4936;72
4937;72
4938;70
4939;71
4940;80
4941;73
4942;69
4943;59
4944;65
4945;79
4946;70
4947;59
4948;61
4949;66
4950;71
4951;72
4952;72
4953;62
4954;72
4955;69
4956;60
4957;61
4958;75
4959;83
4960;69
4961;65
4962;62
4963;73
4964;77
4965;60
4966;69
4967;69
4968;84
4969;58
4970;59
4971;65
4972;70
4973;72
4974;73
4975;67
4976;62
4977;82
4978;77
4979;76
4980;73
4981;63
4982;70
4983;49
4984;58
4985;62
4986;73
4987;60
4988;62
4989;54
4990;78
4991;72
4992;65
4993;80
4994;72
4995;69
4996;84
4997;69
4998;66
4999;64
5000;63
5001;57
5002;69
5003;68
5004;78
5005;58
5006;75
5007;71
5008;77
5009;74
5010;58
5011;62
5012;72
5013;68
5014;73
5015;75
5016;62
5017;74
5018;73
5019;81
5020;71
5021;81
5022;87
5023;79
5024;68
5025;71
5026;74
5027;86
5028;74
5029;69
5030;64
5031;75
5032;72
5033;85
5034;77
5035;63
5036;63
5037;62
5038;64
5039;74
5040;72
5041;67
5042;67
5043;70
5044;67
5045;57
5046;54
5047;68
5048;67
5049;77
5050;78
5051;70
5052;52
5053;68
5054;60
5055;68
5056;65
5057;71
5058;76
5059;71
5060;84
5061;75
5062;67
5063;53
5064;77
5065;71
5066;56
5067;61
5068;62
5069;65
5070;63
5071;58
5072;57
5073;75
5074;74
5075;62
5076;69
5077;75
5078;76
5079;75
5080;62
5081;82
5082;59
5083;67
5084;53
5085;71
5086;60
5087;73
5088;75
5089;80
5090;55
5091;62
5092;62
5093;57
5094;60
5095;68
5096;61
5097;72
5098;57
5099;63
5100;73
5101;71
5102;62
5103;84
5104;55
5105;66
5106;59
5107;61
5108;70
5109;56
5110;74
5111;69
5112;54
5113;70
5114;59
5115;52
5116;68
5117;68
5118;65
5119;45
5120;68
5121;63
5122;70
5123;67
5124;60
5125;64
5126;73
5127;65
5128;69
5129;77
5130;57
5131;56
5132;64
5133;65
5134;57
5135;61
5136;63
5137;66
5138;71
5139;67
5140;63
5141;53
5142;65
5143;69
5144;61
5145;44
5146;61
5147;60
5148;75
5149;60
5150;70
5151;71
5152;80
5153;56
5154;72
5155;67
5156;63
5157;67
5158;76
5159;56
5160;54
5161;80
5162;59
5163;60
5164;64
5165;67
5166;69
5167;59
5168;54
5169;64
5170;65
5171;80
5172;54
5173;64
5174;49
5175;64
5176;58
5177;68
5178;69
5179;53
5180;68
5181;77
5182;72
5183;59
5184;68
5185;67
5186;64
5187;61
5188;70
5189;69
5190;64
5191;63
5192;55
5193;52
5194;68
5195;61
5196;57
5197;72
5198;78
5199;56
5200;50
5201;66
5202;60
5203;61
5204;52
5205;46
5206;52
5207;53
5208;73
5209;74
5210;56
5211;59
5212;63
5213;55
5214;63
5215;65
5216;66
5217;58
5218;62
5219;73
5220;70
5221;60
5222;63
5223;51
5224;59
5225;58
5226;66
5227;52
5228;59
5229;84
5230;58
5231;58
5232;56
5233;64
5234;63
5235;65
5236;61
5237;74
5238;62
5239;62
5240;45
5241;75
5242;57
5243;65
5244;50
5245;58
5246;55
5247;73
5248;63
5249;65
5250;71
5251;54
5252;52
5253;55
5254;60
5255;67
5256;55
5257;62
5258;53
5259;63
5260;61
5261;60
5262;64
5263;57
5264;64
5265;71
5266;66
5267;82
5268;64
5269;66
5270;75
5271;61
5272;65
5273;68
5274;59
5275;59
5276;57
5277;60
5278;66
5279;56
5280;66
5281;71
5282;70
5283;62
5284;62
5285;60
5286;53
5287;57
5288;70
5289;54
5290;70
5291;66
5292;59
5293;79
5294;56
5295;57
5296;70
5297;72
5298;75
5299;59
5300;70
5301;53
5302;65
5303;64
5304;64
5305;60
5306;64
5307;70
5308;75
5309;63
5310;73
5311;42
5312;65
5313;69
5314;50
5315;65
5316;58
5317;62
5318;71
5319;69
5320;68
5321;84
5322;69
5323;66
5324;65
5325;68
5326;64
5327;87
5328;64
5329;74
5330;78
5331;69
5332;60
5333;69
5334;65
5335;56
5336;67
5337;68
5338;70
5339;61
5340;48
5341;66
5342;52
5343;60
5344;74
5345;63
5346;58
5347;62
5348;58
5349;79
5350;63
5351;60
5352;67
5353;83
5354;55
5355;56
5356;67
5357;72
5358;65
5359;59
5360;67
5361;69
5362;59
5363;51
5364;59
5365;63
5366;71
5367;66
5368;76
5369;77
5370;85
5371;56
5372;54
5373;67
5374;66
5375;63
5376;67
5377;68
5378;56
5379;67
5380;66
5381;64
5382;59
5383;72
5384;62
5385;64
5386;65
5387;81
5388;60
5389;72
5390;64
5391;67
5392;64
5393;81
5394;52
5395;62
5396;67
5397;74
5398;62
5399;78
5400;76
5401;74
5402;78
5403;59
5404;70
5405;59
5406;57
5407;69
5408;75
5409;75
5410;57
5411;56
5412;59
5413;80
5414;58
5415;75
5416;59
5417;81
5418;84
5419;56
5420;53
5421;77
5422;67
5423;61
5424;70
5425;65
5426;73
5427;80
5428;54
5429;74
5430;70
5431;63
5432;55
5433;59
5434;65
5435;73
5436;73
5437;65
5438;57
5439;62
5440;76
5441;69
5442;74
5443;57
5444;51
5445;80
5446;69
5447;49
5448;72
5449;65
5450;64
5451;69
5452;60
5453;72
5454;66
5455;77
5456;62
5457;78
5458;67
5459;75
5460;59
5461;71
5462;60
5463;66
5464;87
5465;71
5466;57
5467;72
5468;65
5469;51
5470;67
5471;72
5472;67
5473;74
5474;72
5475;69
5476;59
5477;59
5478;64
5479;62
5480;59
5481;57
5482;50
5483;70
5484;62
5485;73
5486;59
5487;62
5488;74
5489;58
5490;64
5491;60
5492;63
5493;55
5494;53
5495;54
5496;47
5497;61
5498;68
5499;65
5500;52
5501;77
5502;72
5503;58
5504;66
5505;58
5506;59
5507;54
5508;54
5509;76
5510;72
5511;62
5512;51
5513;52
5514;62
5515;52
5516;52
5517;49
5518;61
5519;50
5520;68
5521;60
5522;54
5523;55
5524;50
5525;51
5526;50
5527;58
5528;50
5529;64
5530;67
5531;51
5532;54
5533;54
5534;40
5535;41
5536;59
5537;51
5538;42
5539;51
5540;48
5541;54
5542;51
5543;54
5544;30
5545;57
5546;59
5547;38
5548;63
5549;48
5550;52
5551;53
5552;54
5553;50
5554;45
5555;48
5556;48
5557;36
5558;45
5559;43
5560;44
5561;37
5562;56
5563;40
5564;43
5565;50
5566;52
5567;44
5568;46
5569;45
5570;32
5571;40
5572;50
5573;43
5574;53
5575;49
5576;38
5577;42
5578;56
5579;54
5580;41
5581;40
5582;41
5583;51
5584;37
5585;37
5586;45
5587;38
5588;45
5589;37
5590;43
5591;38
5592;35
5593;39
5594;32
5595;50
5596;36
5597;48
5598;62
5599;50
5600;45
5601;37
5602;40
5603;41
5604;44
5605;36
5606;40
5607;31
5608;50
5609;58
5610;43
5611;40
5612;39
5613;34
5614;35
5615;44
5616;39
5617;37
5618;39
5619;41
5620;48
5621;40
5622;35
5623;38
5624;36
5625;39
5626;41
5627;36
5628;36
5629;37
5630;49
5631;33
5632;33
5633;35
5634;37
5635;38
5636;31
5637;32
5638;52
5639;21
5640;29
5641;46
5642;32
5643;45
5644;40
5645;47
5646;28
5647;34
5648;33
5649;35
5650;40
5651;46
5652;31
5653;44
5654;40
5655;35
5656;45
5657;44
5658;49
5659;30
5660;31
5661;39
5662;30
5663;39
5664;30
5665;34
5666;40
5667;25
5668;42
5669;35
5670;46
5671;37
5672;37
5673;31
5674;35
5675;44
5676;33
5677;25
5678;30
5679;43
5680;35
5681;33
5682;33
5683;31
5684;41
5685;30
5686;30
5687;39
5688;38
5689;37
5690;45
5691;31
5692;30
5693;40
5694;35
5695;27
5696;35
5697;37
5698;33
5699;39
5700;41
5701;32
5702;31
5703;57
5704;42
5705;41
5706;30
5707;33
5708;35
5709;31
5710;37
5711;41
5712;39
5713;34
5714;39
5715;40
5716;47
5717;43
5718;33
5719;38
5720;37
5721;45
5722;21
5723;36
5724;24
5725;36
5726;40
5727;26
5728;31
5729;32
5730;32
5731;38
5732;50
5733;43
5734;40
5735;41
5736;34
5737;40
5738;30
5739;34
5740;38
5741;42
5742;45
5743;38
5744;34
5745;27
5746;33
5747;38
5748;39
5749;38
5750;47
5751;38
5752;36
5753;44
5754;41
5755;38
5756;55
5757;47
5758;33
5759;43
5760;45
5761;51
5762;54
5763;51
5764;50
5765;48
5766;40
5767;49
5768;50
5769;47
5770;71
5771;74
5772;74
5773;80
5774;79
5775;78
5776;98
5777;93
5778;92
5779;106
5780;106
5781;133
5782;117
5783;152
5784;176
5785;201
5786;244
5787;275
5788;306
5789;344
5790;409
5791;503
5792;599
5793;768
5794;886
5795;1103
5796;1200
5797;1371
5798;1481
5799;1707
5800;1847
5801;1922
5802;1818
5803;1836
5804;1646
5805;1496
5806;1307
5807;960
5808;728
5809;516
5810;354
5811;239
5812;170
5813;99
5814;61
5815;51
5816;46
5817;36
5818;37
5819;43
5820;38
5821;26
5822;34
5823;30
5824;41
5825;34
5826;29
5827;28
5828;19
5829;28
5830;21
5831;32
5832;30
5833;28
5834;15
5835;29
5836;25
5837;34
5838;20
5839;20
5840;22
5841;25
5842;21
5843;30
5844;21
5845;23
5846;30
5847;24
5848;31
5849;22
5850;28
5851;21
5852;35
5853;17
5854;23
5855;19
5856;28
5857;26
5858;28
5859;19
5860;23
5861;26
5862;28
5863;28
5864;28
5865;27
5866;23
5867;22
5868;27
5869;28
5870;27
5871;29
5872;13
5873;25
5874;41
5875;19
5876;16
5877;17
5878;29
5879;18
5880;21
5881;17
5882;21
5883;26
5884;18
5885;23
5886;17
5887;12
5888;23
5889;15
5890;23
5891;25
5892;18
5893;19
5894;24
5895;22
5896;26
5897;22
5898;20
5899;23
5900;21
5901;27
5902;23
5903;24
5904;19
5905;28
5906;21
5907;21
5908;14
5909;18
5910;18
5911;22
5912;23
5913;25
5914;29
5915;16
5916;11
5917;22
5918;10
5919;18
5920;19
5921;17
5922;24
5923;22
5924;17
5925;26
5926;25
5927;27
5928;17
5929;26
5930;20
5931;19
5932;20
5933;16
5934;19
5935;28
5936;15
5937;17
5938;25
5939;23
5940;22
5941;29
5942;19
5943;26
5944;15
5945;16
5946;18
5947;21
5948;17
5949;17
5950;17
5951;20
5952;18
5953;21
5954;16
5955;13
5956;17
5957;19
5958;21
5959;14
5960;14
5961;20
5962;25
5963;29
5964;14
5965;19
5966;19
5967;17
5968;22
5969;22
5970;16
5971;18
5972;16
5973;19
5974;15
5975;22
5976;21
5977;10
5978;16
5979;20
5980;17
5981;15
5982;21
5983;12
5984;19
5985;22
5986;22
5987;21
5988;17
5989;22
5990;15
5991;20
5992;18
5993;14
5994;17
5995;13
5996;22
5997;23
5998;20
5999;16
6000;12
6001;20
6002;16
6003;14
6004;26
6005;19
6006;14
6007;23
6008;13
6009;11
6010;19
6011;20
6012;21
6013;13
6014;15
6015;16
6016;16
6017;25
6018;14
6019;22
6020;16
6021;15
6022;13
6023;25
6024;19
6025;11
6026;15
6027;21
6028;17
6029;10
6030;16
6031;16
6032;20
6033;7
6034;12
6035;11
6036;18
6037;15
6038;18
6039;17
6040;15
6041;17
6042;15
6043;19
6044;10
6045;11
6046;17
6047;14
6048;19
6049;20
6050;17
6051;13
6052;18
6053;14
6054;18
6055;11
6056;18
6057;17
6058;21
6059;16
6060;11
6061;22
6062;20
6063;12
6064;11
6065;6
6066;14
6067;13
6068;13
6069;16
6070;15
6071;15
6072;13
6073;9
6074;18
6075;17
6076;19
6077;20
6078;15
6079;19
6080;17
6081;9
6082;18
6083;12
6084;17
6085;11
6086;13
6087;14
6088;17
6089;13
6090;18
6091;26
6092;14
6093;7
6094;11
6095;11
6096;10
6097;13
6098;11
6099;16
6100;18
6101;24
6102;20
6103;24
6104;12
6105;10
6106;13
6107;10
6108;5
6109;14
6110;9
6111;14
6112;10
6113;16
6114;8
6115;18
6116;13
6117;12
6118;9
6119;8
6120;8
6121;13
6122;14
6123;11
6124;16
6125;15
6126;12
6127;22
6128;13
6129;13
6130;15
6131;15
6132;10
6133;12
6134;10
6135;11
6136;14
6137;14
6138;13
6139;15
6140;12
6141;10
6142;9
6143;13
6144;11
6145;20
6146;11
6147;18
6148;16
6149;14
6150;13
6151;14
6152;14
6153;16
6154;14
6155;14
6156;13
6157;20
6158;11
6159;8
6160;12
6161;14
6162;11
6163;11
6164;14
6165;19
6166;13
6167;12
6168;3
6169;13
6170;9
6171;12
6172;5
6173;10
6174;11
6175;11
6176;15
6177;12
6178;12
6179;11
6180;10
6181;8
6182;14
6183;11
6184;12
6185;14
6186;6
6187;16
6188;18
6189;13
6190;11
6191;13
6192;13
6193;16
6194;8
6195;11
6196;7
6197;12
6198;9
6199;13
6200;8
6201;10
6202;7
6203;8
6204;10
6205;13
6206;8
6207;17
6208;8
6209;12
6210;5
6211;5
6212;11
6213;7
6214;13
6215;8
6216;12
6217;9
6218;9
6219;12
6220;10
6221;8
6222;13
6223;7
6224;10
6225;7
6226;12
6227;16
6228;14
6229;6
6230;9
6231;11
6232;12
6233;10
6234;12
6235;9
6236;7
6237;9
6238;9
6239;10
6240;12
6241;10
6242;8
6243;10
6244;11
6245;7
6246;8
6247;5
6248;9
6249;9
6250;11
6251;11
6252;8
6253;14
6254;12
6255;9
6256;15
6257;9
6258;13
6259;12
6260;7
6261;11
6262;11
6263;5
6264;6
6265;8
6266;6
6267;7
6268;16
6269;12
6270;14
6271;14
6272;2
6273;16
6274;16
6275;6
6276;14
6277;9
6278;6
6279;13
6280;10
6281;11
6282;9
6283;10
6284;7
6285;11
6286;11
6287;7
6288;11
6289;9
6290;10
6291;11
6292;12
6293;9
6294;12
6295;12
6296;14
6297;8
6298;7
6299;10
6300;10
6301;11
6302;9
6303;11
6304;9
6305;10
6306;11
6307;4
6308;12
6309;13
6310;14
6311;12
6312;7
6313;5
6314;11
6315;7
6316;6
6317;10
6318;9
6319;6
6320;9
6321;11
6322;10
6323;0
6324;6
6325;5
6326;1
6327;18
6328;5
6329;13
6330;10
6331;9
6332;9
6333;10
6334;5
6335;12
6336;8
6337;12
6338;9
6339;6
6340;12
6341;14
6342;18
6343;6
6344;9
6345;8
6346;11
6347;11
6348;5
6349;8
6350;5
6351;10
6352;17
6353;11
6354;6
6355;11
6356;8
6357;8
6358;6
6359;15
6360;15
6361;8
6362;15
6363;16
6364;7
6365;11
6366;7
6367;11
6368;9
6369;7
6370;11
6371;10
6372;13
6373;11
6374;22
6375;9
6376;9
6377;9
6378;3
6379;16
6380;7
6381;8
6382;9
6383;4
6384;6
6385;8
6386;7
6387;15
6388;11
6389;10
6390;5
6391;5
6392;11
6393;5
6394;11
6395;9
6396;6
6397;5
6398;8
6399;6
6400;11
6401;8
6402;9
6403;5
6404;8
6405;6
6406;10
6407;16
6408;13
6409;11
6410;6
6411;10
6412;4
6413;7
6414;12
6415;9
6416;14
6417;7
6418;10
6419;6
6420;13
6421;14
6422;11
6423;6
6424;10
6425;8
6426;12
6427;3
6428;6
6429;6
6430;10
6431;8
6432;12
6433;7
6434;10
6435;6
6436;12
6437;9
6438;4
6439;8
6440;10
6441;12
6442;9
6443;6
6444;7
6445;11
6446;9
6447;5
6448;5
6449;10
6450;8
6451;6
6452;9
6453;6
6454;15
6455;12
6456;10
6457;6
6458;11
6459;9
6460;12
6461;8
6462;13
6463;6
6464;8
6465;8
6466;4
6467;14
6468;10
6469;8
6470;15
6471;15
6472;9
6473;9
6474;14
6475;6
6476;9
6477;6
6478;6
6479;5
6480;10
6481;10
6482;10
6483;6
6484;7
6485;13
6486;12
6487;9
6488;12
6489;8
6490;8
6491;6
6492;10
6493;11
6494;6
6495;6
6496;10
6497;7
6498;8
6499;13
6500;10
6501;11
6502;10
6503;9
6504;10
6505;12
6506;14
6507;6
6508;7
6509;12
6510;9
6511;11
6512;11
6513;6
6514;5
6515;10
6516;4
6517;9
6518;13
6519;6
6520;6
6521;11
6522;14
6523;12
6524;12
6525;9
6526;12
6527;10
6528;15
6529;21
6530;13
6531;17
6532;18
6533;18
6534;16
6535;17
6536;16
6537;15
6538;11
6539;17
6540;14
6541;16
6542;12
6543;11
6544;16
6545;17
6546;13
6547;16
6548;15
6549;21
6550;24
6551;16
6552;22
6553;41
6554;18
6555;32
6556;26
6557;33
6558;31
6559;24
6560;33
6561;36
6562;47
6563;53
6564;57
6565;52
6566;48
6567;73
6568;76
6569;71
6570;99
6571;78
6572;102
6573;121
6574;152
6575;140
6576;204
6577;209
6578;253
6579;314
6580;368
6581;461
6582;514
6583;640
6584;718
6585;764
6586;967
6587;1120
6588;1265
6589;1351
6590;1406
6591;1535
6592;1533
6593;1488
6594;1503
6595;1406
6596;1197
6597;1021
6598;800
6599;578
6600;471
6601;330
6602;213
6603;128
6604;78
6605;47
6606;29
6607;31
6608;20
6609;9
6610;9
6611;8
6612;11
6613;9
6614;7
6615;8
6616;9
6617;5
6618;10
6619;9
6620;6
6621;6
6622;5
6623;9
6624;8
6625;5
6626;6
6627;3
6628;4
6629;2
6630;6
6631;2
6632;3
6633;7
6634;4
6635;5
6636;2
6637;4
6638;4
6639;2
6640;5
6641;5
6642;5
6643;2
6644;4
6645;4
6646;4
6647;5
6648;3
6649;7
6650;2
6651;3
6652;5
6653;6
6654;7
6655;3
6656;2
6657;2
6658;5
6659;4
6660;1
6661;4
6662;1
6663;2
6664;5
6665;2
6666;0
6667;6
6668;5
6669;2
6670;4
6671;4
6672;2
6673;3
6674;7
6675;2
6676;2
6677;4
6678;5
6679;3
6680;3
6681;3
6682;3
6683;4
6684;4
6685;2
6686;3
6687;2
6688;4
6689;2
6690;1
6691;4
6692;3
6693;2
6694;3
6695;3
6696;2
6697;4
6698;5
6699;1
6700;4
6701;1
6702;1
6703;2
6704;4
6705;1
6706;4
6707;3
6708;2
6709;0
6710;0
6711;2
6712;1
6713;5
6714;3
6715;3
6716;1
6717;6
6718;4
6719;4
6720;1
6721;1
6722;1
6723;5
6724;4
6725;0
6726;3
6727;3
6728;4
6729;1
6730;3
6731;0
6732;3
6733;2
6734;2
6735;2
6736;1
6737;5
6738;0
6739;0
6740;1
6741;0
6742;3
6743;2
6744;3
6745;3
6746;0
6747;2
6748;3
6749;3
6750;4
6751;2
6752;1
6753;3
6754;4
6755;2
6756;1
6757;3
6758;3
6759;2
6760;2
6761;2
6762;3
6763;3
6764;4
6765;1
6766;0
6767;3
6768;3
6769;2
6770;2
6771;4
6772;3
6773;3
6774;2
6775;1
6776;0
6777;5
6778;2
6779;4
6780;3
6781;3
6782;4
6783;1
6784;4
6785;2
6786;4
6787;3
6788;1
6789;1
6790;3
6791;3
6792;0
6793;0
6794;0
6795;1
6796;0
6797;2
6798;1
6799;5
6800;3
6801;3
6802;2
6803;1
6804;4
6805;5
6806;0
6807;1
6808;3
6809;5
6810;5
6811;3
6812;5
6813;0
6814;2
6815;2
6816;3
6817;2
6818;1
6819;3
6820;1
6821;3
6822;3
6823;2
6824;3
6825;2
6826;4
6827;1
6828;1
6829;3
6830;0
6831;0
6832;5
6833;2
6834;2
6835;3
6836;3
6837;6
6838;4
6839;2
6840;3
6841;1
6842;2
6843;1
6844;3
6845;2
6846;4
6847;4
6848;8
6849;3
6850;5
6851;2
6852;0
6853;1
6854;0
6855;0
6856;3
6857;1
6858;2
6859;1
6860;1
6861;2
6862;1
6863;6
6864;2
6865;1
6866;1
6867;0
6868;1
6869;1
6870;1
6871;1
6872;2
6873;0
6874;3
6875;2
6876;3
6877;0
6878;0
6879;2
6880;1
6881;1
6882;5
6883;1
6884;2
6885;6
6886;2
6887;0
6888;2
6889;3
6890;2
6891;0
6892;2
6893;4
6894;1
6895;3
6896;1
6897;1
6898;0
6899;1
6900;2
6901;3
6902;0
6903;0
6904;1
6905;4
6906;2
6907;3
6908;1
6909;1
6910;0
6911;1
6912;0
6913;1
6914;2
6915;4
6916;3
6917;2
6918;2
6919;4
6920;1
6921;0
6922;2
6923;6
6924;1
6925;0
6926;1
6927;2
6928;5
6929;3
6930;2
6931;3
6932;2
6933;2
6934;4
6935;1
6936;1
6937;2
6938;2
6939;0
6940;3
6941;2
6942;2
6943;5
6944;3
6945;3
6946;1
6947;1
6948;2
6949;4
6950;1
6951;2
6952;3
6953;2
6954;1
6955;3
6956;2
6957;1
6958;1
6959;2
6960;5
6961;1
6962;2
6963;2
6964;2
6965;1
6966;1
6967;1
6968;5
6969;2
6970;0
6971;3
6972;2
6973;2
6974;1
6975;2
6976;0
6977;2
6978;3
6979;4
6980;1
6981;3
6982;0
6983;2
6984;2
6985;1
6986;2
6987;1
6988;1
6989;2
6990;3
6991;1
6992;0
6993;4
6994;3
6995;3
6996;1
6997;4
6998;2
6999;2
7000;0
7001;1
7002;2
7003;6
7004;1
7005;2
7006;1
7007;1
7008;0
7009;2
7010;1
7011;1
7012;4
7013;4
7014;3
7015;2
7016;2
7017;0
7018;1
7019;1
7020;2
7021;4
7022;3
7023;0
7024;1
7025;1
7026;1
7027;3
7028;4
7029;3
7030;4
7031;1
7032;3
7033;1
7034;2
7035;0
7036;2
7037;2
7038;1
7039;3
7040;2
7041;3
7042;5
7043;1
7044;2
7045;3
7046;3
7047;0
7048;2
7049;2
7050;1
7051;3
7052;1
7053;1
7054;0
7055;3
7056;1
7057;2
7058;2
7059;1
7060;1
7061;2
7062;2
7063;0
7064;2
7065;2
7066;3
7067;2
7068;2
7069;1
7070;4
7071;2
7072;1
7073;2
7074;4
7075;2
7076;1
7077;2
7078;2
7079;2
7080;3
7081;1
7082;1
7083;1
7084;2
7085;1
7086;0
7087;3
7088;0
7089;5
7090;1
7091;1
7092;2
7093;1
7094;2
7095;1
7096;2
7097;8
7098;2
7099;0
7100;2
7101;1
7102;1
7103;3
7104;1
7105;4
7106;2
7107;3
7108;0
7109;2
7110;1
7111;6
7112;1
7113;0
7114;1
7115;2
7116;3
7117;2
7118;1
7119;0
7120;2
7121;2
7122;3
7123;3
7124;1
7125;0
7126;3
7127;1
7128;2
7129;2
7130;2
7131;1
7132;4
7133;4
7134;2
7135;1
7136;2
7137;2
7138;0
7139;1
7140;1
7141;5
7142;1
7143;0
7144;1
7145;2
7146;1
7147;2
7148;1
7149;0
7150;1
7151;3
7152;3
7153;1
7154;1
7155;4
7156;1
7157;2
7158;2
7159;4
7160;3
7161;2
7162;0
7163;2
7164;2
7165;3
7166;5
7167;2
7168;2
7169;3
7170;2
7171;0
7172;1
7173;0
7174;2
7175;2
7176;3
7177;3
7178;4
7179;1
7180;2
7181;4
7182;2
7183;2
7184;0
7185;3
7186;3
7187;4
7188;1
7189;3
7190;1
7191;2
7192;0
7193;3
7194;1
7195;1
7196;1
7197;5
7198;0
7199;1
7200;3
7201;1
7202;3
7203;2
7204;2
7205;4
7206;2
7207;3
7208;3
7209;4
7210;2
7211;3
7212;7
7213;8
7214;5
7215;9
7216;5
7217;11
7218;14
7219;4
7220;8
7221;17
7222;13
7223;17
7224;18
7225;16
7226;31
7227;25
7228;32
7229;20
7230;27
7231;28
7232;30
7233;25
7234;28
7235;17
7236;13
7237;11
7238;11
7239;12
7240;8
7241;2
7242;2
7243;1
7244;2
7245;2
7246;2
7247;0
7248;0
7249;1
7250;1
7251;0
7252;1
7253;1
7254;3
7255;0
7256;3
7257;1
7258;1
7259;3
7260;2
7261;3
7262;1
7263;0
7264;0
7265;2
7266;0
7267;1
7268;1
7269;3
7270;0
7271;3
7272;2
7273;2
7274;2
7275;1
7276;0
7277;1
7278;1
7279;3
7280;1
7281;3
7282;0
7283;2
7284;0
7285;0
7286;2
7287;2
7288;2
7289;3
7290;5
7291;1
7292;2
7293;3
7294;2
7295;4
7296;3
7297;0
7298;0
7299;2
7300;1
7301;0
7302;1
7303;2
7304;1
7305;2
7306;1
7307;1
7308;2
7309;3
7310;0
7311;2
7312;2
7313;1
7314;2
7315;4
7316;1
7317;1
7318;1
7319;2
7320;4
7321;2
7322;1
7323;0
7324;3
7325;3
7326;2
7327;3
7328;2
7329;2
7330;4
7331;0
7332;3
7333;0
7334;1
7335;3
7336;0
7337;2
7338;2
7339;0
7340;2
7341;2
7342;0
7343;3
7344;4
7345;1
7346;0
7347;1
7348;0
7349;3
7350;3
7351;0
7352;4
7353;3
7354;2
7355;3
7356;2
7357;0
7358;1
7359;3
7360;1
7361;2
7362;1
7363;2
7364;4
7365;0
7366;1
7367;1
7368;0
7369;2
7370;2
7371;0
7372;1
7373;1
7374;3
7375;1
7376;0
7377;0
7378;3
7379;2
7380;2
7381;2
7382;2
7383;2
7384;2
7385;1
7386;1
7387;2
7388;1
7389;2
7390;0
7391;1
7392;3
7393;2
7394;1
7395;0
7396;2
7397;3
7398;1
7399;2
7400;1
7401;5
7402;3
7403;2
7404;3
7405;2
7406;3
7407;2
7408;1
7409;2
7410;2
7411;1
7412;2
7413;1
7414;1
7415;2
7416;3
7417;1
7418;0
7419;1
7420;3
7421;1
7422;3
7423;2
7424;2
7425;3
7426;2
7427;2
7428;3
7429;1
7430;2
7431;5
7432;0
7433;1
7434;2
7435;0
7436;2
7437;1
7438;0
7439;2
7440;3
7441;2
7442;2
7443;2
7444;1
7445;2
7446;0
7447;2
7448;2
7449;1
7450;2
7451;0
7452;2
7453;3
7454;2
7455;1
7456;2
7457;1
7458;6
7459;2
7460;3
7461;3
7462;0
7463;0
7464;0
7465;1
7466;3
7467;0
7468;1
7469;1
7470;1
7471;3
7472;4
7473;2
7474;2
7475;3
7476;1
7477;3
7478;2
7479;2
7480;2
7481;3
7482;2
7483;1
7484;0
7485;3
7486;3
7487;3
7488;1
7489;0
7490;0
7491;3
7492;1
7493;2
7494;1
7495;0
7496;3
7497;1
7498;1
7499;1
7500;0
7501;1
7502;3
7503;1
7504;2
7505;0
7506;2
7507;1
7508;1
7509;1
7510;1
7511;0
7512;2
7513;1
7514;1
7515;4
7516;0
7517;2
7518;1
7519;1
7520;2
7521;4
7522;0
7523;1
7524;0
7525;3
7526;1
7527;0
7528;0
7529;3
7530;1
7531;1
7532;2
7533;2
7534;1
7535;0
7536;1
7537;1
7538;1
7539;1
7540;1
7541;0
7542;1
7543;1
7544;1
7545;0
7546;2
7547;1
7548;4
7549;1
7550;0
7551;1
7552;2
7553;0
7554;1
7555;0
7556;1
7557;0
7558;0
7559;2
7560;1
7561;0
7562;1
7563;0
7564;0
7565;2
7566;0
7567;2
7568;2
7569;3
7570;0
7571;1
7572;0
7573;1
7574;1
7575;0
7576;1
7577;1
7578;2
7579;1
7580;2
7581;2
7582;2
7583;0
7584;1
7585;0
7586;1
7587;1
7588;2
7589;1
7590;0
7591;2
7592;2
7593;2
7594;2
7595;0
7596;1
7597;3
7598;1
7599;2
7600;1
7601;6
7602;2
7603;2
7604;1
7605;2
7606;1
7607;0
7608;6
7609;0
7610;5
7611;1
7612;1
7613;1
7614;2
7615;3
7616;2
7617;1
7618;0
7619;0
7620;0
7621;2
7622;3
7623;2
7624;0
7625;2
7626;2
7627;3
7628;0
7629;0
7630;0
7631;5
7632;1
7633;1
7634;0
7635;1
7636;0
7637;1
7638;1
7639;1
7640;1
7641;1
7642;1
7643;2
7644;1
7645;1
7646;4
7647;1
7648;1
7649;1
7650;2
7651;0
7652;4
7653;0
7654;0
7655;2
7656;0
7657;1
7658;2
7659;2
7660;3
7661;2
7662;2
7663;2
7664;2
7665;1
7666;2
7667;0
7668;1
7669;1
7670;2
7671;2
7672;0
7673;1
7674;0
7675;1
7676;0
7677;0
7678;2
7679;2
7680;1
7681;2
7682;2
7683;2
7684;0
7685;1
7686;2
7687;2
7688;1
7689;2
7690;3
7691;1
7692;2
7693;1
7694;1
7695;0
7696;0
7697;2
7698;1
7699;3
7700;3
7701;0
7702;0
7703;1
7704;1
7705;0
7706;0
7707;0
7708;3
7709;0
7710;2
7711;1
7712;1
7713;1
7714;1
7715;0
7716;4
7717;1
7718;0
7719;2
7720;4
7721;1
7722;1
7723;2
7724;2
7725;1
7726;1
7727;0
7728;3
7729;0
7730;1
7731;0
7732;1
7733;2
7734;0
7735;0
7736;0
7737;2
7738;4
7739;0
7740;1
7741;1
7742;1
7743;0
7744;2
7745;2
7746;2
7747;2
7748;4
7749;2
7750;1
7751;2
7752;2
7753;2
7754;1
7755;1
7756;1
7757;2
7758;0
7759;1
7760;3
7761;1
7762;2
7763;2
7764;1
7765;1
7766;0
7767;3
7768;0
7769;1
7770;2
7771;1
7772;0
7773;0
7774;2
7775;0
7776;1
7777;2
7778;0
7779;2
7780;1
7781;0
7782;1
7783;0
7784;0
7785;1
7786;3
7787;2
7788;2
7789;0
7790;2
7791;3
7792;0
7793;1
7794;3
7795;1
7796;1
7797;1
7798;4
7799;1
7800;1
7801;2
7802;0
7803;0
7804;2
7805;0
7806;1
7807;1
7808;3
7809;0
7810;1
7811;1
7812;1
7813;2
7814;2
7815;1
7816;1
7817;2
7818;0
7819;2
7820;5
7821;1
7822;1
7823;2
7824;1
7825;3
7826;2
7827;3
7828;2
7829;1
7830;1
7831;1
7832;0
7833;6
7834;3
7835;1
7836;3
7837;0
7838;2
7839;0
7840;3
7841;0
7842;1
7843;3
7844;2
7845;3
7846;3
7847;0
7848;1
7849;1
7850;2
7851;4
7852;1
7853;1
7854;1
7855;1
7856;4
7857;4
7858;1
7859;3
7860;0
7861;3
7862;1
7863;3
7864;2
7865;2
7866;3
7867;1
7868;2
7869;1
7870;1
7871;4
7872;2
7873;2
7874;3
7875;0
7876;0
7877;2
7878;2
7879;2
7880;3
7881;2
7882;1
7883;1
7884;4
7885;3
7886;2
7887;1
7888;1
7889;5
7890;0
7891;0
7892;2
7893;2
7894;1
7895;1
7896;0
7897;1
7898;3
7899;1
7900;2
7901;1
7902;0
7903;4
7904;4
7905;3
7906;4
7907;1
7908;0
7909;0
7910;0
7911;1
7912;1
7913;3
7914;0
7915;0
7916;0
7917;1
7918;1
7919;1
7920;1
7921;0
7922;2
7923;0
7924;1
7925;1
7926;0
7927;2
7928;3
7929;1
7930;0
7931;2
7932;1
7933;1
7934;2
7935;4
7936;4
7937;2
7938;2
7939;2
7940;1
7941;1
7942;1
7943;1
7944;0
7945;1
7946;0
7947;2
7948;0
7949;1
7950;2
7951;1
7952;1
7953;0
7954;1
7955;1
7956;2
7957;0
7958;0
7959;1
7960;1
7961;1
7962;1
7963;1
7964;4
7965;0
7966;3
7967;1
7968;1
7969;0
7970;3
7971;0
7972;1
7973;0
7974;1
7975;2
7976;3
7977;0
7978;1
7979;1
7980;0
7981;3
7982;0
7983;0
7984;0
7985;1
7986;2
7987;0
7988;2
7989;0
7990;0
7991;1
7992;1
7993;1
7994;2
7995;2
7996;2
7997;1
7998;2
7999;0
8000;1
8001;1
8002;1
8003;0
8004;2
8005;0
8006;1
8007;1
8008;2
8009;2
8010;1
8011;1
8012;0
8013;1
8014;1
8015;1
8016;1
8017;1
8018;2
8019;2
8020;3
8021;2
8022;0
8023;3
8024;2
8025;2
8026;1
8027;2
8028;2
8029;1
8030;2
8031;0
8032;0
8033;1
8034;2
8035;3
8036;4
8037;2
8038;0
8039;1
8040;1
8041;0
8042;1
8043;0
8044;0
8045;2
8046;0
8047;2
8048;1
8049;0
8050;0
8051;0
8052;1
8053;0
8054;0
8055;4
8056;1
8057;2
8058;0
8059;1
8060;0
8061;1
8062;2
8063;0
8064;3
8065;1
8066;1
8067;0
8068;3
8069;0
8070;0
8071;0
8072;2
8073;4
8074;4
8075;1
8076;2
8077;0
8078;1
8079;2
8080;2
8081;1
8082;4
8083;1
8084;2
8085;0
8086;1
8087;0
8088;2
8089;0
8090;1
8091;2
8092;1
8093;0
8094;0
8095;3
8096;0
8097;0
8098;0
8099;2
8100;1
8101;0
8102;2
8103;3
8104;2
8105;1
8106;5
8107;1
8108;2
8109;1
8110;0
8111;0
8112;1
8113;0
8114;2
8115;0
8116;2
8117;3
8118;5
8119;2
8120;3
8121;1
8122;3
8123;1
8124;2
8125;1
8126;2
8127;1
8128;0
8129;2
8130;2
8131;3
8132;0
8133;2
8134;0
8135;3
8136;2
8137;0
8138;1
8139;0
8140;2
8141;1
8142;0
8143;0
8144;0
8145;0
8146;0
8147;0
8148;0
8149;0
8150;0
8151;0
8152;0
8153;0
8154;0
8155;0
8156;0
8157;0
8158;0
8159;0
8160;0
8161;0
8162;0
8163;0
8164;0
8165;0
8166;0
8167;0
8168;0
8169;0
8170;0
8171;0
8172;0
8173;0
8174;0
8175;0
8176;0
8177;0
8178;0
8179;0
8180;0
8181;0
8182;0
8183;0
8184;0
8185;0
8186;0
8187;0
8188;0
8189;0
8190;0
8191;0
