0;0
1;0
2;0
3;0
4;0
5;1
6;0
7;0
8;0
9;0
10;1
11;0
12;0
13;0
14;0
15;0
16;0
17;0
18;0
19;0
20;0
21;0
22;0
23;1
24;0
25;2
26;0
27;0
28;0
29;0
30;0
31;0
32;1
33;0
34;2
35;0
36;0
37;0
38;0
39;0
40;0
41;0
42;0
43;0
44;1
45;1
46;0
47;0
48;1
49;1
50;0
51;0
52;0
53;1
54;0
55;0
56;3
57;0
58;0
59;3
60;4
61;0
62;0
63;0
64;0
65;3
66;1
67;2
68;3
69;0
70;0
71;1
72;0
73;0
74;0
75;2
76;1
77;9
78;38
79;65
80;94
81;117
82;119
83;121
84;103
85;106
86;109
87;119
88;102
89;110
90;128
91;113
92;100
93;127
94;126
95;106
96;121
97;119
98;101
99;105
100;103
101;109
102;122
103;122
104;113
105;114
106;126
107;126
108;124
109;136
110;127
111;127
112;136
113;124
114;143
115;136
116;132
117;140
118;130
119;120
120;135
121;141
122;118
123;140
124;140
125;125
126;132
127;115
128;134
129;168
130;170
131;161
132;132
133;155
134;155
135;150
136;145
137;143
138;134
139;127
140;147
141;149
142;150
143;142
144;154
145;128
146;166
147;138
148;160
149;163
150;141
151;140
152;144
153;141
154;143
155;151
156;159
157;156
158;155
159;132
160;146
161;149
162;173
163;149
164;180
165;131
166;143
167;139
168;161
169;152
170;146
171;138
172;115
173;152
174;160
175;139
176;154
177;141
178;161
179;129
180;130
181;146
182;174
183;152
184;142
185;172
186;145
187;143
188;146
189;144
190;123
191;151
192;137
193;156
194;149
195;158
196;154
197;156
198;144
199;141
200;155
201;167
202;153
203;177
204;169
205;164
206;161
207;159
208;157
209;172
210;168
211;177
212;164
213;175
214;170
215;194
216;149
217;171
218;138
219;163
220;160
221;148
222;174
223;180
224;184
225;158
226;167
227;178
228;179
229;201
230;178
231;180
232;200
233;201
234;213
235;177
236;193
237;173
238;171
239;199
240;176
241;189
242;203
243;186
244;198
245;192
246;240
247;223
248;175
249;197
250;235
251;226
252;202
253;216
254;233
255;211
256;234
257;230
258;194
259;212
260;207
261;226
262;223
263;232
264;212
265;227
266;232
267;223
268;231
269;218
270;227
271;232
272;210
273;268
274;253
275;251
276;248
277;233
278;240
279;258
280;271
281;222
282;243
283;274
284;262
285;245
286;238
287;242
288;290
289;214
290;276
291;266
292;272
293;293
294;260
295;258
296;300
297;273
298;309
299;280
300;279
301;285
302;290
303;293
304;278
305;292
306;346
307;306
308;295
309;315
310;305
311;292
312;293
313;332
314;305
315;323
316;286
317;319
318;285
319;325
320;308
321;309
322;318
323;317
324;301
325;333
326;337
327;313
328;342
329;333
330;352
331;346
332;328
333;333
334;337
335;367
336;318
337;344
338;329
339;337
340;323
341;369
342;344
343;349
344;346
345;391
346;324
347;368
348;348
349;382
350;342
351;363
352;366
353;363
354;321
355;373
356;365
357;361
358;377
359;361
360;355
361;371
362;367
363;331
364;329
365;428
366;377
367;378
368;357
369;368
370;381
371;378
372;383
373;341
374;374
375;382
376;366
377;377
378;378
379;373
380;376
381;362
382;393
383;359
384;392
385;368
386;363
387;403
388;390
389;411
390;415
391;389
392;388
393;389
394;375
395;369
396;358
397;377
398;369
399;362
400;388
401;394
402;371
403;405
404;374
405;344
406;355
407;356
408;408
409;383
410;354
411;401
412;400
413;369
414;368
415;376
416;422
417;347
418;405
419;353
420;395
421;352
422;404
423;381
424;390
425;364
426;387
427;392
428;384
429;387
430;392
431;413
432;397
433;365
434;379
435;407
436;425
437;384
438;361
439;367
440;403
441;383
442;419
443;356
444;383
445;414
446;380
447;385
448;366
449;384
450;419
451;405
452;409
453;393
454;388
455;378
456;402
457;376
458;397
459;375
460;369
461;392
462;367
463;398
464;368
465;378
466;429
467;354
468;361
469;357
470;405
471;388
472;367
473;370
474;352
475;381
476;387
477;431
478;396
479;354
480;368
481;370
482;379
483;373
484;364
485;387
486;359
487;391
488;364
489;410
490;355
491;386
492;377
493;386
494;370
495;370
496;407
497;376
498;364
499;376
500;358
501;374
502;348
503;362
504;369
505;386
506;350
507;381
508;425
509;398
510;356
511;353
512;362
513;382
514;410
515;349
516;376
517;356
518;379
519;370
520;400
521;364
522;374
523;393
524;400
525;355
526;354
527;399
528;380
529;381
530;370
531;363
532;371
533;349
534;394
535;378
536;372
537;354
538;353
539;354
540;359
541;362
542;361
543;347
544;378
545;355
546;385
547;351
548;382
549;347
550;346
551;386
552;370
553;371
554;383
555;363
556;390
557;387
558;352
559;352
560;351
561;362
562;349
563;348
564;373
565;367
566;354
567;384
568;380
569;380
570;351
571;368
572;404
573;354
574;357
575;313
576;337
577;357
578;350
579;343
580;364
581;372
582;367
583;343
584;379
585;362
586;392
587;367
588;352
589;378
590;346
591;336
592;354
593;325
594;389
595;361
596;383
597;335
598;343
599;343
600;345
601;354
602;335
603;331
604;343
605;359
606;377
607;298
608;349
609;361
610;353
611;319
612;372
613;349
614;333
615;297
616;366
617;322
618;345
619;338
620;351
621;317
622;348
623;343
624;356
625;358
626;365
627;354
628;343
629;328
630;325
631;308
632;322
633;325
634;308
635;355
636;320
637;299
638;348
639;330
640;295
641;301
642;326
643;315
644;327
645;315
646;345
647;351
648;335
649;302
650;324
651;352
652;343
653;313
654;337
655;328
656;325
657;319
658;288
659;315
660;328
661;331
662;338
663;314
664;322
665;347
666;315
667;322
668;316
669;356
670;302
671;325
672;337
673;325
674;322
675;310
676;328
677;289
678;307
679;307
680;321
681;325
682;323
683;317
684;322
685;359
686;349
687;311
688;303
689;316
690;298
691;299
692;317
693;299
694;302
695;320
696;313
697;282
698;295
699;319
700;281
701;303
702;259
703;290
704;290
705;290
706;303
707;319
708;292
709;281
710;317
711;299
712;308
713;282
714;318
715;296
716;313
717;298
718;305
719;301
720;293
721;271
722;306
723;294
724;285
725;301
726;286
727;278
728;292
729;285
730;331
731;289
732;314
733;293
734;300
735;276
736;283
737;279
738;271
739;284
740;278
741;275
742;289
743;308
744;280
745;258
746;289
747;282
748;282
749;278
750;282
751;283
752;292
753;291
754;293
755;317
756;280
757;267
758;293
759;280
760;275
761;287
762;288
763;278
764;320
765;295
766;268
767;294
768;306
769;302
770;303
771;299
772;283
773;294
774;297
775;291
776;273
777;305
778;289
779;261
780;263
781;260
782;286
783;282
784;236
785;277
786;296
787;305
788;282
789;253
790;270
791;281
792;286
793;267
794;257
795;277
796;254
797;284
798;274
799;302
800;261
801;275
802;257
803;249
804;242
805;275
806;284
807;259
808;263
809;284
810;261
811;235
812;258
813;239
814;280
815;263
816;267
817;297
818;270
819;252
820;239
821;308
822;253
823;267
824;267
825;289
826;251
827;273
828;271
829;255
830;279
831;271
832;269
833;258
834;242
835;263
836;283
837;277
838;279
839;305
840;270
841;292
842;255
843;282
844;259
845;256
846;283
847;283
848;245
849;283
850;251
851;261
852;255
853;286
854;282
855;248
856;274
857;259
858;277
859;251
860;261
861;259
862;287
863;249
864;242
865;246
866;268
867;277
868;254
869;258
870;254
871;271
872;279
873;292
874;269
875;227
876;251
877;262
878;249
879;270
880;271
881;258
882;265
883;257
884;272
885;266
886;275
887;236
888;219
889;239
890;284
891;260
892;281
893;258
894;278
895;266
896;283
897;256
898;275
899;242
900;280
901;255
902;233
903;261
904;277
905;293
906;262
907;255
908;278
909;248
910;258
911;280
912;274
913;276
914;277
915;257
916;257
917;270
918;275
919;250
920;262
921;287
922;308
923;280
924;256
925;276
926;294
927;256
928;274
929;273
930;292
931;260
932;281
933;247
934;269
935;258
936;288
937;276
938;254
939;269
940;273
941;270
942;322
943;257
944;286
945;275
946;253
947;288
948;277
949;279
950;284
951;278
952;298
953;285
954;272
955;263
956;255
957;275
958;285
959;307
960;303
961;258
962;275
963;285
964;277
965;253
966;280
967;250
968;295
969;267
970;273
971;293
972;287
973;264
974;270
975;277
976;267
977;278
978;295
979;298
980;272
981;249
982;253
983;282
984;280
985;287
986;263
987;284
988;292
989;260
990;290
991;296
992;267
993;298
994;269
995;278
996;288
997;290
998;303
999;288
1000;273
1001;278
1002;273
1003;273
1004;264
1005;262
1006;287
1007;280
1008;285
1009;269
1010;271
1011;252
1012;271
1013;293
1014;277
1015;285
1016;308
1017;256
1018;287
1019;268
1020;262
1021;272
1022;282
1023;273
1024;261
1025;261
1026;268
1027;265
1028;257
1029;267
1030;275
1031;292
1032;247
1033;271
1034;233
1035;269
1036;254
1037;263
1038;271
1039;275
1040;236
1041;270
1042;250
1043;276
1044;264
1045;254
1046;262
1047;271
1048;236
1049;269
1050;255
1051;229
1052;255
1053;267
1054;253
1055;267
1056;248
1057;256
1058;242
1059;241
1060;249
1061;264
1062;267
1063;265
1064;253
1065;274
1066;221
1067;248
1068;249
1069;238
1070;227
1071;275
1072;226
1073;234
1074;251
1075;236
1076;231
1077;254
1078;247
1079;261
1080;246
1081;265
1082;242
1083;254
1084;255
1085;241
1086;236
1087;244
1088;245
1089;274
1090;240
1091;216
1092;235
1093;225
1094;229
1095;223
1096;239
1097;225
1098;254
1099;217
1100;215
1101;239
1102;230
1103;247
1104;227
1105;225
1106;221
1107;247
1108;215
1109;259
1110;237
1111;222
1112;221
1113;217
1114;217
1115;197
1116;236
1117;223
1118;214
1119;222
1120;207
1121;239
1122;235
1123;190
1124;224
1125;213
1126;208
1127;207
1128;214
1129;219
1130;203
1131;228
1132;212
1133;203
1134;245
1135;200
1136;243
1137;202
1138;208
1139;197
1140;186
1141;194
1142;197
1143;193
1144;205
1145;191
1146;202
1147;202
1148;199
1149;226
1150;196
1151;202
1152;197
1153;164
1154;215
1155;200
1156;179
1157;213
1158;201
1159;211
1160;212
1161;191
1162;195
1163;209
1164;174
1165;198
1166;182
1167;196
1168;191
1169;207
1170;218
1171;202
1172;201
1173;206
1174;179
1175;187
1176;223
1177;226
1178;196
1179;186
1180;217
1181;178
1182;202
1183;199
1184;170
1185;213
1186;190
1187;217
1188;180
1189;211
1190;194
1191;199
1192;214
1193;192
1194;185
1195;178
1196;187
1197;186
1198;180
1199;196
1200;201
1201;171
1202;189
1203;202
1204;217
1205;186
1206;164
1207;165
1208;202
1209;199
1210;173
1211;197
1212;203
1213;201
1214;173
1215;175
1216;164
1217;169
1218;174
1219;178
1220;207
1221;187
1222;204
1223;188
1224;177
1225;174
1226;172
1227;169
1228;192
1229;175
1230;191
1231;196
1232;181
1233;177
1234;192
1235;176
1236;191
1237;159
1238;168
1239;158
1240;179
1241;192
1242;161
1243;189
1244;193
1245;190
1246;168
1247;174
1248;170
1249;190
1250;183
1251;165
1252;171
1253;176
1254;175
1255;178
1256;171
1257;165
1258;192
1259;184
1260;186
1261;170
1262;149
1263;192
1264;182
1265;193
1266;172
1267;183
1268;166
1269;189
1270;185
1271;182
1272;172
1273;181
1274;156
1275;179
1276;179
1277;151
1278;194
1279;181
1280;167
1281;175
1282;159
1283;183
1284;198
1285;162
1286;162
1287;171
1288;168
1289;161
1290;153
1291;173
1292;187
1293;165
1294;195
1295;160
1296;166
1297;177
1298;180
1299;175
1300;171
1301;167
1302;164
1303;154
1304;192
1305;168
1306;166
1307;165
1308;176
1309;155
1310;171
1311;199
1312;179
1313;173
1314;174
1315;169
1316;156
1317;174
1318;175
1319;154
1320;165
1321;183
1322;147
1323;142
1324;187
1325;168
1326;161
1327;150
1328;185
1329;158
1330;159
1331;134
1332;183
1333;166
1334;173
1335;162
1336;156
1337;151
1338;167
1339;184
1340;154
1341;183
1342;161
1343;167
1344;178
1345;150
1346;180
1347;154
1348;167
1349;172
1350;143
1351;159
1352;152
1353;157
1354;132
1355;159
1356;161
1357;127
1358;182
1359;162
1360;165
1361;170
1362;147
1363;171
1364;172
1365;169
1366;182
1367;178
1368;156
1369;147
1370;170
1371;156
1372;162
1373;170
1374;145
1375;158
1376;173
1377;152
1378;149
1379;160
1380;167
1381;147
1382;132
1383;153
1384;177
1385;164
1386;133
1387;172
1388;140
1389;156
1390;149
1391;159
1392;157
1393;166
1394;151
1395;152
1396;162
1397;142
1398;169
1399;148
1400;148
1401;170
1402;148
1403;135
1404;148
1405;143
1406;170
1407;141
1408;155
1409;143
1410;154
1411;137
1412;155
1413;157
1414;143
1415;156
1416;173
1417;130
1418;117
1419;153
1420;144
1421;159
1422;132
1423;143
1424;154
1425;147
1426;168
1427;153
1428;140
1429;156
1430;166
1431;146
1432;171
1433;150
1434;151
1435;130
1436;145
1437;149
1438;138
1439;148
1440;145
1441;152
1442;152
1443;173
1444;173
1445;165
1446;155
1447;148
1448;152
1449;143
1450;134
1451;168
1452;131
1453;159
1454;133
1455;154
1456;137
1457;137
1458;135
1459;150
1460;167
1461;141
1462;146
1463;135
1464;131
1465;137
1466;158
1467;153
1468;132
1469;159
1470;163
1471;153
1472;145
1473;136
1474;146
1475;159
1476;134
1477;160
1478;142
1479;146
1480;130
1481;137
1482;138
1483;166
1484;161
1485;145
1486;155
1487;160
1488;164
1489;145
1490;137
1491;132
1492;142
1493;158
1494;148
1495;131
1496;139
1497;113
1498;165
1499;144
1500;129
1501;142
1502;145
1503;141
1504;159
1505;153
1506;153
1507;129
1508;150
1509;140
1510;134
1511;160
1512;133
1513;161
1514;131
1515;159
1516;161
1517;146
1518;132
1519;141
1520;121
1521;120
1522;115
1523;126
1524;139
1525;127
1526;145
1527;145
1528;141
1529;127
1530;125
1531;126
1532;128
1533;143
1534;139
1535;131
1536;142
1537;137
1538;136
1539;135
1540;140
1541;136
1542;120
1543;143
1544;144
1545;140
1546;145
1547;113
1548;133
1549;146
1550;135
1551;131
1552;144
1553;134
1554;137
1555;143
1556;150
1557;133
1558;152
1559;142
1560;112
1561;115
1562;124
1563;128
1564;122
1565;137
1566;133
1567;109
1568;134
1569;158
1570;140
1571;157
1572;115
1573;127
1574;135
1575;128
1576;126
1577;123
1578;143
1579;151
1580;117
1581;110
1582;125
1583;130
1584;156
1585;128
1586;129
1587;126
1588;134
1589;130
1590;137
1591;140
1592;117
1593;121
1594;133
1595;131
1596;114
1597;132
1598;118
1599;132
1600;132
1601;109
1602;137
1603;108
1604;113
1605;137
1606;128
1607;140
1608;125
1609;121
1610;119
1611;130
1612;125
1613;134
1614;119
1615;128
1616;103
1617;122
1618;117
1619;135
1620;103
1621;130
1622;130
1623;116
1624;110
1625;120
1626;127
1627;121
1628;120
1629;153
1630;146
1631;128
1632;132
1633;120
1634;116
1635;110
1636;126
1637;124
1638;139
1639;107
1640;120
1641;126
1642;105
1643;121
1644;135
1645;130
1646;128
1647;137
1648;111
1649;112
1650;97
1651;123
1652;119
1653;128
1654;110
1655;119
1656;123
1657;98
1658;114
1659;138
1660;112
1661;115
1662;121
1663;129
1664;109
1665;131
1666;127
1667;114
1668;133
1669;124
1670;105
1671;114
1672;115
1673;122
1674;105
1675;126
1676;120
1677;119
1678;115
1679;112
1680;112
1681;112
1682;111
1683;105
1684;110
1685;120
1686;110
1687;100
1688;118
1689;106
1690;103
1691;104
1692;107
1693;113
1694;115
1695;124
1696;109
1697;94
1698;121
1699;101
1700;105
1701;118
1702;128
1703;105
1704;118
1705;106
1706;134
1707;112
1708;91
1709;110
1710;98
1711;116
1712;109
1713;109
1714;129
1715;120
1716;97
1717;104
1718;125
1719;114
1720;123
1721;112
1722;125
1723;99
1724;79
1725;96
1726;103
1727;117
1728;114
1729;107
1730;108
1731;101
1732;112
1733;108
1734;105
1735;105
1736;104
1737;118
1738;107
1739;98
1740;101
1741;116
1742;112
1743;94
1744;106
1745;112
1746;110
1747;112
1748;109
1749;110
1750;110
1751;116
1752;128
1753;118
1754;110
1755;120
1756;106
1757;113
1758;79
1759;99
1760;97
1761;91
1762;106
1763;102
1764;105
1765;96
1766;115
1767;96
1768;71
1769;121
1770;122
1771;113
1772;107
1773;116
1774;118
1775;97
1776;101
1777;122
1778;110
1779;100
1780;116
1781;112
1782;101
1783;104
1784;90
1785;102
1786;115
1787;96
1788;92
1789;102
1790;102
1791;93
1792;113
1793;129
1794;107
1795;96
1796;86
1797;89
1798;89
1799;101
1800;101
1801;90
1802;112
1803;98
1804;99
1805;109
1806;113
1807;95
1808;94
1809;114
1810;107
1811;99
1812;105
1813;98
1814;107
1815;95
1816;112
1817;97
1818;99
1819;104
1820;100
1821;98
1822;127
1823;92
1824;114
1825;88
1826;96
1827;93
1828;94
1829;98
1830;108
1831;94
1832;108
1833;112
1834;105
1835;114
1836;123
1837;90
1838;107
1839;104
1840;94
1841;96
1842;100
1843;114
1844;97
1845;98
1846;102
1847;90
1848;120
1849;109
1850;110
1851;103
1852;114
1853;103
1854;111
1855;108
1856;84
1857;90
1858;111
1859;101
1860;81
1861;101
1862;76
1863;106
1864;98
1865;105
1866;104
1867;114
1868;99
1869;72
1870;87
1871;82
1872;106
1873;107
1874;100
1875;116
1876;95
1877;113
1878;96
1879;109
1880;88
1881;90
1882;92
1883;104
1884;79
1885;99
1886;92
1887;93
1888;101
1889;78
1890;98
1891;92
1892;80
1893;108
1894;86
1895;78
1896;89
1897;89
1898;89
1899;95
1900;111
1901;96
1902;108
1903;120
1904;101
1905;103
1906;86
1907;95
1908;90
1909;100
1910;92
1911;90
1912;91
1913;99
1914;88
1915;104
1916;93
1917;92
1918;101
1919;97
1920;92
1921;89
1922;105
1923;98
1924;84
1925;78
1926;103
1927;97
1928;95
1929;97
1930;72
1931;89
1932;83
1933;91
1934;89
1935;102
1936;91
1937;88
1938;83
1939;90
1940;93
1941;98
1942;97
1943;107
1944;120
1945;98
1946;112
1947;91
1948;80
1949;98
1950;113
1951;87
1952;92
1953;101
1954;102
1955;99
1956;104
1957;91
1958;92
1959;91
1960;97
1961;87
1962;75
1963;106
1964;96
1965;79
1966;90
1967;111
1968;100
1969;77
1970;78
1971;96
1972;82
1973;105
1974;71
1975;101
1976;94
1977;73
1978;98
1979;84
1980;95
1981;93
1982;101
1983;87
1984;75
1985;84
1986;100
1987;91
1988;94
1989;94
1990;85
1991;115
1992;92
1993;93
1994;96
1995;113
1996;98
1997;106
1998;84
1999;86
2000;90
2001;86
2002;111
2003;95
2004;86
2005;94
2006;85
2007;86
2008;88
2009;110
2010;99
2011;92
2012;80
2013;87
2014;72
2015;77
2016;89
2017;80
2018;86
2019;101
2020;81
2021;83
2022;82
2023;87
2024;76
2025;79
2026;90
2027;94
2028;89
2029;109
2030;73
2031;76
2032;93
2033;98
2034;100
2035;89
2036;85
2037;96
2038;107
2039;83
2040;95
2041;97
2042;86
2043;71
2044;78
2045;77
2046;92
2047;75
2048;81
2049;100
2050;98
2051;89
2052;92
2053;87
2054;85
2055;108
2056;85
2057;83
2058;73
2059;93
2060;109
2061;74
2062;102
2063;104
2064;110
2065;82
2066;82
2067;81
2068;80
2069;86
2070;89
2071;88
2072;88
2073;82
2074;82
2075;90
2076;85
2077;96
2078;80
2079;80
2080;92
2081;88
2082;80
2083;88
2084;63
2085;109
2086;92
2087;80
2088;84
2089;82
2090;106
2091;86
2092;82
2093;71
2094;86
2095;81
2096;99
2097;76
2098;95
2099;96
2100;83
2101;74
2102;86
2103;86
2104;74
2105;98
2106;70
2107;90
2108;83
2109;93
2110;97
2111;89
2112;96
2113;83
2114;104
2115;85
2116;95
2117;90
2118;83
2119;72
2120;91
2121;80
2122;87
2123;75
2124;85
2125;87
2126;94
2127;85
2128;110
2129;87
2130;99
2131;77
2132;85
2133;77
2134;77
2135;78
2136;91
2137;81
2138;72
2139;78
2140;93
2141;86
2142;82
2143;103
2144;84
2145;87
2146;84
2147;92
2148;85
2149;95
2150;83
2151;82
2152;75
2153;72
2154;72
2155;98
2156;73
2157;79
2158;82
2159;82
2160;94
2161;87
2162;87
2163;86
2164;82
2165;84
2166;85
2167;78
2168;77
2169;91
2170;74
2171;84
2172;87
2173;83
2174;93
2175;81
2176;93
2177;100
2178;95
2179;58
2180;85
2181;81
2182;91
2183;94
2184;109
2185;73
2186;76
2187;87
2188;90
2189;79
2190;92
2191;79
2192;82
2193;81
2194;92
2195;95
2196;82
2197;77
2198;93
2199;87
2200;88
2201;89
2202;87
2203;78
2204;90
2205;80
2206;97
2207;90
2208;85
2209;88
2210;76
2211;89
2212;77
2213;73
2214;77
2215;87
2216;69
2217;88
2218;89
2219;85
2220;87
2221;87
2222;68
2223;74
2224;93
2225;77
2226;76
2227;82
2228;80
2229;74
2230;74
2231;68
2232;83
2233;97
2234;88
2235;76
2236;75
2237;90
2238;87
2239;106
2240;84
2241;90
2242;82
2243;85
2244;81
2245;67
2246;86
2247;97
2248;89
2249;68
2250;79
2251;79
2252;97
2253;83
2254;101
2255;84
2256;84
2257;105
2258;93
2259;101
2260;80
2261;72
2262;75
2263;75
2264;81
2265;66
2266;73
2267;97
2268;82
2269;75
2270;83
2271;73
2272;91
2273;73
2274;71
2275;93
2276;70
2277;90
2278;94
2279;83
2280;91
2281;88
2282;81
2283;77
2284;72
2285;79
2286;93
2287;94
2288;58
2289;81
2290;76
2291;74
2292;84
2293;100
2294;84
2295;79
2296;107
2297;76
2298;100
2299;79
2300;77
2301;86
2302;65
2303;83
2304;72
2305;90
2306;73
2307;86
2308;87
2309;69
2310;89
2311;85
2312;87
2313;75
2314;102
2315;85
2316;79
2317;89
2318;83
2319;81
2320;91
2321;81
2322;98
2323;84
2324;109
2325;104
2326;79
2327;95
2328;87
2329;78
2330;61
2331;67
2332;77
2333;74
2334;81
2335;68
2336;93
2337;79
2338;88
2339;82
2340;88
2341;71
2342;89
2343;73
2344;70
2345;86
2346;73
2347;98
2348;85
2349;94
2350;100
2351;80
2352;82
2353;92
2354;80
2355;73
2356;83
2357;90
2358;81
2359;82
2360;98
2361;88
2362;72
2363;76
2364;77
2365;88
2366;79
2367;70
2368;84
2369;76
2370;64
2371;85
2372;87
2373;76
2374;75
2375;89
2376;75
2377;72
2378;84
2379;86
2380;87
2381;85
2382;94
2383;91
2384;77
2385;72
2386;98
2387;84
2388;69
2389;75
2390;75
2391;75
2392;89
2393;79
2394;89
2395;67
2396;73
2397;71
2398;84
2399;81
2400;76
2401;81
2402;95
2403;73
2404;78
2405;71
2406;79
2407;77
2408;84
2409;75
2410;68
2411;94
2412;93
2413;86
2414;72
2415;71
2416;94
2417;91
2418;71
2419;68
2420;73
2421;67
2422;82
2423;77
2424;79
2425;74
2426;78
2427;78
2428;81
2429;61
2430;77
2431;89
2432;88
2433;66
2434;73
2435;81
2436;74
2437;80
2438;81
2439;82
2440;82
2441;82
2442;77
2443;75
2444;80
2445;93
2446;73
2447;84
2448;78
2449;82
2450;89
2451;72
2452;95
2453;93
2454;83
2455;93
2456;87
2457;63
2458;92
2459;73
2460;76
2461;93
2462;81
2463;76
2464;82
2465;76
2466;65
2467;79
2468;77
2469;86
2470;69
2471;85
2472;78
2473;73
2474;73
2475;96
2476;74
2477;83
2478;69
2479;95
2480;78
2481;72
2482;80
2483;89
2484;85
2485;68
2486;73
2487;99
2488;56
2489;75
2490;66
2491;68
2492;98
2493;82
2494;75
2495;83
2496;79
2497;94
2498;80
2499;78
2500;82
2501;95
2502;70
2503;80
2504;61
2505;76
2506;63
2507;76
2508;85
2509;72
2510;65
2511;77
2512;84
2513;71
2514;81
2515;81
2516;79
2517;86
2518;85
2519;91
2520;87
2521;87
2522;82
2523;85
2524;76
2525;80
2526;79
2527;79
2528;87
2529;78
2530;83
2531;76
2532;79
2533;78
2534;70
2535;88
2536;85
2537;65
2538;84
2539;73
2540;81
2541;87
2542;75
2543;77
2544;84
2545;90
2546;71
2547;59
2548;73
2549;74
2550;85
2551;68
2552;88
2553;81
2554;73
2555;67
2556;80
2557;92
2558;65
2559;81
2560;68
2561;80
2562;82
2563;70
2564;91
2565;78
2566;71
2567;70
2568;83
2569;92
2570;84
2571;82
2572;83
2573;76
2574;92
2575;70
2576;95
2577;73
2578;85
2579;77
2580;73
2581;80
2582;71
2583;71
2584;74
2585;93
2586;76
2587;68
2588;86
2589;86
2590;81
2591;79
2592;69
2593;79
2594;83
2595;79
2596;83
2597;81
2598;91
2599;103
2600;86
2601;78
2602;70
2603;70
2604;62
2605;76
2606;80
2607;87
2608;86
2609;66
2610;71
2611;81
2612;80
2613;90
2614;72
2615;75
2616;97
2617;83
2618;80
2619;79
2620;101
2621;74
2622;83
2623;77
2624;86
2625;86
2626;69
2627;96
2628;83
2629;73
2630;80
2631;72
2632;79
2633;78
2634;81
2635;71
2636;80
2637;83
2638;84
2639;77
2640;85
2641;84
2642;91
2643;103
2644;72
2645;57
2646;90
2647;70
2648;91
2649;67
2650;85
2651;79
2652;68
2653;75
2654;85
2655;90
2656;83
2657;91
2658;69
2659;77
2660;88
2661;80
2662;80
2663;65
2664;70
2665;82
2666;81
2667;77
2668;64
2669;83
2670;94
2671;93
2672;62
2673;67
2674;74
2675;84
2676;64
2677;73
2678;61
2679;87
2680;85
2681;96
2682;79
2683;85
2684;86
2685;96
2686;91
2687;85
2688;93
2689;70
2690;83
2691;96
2692;66
2693;95
2694;80
2695;68
2696;85
2697;83
2698;71
2699;74
2700;88
2701;69
2702;70
2703;75
2704;85
2705;85
2706;78
2707;75
2708;86
2709;84
2710;84
2711;87
2712;74
2713;83
2714;77
2715;80
2716;57
2717;68
2718;74
2719;74
2720;78
2721;72
2722;71
2723;74
2724;89
2725;86
2726;85
2727;88
2728;77
2729;70
2730;78
2731;70
2732;80
2733;78
2734;84
2735;69
2736;78
2737;75
2738;78
2739;71
2740;66
2741;87
2742;63
2743;86
2744;80
2745;82
2746;72
2747;70
2748;85
2749;85
2750;85
2751;94
2752;80
2753;89
2754;79
2755;74
2756;82
2757;73
2758;65
2759;64
2760;78
2761;65
2762;86
2763;97
2764;82
2765;65
2766;76
2767;79
2768;84
2769;81
2770;86
2771;64
2772;72
2773;83
2774;83
2775;84
2776;66
2777;70
2778;74
2779;83
2780;74
2781;60
2782;91
2783;63
2784;72
2785;82
2786;71
2787;81
2788;69
2789;70
2790;94
2791;68
2792;80
2793;84
2794;73
2795;70
2796;79
2797;82
2798;60
2799;74
2800;78
2801;77
2802;72
2803;54
2804;71
2805;92
2806;72
2807;72
2808;68
2809;68
2810;87
2811;70
2812;61
2813;66
2814;88
2815;77
2816;79
2817;74
2818;82
2819;81
2820;61
2821;86
2822;79
2823;80
2824;69
2825;66
2826;66
2827;72
2828;69
2829;91
2830;54
2831;82
2832;76
2833;60
2834;77
2835;90
2836;64
2837;81
2838;75
2839;62
2840;63
2841;65
2842;80
2843;71
2844;69
2845;75
2846;66
2847;72
2848;69
2849;72
2850;65
2851;66
2852;64
2853;76
2854;62
2855;90
2856;61
2857;63
2858;77
2859;72
2860;77
2861;75
2862;72
2863;69
2864;81
2865;83
2866;64
2867;91
2868;71
2869;86
2870;72
2871;86
2872;72
2873;74
2874;84
2875;76
2876;66
2877;88
2878;56
2879;96
2880;66
2881;80
2882;66
2883;68
2884;78
2885;61
2886;78
2887;67
2888;76
2889;57
2890;69
2891;79
2892;86
2893;52
2894;69
2895;75
2896;70
2897;72
2898;62
2899;66
2900;84
2901;68
2902;85
2903;58
2904;74
2905;72
2906;85
2907;69
2908;70
2909;79
2910;80
2911;74
2912;70
2913;71
2914;62
2915;87
2916;77
2917;72
2918;62
2919;77
2920;62
2921;69
2922;71
2923;84
2924;66
2925;67
2926;80
2927;87
2928;72
2929;67
2930;66
2931;74
2932;67
2933;69
2934;57
2935;68
2936;84
2937;58
2938;78
2939;69
2940;61
2941;76
2942;68
2943;70
2944;84
2945;71
2946;78
2947;64
2948;64
2949;77
2950;81
2951;66
2952;68
2953;63
2954;72
2955;59
2956;64
2957;77
2958;90
2959;72
2960;76
2961;77
2962;73
2963;84
2964;70
2965;53
2966;74
2967;75
2968;77
2969;61
2970;64
2971;78
2972;62
2973;81
2974;61
2975;90
2976;66
2977;78
2978;61
2979;69
2980;89
2981;83
2982;76
2983;79
2984;75
2985;58
2986;74
2987;64
2988;73
2989;76
2990;87
2991;76
2992;78
2993;80
2994;57
2995;79
2996;75
2997;85
2998;79
2999;85
3000;77
3001;71
3002;79
3003;76
3004;67
3005;69
3006;66
3007;66
3008;64
3009;83
3010;77
3011;76
3012;85
3013;65
3014;79
3015;77
3016;65
3017;81
3018;79
3019;56
3020;62
3021;65
3022;63
3023;71
3024;76
3025;73
3026;64
3027;72
3028;63
3029;72
3030;71
3031;72
3032;64
3033;85
3034;65
3035;68
3036;76
3037;71
3038;72
3039;78
3040;79
3041;73
3042;71
3043;78
3044;66
3045;80
3046;67
3047;72
3048;65
3049;65
3050;60
3051;66
3052;71
3053;67
3054;70
3055;59
3056;73
3057;68
3058;80
3059;79
3060;76
3061;81
3062;81
3063;73
3064;70
3065;76
3066;63
3067;65
3068;73
3069;68
3070;90
3071;84
3072;82
3073;67
3074;67
3075;65
3076;72
3077;76
3078;63
3079;78
3080;87
3081;68
3082;68
3083;62
3084;58
3085;79
3086;91
3087;73
3088;82
3089;67
3090;89
3091;78
3092;66
3093;83
3094;60
3095;73
3096;65
3097;80
3098;68
3099;64
3100;75
3101;72
3102;72
3103;74
3104;61
3105;81
3106;71
3107;70
3108;79
3109;61
3110;80
3111;74
3112;70
3113;96
3114;80
3115;64
3116;62
3117;62
3118;70
3119;80
3120;75
3121;73
3122;80
3123;73
3124;72
3125;70
3126;68
3127;61
3128;66
3129;65
3130;71
3131;88
3132;80
3133;57
3134;66
3135;65
3136;71
3137;70
3138;73
3139;67
3140;69
3141;83
3142;73
3143;69
3144;86
3145;73
3146;65
3147;66
3148;81
3149;75
3150;66
3151;75
3152;84
3153;64
3154;61
3155;66
3156;70
3157;75
3158;68
3159;72
3160;76
3161;63
3162;72
3163;78
3164;65
3165;73
3166;83
3167;77
3168;70
3169;78
3170;73
3171;57
3172;70
3173;74
3174;77
3175;72
3176;94
3177;64
3178;62
3179;73
3180;81
3181;67
3182;86
3183;69
3184;77
3185;88
3186;72
3187;63
3188;62
3189;72
3190;64
3191;72
3192;62
3193;72
3194;78
3195;76
3196;78
3197;77
3198;77
3199;75
3200;81
3201;68
3202;72
3203;81
3204;80
3205;83
3206;67
3207;77
3208;69
3209;90
3210;76
3211;79
3212;79
3213;64
3214;68
3215;71
3216;70
3217;74
3218;67
3219;78
3220;71
3221;70
3222;78
3223;78
3224;85
3225;68
3226;62
3227;73
3228;76
3229;62
3230;68
3231;51
3232;76
3233;70
3234;81
3235;68
3236;84
3237;68
3238;79
3239;68
3240;77
3241;77
3242;65
3243;87
3244;72
3245;47
3246;80
3247;70
3248;84
3249;69
3250;64
3251;69
3252;77
3253;65
3254;66
3255;66
3256;84
3257;84
3258;88
3259;70
3260;76
3261;76
3262;72
3263;75
3264;85
3265;67
3266;72
3267;60
3268;80
3269;71
3270;71
3271;65
3272;69
3273;50
3274;71
3275;79
3276;62
3277;73
3278;79
3279;90
3280;79
3281;69
3282;75
3283;86
3284;65
3285;75
3286;87
3287;84
3288;85
3289;72
3290;78
3291;68
3292;79
3293;91
3294;61
3295;78
3296;58
3297;70
3298;82
3299;69
3300;68
3301;67
3302;92
3303;66
3304;74
3305;68
3306;67
3307;73
3308;69
3309;89
3310;68
3311;65
3312;83
3313;56
3314;69
3315;65
3316;71
3317;74
3318;69
3319;86
3320;87
3321;70
3322;68
3323;80
3324;74
3325;78
3326;69
3327;61
3328;80
3329;83
3330;76
3331;71
3332;82
3333;81
3334;86
3335;61
3336;66
3337;71
3338;66
3339;67
3340;75
3341;86
3342;86
3343;66
3344;63
3345;71
3346;62
3347;66
3348;68
3349;78
3350;82
3351;76
3352;76
3353;76
3354;68
3355;85
3356;82
3357;63
3358;78
3359;79
3360;75
3361;80
3362;49
3363;82
3364;70
3365;82
3366;70
3367;79
3368;70
3369;64
3370;75
3371;68
3372;69
3373;70
3374;77
3375;70
3376;60
3377;87
3378;90
3379;84
3380;83
3381;72
3382;69
3383;85
3384;67
3385;71
3386;72
3387;81
3388;91
3389;72
3390;76
3391;64
3392;78
3393;71
3394;70
3395;69
3396;68
3397;77
3398;68
3399;81
3400;76
3401;68
3402;76
3403;81
3404;74
3405;74
3406;63
3407;73
3408;81
3409;54
3410;75
3411;66
3412;85
3413;90
3414;76
3415;71
3416;79
3417;68
3418;63
3419;74
3420;66
3421;58
3422;75
3423;70
3424;72
3425;65
3426;76
3427;60
3428;74
3429;69
3430;81
3431;79
3432;79
3433;76
3434;82
3435;77
3436;76
3437;77
3438;81
3439;70
3440;85
3441;82
3442;77
3443;73
3444;71
3445;63
3446;71
3447;86
3448;83
3449;76
3450;54
3451;80
3452;79
3453;85
3454;68
3455;61
3456;83
3457;69
3458;75
3459;65
3460;77
3461;73
3462;75
3463;81
3464;54
3465;75
3466;68
3467;76
3468;67
3469;76
3470;77
3471;82
3472;72
3473;84
3474;74
3475;65
3476;64
3477;83
3478;67
3479;68
3480;84
3481;77
3482;64
3483;65
3484;75
3485;79
3486;86
3487;72
3488;66
3489;75
3490;88
3491;84
3492;79
3493;57
3494;80
3495;68
3496;82
3497;68
3498;91
3499;68
3500;77
3501;71
3502;79
3503;73
3504;76
3505;72
3506;87
3507;85
3508;72
3509;75
3510;82
3511;66
3512;78
3513;86
3514;72
3515;65
3516;64
3517;80
3518;61
3519;79
3520;86
3521;77
3522;69
3523;62
3524;80
3525;60
3526;58
3527;67
3528;75
3529;78
3530;60
3531;55
3532;76
3533;76
3534;94
3535;68
3536;80
3537;79
3538;83
3539;82
3540;65
3541;78
3542;72
3543;85
3544;62
3545;81
3546;71
3547;80
3548;78
3549;75
3550;70
3551;71
3552;72
3553;90
3554;77
3555;58
3556;79
3557;71
3558;72
3559;80
3560;88
3561;61
3562;69
3563;79
3564;75
3565;73
3566;108
3567;85
3568;76
3569;61
3570;77
3571;73
3572;73
3573;77
3574;59
3575;82
3576;68
3577;77
3578;99
3579;73
3580;77
3581;85
3582;91
3583;67
3584;69
3585;70
3586;80
3587;75
3588;62
3589;82
3590;75
3591;81
3592;77
3593;76
3594;83
3595;66
3596;87
3597;53
3598;84
3599;78
3600;86
3601;79
3602;81
3603;81
3604;67
3605;82
3606;83
3607;69
3608;64
3609;74
3610;78
3611;64
3612;74
3613;70
3614;72
3615;63
3616;94
3617;71
3618;88
3619;84
3620;70
3621;81
3622;68
3623;79
3624;95
3625;71
3626;64
3627;68
3628;89
3629;93
3630;88
3631;74
3632;72
3633;55
3634;72
3635;75
3636;81
3637;84
3638;75
3639;77
3640;66
3641;75
3642;76
3643;84
3644;70
3645;84
3646;78
3647;81
3648;81
3649;93
3650;85
3651;76
3652;99
3653;84
3654;76
3655;82
3656;68
3657;80
3658;66
3659;69
3660;75
3661;91
3662;66
3663;84
3664;72
3665;86
3666;78
3667;79
3668;82
3669;94
3670;78
3671;91
3672;80
3673;81
3674;76
3675;89
3676;74
3677;69
3678;89
3679;77
3680;77
3681;80
3682;75
3683;64
3684;88
3685;76
3686;105
3687;87
3688;81
3689;81
3690;89
3691;80
3692;79
3693;75
3694;84
3695;80
3696;89
3697;99
3698;77
3699;90
3700;78
3701;73
3702;86
3703;75
3704;77
3705;70
3706;84
3707;87
3708;79
3709;85
3710;85
3711;88
3712;76
3713;82
3714;78
3715;74
3716;84
3717;82
3718;97
3719;94
3720;81
3721;73
3722;92
3723;74
3724;90
3725;83
3726;79
3727;96
3728;72
3729;83
3730;74
3731;86
3732;73
3733;78
3734;83
3735;81
3736;76
3737;93
3738;74
3739;92
3740;70
3741;64
3742;81
3743;61
3744;82
3745;89
3746;95
3747;71
3748;73
3749;82
3750;85
3751;79
3752;78
3753;69
3754;81
3755;82
3756;76
3757;75
3758;83
3759;82
3760;64
3761;87
3762;84
3763;71
3764;84
3765;84
3766;73
3767;81
3768;90
3769;91
3770;69
3771;70
3772;85
3773;81
3774;73
3775;91
3776;72
3777;88
3778;98
3779;90
3780;68
3781;72
3782;85
3783;76
3784;101
3785;87
3786;83
3787;96
3788;84
3789;78
3790;73
3791;80
3792;93
3793;89
3794;81
3795;77
3796;72
3797;83
3798;86
3799;76
3800;62
3801;72
3802;80
3803;63
3804;72
3805;75
3806;80
3807;107
3808;81
3809;65
3810;87
3811;88
3812;68
3813;89
3814;88
3815;73
3816;73
3817;79
3818;87
3819;81
3820;88
3821;76
3822;79
3823;83
3824;86
3825;79
3826;84
3827;74
3828;76
3829;103
3830;75
3831;63
3832;73
3833;83
3834;86
3835;84
3836;81
3837;66
3838;72
3839;82
3840;77
3841;94
3842;88
3843;80
3844;73
3845;70
3846;83
3847;71
3848;91
3849;79
3850;82
3851;78
3852;82
3853;72
3854;79
3855;82
3856;71
3857;73
3858;98
3859;86
3860;71
3861;74
3862;86
3863;84
3864;87
3865;76
3866;70
3867;91
3868;83
3869;85
3870;77
3871;92
3872;66
3873;75
3874;86
3875;96
3876;107
3877;76
3878;101
3879;64
3880;80
3881;84
3882;80
3883;79
3884;94
3885;94
3886;81
3887;69
3888;90
3889;101
3890;68
3891;83
3892;81
3893;77
3894;95
3895;70
3896;94
3897;94
3898;81
3899;78
3900;103
3901;91
3902;77
3903;103
3904;84
3905;86
3906;74
3907;79
3908;78
3909;94
3910;81
3911;73
3912;92
3913;76
3914;85
3915;76
3916;73
3917;88
3918;83
3919;71
3920;76
3921;68
3922;89
3923;74
3924;90
3925;88
3926;89
3927;94
3928;84
3929;73
3930;75
3931;93
3932;93
3933;80
3934;91
3935;64
3936;85
3937;85
3938;95
3939;89
3940;81
3941;81
3942;68
3943;71
3944;93
3945;90
3946;82
3947;88
3948;75
3949;71
3950;80
3951;70
3952;82
3953;82
3954;80
3955;83
3956;71
3957;83
3958;70
3959;92
3960;99
3961;74
3962;79
3963;93
3964;82
3965;76
3966;62
3967;78
3968;62
3969;65
3970;87
3971;95
3972;86
3973;81
3974;76
3975;87
3976;77
3977;83
3978;67
3979;78
3980;84
3981;91
3982;90
3983;76
3984;93
3985;86
3986;90
3987;82
3988;84
3989;98
3990;94
3991;82
3992;74
3993;84
3994;74
3995;71
3996;100
3997;88
3998;71
3999;69
4000;83
4001;66
4002;90
4003;82
4004;84
4005;83
4006;86
4007;88
4008;84
4009;79
4010;93
4011;82
4012;94
4013;89
4014;71
4015;82
4016;99
4017;82
4018;90
4019;79
4020;79
4021;97
4022;82
4023;86
4024;77
4025;83
4026;91
4027;71
4028;94
4029;77
4030;79
4031;81
4032;80
4033;95
4034;80
4035;64
4036;88
4037;82
4038;78
4039;74
4040;90
4041;98
4042;71
4043;75
4044;78
4045;95
4046;83
4047;83
4048;94
4049;87
4050;66
4051;77
4052;71
4053;89
4054;71
4055;88
4056;70
4057;95
4058;79
4059;77
4060;85
4061;78
4062;89
4063;77
4064;88
4065;100
4066;77
4067;90
4068;89
4069;88
4070;88
4071;76
4072;92
4073;84
4074;75
4075;84
4076;87
4077;86
4078;87
4079;79
4080;76
4081;87
4082;84
4083;87
4084;80
4085;67
4086;84
4087;81
4088;83
4089;86
4090;88
4091;93
4092;87
4093;78
4094;70
4095;91
4096;87
4097;74
4098;78
4099;82
4100;90
4101;84
4102;73
4103;92
4104;88
4105;77
4106;73
4107;87
4108;78
4109;83
4110;76
4111;91
4112;83
4113;101
4114;84
4115;73
4116;86
4117;81
4118;67
4119;78
4120;71
4121;91
4122;76
4123;78
4124;61
4125;75
4126;90
4127;71
4128;73
4129;95
4130;79
4131;78
4132;86
4133;80
4134;86
4135;75
4136;76
4137;88
4138;92
4139;77
4140;85
4141;71
4142;86
4143;94
4144;100
4145;77
4146;85
4147;63
4148;93
4149;81
4150;72
4151;90
4152;75
4153;62
4154;66
4155;82
4156;78
4157;69
4158;75
4159;78
4160;74
4161;89
4162;77
4163;94
4164;80
4165;78
4166;75
4167;76
4168;82
4169;82
4170;82
4171;86
4172;83
4173;87
4174;73
4175;77
4176;91
4177;88
4178;74
4179;70
4180;62
4181;83
4182;78
4183;71
4184;57
4185;64
4186;75
4187;74
4188;71
4189;71
4190;69
4191;75
4192;84
4193;76
4194;82
4195;74
4196;84
4197;78
4198;71
4199;80
4200;61
4201;76
4202;90
4203;72
4204;88
4205;81
4206;78
4207;92
4208;78
4209;91
4210;83
4211;73
4212;77
4213;104
4214;69
4215;70
4216;61
4217;76
4218;87
4219;81
4220;61
4221;69
4222;76
4223;77
4224;75
4225;63
4226;77
4227;69
4228;66
4229;73
4230;66
4231;74
4232;62
4233;69
4234;65
4235;68
4236;53
4237;69
4238;71
4239;66
4240;60
4241;73
4242;78
4243;70
4244;61
4245;68
4246;72
4247;75
4248;78
4249;80
4250;72
4251;78
4252;75
4253;76
4254;73
4255;67
4256;69
4257;62
4258;55
4259;87
4260;70
4261;80
4262;61
4263;58
4264;86
4265;80
4266;73
4267;60
4268;70
4269;63
4270;73
4271;79
4272;77
4273;74
4274;68
4275;52
4276;67
4277;52
4278;71
4279;64
4280;74
4281;71
4282;73
4283;89
4284;60
4285;70
4286;55
4287;78
4288;65
4289;80
4290;61
4291;72
4292;71
4293;67
4294;79
4295;67
4296;59
4297;53
4298;69
4299;71
4300;61
4301;61
4302;70
4303;61
4304;60
4305;65
4306;75
4307;76
4308;67
4309;61
4310;69
4311;71
4312;58
4313;59
4314;49
4315;71
4316;47
4317;61
4318;67
4319;54
4320;75
4321;56
4322;50
4323;66
4324;77
4325;47
4326;52
4327;70
4328;72
4329;51
4330;76
4331;56
4332;56
4333;73
4334;61
4335;60
4336;74
4337;51
4338;60
4339;68
4340;50
4341;64
4342;46
4343;58
4344;67
4345;57
4346;69
4347;60
4348;67
4349;60
4350;75
4351;61
4352;66
4353;56
4354;71
4355;51
4356;62
4357;67
4358;68
4359;50
4360;58
4361;62
4362;74
4363;54
4364;72
4365;61
4366;49
4367;54
4368;50
4369;57
4370;44
4371;59
4372;70
4373;54
4374;60
4375;61
4376;62
4377;40
4378;64
4379;56
4380;46
4381;67
4382;63
4383;53
4384;70
4385;63
4386;56
4387;51
4388;71
4389;36
4390;60
4391;72
4392;63
4393;63
4394;65
4395;59
4396;68
4397;68
4398;57
4399;51
4400;48
4401;64
4402;57
4403;64
4404;51
4405;53
4406;63
4407;64
4408;53
4409;75
4410;43
4411;64
4412;52
4413;60
4414;40
4415;61
4416;58
4417;70
4418;50
4419;50
4420;65
4421;50
4422;52
4423;50
4424;57
4425;57
4426;44
4427;71
4428;55
4429;65
4430;57
4431;52
4432;60
4433;49
4434;54
4435;61
4436;67
4437;55
4438;56
4439;54
4440;53
4441;59
4442;55
4443;35
4444;55
4445;44
4446;58
4447;69
4448;53
4449;54
4450;49
4451;72
4452;49
4453;57
4454;70
4455;59
4456;67
4457;69
4458;44
4459;60
4460;45
4461;55
4462;60
4463;46
4464;44
4465;58
4466;56
4467;52
4468;55
4469;56
4470;54
4471;51
4472;47
4473;45
4474;43
4475;42
4476;68
4477;59
4478;42
4479;51
4480;65
4481;56
4482;46
4483;51
4484;49
4485;55
4486;58
4487;64
4488;69
4489;52
4490;56
4491;54
4492;57
4493;53
4494;58
4495;47
4496;44
4497;51
4498;43
4499;59
4500;47
4501;65
4502;46
4503;39
4504;45
4505;43
4506;47
4507;48
4508;36
4509;47
4510;60
4511;45
4512;45
4513;56
4514;65
4515;46
4516;56
4517;49
4518;66
4519;62
4520;55
4521;49
4522;60
4523;71
4524;50
4525;51
4526;64
4527;63
4528;58
4529;51
4530;55
4531;60
4532;62
4533;42
4534;58
4535;46
4536;41
4537;62
4538;49
4539;63
4540;63
4541;57
4542;50
4543;48
4544;59
4545;62
4546;60
4547;50
4548;56
4549;55
4550;57
4551;58
4552;46
4553;54
4554;41
4555;66
4556;49
4557;42
4558;56
4559;57
4560;57
4561;55
4562;47
4563;48
4564;55
4565;48
4566;56
4567;37
4568;39
4569;53
4570;62
4571;48
4572;57
4573;62
4574;44
4575;52
4576;38
4577;55
4578;51
4579;49
4580;48
4581;52
4582;51
4583;64
4584;62
4585;56
4586;50
4587;53
4588;39
4589;59
4590;46
4591;58
4592;51
4593;57
4594;62
4595;56
4596;47
4597;60
4598;62
4599;58
4600;55
4601;39
4602;49
4603;54
4604;51
4605;59
4606;52
4607;46
4608;49
4609;49
4610;52
4611;60
4612;71
4613;34
4614;62
4615;59
4616;59
4617;60
4618;58
4619;51
4620;42
4621;43
4622;45
4623;45
4624;49
4625;41
4626;57
4627;48
4628;60
4629;56
4630;39
4631;51
4632;52
4633;55
4634;47
4635;55
4636;62
4637;33
4638;51
4639;53
4640;56
4641;47
4642;56
4643;56
4644;63
4645;42
4646;55
4647;46
4648;54
4649;52
4650;63
4651;59
4652;58
4653;62
4654;55
4655;53
4656;62
4657;48
4658;57
4659;48
4660;58
4661;50
4662;70
4663;41
4664;50
4665;43
4666;42
4667;40
4668;63
4669;56
4670;40
4671;47
4672;46
4673;44
4674;53
4675;49
4676;53
4677;58
4678;36
4679;60
4680;50
4681;50
4682;47
4683;49
4684;48
4685;53
4686;50
4687;61
4688;50
4689;46
4690;44
4691;62
4692;52
4693;48
4694;54
4695;60
4696;50
4697;46
4698;52
4699;63
4700;44
4701;54
4702;57
4703;58
4704;67
4705;61
4706;46
4707;46
4708;52
4709;61
4710;58
4711;53
4712;38
4713;56
4714;44
4715;53
4716;48
4717;44
4718;36
4719;55
4720;63
4721;41
4722;44
4723;45
4724;65
4725;43
4726;56
4727;44
4728;53
4729;38
4730;48
4731;50
4732;45
4733;63
4734;57
4735;50
4736;54
4737;53
4738;47
4739;61
4740;37
4741;47
4742;42
4743;48
4744;54
4745;52
4746;43
4747;44
4748;42
4749;49
4750;55
4751;43
4752;57
4753;52
4754;45
4755;41
4756;49
4757;43
4758;54
4759;49
4760;48
4761;53
4762;51
4763;52
4764;50
4765;52
4766;53
4767;50
4768;51
4769;51
4770;53
4771;50
4772;47
4773;47
4774;56
4775;41
4776;62
4777;36
4778;54
4779;58
4780;52
4781;63
4782;49
4783;51
4784;48
4785;51
4786;59
4787;59
4788;44
4789;49
4790;38
4791;43
4792;64
4793;55
4794;45
4795;57
4796;65
4797;47
4798;47
4799;77
4800;48
4801;54
4802;46
4803;53
4804;63
4805;53
4806;51
4807;57
4808;41
4809;44
4810;53
4811;42
4812;60
4813;40
4814;58
4815;45
4816;50
4817;58
4818;46
4819;49
4820;42
4821;39
4822;46
4823;50
4824;47
4825;59
4826;50
4827;49
4828;55
4829;57
4830;54
4831;57
4832;57
4833;54
4834;46
4835;47
4836;45
4837;55
4838;51
4839;46
4840;49
4841;48
4842;53
4843;50
4844;58
4845;56
4846;61
4847;51
4848;56
4849;51
4850;70
4851;51
4852;53
4853;63
4854;49
4855;51
4856;60
4857;54
4858;60
4859;48
4860;47
4861;60
4862;48
4863;50
4864;55
4865;50
4866;55
4867;46
4868;58
4869;50
4870;59
4871;53
4872;52
4873;46
4874;53
4875;62
4876;56
4877;72
4878;67
4879;56
4880;61
4881;56
4882;69
4883;58
4884;63
4885;56
4886;44
4887;55
4888;54
4889;55
4890;66
4891;57
4892;60
4893;54
4894;55
4895;54
4896;55
4897;54
4898;51
4899;67
4900;60
4901;43
4902;53
4903;58
4904;57
4905;54
4906;63
4907;72
4908;68
4909;60
4910;70
4911;65
4912;56
4913;53
4914;70
4915;68
4916;57
4917;50
4918;63
4919;52
4920;63
4921;70
4922;69
4923;47
4924;70
4925;75
4926;79
4927;59
4928;56
4929;68
4930;66
4931;76
4932;64
4933;65
4934;66
4935;65
4936;71
4937;77
4938;72
4939;85
4940;69
4941;72
4942;62
4943;74
4944;64
4945;70
4946;77
4947;76
4948;83
4949;72
4950;71
4951;74
4952;83
4953;66
4954;80
4955;84
4956;81
4957;71
4958;75
4959;76
4960;69
4961;86
4962;74
4963;73
4964;87
4965;87
4966;77
4967;72
4968;88
4969;75
4970;82
4971;83
4972;89
4973;81
4974;63
4975;82
4976;86
4977;80
4978;87
4979;86
4980;94
4981;81
4982;84
4983;86
4984;90
4985;84
4986;93
4987;75
4988;88
4989;93
4990;89
4991;104
4992;99
4993;98
4994;90
4995;92
4996;97
4997;91
4998;108
4999;102
5000;108
5001;103
5002;106
5003;104
5004;104
5005;118
5006;104
5007;115
5008;104
5009;109
5010;113
5011;98
5012;111
5013;114
5014;109
5015;109
5016;109
5017;108
5018;108
5019;123
5020;106
5021;117
5022;120
5023;114
5024;136
5025;115
5026;113
5027;109
5028;100
5029;120
5030;137
5031;112
5032;117
5033;133
5034;138
5035;133
5036;126
5037;143
5038;130
5039;140
5040;134
5041;107
5042;136
5043;123
5044;133
5045;119
5046;135
5047;152
5048;150
5049;131
5050;146
5051;132
5052;139
5053;156
5054;134
5055;158
5056;149
5057;154
5058;141
5059;154
5060;149
5061;126
5062;151
5063;186
5064;156
5065;141
5066;136
5067;127
5068;142
5069;151
5070;165
5071;154
5072;157
5073;172
5074;142
5075;184
5076;161
5077;142
5078;188
5079;173
5080;165
5081;159
5082;179
5083;192
5084;181
5085;166
5086;183
5087;164
5088;154
5089;175
5090;173
5091;181
5092;171
5093;175
5094;153
5095;168
5096;184
5097;197
5098;182
5099;152
5100;183
5101;199
5102;192
5103;188
5104;182
5105;195
5106;187
5107;179
5108;213
5109;194
5110;177
5111;191
5112;191
5113;199
5114;194
5115;198
5116;216
5117;196
5118;182
5119;200
5120;204
5121;203
5122;193
5123;197
5124;209
5125;181
5126;197
5127;216
5128;220
5129;201
5130;215
5131;208
5132;195
5133;212
5134;229
5135;213
5136;203
5137;217
5138;207
5139;236
5140;232
5141;221
5142;198
5143;211
5144;215
5145;238
5146;244
5147;231
5148;200
5149;229
5150;209
5151;235
5152;240
5153;248
5154;224
5155;206
5156;245
5157;228
5158;234
5159;243
5160;208
5161;201
5162;237
5163;213
5164;230
5165;237
5166;233
5167;250
5168;225
5169;243
5170;212
5171;216
5172;243
5173;236
5174;250
5175;244
5176;212
5177;245
5178;237
5179;243
5180;237
5181;244
5182;243
5183;227
5184;255
5185;261
5186;234
5187;229
5188;233
5189;259
5190;229
5191;245
5192;239
5193;224
5194;230
5195;251
5196;249
5197;236
5198;250
5199;254
5200;254
5201;253
5202;255
5203;267
5204;242
5205;235
5206;242
5207;218
5208;251
5209;250
5210;235
5211;233
5212;256
5213;250
5214;238
5215;210
5216;288
5217;245
5218;256
5219;281
5220;256
5221;233
5222;255
5223;245
5224;230
5225;256
5226;262
5227;241
5228;251
5229;248
5230;231
5231;249
5232;239
5233;245
5234;252
5235;242
5236;258
5237;233
5238;262
5239;236
5240;249
5241;234
5242;246
5243;255
5244;218
5245;244
5246;249
5247;239
5248;244
5249;229
5250;222
5251;251
5252;252
5253;214
5254;228
5255;242
5256;265
5257;234
5258;234
5259;213
5260;220
5261;256
5262;231
5263;258
5264;247
5265;210
5266;227
5267;234
5268;218
5269;224
5270;230
5271;238
5272;242
5273;202
5274;191
5275;214
5276;238
5277;239
5278;222
5279;213
5280;215
5281;210
5282;201
5283;238
5284;218
5285;205
5286;208
5287;199
5288;235
5289;197
5290;226
5291;194
5292;205
5293;191
5294;222
5295;203
5296;194
5297;195
5298;214
5299;182
5300;196
5301;179
5302;229
5303;189
5304;172
5305;202
5306;205
5307;210
5308;205
5309;203
5310;209
5311;186
5312;183
5313;211
5314;209
5315;185
5316;204
5317;164
5318;188
5319;198
5320;182
5321;184
5322;158
5323;188
5324;196
5325;182
5326;169
5327;177
5328;163
5329;171
5330;171
5331;157
5332;166
5333;192
5334;184
5335;170
5336;157
5337;152
5338;192
5339;157
5340;170
5341;151
5342;151
5343;190
5344;148
5345;176
5346;147
5347;183
5348;135
5349;163
5350;180
5351;154
5352;170
5353;117
5354;155
5355;162
5356;145
5357;145
5358;135
5359;127
5360;125
5361;145
5362;148
5363;147
5364;146
5365;138
5366;145
5367;151
5368;113
5369;132
5370;131
5371;138
5372;128
5373;118
5374;128
5375;118
5376;131
5377;122
5378;128
5379;123
5380;113
5381;128
5382;134
5383;126
5384;131
5385;126
5386;138
5387;138
5388;116
5389;110
5390;131
5391;117
5392;110
5393;112
5394;122
5395;117
5396;107
5397;101
5398;94
5399;89
5400;95
5401;112
5402;112
5403;92
5404;97
5405;97
5406;104
5407;105
5408;90
5409;106
5410;93
5411;108
5412;80
5413;96
5414;112
5415;102
5416;76
5417;85
5418;96
5419;93
5420;86
5421;79
5422;73
5423;96
5424;73
5425;83
5426;82
5427;92
5428;97
5429;80
5430;83
5431;94
5432;81
5433;68
5434;70
5435;67
5436;78
5437;63
5438;75
5439;79
5440;71
5441;73
5442;62
5443;71
5444;83
5445;66
5446;59
5447;59
5448;69
5449;65
5450;71
5451;71
5452;62
5453;65
5454;62
5455;73
5456;68
5457;65
5458;74
5459;66
5460;65
5461;48
5462;53
5463;53
5464;60
5465;56
5466;70
5467;52
5468;63
5469;51
5470;53
5471;53
5472;55
5473;59
5474;43
5475;48
5476;44
5477;64
5478;49
5479;59
5480;56
5481;52
5482;42
5483;45
5484;57
5485;42
5486;48
5487;57
5488;54
5489;45
5490;50
5491;39
5492;44
5493;38
5494;52
5495;54
5496;55
5497;39
5498;42
5499;45
5500;31
5501;43
5502;41
5503;43
5504;42
5505;39
5506;39
5507;37
5508;41
5509;32
5510;41
5511;45
5512;43
5513;32
5514;37
5515;39
5516;32
5517;37
5518;40
5519;41
5520;44
5521;35
5522;38
5523;33
5524;40
5525;39
5526;39
5527;28
5528;41
5529;35
5530;31
5531;39
5532;33
5533;32
5534;27
5535;33
5536;31
5537;29
5538;48
5539;33
5540;33
5541;38
5542;31
5543;32
5544;36
5545;38
5546;33
5547;36
5548;46
5549;28
5550;30
5551;32
5552;31
5553;31
5554;37
5555;39
5556;31
5557;26
5558;28
5559;28
5560;26
5561;25
5562;24
5563;39
5564;44
5565;39
5566;29
5567;28
5568;26
5569;37
5570;36
5571;27
5572;26
5573;30
5574;30
5575;32
5576;32
5577;33
5578;30
5579;35
5580;39
5581;35
5582;28
5583;28
5584;36
5585;33
5586;33
5587;37
5588;28
5589;30
5590;30
5591;31
5592;49
5593;31
5594;22
5595;31
5596;28
5597;39
5598;38
5599;33
5600;34
5601;42
5602;32
5603;33
5604;41
5605;52
5606;36
5607;49
5608;38
5609;43
5610;36
5611;36
5612;37
5613;29
5614;45
5615;34
5616;40
5617;44
5618;33
5619;35
5620;52
5621;36
5622;41
5623;38
5624;35
5625;41
5626;51
5627;38
5628;29
5629;41
5630;44
5631;36
5632;52
5633;51
5634;50
5635;41
5636;51
5637;46
5638;37
5639;49
5640;57
5641;38
5642;51
5643;53
5644;62
5645;48
5646;56
5647;47
5648;52
5649;51
5650;41
5651;40
5652;54
5653;61
5654;48
5655;55
5656;57
5657;48
5658;52
5659;44
5660;57
5661;63
5662;62
5663;58
5664;51
5665;64
5666;50
5667;39
5668;61
5669;68
5670;47
5671;53
5672;61
5673;52
5674;60
5675;69
5676;53
5677;62
5678;59
5679;74
5680;67
5681;62
5682;61
5683;72
5684;64
5685;59
5686;74
5687;69
5688;70
5689;70
5690;64
5691;62
5692;64
5693;69
5694;77
5695;65
5696;76
5697;90
5698;63
5699;71
5700;75
5701;75
5702;92
5703;87
5704;93
5705;57
5706;68
5707;65
5708;74
5709;86
5710;85
5711;70
5712;79
5713;92
5714;73
5715;67
5716;104
5717;70
5718;74
5719;82
5720;99
5721;93
5722;83
5723;63
5724;106
5725;101
5726;81
5727;98
5728;98
5729;97
5730;83
5731;94
5732;93
5733;102
5734;81
5735;103
5736;92
5737;83
5738;114
5739;103
5740;117
5741;85
5742;103
5743;110
5744;101
5745;98
5746;103
5747;111
5748;112
5749;90
5750;99
5751;113
5752;126
5753;127
5754;125
5755;78
5756;118
5757;113
5758;124
5759;98
5760;104
5761;110
5762;114
5763;117
5764;113
5765;121
5766;136
5767;124
5768;139
5769;113
5770;127
5771;137
5772;127
5773;118
5774;121
5775;115
5776;130
5777;122
5778;122
5779;150
5780;138
5781;140
5782;142
5783;146
5784;122
5785;130
5786;123
5787;147
5788;132
5789;146
5790;144
5791;117
5792;108
5793;144
5794;142
5795;126
5796;157
5797;145
5798;159
5799;157
5800;162
5801;147
5802;151
5803;168
5804;139
5805;138
5806;153
5807;152
5808;166
5809;156
5810;151
5811;152
5812;156
5813;150
5814;148
5815;151
5816;177
5817;141
5818;170
5819;163
5820;183
5821;146
5822;166
5823;156
5824;148
5825;147
5826;160
5827;158
5828;199
5829;168
5830;174
5831;175
5832;172
5833;179
5834;169
5835;169
5836;175
5837;189
5838;178
5839;164
5840;190
5841;185
5842;174
5843;180
5844;180
5845;168
5846;183
5847;166
5848;166
5849;185
5850;185
5851;182
5852;212
5853;181
5854;177
5855;169
5856;160
5857;168
5858;190
5859;178
5860;155
5861;167
5862;200
5863;208
5864;186
5865;195
5866;196
5867;190
5868;189
5869;203
5870;202
5871;190
5872;213
5873;200
5874;183
5875;164
5876;192
5877;180
5878;171
5879;187
5880;200
5881;186
5882;186
5883;165
5884;184
5885;183
5886;184
5887;205
5888;182
5889;179
5890;200
5891;183
5892;185
5893;177
5894;163
5895;213
5896;195
5897;186
5898;190
5899;189
5900;173
5901;171
5902;171
5903;216
5904;184
5905;172
5906;209
5907;179
5908;190
5909;191
5910;218
5911;206
5912;187
5913;189
5914;198
5915;196
5916;189
5917;190
5918;201
5919;197
5920;188
5921;191
5922;196
5923;187
5924;206
5925;198
5926;194
5927;194
5928;209
5929;200
5930;207
5931;194
5932;191
5933;181
5934;189
5935;176
5936;174
5937;179
5938;214
5939;234
5940;201
5941;197
5942;209
5943;181
5944;209
5945;190
5946;172
5947;169
5948;190
5949;178
5950;172
5951;190
5952;227
5953;165
5954;194
5955;209
5956;214
5957;166
5958;191
5959;194
5960;186
5961;183
5962;186
5963;165
5964;199
5965;176
5966;167
5967;198
5968;192
5969;206
5970;181
5971;179
5972;210
5973;186
5974;146
5975;208
5976;161
5977;164
5978;184
5979;170
5980;179
5981;168
5982;187
5983;177
5984;154
5985;167
5986;160
5987;171
5988;173
5989;188
5990;144
5991;187
5992;157
5993;194
5994;158
5995;171
5996;179
5997;175
5998;201
5999;166
6000;186
6001;191
6002;169
6003;173
6004;166
6005;176
6006;153
6007;154
6008;169
6009;170
6010;142
6011;164
6012;156
6013;149
6014;150
6015;157
6016;135
6017;160
6018;157
6019;156
6020;147
6021;152
6022;155
6023;173
6024;165
6025;164
6026;157
6027;149
6028;145
6029;155
6030;126
6031;158
6032;154
6033;140
6034;136
6035;144
6036;158
6037;141
6038;163
6039;149
6040;147
6041;141
6042;134
6043;139
6044;148
6045;121
6046;136
6047;138
6048;161
6049;138
6050;127
6051;148
6052;142
6053;138
6054;152
6055;144
6056;115
6057;131
6058;126
6059;121
6060;114
6061;121
6062;121
6063;136
6064;117
6065;129
6066;120
6067;105
6068;136
6069;144
6070;121
6071;115
6072;121
6073;106
6074;116
6075;106
6076;123
6077;90
6078;96
6079;110
6080;105
6081;120
6082;91
6083;103
6084;89
6085;92
6086;114
6087;107
6088;93
6089;89
6090;112
6091;87
6092;100
6093;92
6094;91
6095;91
6096;84
6097;98
6098;99
6099;88
6100;93
6101;83
6102;96
6103;85
6104;91
6105;88
6106;102
6107;101
6108;94
6109;108
6110;69
6111;78
6112;83
6113;110
6114;90
6115;73
6116;64
6117;91
6118;74
6119;71
6120;90
6121;80
6122;82
6123;65
6124;67
6125;91
6126;85
6127;86
6128;84
6129;76
6130;64
6131;78
6132;84
6133;73
6134;54
6135;69
6136;66
6137;76
6138;76
6139;85
6140;58
6141;70
6142;71
6143;74
6144;65
6145;79
6146;61
6147;62
6148;60
6149;53
6150;65
6151;76
6152;57
6153;62
6154;58
6155;68
6156;60
6157;59
6158;54
6159;73
6160;61
6161;56
6162;63
6163;60
6164;49
6165;56
6166;53
6167;39
6168;52
6169;56
6170;57
6171;39
6172;59
6173;42
6174;49
6175;54
6176;44
6177;45
6178;38
6179;57
6180;44
6181;49
6182;38
6183;45
6184;45
6185;46
6186;50
6187;47
6188;37
6189;46
6190;40
6191;45
6192;43
6193;47
6194;43
6195;45
6196;26
6197;42
6198;44
6199;48
6200;43
6201;40
6202;41
6203;36
6204;44
6205;21
6206;42
6207;43
6208;38
6209;31
6210;42
6211;32
6212;43
6213;37
6214;27
6215;44
6216;31
6217;40
6218;32
6219;27
6220;38
6221;25
6222;37
6223;24
6224;34
6225;21
6226;27
6227;28
6228;20
6229;27
6230;31
6231;24
6232;26
6233;28
6234;26
6235;27
6236;27
6237;29
6238;34
6239;32
6240;24
6241;28
6242;23
6243;25
6244;33
6245;19
6246;27
6247;25
6248;30
6249;19
6250;25
6251;30
6252;19
6253;21
6254;25
6255;19
6256;22
6257;21
6258;17
6259;21
6260;34
6261;22
6262;26
6263;12
6264;30
6265;23
6266;16
6267;14
6268;25
6269;26
6270;18
6271;23
6272;20
6273;17
6274;22
6275;16
6276;16
6277;21
6278;31
6279;26
6280;20
6281;15
6282;30
6283;22
6284;27
6285;27
6286;17
6287;19
6288;21
6289;22
6290;33
6291;16
6292;19
6293;16
6294;24
6295;19
6296;20
6297;22
6298;21
6299;22
6300;23
6301;15
6302;15
6303;24
6304;14
6305;20
6306;19
6307;18
6308;11
6309;12
6310;24
6311;19
6312;18
6313;15
6314;14
6315;18
6316;13
6317;16
6318;20
6319;13
6320;16
6321;16
6322;14
6323;16
6324;12
6325;17
6326;13
6327;17
6328;24
6329;17
6330;20
6331;9
6332;20
6333;19
6334;13
6335;23
6336;16
6337;15
6338;21
6339;15
6340;16
6341;13
6342;16
6343;11
6344;24
6345;12
6346;12
6347;15
6348;26
6349;9
6350;20
6351;24
6352;13
6353;23
6354;16
6355;18
6356;9
6357;16
6358;26
6359;18
6360;12
6361;13
6362;20
6363;12
6364;15
6365;16
6366;13
6367;25
6368;10
6369;19
6370;14
6371;14
6372;11
6373;13
6374;2
6375;15
6376;16
6377;17
6378;17
6379;17
6380;16
6381;13
6382;18
6383;16
6384;14
6385;19
6386;12
6387;12
6388;11
6389;20
6390;14
6391;12
6392;14
6393;13
6394;19
6395;17
6396;11
6397;14
6398;17
6399;11
6400;18
6401;15
6402;16
6403;10
6404;10
6405;16
6406;20
6407;16
6408;11
6409;8
6410;15
6411;18
6412;12
6413;15
6414;18
6415;17
6416;12
6417;19
6418;11
6419;16
6420;19
6421;12
6422;16
6423;15
6424;19
6425;22
6426;6
6427;11
6428;15
6429;12
6430;11
6431;19
6432;9
6433;15
6434;10
6435;20
6436;6
6437;12
6438;13
6439;14
6440;15
6441;8
6442;15
6443;13
6444;8
6445;11
6446;13
6447;15
6448;13
6449;16
6450;12
6451;12
6452;18
6453;19
6454;19
6455;10
6456;18
6457;9
6458;20
6459;15
6460;11
6461;24
6462;16
6463;10
6464;11
6465;8
6466;14
6467;12
6468;16
6469;10
6470;9
6471;14
6472;16
6473;14
6474;12
6475;21
6476;15
6477;11
6478;11
6479;18
6480;9
6481;24
6482;13
6483;17
6484;13
6485;11
6486;25
6487;19
6488;11
6489;11
6490;10
6491;13
6492;11
6493;13
6494;8
6495;16
6496;6
6497;11
6498;13
6499;20
6500;18
6501;15
6502;9
6503;21
6504;16
6505;22
6506;17
6507;16
6508;15
6509;8
6510;15
6511;13
6512;11
6513;7
6514;14
6515;21
6516;12
6517;12
6518;14
6519;11
6520;13
6521;13
6522;14
6523;15
6524;9
6525;15
6526;20
6527;11
6528;12
6529;9
6530;14
6531;14
6532;16
6533;13
6534;7
6535;12
6536;7
6537;16
6538;14
6539;14
6540;5
6541;18
6542;13
6543;14
6544;14
6545;13
6546;7
6547;8
6548;13
6549;12
6550;11
6551;12
6552;8
6553;13
6554;6
6555;15
6556;10
6557;10
6558;10
6559;5
6560;12
6561;7
6562;12
6563;17
6564;11
6565;11
6566;17
6567;15
6568;15
6569;6
6570;6
6571;5
6572;13
6573;6
6574;20
6575;12
6576;9
6577;15
6578;13
6579;14
6580;7
6581;10
6582;12
6583;9
6584;12
6585;6
6586;9
6587;13
6588;19
6589;9
6590;11
6591;9
6592;12
6593;11
6594;12
6595;9
6596;9
6597;13
6598;13
6599;12
6600;18
6601;11
6602;10
6603;7
6604;7
6605;12
6606;7
6607;10
6608;7
6609;8
6610;8
6611;12
6612;11
6613;10
6614;7
6615;12
6616;12
6617;12
6618;10
6619;7
6620;7
6621;12
6622;15
6623;2
6624;10
6625;12
6626;15
6627;6
6628;8
6629;12
6630;13
6631;8
6632;7
6633;13
6634;7
6635;8
6636;6
6637;6
6638;15
6639;11
6640;6
6641;8
6642;11
6643;6
6644;8
6645;17
6646;10
6647;6
6648;6
6649;9
6650;6
6651;9
6652;18
6653;6
6654;7
6655;11
6656;6
6657;8
6658;12
6659;9
6660;7
6661;11
6662;4
6663;8
6664;8
6665;10
6666;16
6667;11
6668;7
6669;9
6670;11
6671;11
6672;7
6673;6
6674;10
6675;8
6676;4
6677;6
6678;5
6679;3
6680;11
6681;2
6682;9
6683;7
6684;11
6685;7
6686;5
6687;6
6688;8
6689;11
6690;11
6691;11
6692;5
6693;8
6694;7
6695;4
6696;7
6697;6
6698;10
6699;3
6700;5
6701;9
6702;9
6703;4
6704;8
6705;6
6706;8
6707;7
6708;7
6709;9
6710;6
6711;8
6712;6
6713;4
6714;8
6715;5
6716;2
6717;10
6718;12
6719;12
6720;3
6721;7
6722;5
6723;5
6724;8
6725;5
6726;9
6727;10
6728;5
6729;6
6730;6
6731;2
6732;2
6733;4
6734;5
6735;1
6736;7
6737;4
6738;6
6739;9
6740;6
6741;7
6742;4
6743;5
6744;2
6745;6
6746;6
6747;4
6748;6
6749;4
6750;3
6751;5
6752;7
6753;8
6754;4
6755;9
6756;7
6757;3
6758;4
6759;4
6760;5
6761;4
6762;3
6763;4
6764;5
6765;6
6766;5
6767;8
6768;8
6769;1
6770;9
6771;8
6772;2
6773;5
6774;7
6775;5
6776;4
6777;7
6778;6
6779;6
6780;4
6781;7
6782;4
6783;3
6784;8
6785;3
6786;3
6787;3
6788;9
6789;6
6790;2
6791;2
6792;6
6793;5
6794;5
6795;8
6796;2
6797;7
6798;3
6799;5
6800;8
6801;3
6802;6
6803;3
6804;4
6805;2
6806;6
6807;3
6808;3
6809;3
6810;2
6811;4
6812;5
6813;5
6814;3
6815;1
6816;7
6817;4
6818;2
6819;5
6820;4
6821;7
6822;2
6823;5
6824;1
6825;5
6826;5
6827;2
6828;4
6829;6
6830;2
6831;3
6832;1
6833;4
6834;3
6835;3
6836;6
6837;7
6838;2
6839;4
6840;4
6841;2
6842;5
6843;4
6844;4
6845;5
6846;4
6847;5
6848;2
6849;3
6850;1
6851;4
6852;3
6853;6
6854;6
6855;4
6856;3
6857;4
6858;4
6859;2
6860;2
6861;4
6862;4
6863;4
6864;3
6865;0
6866;0
6867;7
6868;8
6869;4
6870;2
6871;4
6872;3
6873;2
6874;1
6875;1
6876;6
6877;5
6878;5
6879;2
6880;1
6881;1
6882;2
6883;1
6884;5
6885;4
6886;4
6887;1
6888;6
6889;2
6890;2
6891;0
6892;4
6893;6
6894;1
6895;4
6896;4
6897;5
6898;1
6899;2
6900;3
6901;1
6902;5
6903;2
6904;3
6905;3
6906;4
6907;2
6908;4
6909;5
6910;3
6911;3
6912;6
6913;1
6914;2
6915;2
6916;2
6917;1
6918;1
6919;8
6920;0
6921;4
6922;4
6923;1
6924;5
6925;4
6926;4
6927;4
6928;2
6929;4
6930;3
6931;4
6932;2
6933;2
6934;2
6935;5
6936;0
6937;1
6938;4
6939;3
6940;5
6941;2
6942;6
6943;7
6944;1
6945;1
6946;2
6947;4
6948;1
6949;1
6950;5
6951;4
6952;1
6953;6
6954;1
6955;3
6956;5
6957;5
6958;2
6959;6
6960;3
6961;4
6962;0
6963;5
6964;1
6965;4
6966;3
6967;2
6968;0
6969;4
6970;0
6971;1
6972;1
6973;2
6974;1
6975;5
6976;2
6977;3
6978;5
6979;3
6980;3
6981;2
6982;3
6983;0
6984;1
6985;3
6986;2
6987;4
6988;6
6989;3
6990;3
6991;0
6992;4
6993;3
6994;4
6995;3
6996;2
6997;2
6998;0
6999;2
7000;3
7001;2
7002;3
7003;3
7004;2
7005;2
7006;3
7007;3
7008;1
7009;3
7010;1
7011;8
7012;3
7013;1
7014;4
7015;4
7016;4
7017;0
7018;2
7019;1
7020;1
7021;3
7022;2
7023;4
7024;9
7025;2
7026;4
7027;0
7028;2
7029;3
7030;4
7031;5
7032;3
7033;0
7034;2
7035;5
7036;1
7037;2
7038;2
7039;3
7040;3
7041;1
7042;1
7043;0
7044;2
7045;2
7046;1
7047;0
7048;7
7049;2
7050;2
7051;2
7052;2
7053;3
7054;6
7055;5
7056;2
7057;3
7058;2
7059;4
7060;3
7061;1
7062;2
7063;5
7064;1
7065;3
7066;5
7067;0
7068;0
7069;2
7070;2
7071;3
7072;2
7073;3
7074;4
7075;4
7076;2
7077;5
7078;2
7079;1
7080;4
7081;3
7082;3
7083;1
7084;1
7085;2
7086;1
7087;4
7088;0
7089;1
7090;1
7091;4
7092;1
7093;6
7094;2
7095;2
7096;0
7097;5
7098;0
7099;0
7100;2
7101;3
7102;3
7103;3
7104;3
7105;1
7106;3
7107;4
7108;3
7109;6
7110;1
7111;5
7112;3
7113;1
7114;0
7115;3
7116;1
7117;1
7118;4
7119;2
7120;1
7121;6
7122;3
7123;3
7124;2
7125;1
7126;2
7127;0
7128;1
7129;1
7130;3
7131;3
7132;3
7133;3
7134;2
7135;2
7136;4
7137;2
7138;7
7139;1
7140;6
7141;1
7142;2
7143;1
7144;1
7145;2
7146;6
7147;3
7148;1
7149;1
7150;2
7151;5
7152;6
7153;0
7154;4
7155;3
7156;1
7157;2
7158;2
7159;3
7160;2
7161;1
7162;1
7163;2
7164;7
7165;2
7166;1
7167;3
7168;4
7169;2
7170;3
7171;2
7172;2
7173;1
7174;4
7175;3
7176;2
7177;3
7178;2
7179;3
7180;1
7181;1
7182;7
7183;1
7184;2
7185;2
7186;3
7187;3
7188;4
7189;1
7190;5
7191;1
7192;2
7193;8
7194;4
7195;5
7196;3
7197;2
7198;3
7199;5
7200;3
7201;4
7202;2
7203;1
7204;3
7205;3
7206;3
7207;3
7208;1
7209;3
7210;2
7211;4
7212;0
7213;2
7214;1
7215;2
7216;3
7217;5
7218;2
7219;5
7220;2
7221;3
7222;2
7223;4
7224;2
7225;4
7226;1
7227;1
7228;4
7229;2
7230;1
7231;3
7232;3
7233;4
7234;3
7235;6
7236;2
7237;2
7238;3
7239;2
7240;2
7241;3
7242;3
7243;3
7244;4
7245;1
7246;4
7247;1
7248;0
7249;1
7250;1
7251;4
7252;3
7253;0
7254;3
7255;5
7256;3
7257;2
7258;2
7259;2
7260;5
7261;3
7262;3
7263;2
7264;0
7265;5
7266;3
7267;1
7268;4
7269;2
7270;2
7271;3
7272;4
7273;5
7274;1
7275;1
7276;5
7277;1
7278;3
7279;1
7280;2
7281;0
7282;3
7283;5
7284;1
7285;2
7286;1
7287;3
7288;1
7289;3
7290;4
7291;2
7292;1
7293;6
7294;1
7295;0
7296;3
7297;2
7298;1
7299;2
7300;1
7301;1
7302;2
7303;4
7304;3
7305;3
7306;2
7307;2
7308;1
7309;1
7310;0
7311;4
7312;2
7313;6
7314;3
7315;3
7316;5
7317;3
7318;2
7319;2
7320;2
7321;2
7322;4
7323;2
7324;5
7325;3
7326;3
7327;0
7328;1
7329;1
7330;3
7331;3
7332;1
7333;1
7334;1
7335;1
7336;2
7337;3
7338;4
7339;2
7340;3
7341;2
7342;2
7343;0
7344;2
7345;4
7346;0
7347;1
7348;2
7349;5
7350;3
7351;4
7352;1
7353;0
7354;1
7355;3
7356;1
7357;1
7358;3
7359;1
7360;4
7361;2
7362;2
7363;3
7364;4
7365;3
7366;1
7367;1
7368;1
7369;2
7370;0
7371;1
7372;0
7373;1
7374;0
7375;0
7376;0
7377;0
7378;0
7379;0
7380;0
7381;0
7382;1
7383;0
7384;0
7385;0
7386;0
7387;0
7388;0
7389;0
7390;0
7391;0
7392;0
7393;0
7394;0
7395;0
7396;0
7397;0
7398;0
7399;0
7400;0
7401;0
7402;0
7403;0
7404;0
7405;0
7406;0
7407;0
7408;0
7409;0
7410;0
7411;0
7412;0
7413;0
7414;0
7415;0
7416;0
7417;0
7418;0
7419;0
7420;0
7421;0
7422;0
7423;0
7424;0
7425;0
7426;0
7427;0
7428;0
7429;0
7430;0
7431;0
7432;0
7433;0
7434;0
7435;0
7436;0
7437;0
7438;0
7439;0
7440;0
7441;0
7442;0
7443;0
7444;0
7445;0
7446;0
7447;0
7448;0
7449;0
7450;0
7451;0
7452;0
7453;0
7454;0
7455;0
7456;0
7457;0
7458;0
7459;0
7460;0
7461;0
7462;0
7463;0
7464;0
7465;0
7466;0
7467;0
7468;0
7469;0
7470;0
7471;0
7472;0
7473;0
7474;0
7475;0
7476;0
7477;0
7478;0
7479;0
7480;0
7481;0
7482;0
7483;0
7484;0
7485;0
7486;0
7487;0
7488;0
7489;0
7490;0
7491;0
7492;0
7493;0
7494;0
7495;1
7496;0
7497;0
7498;0
7499;0
7500;0
7501;0
7502;0
7503;0
7504;0
7505;0
7506;0
7507;0
7508;0
7509;0
7510;0
7511;0
7512;0
7513;0
7514;0
7515;0
7516;0
7517;0
7518;0
7519;0
7520;0
7521;0
7522;0
7523;0
7524;0
7525;0
7526;0
7527;0
7528;0
7529;0
7530;0
7531;0
7532;0
7533;0
7534;0
7535;0
7536;0
7537;0
7538;0
7539;0
7540;0
7541;0
7542;0
7543;0
7544;0
7545;0
7546;0
7547;0
7548;0
7549;0
7550;0
7551;0
7552;0
7553;0
7554;0
7555;0
7556;0
7557;0
7558;0
7559;0
7560;0
7561;0
7562;0
7563;0
7564;0
7565;0
7566;0
7567;0
7568;0
7569;0
7570;0
7571;0
7572;0
7573;0
7574;0
7575;0
7576;0
7577;0
7578;0
7579;0
7580;0
7581;0
7582;0
7583;0
7584;0
7585;0
7586;0
7587;0
7588;0
7589;0
7590;0
7591;0
7592;0
7593;0
7594;0
7595;0
7596;0
7597;0
7598;0
7599;0
7600;0
7601;0
7602;0
7603;0
7604;0
7605;0
7606;0
7607;0
7608;0
7609;0
7610;0
7611;0
7612;0
7613;0
7614;0
7615;0
7616;0
7617;0
7618;0
7619;0
7620;0
7621;0
7622;0
7623;0
7624;0
7625;0
7626;0
7627;0
7628;0
7629;0
7630;0
7631;0
7632;0
7633;0
7634;0
7635;0
7636;0
7637;0
7638;0
7639;0
7640;0
7641;0
7642;0
7643;0
7644;0
7645;0
7646;0
7647;0
7648;0
7649;0
7650;0
7651;0
7652;0
7653;0
7654;0
7655;0
7656;0
7657;0
7658;0
7659;0
7660;0
7661;0
7662;0
7663;0
7664;0
7665;0
7666;0
7667;0
7668;0
7669;0
7670;0
7671;0
7672;0
7673;0
7674;0
7675;0
7676;0
7677;0
7678;0
7679;0
7680;0
7681;0
7682;0
7683;0
7684;0
7685;0
7686;0
7687;0
7688;0
7689;0
7690;0
7691;0
7692;0
7693;0
7694;0
7695;0
7696;0
7697;0
7698;0
7699;0
7700;0
7701;0
7702;0
7703;0
7704;0
7705;0
7706;0
7707;0
7708;0
7709;0
7710;0
7711;0
7712;0
7713;0
7714;0
7715;0
7716;0
7717;0
7718;0
7719;0
7720;0
7721;0
7722;0
7723;0
7724;0
7725;0
7726;0
7727;0
7728;0
7729;0
7730;0
7731;0
7732;0
7733;0
7734;0
7735;0
7736;0
7737;0
7738;0
7739;0
7740;0
7741;0
7742;0
7743;0
7744;0
7745;0
7746;0
7747;0
7748;0
7749;0
7750;0
7751;0
7752;0
7753;0
7754;0
7755;0
7756;0
7757;0
7758;0
7759;0
7760;0
7761;0
7762;0
7763;0
7764;0
7765;0
7766;0
7767;0
7768;0
7769;0
7770;0
7771;0
7772;0
7773;0
7774;0
7775;0
7776;0
7777;0
7778;0
7779;0
7780;0
7781;0
7782;0
7783;0
7784;0
7785;0
7786;0
7787;0
7788;0
7789;0
7790;0
7791;0
7792;0
7793;0
7794;0
7795;0
7796;0
7797;0
7798;0
7799;0
7800;0
7801;0
7802;0
7803;0
7804;0
7805;0
7806;0
7807;0
7808;0
7809;0
7810;0
7811;0
7812;0
7813;0
7814;0
7815;0
7816;0
7817;0
7818;0
7819;0
7820;0
7821;0
7822;0
7823;0
7824;0
7825;0
7826;0
7827;0
7828;0
7829;0
7830;0
7831;0
7832;0
7833;0
7834;0
7835;0
7836;0
7837;0
7838;0
7839;0
7840;0
7841;0
7842;0
7843;0
7844;0
7845;0
7846;0
7847;0
7848;0
7849;0
7850;0
7851;0
7852;0
7853;0
7854;0
7855;0
7856;0
7857;0
7858;0
7859;0
7860;0
7861;0
7862;0
7863;0
7864;0
7865;0
7866;0
7867;0
7868;0
7869;0
7870;0
7871;0
7872;0
7873;0
7874;0
7875;0
7876;0
7877;0
7878;0
7879;0
7880;0
7881;0
7882;0
7883;0
7884;0
7885;0
7886;0
7887;0
7888;0
7889;0
7890;0
7891;0
7892;0
7893;0
7894;0
7895;0
7896;0
7897;0
7898;0
7899;0
7900;0
7901;0
7902;0
7903;0
7904;0
7905;0
7906;0
7907;0
7908;0
7909;0
7910;0
7911;0
7912;0
7913;0
7914;0
7915;0
7916;0
7917;0
7918;0
7919;0
7920;0
7921;0
7922;0
7923;0
7924;0
7925;0
7926;0
7927;0
7928;0
7929;0
7930;0
7931;0
7932;0
7933;0
7934;0
7935;0
7936;0
7937;0
7938;0
7939;0
7940;0
7941;0
7942;0
7943;0
7944;0
7945;0
7946;0
7947;0
7948;0
7949;0
7950;0
7951;0
7952;0
7953;0
7954;0
7955;0
7956;0
7957;0
7958;0
7959;0
7960;0
7961;0
7962;0
7963;0
7964;0
7965;0
7966;0
7967;0
7968;0
7969;0
7970;0
7971;0
7972;0
7973;0
7974;0
7975;0
7976;0
7977;0
7978;0
7979;0
7980;0
7981;0
7982;0
7983;0
7984;0
7985;0
7986;0
7987;0
7988;0
7989;0
7990;0
7991;0
7992;0
7993;0
7994;0
7995;0
7996;0
7997;0
7998;0
7999;0
8000;0
8001;0
8002;0
8003;0
8004;0
8005;0
8006;0
8007;0
8008;0
8009;0
8010;0
8011;0
8012;0
8013;0
8014;0
8015;0
8016;0
8017;0
8018;0
8019;0
8020;0
8021;0
8022;0
8023;0
8024;0
8025;0
8026;0
8027;0
8028;0
8029;0
8030;0
8031;0
8032;0
8033;0
8034;0
8035;0
8036;0
8037;0
8038;0
8039;0
8040;0
8041;0
8042;0
8043;0
8044;0
8045;0
8046;0
8047;0
8048;0
8049;0
8050;0
8051;0
8052;0
8053;0
8054;0
8055;0
8056;0
8057;0
8058;0
8059;0
8060;0
8061;0
8062;0
8063;0
8064;0
8065;0
8066;0
8067;0
8068;0
8069;0
8070;0
8071;0
8072;0
8073;0
8074;0
8075;0
8076;0
8077;0
8078;0
8079;0
8080;0
8081;0
8082;0
8083;0
8084;0
8085;0
8086;0
8087;0
8088;0
8089;0
8090;0
8091;0
8092;0
8093;0
8094;0
8095;0
8096;0
8097;0
8098;0
8099;0
8100;0
8101;0
8102;0
8103;0
8104;0
8105;0
8106;0
8107;0
8108;0
8109;0
8110;0
8111;0
8112;0
8113;0
8114;0
8115;0
8116;0
8117;0
8118;0
8119;0
8120;0
8121;0
8122;0
8123;0
8124;0
8125;0
8126;0
8127;0
8128;0
8129;0
8130;0
8131;0
8132;0
8133;0
8134;0
8135;0
8136;0
8137;0
8138;0
8139;0
8140;0
8141;0
8142;0
8143;0
8144;0
8145;0
8146;0
8147;0
8148;0
8149;0
8150;0
8151;0
8152;0
8153;0
8154;0
8155;0
8156;0
8157;0
8158;0
8159;0
8160;0
8161;0
8162;0
8163;0
8164;0
8165;0
8166;0
8167;0
8168;0
8169;0
8170;0
8171;0
8172;0
8173;0
8174;0
8175;0
8176;0
8177;0
8178;0
8179;0
8180;0
8181;0
8182;0
8183;0
8184;0
8185;0
8186;0
8187;0
8188;0
8189;0
8190;0
8191;0
