0;0
1;0
2;0
3;0
4;1
5;0
6;0
7;0
8;0
9;0
10;0
11;0
12;0
13;0
14;0
15;0
16;0
17;0
18;0
19;0
20;0
21;0
22;0
23;1
24;2
25;0
26;0
27;0
28;0
29;0
30;0
31;0
32;0
33;0
34;0
35;1
36;0
37;1
38;0
39;0
40;3
41;0
42;1
43;0
44;0
45;0
46;1
47;0
48;2
49;2
50;0
51;3
52;0
53;0
54;1
55;1
56;1
57;1
58;2
59;4
60;0
61;1
62;3
63;1
64;1
65;0
66;0
67;2
68;1
69;1
70;1
71;3
72;4
73;0
74;1
75;0
76;1
77;7
78;25
79;74
80;96
81;119
82;117
83;124
84;123
85;114
86;124
87;131
88;112
89;127
90;145
91;106
92;131
93;123
94;134
95;139
96;114
97;168
98;138
99;146
100;136
101;134
102;151
103;161
104;139
105;133
106;145
107;128
108;183
109;135
110;176
111;170
112;174
113;174
114;155
115;190
116;181
117;203
118;205
119;194
120;216
121;258
122;231
123;239
124;256
125;283
126;266
127;270
128;287
129;312
130;356
131;323
132;414
133;381
134;382
135;342
136;421
137;403
138;423
139;453
140;474
141;468
142;446
143;439
144;508
145;478
146;462
147;491
148;534
149;507
150;469
151;476
152;447
153;431
154;431
155;424
156;470
157;454
158;396
159;403
160;375
161;389
162;397
163;356
164;324
165;342
166;344
167;323
168;281
169;292
170;270
171;278
172;252
173;263
174;286
175;252
176;271
177;251
178;250
179;241
180;222
181;227
182;247
183;205
184;221
185;207
186;209
187;192
188;203
189;193
190;214
191;207
192;200
193;195
194;200
195;221
196;202
197;199
198;209
199;214
200;201
201;187
202;217
203;181
204;181
205;208
206;193
207;208
208;187
209;178
210;194
211;191
212;191
213;214
214;218
215;210
216;200
217;212
218;209
219;193
220;212
221;212
222;225
223;195
224;234
225;211
226;206
227;260
228;225
229;224
230;241
231;214
232;234
233;229
234;240
235;220
236;224
237;242
238;258
239;212
240;247
241;226
242;239
243;234
244;237
245;223
246;268
247;253
248;246
249;261
250;261
251;248
252;243
253;266
254;280
255;274
256;294
257;277
258;277
259;295
260;307
261;257
262;294
263;294
264;278
265;263
266;307
267;308
268;279
269;317
270;318
271;303
272;359
273;274
274;320
275;303
276;329
277;314
278;294
279;321
280;341
281;318
282;337
283;341
284;332
285;329
286;332
287;347
288;324
289;356
290;381
291;343
292;374
293;338
294;343
295;374
296;368
297;390
298;382
299;384
300;406
301;376
302;369
303;371
304;372
305;383
306;377
307;376
308;399
309;382
310;429
311;405
312;399
313;419
314;380
315;369
316;422
317;368
318;432
319;388
320;370
321;427
322;430
323;408
324;435
325;426
326;434
327;445
328;431
329;453
330;413
331;494
332;405
333;422
334;469
335;465
336;463
337;441
338;471
339;479
340;480
341;454
342;488
343;476
344;445
345;431
346;491
347;474
348;445
349;457
350;470
351;489
352;476
353;480
354;511
355;487
356;476
357;503
358;477
359;467
360;476
361;491
362;518
363;514
364;462
365;494
366;487
367;492
368;530
369;494
370;503
371;519
372;518
373;518
374;537
375;517
376;485
377;509
378;477
379;529
380;536
381;551
382;541
383;490
384;527
385;511
386;507
387;535
388;529
389;513
390;523
391;510
392;529
393;561
394;565
395;526
396;540
397;513
398;495
399;511
400;510
401;544
402;538
403;520
404;487
405;518
406;529
407;523
408;566
409;566
410;550
411;533
412;545
413;504
414;554
415;582
416;550
417;546
418;504
419;547
420;593
421;532
422;545
423;522
424;502
425;532
426;540
427;565
428;540
429;526
430;552
431;515
432;529
433;575
434;519
435;537
436;550
437;581
438;528
439;573
440;534
441;537
442;545
443;540
444;540
445;527
446;520
447;569
448;536
449;529
450;545
451;532
452;525
453;533
454;535
455;602
456;523
457;550
458;528
459;541
460;513
461;561
462;514
463;518
464;583
465;524
466;565
467;507
468;527
469;570
470;555
471;571
472;514
473;503
474;560
475;540
476;544
477;531
478;537
479;518
480;536
481;519
482;551
483;583
484;515
485;546
486;566
487;529
488;497
489;541
490;581
491;558
492;566
493;562
494;549
495;519
496;502
497;586
498;530
499;555
500;567
501;577
502;544
503;538
504;582
505;513
506;593
507;533
508;538
509;557
510;513
511;564
512;538
513;523
514;524
515;512
516;538
517;542
518;550
519;510
520;562
521;525
522;523
523;611
524;538
525;558
526;589
527;495
528;529
529;550
530;565
531;540
532;552
533;555
534;492
535;585
536;581
537;533
538;530
539;583
540;584
541;580
542;587
543;561
544;536
545;567
546;523
547;554
548;566
549;532
550;531
551;523
552;550
553;539
554;569
555;522
556;543
557;584
558;555
559;579
560;548
561;511
562;551
563;557
564;538
565;527
566;545
567;531
568;543
569;525
570;552
571;541
572;510
573;536
574;547
575;563
576;538
577;530
578;554
579;543
580;508
581;560
582;581
583;556
584;507
585;511
586;536
587;546
588;485
589;514
590;528
591;536
592;515
593;523
594;505
595;517
596;534
597;505
598;541
599;511
600;529
601;525
602;518
603;510
604;523
605;516
606;495
607;488
608;501
609;487
610;501
611;525
612;527
613;536
614;496
615;499
616;501
617;494
618;510
619;526
620;512
621;511
622;546
623;506
624;474
625;509
626;507
627;488
628;530
629;506
630;501
631;476
632;450
633;510
634;486
635;502
636;509
637;488
638;456
639;480
640;525
641;465
642;466
643;481
644;523
645;476
646;520
647;506
648;481
649;449
650;463
651;527
652;455
653;459
654;475
655;503
656;491
657;473
658;460
659;483
660;476
661;477
662;504
663;468
664;493
665;486
666;478
667;513
668;475
669;502
670;488
671;502
672;462
673;472
674;454
675;473
676;472
677;487
678;458
679;440
680;483
681;488
682;452
683;467
684;431
685;451
686;505
687;434
688;473
689;427
690;400
691;456
692;432
693;466
694;413
695;455
696;455
697;447
698;451
699;429
700;389
701;413
702;448
703;487
704;422
705;479
706;464
707;450
708;465
709;431
710;472
711;469
712;462
713;478
714;428
715;469
716;473
717;450
718;481
719;426
720;434
721;397
722;444
723;401
724;439
725;392
726;468
727;431
728;449
729;443
730;426
731;449
732;426
733;445
734;441
735;457
736;395
737;412
738;428
739;449
740;416
741;406
742;413
743;458
744;428
745;396
746;453
747;437
748;431
749;368
750;429
751;444
752;437
753;417
754;379
755;428
756;407
757;387
758;422
759;398
760;465
761;390
762;415
763;442
764;440
765;424
766;436
767;426
768;429
769;410
770;411
771;435
772;425
773;418
774;445
775;421
776;450
777;437
778;397
779;436
780;406
781;406
782;445
783;414
784;412
785;450
786;395
787;418
788;441
789;437
790;422
791;466
792;440
793;399
794;451
795;427
796;412
797;432
798;437
799;414
800;423
801;440
802;438
803;373
804;443
805;427
806;439
807;436
808;415
809;429
810;457
811;410
812;428
813;419
814;446
815;438
816;421
817;428
818;429
819;463
820;404
821;441
822;434
823;404
824;437
825;433
826;406
827;447
828;447
829;478
830;444
831;408
832;436
833;473
834;422
835;404
836;412
837;426
838;447
839;431
840;420
841;437
842;430
843;441
844;416
845;428
846;415
847;452
848;410
849;430
850;419
851;450
852;465
853;416
854;456
855;400
856;419
857;411
858;401
859;455
860;446
861;437
862;436
863;439
864;436
865;433
866;453
867;427
868;440
869;429
870;435
871;442
872;420
873;405
874;414
875;434
876;477
877;413
878;429
879;429
880;402
881;437
882;423
883;431
884;414
885;441
886;427
887;412
888;451
889;404
890;396
891;437
892;431
893;451
894;434
895;431
896;412
897;460
898;395
899;391
900;409
901;441
902;421
903;430
904;417
905;435
906;405
907;432
908;405
909;397
910;428
911;424
912;446
913;407
914;416
915;405
916;404
917;417
918;452
919;410
920;398
921;406
922;383
923;408
924;411
925;371
926;395
927;399
928;421
929;409
930;439
931;381
932;426
933;398
934;392
935;398
936;395
937;388
938;365
939;389
940;400
941;385
942;392
943;377
944;364
945;398
946;396
947;368
948;360
949;390
950;375
951;388
952;355
953;387
954;385
955;371
956;387
957;344
958;373
959;340
960;395
961;365
962;350
963;367
964;389
965;418
966;345
967;377
968;341
969;340
970;366
971;335
972;359
973;385
974;367
975;418
976;386
977;368
978;373
979;372
980;335
981;338
982;396
983;370
984;348
985;372
986;365
987;408
988;400
989;384
990;345
991;347
992;337
993;369
994;343
995;351
996;380
997;337
998;337
999;354
1000;366
1001;360
1002;371
1003;348
1004;318
1005;373
1006;317
1007;345
1008;336
1009;350
1010;322
1011;345
1012;342
1013;357
1014;347
1015;338
1016;325
1017;341
1018;326
1019;359
1020;336
1021;375
1022;365
1023;356
1024;333
1025;343
1026;343
1027;334
1028;357
1029;353
1030;356
1031;348
1032;367
1033;341
1034;331
1035;354
1036;361
1037;322
1038;350
1039;377
1040;309
1041;308
1042;322
1043;338
1044;366
1045;348
1046;365
1047;318
1048;333
1049;360
1050;315
1051;306
1052;316
1053;328
1054;319
1055;334
1056;344
1057;318
1058;375
1059;319
1060;300
1061;342
1062;320
1063;314
1064;337
1065;313
1066;332
1067;335
1068;324
1069;332
1070;341
1071;323
1072;322
1073;348
1074;332
1075;314
1076;301
1077;330
1078;353
1079;342
1080;338
1081;366
1082;320
1083;333
1084;325
1085;323
1086;307
1087;292
1088;311
1089;317
1090;325
1091;315
1092;279
1093;284
1094;290
1095;303
1096;305
1097;294
1098;305
1099;289
1100;295
1101;326
1102;271
1103;281
1104;285
1105;301
1106;300
1107;338
1108;309
1109;284
1110;273
1111;290
1112;286
1113;312
1114;274
1115;297
1116;289
1117;299
1118;301
1119;274
1120;322
1121;275
1122;300
1123;308
1124;301
1125;267
1126;285
1127;307
1128;296
1129;261
1130;262
1131;277
1132;250
1133;291
1134;265
1135;277
1136;257
1137;277
1138;263
1139;288
1140;275
1141;288
1142;290
1143;277
1144;305
1145;267
1146;307
1147;263
1148;280
1149;267
1150;265
1151;267
1152;265
1153;290
1154;276
1155;264
1156;245
1157;271
1158;276
1159;280
1160;266
1161;278
1162;261
1163;274
1164;255
1165;301
1166;248
1167;248
1168;257
1169;249
1170;279
1171;256
1172;261
1173;261
1174;251
1175;302
1176;270
1177;218
1178;266
1179;255
1180;269
1181;292
1182;282
1183;240
1184;265
1185;226
1186;249
1187;252
1188;240
1189;227
1190;256
1191;252
1192;238
1193;264
1194;243
1195;207
1196;240
1197;254
1198;240
1199;229
1200;242
1201;236
1202;254
1203;257
1204;258
1205;236
1206;254
1207;237
1208;231
1209;239
1210;232
1211;227
1212;233
1213;253
1214;258
1215;253
1216;231
1217;233
1218;235
1219;268
1220;235
1221;223
1222;235
1223;236
1224;252
1225;231
1226;213
1227;228
1228;238
1229;221
1230;220
1231;233
1232;218
1233;227
1234;224
1235;216
1236;222
1237;232
1238;243
1239;217
1240;233
1241;225
1242;245
1243;224
1244;241
1245;210
1246;210
1247;217
1248;220
1249;203
1250;254
1251;222
1252;220
1253;238
1254;219
1255;215
1256;216
1257;235
1258;219
1259;209
1260;224
1261;244
1262;219
1263;240
1264;202
1265;212
1266;214
1267;232
1268;224
1269;225
1270;204
1271;238
1272;214
1273;221
1274;212
1275;216
1276;230
1277;209
1278;214
1279;224
1280;211
1281;201
1282;203
1283;187
1284;212
1285;226
1286;218
1287;193
1288;186
1289;211
1290;230
1291;214
1292;195
1293;220
1294;201
1295;240
1296;202
1297;242
1298;199
1299;213
1300;213
1301;215
1302;187
1303;209
1304;213
1305;181
1306;224
1307;194
1308;176
1309;208
1310;166
1311;194
1312;194
1313;199
1314;176
1315;229
1316;193
1317;202
1318;216
1319;201
1320;206
1321;177
1322;195
1323;215
1324;149
1325;188
1326;182
1327;239
1328;199
1329;195
1330;200
1331;198
1332;188
1333;185
1334;216
1335;222
1336;189
1337;207
1338;182
1339;180
1340;210
1341;185
1342;198
1343;186
1344;169
1345;198
1346;180
1347;206
1348;192
1349;194
1350;174
1351;193
1352;177
1353;208
1354;190
1355;189
1356;177
1357;202
1358;160
1359;170
1360;188
1361;163
1362;187
1363;190
1364;158
1365;199
1366;190
1367;185
1368;185
1369;166
1370;171
1371;185
1372;177
1373;200
1374;192
1375;198
1376;203
1377;197
1378;162
1379;167
1380;174
1381;158
1382;166
1383;188
1384;162
1385;183
1386;168
1387;171
1388;193
1389;180
1390;152
1391;174
1392;182
1393;190
1394;179
1395;190
1396;173
1397;185
1398;151
1399;169
1400;181
1401;166
1402;189
1403;150
1404;181
1405;169
1406;172
1407;146
1408;184
1409;187
1410;179
1411;167
1412;167
1413;143
1414;180
1415;167
1416;164
1417;168
1418;173
1419;194
1420;157
1421;171
1422;158
1423;168
1424;162
1425;186
1426;187
1427;181
1428;166
1429;190
1430;179
1431;164
1432;188
1433;170
1434;169
1435;154
1436;162
1437;154
1438;170
1439;169
1440;180
1441;144
1442;173
1443;175
1444;165
1445;171
1446;168
1447;183
1448;157
1449;168
1450;175
1451;179
1452;165
1453;165
1454;165
1455;184
1456;164
1457;172
1458;160
1459;145
1460;173
1461;160
1462;157
1463;167
1464;185
1465;157
1466;154
1467;175
1468;151
1469;163
1470;165
1471;148
1472;165
1473;172
1474;161
1475;158
1476;177
1477;153
1478;175
1479;146
1480;175
1481;145
1482;178
1483;169
1484;160
1485;144
1486;168
1487;162
1488;153
1489;162
1490;154
1491;170
1492;169
1493;157
1494;136
1495;153
1496;153
1497;166
1498;155
1499;164
1500;160
1501;159
1502;158
1503;179
1504;155
1505;143
1506;145
1507;162
1508;145
1509;156
1510;156
1511;151
1512;166
1513;164
1514;169
1515;173
1516;173
1517;166
1518;149
1519;146
1520;173
1521;173
1522;169
1523;154
1524;151
1525;168
1526;160
1527;160
1528;179
1529;169
1530;144
1531;152
1532;168
1533;151
1534;147
1535;180
1536;129
1537;149
1538;146
1539;162
1540;145
1541;173
1542;152
1543;131
1544;128
1545;165
1546;157
1547;155
1548;122
1549;153
1550;156
1551;155
1552;143
1553;142
1554;147
1555;154
1556;153
1557;151
1558;149
1559;151
1560;164
1561;164
1562;146
1563;151
1564;139
1565;158
1566;135
1567;148
1568;152
1569;147
1570;127
1571;166
1572;144
1573;151
1574;167
1575;145
1576;155
1577;145
1578;144
1579;149
1580;139
1581;160
1582;121
1583;141
1584;149
1585;140
1586;155
1587;170
1588;138
1589;130
1590;129
1591;166
1592;148
1593;147
1594;133
1595;143
1596;147
1597;159
1598;142
1599;164
1600;156
1601;142
1602;136
1603;149
1604;166
1605;142
1606;140
1607;141
1608;147
1609;119
1610;150
1611;142
1612;139
1613;142
1614;163
1615;127
1616;132
1617;134
1618;122
1619;125
1620;139
1621;138
1622;133
1623;134
1624;160
1625;156
1626;143
1627;125
1628;147
1629;134
1630;135
1631;126
1632;119
1633;150
1634;132
1635;121
1636;137
1637;141
1638;123
1639;115
1640;159
1641;143
1642;139
1643;129
1644;113
1645;116
1646;138
1647;137
1648;135
1649;123
1650;120
1651;128
1652;144
1653;141
1654;131
1655;158
1656;121
1657;134
1658;133
1659;135
1660;129
1661;127
1662;129
1663;146
1664;137
1665;140
1666;117
1667;129
1668;131
1669;138
1670;141
1671;129
1672;147
1673;141
1674;132
1675;151
1676;130
1677;136
1678;147
1679;137
1680;121
1681;122
1682;138
1683;132
1684;144
1685;130
1686;117
1687;140
1688;126
1689;134
1690;105
1691;137
1692;135
1693;130
1694;148
1695;122
1696;114
1697;145
1698;140
1699;124
1700;128
1701;119
1702;142
1703;127
1704;146
1705;139
1706;126
1707;137
1708;141
1709;127
1710;109
1711;127
1712;117
1713;129
1714;124
1715;122
1716;111
1717;120
1718;115
1719;127
1720;132
1721;145
1722;136
1723;131
1724;142
1725;123
1726;147
1727;149
1728;134
1729;114
1730;101
1731;112
1732;129
1733;149
1734;131
1735;120
1736;131
1737;131
1738;124
1739;124
1740;147
1741;127
1742;128
1743;128
1744;122
1745;121
1746;127
1747;114
1748;124
1749;129
1750;109
1751;123
1752;106
1753;124
1754;141
1755;139
1756;107
1757;147
1758;116
1759;139
1760;122
1761;138
1762;126
1763;135
1764;120
1765;130
1766;127
1767;130
1768;146
1769;116
1770;131
1771;144
1772;116
1773;135
1774;150
1775;120
1776;119
1777;130
1778;117
1779;145
1780;135
1781;128
1782;131
1783;108
1784;121
1785;122
1786;130
1787;106
1788;121
1789;105
1790;114
1791;132
1792;113
1793;119
1794;135
1795;122
1796;140
1797;130
1798;106
1799;120
1800;128
1801;126
1802;114
1803;115
1804;127
1805;111
1806;134
1807;116
1808;119
1809;121
1810;120
1811;137
1812;141
1813;112
1814;141
1815;129
1816;117
1817;135
1818;119
1819;113
1820;128
1821;122
1822;129
1823;126
1824;105
1825;131
1826;125
1827;111
1828;105
1829;118
1830;130
1831;144
1832;101
1833;110
1834;118
1835;133
1836;125
1837;110
1838;127
1839;127
1840;115
1841;130
1842;126
1843;128
1844;122
1845;132
1846;140
1847;105
1848;98
1849;105
1850;139
1851;131
1852;97
1853;110
1854;109
1855;140
1856;121
1857;113
1858;136
1859;124
1860;109
1861;116
1862;104
1863;94
1864;119
1865;106
1866;135
1867;110
1868;126
1869;103
1870;121
1871;120
1872;116
1873;117
1874;113
1875;120
1876;125
1877;135
1878;106
1879;120
1880;122
1881;114
1882;129
1883;117
1884;131
1885;118
1886;136
1887;103
1888;120
1889;111
1890;112
1891;112
1892;122
1893;108
1894;121
1895;106
1896;116
1897;120
1898;123
1899;134
1900;136
1901;111
1902;115
1903;123
1904;123
1905;146
1906;118
1907;114
1908;128
1909;101
1910;131
1911;109
1912;110
1913;119
1914;149
1915;120
1916;134
1917;131
1918;135
1919;118
1920;109
1921;106
1922;104
1923;105
1924;124
1925;119
1926;104
1927;123
1928;129
1929;126
1930;130
1931;114
1932;119
1933;107
1934;105
1935;126
1936;112
1937;140
1938;130
1939;140
1940;145
1941;107
1942;127
1943;116
1944;139
1945;102
1946;120
1947;124
1948;116
1949;98
1950;164
1951;104
1952;110
1953;121
1954;112
1955;125
1956;107
1957;97
1958;118
1959;130
1960;109
1961;109
1962;124
1963;117
1964;134
1965;134
1966;115
1967;112
1968;127
1969;119
1970;121
1971;114
1972;105
1973;125
1974;116
1975;126
1976;108
1977;89
1978;110
1979;109
1980;128
1981;111
1982;114
1983;115
1984;120
1985;127
1986;113
1987;107
1988;142
1989;121
1990;119
1991;105
1992;117
1993;99
1994;119
1995;120
1996;98
1997;114
1998;113
1999;127
2000;114
2001;133
2002;104
2003;109
2004;124
2005;98
2006;104
2007;115
2008;115
2009;100
2010;92
2011;106
2012;93
2013;103
2014;115
2015;110
2016;101
2017;112
2018;93
2019;100
2020;107
2021;110
2022;90
2023;100
2024;120
2025;101
2026;104
2027;106
2028;108
2029;100
2030;113
2031;116
2032;99
2033;99
2034;96
2035;109
2036;111
2037;104
2038;93
2039;124
2040;127
2041;97
2042;106
2043;119
2044;104
2045;126
2046;108
2047;109
2048;109
2049;93
2050;101
2051;114
2052;120
2053;108
2054;124
2055;97
2056;104
2057;121
2058;101
2059;98
2060;102
2061;126
2062;111
2063;100
2064;105
2065;106
2066;81
2067;84
2068;74
2069;119
2070;95
2071;98
2072;97
2073;95
2074;97
2075;108
2076;88
2077;112
2078;83
2079;82
2080;97
2081;93
2082;98
2083;103
2084;90
2085;93
2086;88
2087;83
2088;103
2089;107
2090;102
2091;100
2092;84
2093;72
2094;90
2095;95
2096;88
2097;99
2098;99
2099;88
2100;86
2101;98
2102;95
2103;93
2104;96
2105;85
2106;96
2107;82
2108;97
2109;80
2110;87
2111;85
2112;89
2113;101
2114;84
2115;87
2116;103
2117;88
2118;93
2119;74
2120;78
2121;96
2122;92
2123;90
2124;88
2125;91
2126;90
2127;79
2128;101
2129;83
2130;81
2131;85
2132;76
2133;74
2134;75
2135;79
2136;79
2137;71
2138;81
2139;88
2140;73
2141;86
2142;100
2143;93
2144;75
2145;80
2146;94
2147;74
2148;76
2149;89
2150;78
2151;82
2152;71
2153;100
2154;76
2155;77
2156;70
2157;83
2158;71
2159;79
2160;88
2161;81
2162;83
2163;77
2164;75
2165;84
2166;90
2167;77
2168;68
2169;69
2170;72
2171;78
2172;81
2173;74
2174;81
2175;88
2176;78
2177;65
2178;62
2179;92
2180;84
2181;72
2182;65
2183;67
2184;77
2185;75
2186;86
2187;68
2188;78
2189;89
2190;87
2191;77
2192;84
2193;68
2194;64
2195;86
2196;62
2197;74
2198;69
2199;67
2200;71
2201;69
2202;65
2203;51
2204;65
2205;72
2206;62
2207;85
2208;52
2209;76
2210;72
2211;53
2212;58
2213;68
2214;69
2215;72
2216;66
2217;69
2218;96
2219;62
2220;77
2221;72
2222;74
2223;72
2224;63
2225;68
2226;69
2227;67
2228;67
2229;72
2230;67
2231;82
2232;66
2233;62
2234;67
2235;71
2236;63
2237;52
2238;65
2239;72
2240;59
2241;65
2242;64
2243;65
2244;58
2245;55
2246;82
2247;62
2248;73
2249;67
2250;64
2251;52
2252;72
2253;75
2254;68
2255;69
2256;55
2257;55
2258;49
2259;61
2260;76
2261;49
2262;68
2263;67
2264;71
2265;63
2266;77
2267;56
2268;51
2269;66
2270;67
2271;59
2272;57
2273;76
2274;62
2275;50
2276;62
2277;60
2278;47
2279;55
2280;74
2281;71
2282;50
2283;52
2284;68
2285;73
2286;71
2287;67
2288;59
2289;60
2290;67
2291;65
2292;56
2293;55
2294;79
2295;58
2296;64
2297;68
2298;66
2299;64
2300;69
2301;60
2302;61
2303;57
2304;64
2305;66
2306;57
2307;67
2308;53
2309;52
2310;71
2311;72
2312;66
2313;65
2314;62
2315;63
2316;66
2317;60
2318;64
2319;59
2320;57
2321;69
2322;50
2323;63
2324;62
2325;55
2326;53
2327;47
2328;58
2329;60
2330;48
2331;52
2332;54
2333;60
2334;54
2335;41
2336;47
2337;59
2338;65
2339;57
2340;52
2341;58
2342;55
2343;49
2344;58
2345;68
2346;60
2347;66
2348;59
2349;55
2350;65
2351;63
2352;52
2353;49
2354;52
2355;50
2356;49
2357;56
2358;56
2359;48
2360;49
2361;57
2362;53
2363;53
2364;66
2365;50
2366;60
2367;56
2368;49
2369;56
2370;52
2371;65
2372;59
2373;66
2374;49
2375;47
2376;56
2377;70
2378;54
2379;54
2380;42
2381;62
2382;54
2383;67
2384;40
2385;52
2386;75
2387;66
2388;60
2389;54
2390;65
2391;51
2392;61
2393;64
2394;44
2395;44
2396;38
2397;47
2398;58
2399;56
2400;58
2401;46
2402;68
2403;67
2404;62
2405;53
2406;51
2407;73
2408;50
2409;52
2410;43
2411;59
2412;56
2413;48
2414;56
2415;48
2416;45
2417;58
2418;51
2419;42
2420;50
2421;47
2422;51
2423;44
2424;51
2425;41
2426;51
2427;46
2428;43
2429;44
2430;68
2431;41
2432;49
2433;36
2434;45
2435;48
2436;63
2437;53
2438;46
2439;44
2440;43
2441;47
2442;56
2443;53
2444;50
2445;62
2446;53
2447;54
2448;51
2449;39
2450;50
2451;46
2452;48
2453;59
2454;53
2455;54
2456;65
2457;60
2458;43
2459;56
2460;44
2461;47
2462;52
2463;56
2464;56
2465;49
2466;63
2467;42
2468;49
2469;50
2470;60
2471;52
2472;47
2473;41
2474;40
2475;48
2476;45
2477;62
2478;58
2479;40
2480;50
2481;59
2482;38
2483;40
2484;56
2485;66
2486;36
2487;50
2488;53
2489;48
2490;50
2491;46
2492;47
2493;59
2494;51
2495;39
2496;57
2497;47
2498;32
2499;44
2500;45
2501;49
2502;35
2503;38
2504;49
2505;44
2506;52
2507;57
2508;47
2509;38
2510;33
2511;48
2512;54
2513;59
2514;46
2515;47
2516;56
2517;49
2518;41
2519;42
2520;43
2521;49
2522;48
2523;41
2524;48
2525;45
2526;53
2527;39
2528;53
2529;39
2530;32
2531;51
2532;43
2533;69
2534;45
2535;47
2536;53
2537;49
2538;53
2539;35
2540;53
2541;56
2542;48
2543;46
2544;43
2545;53
2546;55
2547;49
2548;53
2549;41
2550;52
2551;32
2552;43
2553;35
2554;51
2555;41
2556;46
2557;45
2558;51
2559;40
2560;46
2561;53
2562;39
2563;39
2564;57
2565;50
2566;51
2567;60
2568;63
2569;38
2570;66
2571;57
2572;41
2573;41
2574;49
2575;42
2576;39
2577;42
2578;48
2579;38
2580;40
2581;37
2582;38
2583;64
2584;43
2585;37
2586;41
2587;40
2588;45
2589;35
2590;52
2591;41
2592;53
2593;50
2594;54
2595;45
2596;52
2597;44
2598;37
2599;40
2600;47
2601;39
2602;41
2603;42
2604;48
2605;40
2606;49
2607;39
2608;43
2609;41
2610;42
2611;35
2612;50
2613;42
2614;37
2615;57
2616;41
2617;54
2618;43
2619;53
2620;46
2621;44
2622;43
2623;42
2624;47
2625;42
2626;51
2627;39
2628;44
2629;49
2630;42
2631;47
2632;42
2633;39
2634;50
2635;40
2636;45
2637;48
2638;49
2639;47
2640;40
2641;43
2642;42
2643;58
2644;33
2645;41
2646;45
2647;62
2648;52
2649;55
2650;54
2651;42
2652;50
2653;53
2654;53
2655;53
2656;54
2657;59
2658;44
2659;34
2660;55
2661;54
2662;51
2663;58
2664;39
2665;46
2666;55
2667;56
2668;50
2669;49
2670;50
2671;56
2672;52
2673;49
2674;50
2675;55
2676;64
2677;54
2678;59
2679;48
2680;51
2681;47
2682;53
2683;73
2684;37
2685;51
2686;55
2687;48
2688;57
2689;57
2690;50
2691;53
2692;62
2693;57
2694;66
2695;61
2696;61
2697;58
2698;58
2699;67
2700;45
2701;61
2702;63
2703;59
2704;54
2705;54
2706;57
2707;75
2708;75
2709;55
2710;65
2711;59
2712;75
2713;73
2714;74
2715;67
2716;59
2717;57
2718;74
2719;67
2720;73
2721;66
2722;81
2723;75
2724;78
2725;66
2726;71
2727;73
2728;79
2729;83
2730;77
2731;84
2732;85
2733;75
2734;96
2735;84
2736;99
2737;93
2738;96
2739;97
2740;79
2741;70
2742;101
2743;69
2744;83
2745;90
2746;93
2747;114
2748;96
2749;107
2750;98
2751;91
2752;96
2753;128
2754;88
2755;106
2756;86
2757;92
2758;112
2759;111
2760;104
2761;129
2762;106
2763;114
2764;140
2765;123
2766;127
2767;117
2768;120
2769;120
2770;122
2771;122
2772;123
2773;129
2774;130
2775;159
2776;133
2777;142
2778;134
2779;126
2780;151
2781;151
2782;161
2783;143
2784;150
2785;150
2786;170
2787;159
2788;137
2789;167
2790;151
2791;180
2792;148
2793;160
2794;186
2795;192
2796;195
2797;173
2798;167
2799;184
2800;161
2801;180
2802;193
2803;176
2804;189
2805;203
2806;201
2807;173
2808;208
2809;226
2810;198
2811;219
2812;229
2813;197
2814;199
2815;208
2816;222
2817;225
2818;211
2819;233
2820;210
2821;214
2822;269
2823;229
2824;231
2825;240
2826;249
2827;235
2828;258
2829;230
2830;251
2831;273
2832;286
2833;243
2834;288
2835;238
2836;250
2837;271
2838;263
2839;300
2840;324
2841;294
2842;291
2843;289
2844;301
2845;309
2846;278
2847;326
2848;340
2849;327
2850;330
2851;296
2852;315
2853;300
2854;348
2855;314
2856;306
2857;353
2858;313
2859;358
2860;365
2861;351
2862;307
2863;362
2864;359
2865;367
2866;391
2867;341
2868;392
2869;373
2870;367
2871;363
2872;382
2873;368
2874;416
2875;414
2876;406
2877;386
2878;389
2879;376
2880;420
2881;413
2882;434
2883;394
2884;411
2885;436
2886;445
2887;411
2888;415
2889;411
2890;465
2891;451
2892;432
2893;434
2894;422
2895;434
2896;476
2897;473
2898;492
2899;440
2900;429
2901;459
2902;489
2903;483
2904;471
2905;480
2906;456
2907;495
2908;481
2909;514
2910;469
2911;436
2912;495
2913;458
2914;472
2915;532
2916;484
2917;491
2918;463
2919;509
2920;484
2921;499
2922;501
2923;534
2924;522
2925;507
2926;519
2927;554
2928;536
2929;519
2930;481
2931;530
2932;524
2933;496
2934;503
2935;498
2936;532
2937;476
2938;552
2939;513
2940;511
2941;544
2942;547
2943;528
2944;530
2945;493
2946;502
2947;538
2948;546
2949;512
2950;540
2951;543
2952;514
2953;539
2954;540
2955;545
2956;545
2957;525
2958;516
2959;555
2960;568
2961;529
2962;557
2963;563
2964;535
2965;558
2966;519
2967;533
2968;551
2969;527
2970;488
2971;523
2972;508
2973;553
2974;544
2975;500
2976;561
2977;575
2978;564
2979;535
2980;528
2981;542
2982;534
2983;521
2984;535
2985;501
2986;537
2987;531
2988;515
2989;510
2990;515
2991;513
2992;460
2993;527
2994;524
2995;497
2996;515
2997;472
2998;490
2999;505
3000;494
3001;471
3002;477
3003;485
3004;485
3005;455
3006;468
3007;476
3008;495
3009;467
3010;483
3011;447
3012;441
3013;472
3014;451
3015;429
3016;440
3017;431
3018;473
3019;449
3020;426
3021;443
3022;440
3023;409
3024;424
3025;405
3026;414
3027;444
3028;407
3029;435
3030;432
3031;402
3032;419
3033;402
3034;412
3035;409
3036;430
3037;392
3038;404
3039;387
3040;419
3041;370
3042;395
3043;380
3044;355
3045;383
3046;346
3047;385
3048;359
3049;367
3050;358
3051;306
3052;356
3053;336
3054;331
3055;330
3056;323
3057;335
3058;317
3059;330
3060;346
3061;294
3062;325
3063;322
3064;296
3065;291
3066;295
3067;287
3068;322
3069;292
3070;293
3071;236
3072;247
3073;264
3074;288
3075;255
3076;303
3077;280
3078;235
3079;250
3080;251
3081;243
3082;279
3083;246
3084;249
3085;266
3086;235
3087;266
3088;251
3089;224
3090;243
3091;237
3092;241
3093;203
3094;200
3095;237
3096;214
3097;207
3098;199
3099;207
3100;218
3101;195
3102;150
3103;200
3104;198
3105;159
3106;192
3107;182
3108;171
3109;170
3110;152
3111;161
3112;172
3113;180
3114;162
3115;152
3116;149
3117;151
3118;151
3119;150
3120;128
3121;156
3122;156
3123;136
3124;154
3125;137
3126;147
3127;138
3128;136
3129;118
3130;130
3131;131
3132;125
3133;117
3134;126
3135;119
3136;124
3137;113
3138;124
3139;121
3140;115
3141;106
3142;106
3143;113
3144;89
3145;93
3146;104
3147;96
3148;101
3149;103
3150;96
3151;80
3152;72
3153;92
3154;92
3155;106
3156;94
3157;80
3158;67
3159;85
3160;69
3161;68
3162;76
3163;81
3164;71
3165;82
3166;71
3167;72
3168;64
3169;66
3170;64
3171;55
3172;65
3173;54
3174;62
3175;68
3176;63
3177;52
3178;57
3179;49
3180;53
3181;62
3182;63
3183;56
3184;60
3185;56
3186;48
3187;46
3188;43
3189;47
3190;40
3191;53
3192;41
3193;48
3194;26
3195;29
3196;49
3197;40
3198;42
3199;47
3200;35
3201;36
3202;41
3203;36
3204;33
3205;41
3206;39
3207;39
3208;33
3209;41
3210;45
3211;33
3212;34
3213;29
3214;38
3215;30
3216;33
3217;24
3218;30
3219;26
3220;21
3221;23
3222;30
3223;32
3224;28
3225;28
3226;28
3227;26
3228;19
3229;23
3230;16
3231;15
3232;28
3233;25
3234;25
3235;18
3236;24
3237;26
3238;23
3239;23
3240;32
3241;15
3242;18
3243;20
3244;24
3245;25
3246;19
3247;15
3248;16
3249;11
3250;19
3251;19
3252;17
3253;16
3254;14
3255;16
3256;19
3257;15
3258;17
3259;26
3260;16
3261;17
3262;17
3263;22
3264;14
3265;17
3266;32
3267;14
3268;22
3269;14
3270;18
3271;15
3272;9
3273;21
3274;16
3275;17
3276;13
3277;15
3278;19
3279;15
3280;14
3281;16
3282;16
3283;14
3284;17
3285;19
3286;12
3287;13
3288;10
3289;10
3290;15
3291;14
3292;12
3293;14
3294;14
3295;11
3296;10
3297;8
3298;15
3299;18
3300;12
3301;12
3302;16
3303;13
3304;10
3305;14
3306;16
3307;13
3308;16
3309;14
3310;10
3311;12
3312;12
3313;17
3314;10
3315;11
3316;7
3317;16
3318;10
3319;13
3320;18
3321;12
3322;14
3323;7
3324;13
3325;10
3326;9
3327;11
3328;12
3329;6
3330;14
3331;13
3332;8
3333;10
3334;17
3335;10
3336;11
3337;11
3338;8
3339;8
3340;9
3341;21
3342;10
3343;6
3344;12
3345;8
3346;8
3347;9
3348;5
3349;13
3350;16
3351;12
3352;14
3353;7
3354;15
3355;11
3356;10
3357;9
3358;15
3359;10
3360;18
3361;17
3362;17
3363;7
3364;7
3365;10
3366;10
3367;9
3368;10
3369;11
3370;10
3371;11
3372;14
3373;12
3374;8
3375;7
3376;15
3377;11
3378;5
3379;8
3380;13
3381;14
3382;6
3383;8
3384;11
3385;7
3386;11
3387;13
3388;13
3389;14
3390;11
3391;12
3392;11
3393;10
3394;9
3395;16
3396;17
3397;14
3398;12
3399;8
3400;7
3401;11
3402;17
3403;9
3404;6
3405;17
3406;5
3407;9
3408;12
3409;8
3410;11
3411;10
3412;6
3413;18
3414;10
3415;13
3416;10
3417;8
3418;13
3419;10
3420;19
3421;13
3422;15
3423;8
3424;7
3425;8
3426;5
3427;11
3428;9
3429;14
3430;4
3431;20
3432;10
3433;13
3434;14
3435;7
3436;12
3437;9
3438;6
3439;16
3440;9
3441;10
3442;10
3443;12
3444;11
3445;14
3446;9
3447;11
3448;11
3449;13
3450;12
3451;11
3452;12
3453;13
3454;9
3455;18
3456;11
3457;10
3458;12
3459;6
3460;14
3461;8
3462;7
3463;8
3464;17
3465;17
3466;10
3467;6
3468;12
3469;10
3470;14
3471;11
3472;11
3473;7
3474;4
3475;11
3476;4
3477;10
3478;15
3479;7
3480;9
3481;11
3482;18
3483;4
3484;11
3485;9
3486;5
3487;17
3488;10
3489;6
3490;8
3491;9
3492;13
3493;7
3494;11
3495;6
3496;12
3497;8
3498;8
3499;6
3500;7
3501;1
3502;11
3503;8
3504;9
3505;15
3506;13
3507;12
3508;16
3509;13
3510;7
3511;14
3512;10
3513;7
3514;8
3515;14
3516;9
3517;11
3518;10
3519;11
3520;10
3521;7
3522;10
3523;8
3524;10
3525;9
3526;13
3527;8
3528;7
3529;10
3530;14
3531;8
3532;11
3533;13
3534;16
3535;9
3536;14
3537;13
3538;12
3539;11
3540;5
3541;7
3542;13
3543;7
3544;5
3545;8
3546;10
3547;8
3548;9
3549;3
3550;13
3551;15
3552;7
3553;5
3554;14
3555;13
3556;8
3557;15
3558;8
3559;11
3560;8
3561;6
3562;9
3563;7
3564;8
3565;9
3566;8
3567;9
3568;19
3569;7
3570;9
3571;6
3572;8
3573;16
3574;9
3575;9
3576;8
3577;8
3578;14
3579;7
3580;14
3581;12
3582;6
3583;8
3584;3
3585;13
3586;14
3587;8
3588;6
3589;8
3590;9
3591;6
3592;11
3593;12
3594;15
3595;13
3596;10
3597;6
3598;9
3599;10
3600;11
3601;4
3602;7
3603;6
3604;9
3605;5
3606;9
3607;17
3608;10
3609;10
3610;9
3611;9
3612;13
3613;10
3614;11
3615;10
3616;8
3617;10
3618;4
3619;8
3620;7
3621;10
3622;9
3623;7
3624;11
3625;10
3626;11
3627;11
3628;16
3629;4
3630;17
3631;7
3632;15
3633;13
3634;9
3635;8
3636;5
3637;13
3638;10
3639;8
3640;13
3641;7
3642;13
3643;12
3644;6
3645;13
3646;9
3647;3
3648;12
3649;8
3650;8
3651;16
3652;4
3653;3
3654;6
3655;10
3656;4
3657;9
3658;11
3659;9
3660;15
3661;8
3662;6
3663;13
3664;10
3665;9
3666;17
3667;14
3668;5
3669;8
3670;10
3671;12
3672;5
3673;9
3674;7
3675;1
3676;13
3677;8
3678;18
3679;5
3680;10
3681;13
3682;10
3683;11
3684;7
3685;6
3686;10
3687;7
3688;10
3689;9
3690;11
3691;7
3692;6
3693;10
3694;11
3695;8
3696;6
3697;9
3698;15
3699;13
3700;10
3701;8
3702;8
3703;4
3704;10
3705;9
3706;6
3707;12
3708;10
3709;11
3710;9
3711;9
3712;12
3713;10
3714;7
3715;11
3716;11
3717;6
3718;9
3719;10
3720;13
3721;11
3722;8
3723;13
3724;11
3725;4
3726;10
3727;11
3728;8
3729;10
3730;7
3731;7
3732;6
3733;12
3734;14
3735;8
3736;8
3737;9
3738;3
3739;10
3740;8
3741;14
3742;7
3743;9
3744;9
3745;7
3746;10
3747;9
3748;10
3749;11
3750;9
3751;6
3752;14
3753;8
3754;10
3755;8
3756;9
3757;10
3758;4
3759;9
3760;8
3761;6
3762;10
3763;13
3764;10
3765;9
3766;11
3767;4
3768;8
3769;8
3770;9
3771;7
3772;11
3773;16
3774;9
3775;19
3776;13
3777;10
3778;4
3779;6
3780;11
3781;14
3782;9
3783;10
3784;9
3785;11
3786;7
3787;12
3788;8
3789;9
3790;15
3791;12
3792;10
3793;11
3794;12
3795;10
3796;5
3797;13
3798;9
3799;4
3800;8
3801;11
3802;7
3803;10
3804;10
3805;8
3806;5
3807;8
3808;16
3809;6
3810;12
3811;8
3812;7
3813;8
3814;10
3815;6
3816;9
3817;6
3818;7
3819;14
3820;11
3821;8
3822;7
3823;9
3824;5
3825;13
3826;8
3827;6
3828;9
3829;17
3830;9
3831;3
3832;10
3833;8
3834;11
3835;8
3836;11
3837;9
3838;10
3839;14
3840;4
3841;8
3842;12
3843;9
3844;5
3845;7
3846;5
3847;11
3848;6
3849;7
3850;11
3851;13
3852;9
3853;10
3854;15
3855;6
3856;9
3857;9
3858;10
3859;11
3860;11
3861;11
3862;10
3863;4
3864;10
3865;7
3866;9
3867;9
3868;10
3869;11
3870;15
3871;9
3872;8
3873;13
3874;6
3875;7
3876;7
3877;9
3878;6
3879;7
3880;9
3881;6
3882;12
3883;10
3884;12
3885;14
3886;9
3887;9
3888;13
3889;11
3890;10
3891;11
3892;12
3893;12
3894;13
3895;12
3896;13
3897;14
3898;7
3899;14
3900;13
3901;12
3902;10
3903;4
3904;9
3905;7
3906;9
3907;14
3908;12
3909;10
3910;4
3911;9
3912;12
3913;10
3914;16
3915;8
3916;7
3917;11
3918;9
3919;8
3920;8
3921;13
3922;7
3923;7
3924;9
3925;16
3926;6
3927;6
3928;13
3929;9
3930;7
3931;9
3932;12
3933;10
3934;9
3935;14
3936;9
3937;11
3938;13
3939;9
3940;7
3941;20
3942;8
3943;17
3944;8
3945;10
3946;5
3947;9
3948;8
3949;13
3950;7
3951;14
3952;15
3953;6
3954;13
3955;9
3956;4
3957;13
3958;9
3959;7
3960;16
3961;11
3962;5
3963;8
3964;11
3965;11
3966;9
3967;4
3968;11
3969;12
3970;19
3971;12
3972;7
3973;13
3974;6
3975;9
3976;9
3977;12
3978;7
3979;10
3980;10
3981;5
3982;11
3983;12
3984;3
3985;11
3986;12
3987;6
3988;8
3989;11
3990;10
3991;11
3992;8
3993;7
3994;11
3995;6
3996;14
3997;9
3998;8
3999;12
4000;4
4001;9
4002;8
4003;15
4004;8
4005;11
4006;9
4007;13
4008;17
4009;8
4010;7
4011;14
4012;15
4013;9
4014;5
4015;10
4016;13
4017;12
4018;5
4019;17
4020;10
4021;9
4022;12
4023;6
4024;6
4025;13
4026;10
4027;7
4028;14
4029;9
4030;8
4031;10
4032;10
4033;13
4034;10
4035;14
4036;13
4037;13
4038;15
4039;8
4040;9
4041;8
4042;9
4043;20
4044;8
4045;6
4046;15
4047;11
4048;15
4049;13
4050;4
4051;15
4052;10
4053;7
4054;10
4055;12
4056;13
4057;7
4058;12
4059;7
4060;11
4061;9
4062;6
4063;9
4064;9
4065;13
4066;8
4067;7
4068;9
4069;10
4070;12
4071;1
4072;10
4073;11
4074;11
4075;14
4076;4
4077;8
4078;8
4079;10
4080;13
4081;9
4082;10
4083;6
4084;8
4085;15
4086;10
4087;9
4088;12
4089;8
4090;11
4091;7
4092;8
4093;13
4094;6
4095;15
4096;7
4097;9
4098;13
4099;7
4100;11
4101;8
4102;11
4103;7
4104;10
4105;10
4106;12
4107;9
4108;11
4109;15
4110;10
4111;7
4112;16
4113;11
4114;7
4115;7
4116;18
4117;10
4118;11
4119;9
4120;11
4121;14
4122;11
4123;11
4124;13
4125;12
4126;7
4127;13
4128;14
4129;13
4130;8
4131;14
4132;8
4133;4
4134;14
4135;15
4136;15
4137;7
4138;9
4139;11
4140;9
4141;6
4142;12
4143;8
4144;8
4145;8
4146;11
4147;8
4148;13
4149;7
4150;9
4151;11
4152;9
4153;12
4154;7
4155;12
4156;10
4157;14
4158;9
4159;2
4160;9
4161;11
4162;7
4163;10
4164;9
4165;15
4166;9
4167;11
4168;10
4169;12
4170;9
4171;15
4172;10
4173;14
4174;2
4175;8
4176;9
4177;11
4178;13
4179;12
4180;8
4181;11
4182;14
4183;16
4184;11
4185;9
4186;11
4187;8
4188;11
4189;10
4190;9
4191;14
4192;11
4193;9
4194;7
4195;12
4196;10
4197;4
4198;11
4199;16
4200;12
4201;10
4202;8
4203;9
4204;6
4205;7
4206;13
4207;6
4208;10
4209;8
4210;11
4211;13
4212;8
4213;8
4214;7
4215;12
4216;11
4217;12
4218;11
4219;8
4220;8
4221;5
4222;5
4223;8
4224;8
4225;15
4226;8
4227;6
4228;10
4229;11
4230;8
4231;12
4232;6
4233;10
4234;3
4235;7
4236;7
4237;12
4238;10
4239;12
4240;5
4241;9
4242;9
4243;16
4244;14
4245;9
4246;11
4247;10
4248;8
4249;14
4250;8
4251;13
4252;7
4253;8
4254;9
4255;5
4256;7
4257;12
4258;7
4259;7
4260;8
4261;8
4262;7
4263;10
4264;14
4265;13
4266;8
4267;3
4268;17
4269;7
4270;14
4271;10
4272;9
4273;11
4274;6
4275;6
4276;6
4277;6
4278;12
4279;12
4280;6
4281;9
4282;8
4283;6
4284;10
4285;9
4286;13
4287;9
4288;6
4289;12
4290;9
4291;5
4292;9
4293;9
4294;8
4295;6
4296;9
4297;13
4298;5
4299;10
4300;5
4301;8
4302;9
4303;6
4304;5
4305;12
4306;5
4307;10
4308;15
4309;14
4310;9
4311;9
4312;5
4313;5
4314;10
4315;6
4316;4
4317;10
4318;12
4319;4
4320;5
4321;3
4322;12
4323;8
4324;4
4325;10
4326;10
4327;7
4328;12
4329;11
4330;13
4331;16
4332;11
4333;7
4334;11
4335;9
4336;4
4337;9
4338;10
4339;6
4340;4
4341;11
4342;10
4343;9
4344;3
4345;12
4346;10
4347;8
4348;10
4349;8
4350;10
4351;6
4352;11
4353;7
4354;11
4355;12
4356;6
4357;3
4358;9
4359;6
4360;9
4361;7
4362;7
4363;9
4364;10
4365;12
4366;10
4367;11
4368;6
4369;5
4370;6
4371;7
4372;6
4373;12
4374;9
4375;7
4376;8
4377;11
4378;6
4379;13
4380;10
4381;7
4382;10
4383;9
4384;10
4385;8
4386;13
4387;8
4388;9
4389;7
4390;8
4391;1
4392;6
4393;2
4394;9
4395;14
4396;6
4397;8
4398;5
4399;4
4400;9
4401;7
4402;6
4403;7
4404;8
4405;10
4406;8
4407;10
4408;5
4409;10
4410;8
4411;9
4412;13
4413;6
4414;3
4415;10
4416;1
4417;8
4418;7
4419;9
4420;6
4421;15
4422;5
4423;10
4424;10
4425;6
4426;11
4427;8
4428;6
4429;5
4430;3
4431;10
4432;9
4433;1
4434;11
4435;9
4436;9
4437;6
4438;9
4439;6
4440;5
4441;6
4442;10
4443;10
4444;10
4445;4
4446;7
4447;5
4448;5
4449;7
4450;10
4451;6
4452;8
4453;12
4454;9
4455;6
4456;5
4457;6
4458;7
4459;10
4460;9
4461;11
4462;9
4463;4
4464;8
4465;6
4466;6
4467;6
4468;5
4469;5
4470;8
4471;8
4472;6
4473;7
4474;2
4475;2
4476;8
4477;6
4478;10
4479;2
4480;5
4481;9
4482;6
4483;7
4484;8
4485;4
4486;9
4487;4
4488;5
4489;7
4490;9
4491;10
4492;4
4493;7
4494;14
4495;8
4496;8
4497;4
4498;5
4499;6
4500;5
4501;9
4502;5
4503;5
4504;6
4505;7
4506;5
4507;7
4508;6
4509;8
4510;16
4511;4
4512;7
4513;3
4514;9
4515;2
4516;7
4517;4
4518;10
4519;4
4520;7
4521;7
4522;1
4523;6
4524;7
4525;4
4526;6
4527;6
4528;8
4529;5
4530;5
4531;12
4532;8
4533;7
4534;9
4535;9
4536;7
4537;8
4538;2
4539;11
4540;3
4541;7
4542;4
4543;6
4544;3
4545;5
4546;7
4547;6
4548;8
4549;6
4550;4
4551;4
4552;4
4553;9
4554;5
4555;7
4556;3
4557;7
4558;5
4559;4
4560;3
4561;11
4562;3
4563;2
4564;5
4565;5
4566;5
4567;10
4568;4
4569;8
4570;5
4571;9
4572;4
4573;6
4574;5
4575;2
4576;5
4577;4
4578;3
4579;8
4580;3
4581;6
4582;5
4583;5
4584;3
4585;5
4586;8
4587;8
4588;6
4589;9
4590;4
4591;2
4592;4
4593;6
4594;9
4595;8
4596;2
4597;10
4598;5
4599;5
4600;3
4601;4
4602;7
4603;9
4604;9
4605;3
4606;4
4607;9
4608;5
4609;7
4610;5
4611;7
4612;6
4613;12
4614;5
4615;4
4616;5
4617;6
4618;3
4619;5
4620;2
4621;5
4622;6
4623;5
4624;6
4625;13
4626;7
4627;7
4628;6
4629;7
4630;7
4631;0
4632;5
4633;1
4634;7
4635;4
4636;8
4637;3
4638;7
4639;5
4640;6
4641;4
4642;9
4643;5
4644;5
4645;3
4646;3
4647;3
4648;4
4649;6
4650;6
4651;7
4652;6
4653;5
4654;12
4655;4
4656;10
4657;5
4658;6
4659;6
4660;9
4661;3
4662;12
4663;2
4664;7
4665;11
4666;7
4667;6
4668;6
4669;7
4670;3
4671;8
4672;6
4673;5
4674;4
4675;3
4676;7
4677;6
4678;8
4679;7
4680;7
4681;8
4682;5
4683;7
4684;6
4685;8
4686;6
4687;6
4688;6
4689;6
4690;6
4691;8
4692;6
4693;6
4694;3
4695;5
4696;3
4697;6
4698;8
4699;8
4700;13
4701;7
4702;12
4703;6
4704;2
4705;9
4706;8
4707;5
4708;3
4709;2
4710;5
4711;2
4712;0
4713;4
4714;1
4715;5
4716;9
4717;5
4718;4
4719;6
4720;5
4721;3
4722;5
4723;9
4724;6
4725;7
4726;9
4727;8
4728;8
4729;6
4730;4
4731;7
4732;5
4733;9
4734;6
4735;14
4736;5
4737;7
4738;7
4739;5
4740;1
4741;4
4742;5
4743;6
4744;5
4745;5
4746;7
4747;4
4748;8
4749;7
4750;10
4751;11
4752;3
4753;9
4754;9
4755;5
4756;7
4757;3
4758;5
4759;7
4760;5
4761;3
4762;10
4763;5
4764;9
4765;4
4766;3
4767;6
4768;3
4769;10
4770;7
4771;5
4772;3
4773;5
4774;8
4775;7
4776;2
4777;4
4778;9
4779;6
4780;5
4781;5
4782;7
4783;6
4784;4
4785;5
4786;5
4787;7
4788;3
4789;6
4790;7
4791;6
4792;10
4793;11
4794;3
4795;7
4796;6
4797;3
4798;9
4799;10
4800;3
4801;7
4802;7
4803;3
4804;6
4805;7
4806;7
4807;13
4808;7
4809;3
4810;4
4811;9
4812;5
4813;10
4814;7
4815;10
4816;11
4817;8
4818;9
4819;6
4820;11
4821;6
4822;5
4823;6
4824;6
4825;9
4826;4
4827;6
4828;5
4829;9
4830;7
4831;11
4832;4
4833;7
4834;6
4835;4
4836;9
4837;7
4838;2
4839;9
4840;5
4841;8
4842;5
4843;3
4844;9
4845;5
4846;2
4847;8
4848;12
4849;9
4850;6
4851;6
4852;8
4853;12
4854;5
4855;8
4856;11
4857;8
4858;5
4859;3
4860;2
4861;5
4862;5
4863;11
4864;6
4865;10
4866;10
4867;7
4868;5
4869;5
4870;7
4871;4
4872;10
4873;9
4874;8
4875;9
4876;10
4877;8
4878;10
4879;7
4880;8
4881;9
4882;6
4883;12
4884;2
4885;6
4886;2
4887;10
4888;5
4889;13
4890;4
4891;11
4892;7
4893;5
4894;2
4895;5
4896;10
4897;7
4898;5
4899;3
4900;6
4901;7
4902;8
4903;13
4904;7
4905;7
4906;2
4907;11
4908;8
4909;4
4910;6
4911;6
4912;12
4913;6
4914;9
4915;4
4916;3
4917;13
4918;4
4919;9
4920;2
4921;5
4922;5
4923;5
4924;5
4925;4
4926;7
4927;7
4928;10
4929;5
4930;8
4931;8
4932;6
4933;4
4934;6
4935;5
4936;6
4937;9
4938;10
4939;5
4940;9
4941;12
4942;4
4943;4
4944;9
4945;7
4946;4
4947;4
4948;6
4949;9
4950;10
4951;2
4952;4
4953;11
4954;11
4955;3
4956;10
4957;12
4958;6
4959;7
4960;6
4961;7
4962;6
4963;5
4964;4
4965;5
4966;4
4967;6
4968;5
4969;6
4970;5
4971;4
4972;10
4973;6
4974;7
4975;14
4976;4
4977;5
4978;5
4979;13
4980;13
4981;9
4982;6
4983;10
4984;7
4985;7
4986;7
4987;7
4988;6
4989;9
4990;5
4991;4
4992;8
4993;7
4994;10
4995;5
4996;8
4997;6
4998;10
4999;3
5000;7
5001;7
5002;6
5003;5
5004;4
5005;6
5006;6
5007;4
5008;3
5009;9
5010;6
5011;9
5012;8
5013;5
5014;5
5015;10
5016;6
5017;6
5018;9
5019;10
5020;6
5021;4
5022;7
5023;6
5024;6
5025;9
5026;3
5027;4
5028;8
5029;5
5030;3
5031;4
5032;5
5033;7
5034;6
5035;9
5036;11
5037;6
5038;5
5039;8
5040;4
5041;8
5042;5
5043;6
5044;5
5045;7
5046;5
5047;6
5048;6
5049;6
5050;8
5051;9
5052;3
5053;4
5054;5
5055;6
5056;5
5057;3
5058;7
5059;8
5060;8
5061;5
5062;3
5063;5
5064;3
5065;6
5066;9
5067;1
5068;3
5069;5
5070;13
5071;7
5072;12
5073;8
5074;7
5075;2
5076;4
5077;6
5078;5
5079;4
5080;4
5081;3
5082;7
5083;7
5084;5
5085;9
5086;9
5087;7
5088;6
5089;10
5090;5
5091;6
5092;6
5093;5
5094;11
5095;5
5096;5
5097;5
5098;5
5099;5
5100;5
5101;9
5102;4
5103;6
5104;6
5105;6
5106;11
5107;5
5108;5
5109;6
5110;8
5111;6
5112;8
5113;7
5114;8
5115;2
5116;6
5117;10
5118;7
5119;10
5120;4
5121;3
5122;7
5123;7
5124;7
5125;6
5126;2
5127;5
5128;7
5129;5
5130;5
5131;8
5132;6
5133;4
5134;6
5135;1
5136;3
5137;2
5138;6
5139;3
5140;10
5141;4
5142;4
5143;7
5144;5
5145;3
5146;4
5147;6
5148;11
5149;4
5150;5
5151;7
5152;12
5153;6
5154;10
5155;4
5156;9
5157;10
5158;3
5159;3
5160;11
5161;6
5162;5
5163;6
5164;4
5165;5
5166;5
5167;4
5168;9
5169;9
5170;5
5171;7
5172;2
5173;2
5174;5
5175;6
5176;4
5177;5
5178;4
5179;8
5180;4
5181;3
5182;3
5183;3
5184;6
5185;3
5186;7
5187;6
5188;11
5189;5
5190;8
5191;6
5192;4
5193;6
5194;1
5195;8
5196;3
5197;3
5198;13
5199;9
5200;8
5201;6
5202;2
5203;6
5204;5
5205;5
5206;6
5207;6
5208;4
5209;6
5210;7
5211;7
5212;3
5213;8
5214;3
5215;6
5216;4
5217;3
5218;3
5219;5
5220;3
5221;2
5222;5
5223;8
5224;7
5225;6
5226;3
5227;5
5228;6
5229;2
5230;7
5231;4
5232;6
5233;6
5234;4
5235;2
5236;6
5237;9
5238;0
5239;4
5240;4
5241;7
5242;3
5243;5
5244;10
5245;4
5246;5
5247;3
5248;1
5249;2
5250;5
5251;8
5252;8
5253;8
5254;4
5255;5
5256;5
5257;6
5258;5
5259;4
5260;6
5261;8
5262;4
5263;2
5264;5
5265;5
5266;8
5267;5
5268;5
5269;8
5270;6
5271;2
5272;10
5273;4
5274;5
5275;4
5276;8
5277;4
5278;8
5279;7
5280;6
5281;5
5282;6
5283;4
5284;5
5285;7
5286;5
5287;4
5288;3
5289;4
5290;6
5291;3
5292;6
5293;4
5294;3
5295;6
5296;2
5297;4
5298;4
5299;5
5300;6
5301;5
5302;5
5303;1
5304;6
5305;4
5306;5
5307;6
5308;9
5309;4
5310;7
5311;9
5312;3
5313;5
5314;5
5315;8
5316;5
5317;6
5318;8
5319;6
5320;3
5321;7
5322;4
5323;8
5324;1
5325;1
5326;7
5327;4
5328;8
5329;4
5330;3
5331;5
5332;0
5333;4
5334;7
5335;6
5336;7
5337;5
5338;5
5339;6
5340;7
5341;7
5342;1
5343;1
5344;8
5345;7
5346;6
5347;5
5348;6
5349;5
5350;3
5351;7
5352;4
5353;4
5354;4
5355;3
5356;8
5357;6
5358;2
5359;8
5360;3
5361;3
5362;6
5363;0
5364;4
5365;4
5366;2
5367;7
5368;1
5369;3
5370;8
5371;6
5372;5
5373;4
5374;4
5375;4
5376;1
5377;4
5378;5
5379;11
5380;3
5381;5
5382;4
5383;1
5384;5
5385;2
5386;2
5387;3
5388;3
5389;4
5390;3
5391;3
5392;5
5393;10
5394;0
5395;10
5396;6
5397;3
5398;2
5399;4
5400;6
5401;1
5402;2
5403;8
5404;2
5405;4
5406;9
5407;2
5408;3
5409;1
5410;7
5411;7
5412;5
5413;7
5414;5
5415;3
5416;4
5417;7
5418;6
5419;3
5420;5
5421;3
5422;10
5423;4
5424;6
5425;6
5426;8
5427;6
5428;7
5429;3
5430;4
5431;5
5432;4
5433;3
5434;4
5435;1
5436;4
5437;7
5438;2
5439;6
5440;5
5441;5
5442;2
5443;7
5444;3
5445;5
5446;4
5447;2
5448;3
5449;9
5450;2
5451;2
5452;6
5453;5
5454;0
5455;8
5456;2
5457;9
5458;5
5459;6
5460;3
5461;1
5462;6
5463;8
5464;4
5465;5
5466;3
5467;4
5468;6
5469;3
5470;4
5471;5
5472;3
5473;2
5474;2
5475;0
5476;6
5477;2
5478;4
5479;6
5480;4
5481;1
5482;2
5483;4
5484;6
5485;2
5486;6
5487;2
5488;6
5489;9
5490;3
5491;0
5492;5
5493;6
5494;1
5495;4
5496;3
5497;6
5498;4
5499;10
5500;6
5501;3
5502;4
5503;4
5504;3
5505;3
5506;1
5507;3
5508;2
5509;9
5510;6
5511;6
5512;5
5513;2
5514;1
5515;3
5516;1
5517;9
5518;7
5519;5
5520;8
5521;7
5522;3
5523;7
5524;9
5525;3
5526;0
5527;4
5528;3
5529;2
5530;2
5531;3
5532;3
5533;2
5534;3
5535;7
5536;2
5537;1
5538;5
5539;2
5540;5
5541;7
5542;2
5543;4
5544;5
5545;4
5546;3
5547;6
5548;3
5549;5
5550;6
5551;5
5552;2
5553;7
5554;1
5555;6
5556;4
5557;1
5558;7
5559;4
5560;4
5561;5
5562;2
5563;2
5564;4
5565;2
5566;4
5567;5
5568;5
5569;6
5570;3
5571;7
5572;2
5573;3
5574;6
5575;1
5576;5
5577;6
5578;1
5579;3
5580;3
5581;6
5582;7
5583;2
5584;4
5585;3
5586;3
5587;4
5588;6
5589;2
5590;3
5591;9
5592;1
5593;8
5594;4
5595;4
5596;7
5597;9
5598;1
5599;4
5600;3
5601;4
5602;3
5603;5
5604;6
5605;5
5606;3
5607;3
5608;7
5609;4
5610;4
5611;3
5612;1
5613;3
5614;4
5615;6
5616;5
5617;1
5618;2
5619;4
5620;1
5621;3
5622;3
5623;7
5624;1
5625;0
5626;6
5627;6
5628;4
5629;8
5630;2
5631;2
5632;6
5633;7
5634;4
5635;4
5636;2
5637;0
5638;3
5639;3
5640;2
5641;8
5642;6
5643;2
5644;5
5645;1
5646;2
5647;2
5648;1
5649;2
5650;3
5651;3
5652;4
5653;5
5654;0
5655;2
5656;3
5657;3
5658;3
5659;4
5660;1
5661;1
5662;3
5663;7
5664;7
5665;4
5666;3
5667;7
5668;4
5669;5
5670;1
5671;3
5672;4
5673;3
5674;3
5675;5
5676;5
5677;4
5678;2
5679;2
5680;5
5681;3
5682;3
5683;2
5684;2
5685;3
5686;2
5687;3
5688;1
5689;5
5690;4
5691;2
5692;0
5693;9
5694;6
5695;8
5696;0
5697;0
5698;2
5699;3
5700;3
5701;3
5702;2
5703;1
5704;0
5705;3
5706;7
5707;4
5708;2
5709;4
5710;5
5711;4
5712;4
5713;5
5714;9
5715;1
5716;5
5717;2
5718;3
5719;3
5720;0
5721;8
5722;5
5723;3
5724;3
5725;5
5726;3
5727;4
5728;2
5729;4
5730;2
5731;3
5732;4
5733;2
5734;2
5735;4
5736;4
5737;2
5738;2
5739;1
5740;2
5741;4
5742;4
5743;7
5744;3
5745;5
5746;0
5747;1
5748;5
5749;5
5750;3
5751;5
5752;1
5753;5
5754;2
5755;3
5756;0
5757;3
5758;4
5759;4
5760;1
5761;1
5762;3
5763;2
5764;3
5765;6
5766;2
5767;2
5768;2
5769;6
5770;5
5771;2
5772;2
5773;2
5774;2
5775;6
5776;4
5777;2
5778;6
5779;3
5780;2
5781;4
5782;3
5783;1
5784;5
5785;3
5786;2
5787;2
5788;4
5789;5
5790;2
5791;3
5792;3
5793;1
5794;4
5795;1
5796;3
5797;3
5798;2
5799;5
5800;1
5801;2
5802;2
5803;1
5804;3
5805;4
5806;3
5807;3
5808;2
5809;4
5810;5
5811;4
5812;3
5813;5
5814;1
5815;4
5816;2
5817;3
5818;2
5819;2
5820;2
5821;2
5822;2
5823;5
5824;2
5825;4
5826;5
5827;3
5828;4
5829;5
5830;3
5831;1
5832;5
5833;3
5834;1
5835;2
5836;3
5837;1
5838;0
5839;4
5840;1
5841;1
5842;2
5843;0
5844;2
5845;2
5846;4
5847;0
5848;4
5849;3
5850;1
5851;1
5852;4
5853;6
5854;1
5855;8
5856;3
5857;3
5858;1
5859;6
5860;4
5861;3
5862;2
5863;2
5864;1
5865;3
5866;3
5867;2
5868;6
5869;2
5870;5
5871;3
5872;1
5873;3
5874;5
5875;6
5876;4
5877;0
5878;2
5879;5
5880;3
5881;1
5882;3
5883;5
5884;2
5885;2
5886;4
5887;3
5888;3
5889;4
5890;0
5891;2
5892;5
5893;2
5894;2
5895;3
5896;4
5897;2
5898;2
5899;2
5900;2
5901;3
5902;5
5903;2
5904;1
5905;1
5906;3
5907;2
5908;2
5909;4
5910;5
5911;3
5912;3
5913;4
5914;7
5915;6
5916;3
5917;2
5918;1
5919;1
5920;2
5921;3
5922;2
5923;4
5924;1
5925;2
5926;1
5927;3
5928;3
5929;5
5930;2
5931;4
5932;1
5933;4
5934;1
5935;3
5936;7
5937;2
5938;3
5939;2
5940;4
5941;1
5942;3
5943;2
5944;3
5945;1
5946;6
5947;6
5948;4
5949;3
5950;4
5951;3
5952;2
5953;1
5954;1
5955;0
5956;1
5957;4
5958;0
5959;2
5960;1
5961;1
5962;2
5963;5
5964;4
5965;4
5966;3
5967;4
5968;5
5969;3
5970;7
5971;6
5972;2
5973;3
5974;1
5975;4
5976;5
5977;4
5978;5
5979;2
5980;3
5981;5
5982;5
5983;4
5984;2
5985;6
5986;3
5987;3
5988;4
5989;1
5990;4
5991;2
5992;1
5993;4
5994;3
5995;5
5996;1
5997;7
5998;1
5999;4
6000;2
6001;2
6002;2
6003;4
6004;4
6005;5
6006;2
6007;5
6008;3
6009;5
6010;3
6011;5
6012;3
6013;3
6014;3
6015;4
6016;4
6017;0
6018;2
6019;2
6020;8
6021;2
6022;3
6023;0
6024;0
6025;3
6026;2
6027;6
6028;6
6029;3
6030;1
6031;3
6032;2
6033;4
6034;3
6035;1
6036;2
6037;4
6038;3
6039;2
6040;1
6041;4
6042;5
6043;7
6044;2
6045;4
6046;4
6047;2
6048;1
6049;3
6050;3
6051;2
6052;4
6053;3
6054;2
6055;4
6056;2
6057;4
6058;3
6059;3
6060;3
6061;4
6062;4
6063;5
6064;4
6065;3
6066;4
6067;5
6068;0
6069;3
6070;4
6071;4
6072;6
6073;1
6074;4
6075;6
6076;3
6077;4
6078;2
6079;5
6080;6
6081;6
6082;8
6083;1
6084;2
6085;6
6086;3
6087;8
6088;7
6089;2
6090;2
6091;2
6092;5
6093;3
6094;7
6095;6
6096;4
6097;3
6098;4
6099;3
6100;1
6101;4
6102;3
6103;7
6104;3
6105;6
6106;6
6107;3
6108;8
6109;8
6110;6
6111;6
6112;2
6113;6
6114;4
6115;3
6116;1
6117;2
6118;3
6119;5
6120;5
6121;8
6122;9
6123;4
6124;3
6125;2
6126;3
6127;5
6128;5
6129;3
6130;3
6131;6
6132;3
6133;3
6134;8
6135;2
6136;7
6137;4
6138;4
6139;3
6140;6
6141;7
6142;4
6143;3
6144;9
6145;4
6146;11
6147;6
6148;3
6149;7
6150;6
6151;12
6152;5
6153;4
6154;5
6155;3
6156;1
6157;6
6158;4
6159;2
6160;4
6161;4
6162;8
6163;7
6164;5
6165;8
6166;6
6167;4
6168;3
6169;1
6170;5
6171;1
6172;4
6173;7
6174;7
6175;7
6176;3
6177;4
6178;5
6179;6
6180;3
6181;6
6182;4
6183;2
6184;16
6185;5
6186;9
6187;5
6188;7
6189;7
6190;11
6191;6
6192;4
6193;3
6194;6
6195;8
6196;7
6197;6
6198;6
6199;11
6200;5
6201;4
6202;4
6203;8
6204;7
6205;5
6206;6
6207;3
6208;6
6209;8
6210;4
6211;11
6212;8
6213;8
6214;6
6215;1
6216;5
6217;6
6218;7
6219;5
6220;6
6221;7
6222;9
6223;8
6224;6
6225;7
6226;9
6227;5
6228;3
6229;7
6230;9
6231;9
6232;4
6233;9
6234;6
6235;3
6236;3
6237;6
6238;8
6239;12
6240;8
6241;7
6242;10
6243;4
6244;4
6245;6
6246;10
6247;3
6248;4
6249;6
6250;4
6251;7
6252;7
6253;7
6254;9
6255;7
6256;8
6257;5
6258;6
6259;11
6260;6
6261;5
6262;5
6263;13
6264;6
6265;6
6266;12
6267;10
6268;16
6269;8
6270;7
6271;8
6272;7
6273;9
6274;6
6275;5
6276;13
6277;8
6278;7
6279;14
6280;6
6281;11
6282;11
6283;6
6284;6
6285;3
6286;6
6287;14
6288;11
6289;3
6290;9
6291;9
6292;9
6293;6
6294;15
6295;8
6296;4
6297;10
6298;10
6299;7
6300;14
6301;10
6302;9
6303;6
6304;14
6305;6
6306;9
6307;15
6308;10
6309;16
6310;12
6311;13
6312;9
6313;8
6314;14
6315;8
6316;7
6317;9
6318;13
6319;8
6320;9
6321;5
6322;9
6323;11
6324;9
6325;18
6326;10
6327;8
6328;11
6329;13
6330;8
6331;6
6332;11
6333;12
6334;16
6335;8
6336;8
6337;11
6338;12
6339;9
6340;7
6341;12
6342;9
6343;7
6344;17
6345;16
6346;10
6347;13
6348;9
6349;15
6350;15
6351;7
6352;10
6353;12
6354;15
6355;8
6356;15
6357;15
6358;13
6359;10
6360;16
6361;8
6362;13
6363;11
6364;10
6365;7
6366;8
6367;16
6368;15
6369;19
6370;9
6371;9
6372;11
6373;14
6374;12
6375;13
6376;16
6377;9
6378;12
6379;15
6380;14
6381;10
6382;13
6383;15
6384;15
6385;13
6386;14
6387;13
6388;9
6389;11
6390;14
6391;20
6392;11
6393;18
6394;16
6395;13
6396;10
6397;13
6398;10
6399;13
6400;11
6401;12
6402;14
6403;15
6404;13
6405;8
6406;13
6407;16
6408;12
6409;6
6410;13
6411;8
6412;12
6413;11
6414;12
6415;15
6416;18
6417;7
6418;11
6419;14
6420;15
6421;13
6422;9
6423;12
6424;12
6425;10
6426;9
6427;13
6428;13
6429;13
6430;14
6431;17
6432;16
6433;10
6434;16
6435;10
6436;10
6437;14
6438;14
6439;16
6440;12
6441;9
6442;14
6443;10
6444;15
6445;15
6446;13
6447;12
6448;20
6449;13
6450;14
6451;18
6452;13
6453;19
6454;10
6455;15
6456;12
6457;12
6458;8
6459;7
6460;15
6461;15
6462;16
6463;11
6464;12
6465;9
6466;21
6467;9
6468;13
6469;14
6470;15
6471;10
6472;18
6473;10
6474;15
6475;15
6476;13
6477;11
6478;13
6479;15
6480;14
6481;11
6482;17
6483;7
6484;9
6485;11
6486;12
6487;11
6488;11
6489;16
6490;11
6491;13
6492;9
6493;9
6494;12
6495;18
6496;13
6497;11
6498;16
6499;12
6500;14
6501;17
6502;16
6503;12
6504;7
6505;9
6506;10
6507;12
6508;11
6509;11
6510;5
6511;5
6512;15
6513;5
6514;7
6515;14
6516;15
6517;13
6518;11
6519;13
6520;11
6521;16
6522;10
6523;13
6524;11
6525;12
6526;10
6527;9
6528;11
6529;16
6530;12
6531;19
6532;11
6533;7
6534;15
6535;9
6536;16
6537;14
6538;11
6539;10
6540;11
6541;12
6542;12
6543;12
6544;10
6545;12
6546;18
6547;13
6548;12
6549;20
6550;8
6551;10
6552;12
6553;10
6554;13
6555;10
6556;7
6557;6
6558;12
6559;10
6560;11
6561;17
6562;13
6563;18
6564;12
6565;11
6566;11
6567;13
6568;12
6569;7
6570;12
6571;6
6572;10
6573;8
6574;6
6575;6
6576;14
6577;3
6578;8
6579;11
6580;12
6581;15
6582;6
6583;12
6584;13
6585;6
6586;13
6587;6
6588;4
6589;10
6590;10
6591;5
6592;13
6593;8
6594;8
6595;9
6596;10
6597;12
6598;13
6599;6
6600;11
6601;14
6602;13
6603;7
6604;14
6605;9
6606;5
6607;8
6608;11
6609;13
6610;8
6611;11
6612;6
6613;5
6614;12
6615;8
6616;7
6617;9
6618;8
6619;14
6620;4
6621;7
6622;5
6623;13
6624;9
6625;8
6626;7
6627;3
6628;10
6629;5
6630;10
6631;6
6632;3
6633;6
6634;9
6635;7
6636;9
6637;9
6638;13
6639;5
6640;5
6641;7
6642;6
6643;8
6644;9
6645;7
6646;5
6647;5
6648;6
6649;5
6650;9
6651;12
6652;8
6653;12
6654;1
6655;10
6656;6
6657;7
6658;7
6659;12
6660;11
6661;13
6662;5
6663;8
6664;7
6665;6
6666;7
6667;5
6668;5
6669;9
6670;5
6671;6
6672;7
6673;5
6674;8
6675;10
6676;4
6677;7
6678;2
6679;2
6680;9
6681;8
6682;10
6683;9
6684;6
6685;7
6686;9
6687;6
6688;7
6689;3
6690;5
6691;5
6692;2
6693;4
6694;5
6695;5
6696;3
6697;8
6698;8
6699;1
6700;5
6701;4
6702;10
6703;4
6704;2
6705;3
6706;6
6707;6
6708;2
6709;8
6710;3
6711;7
6712;1
6713;5
6714;5
6715;7
6716;5
6717;5
6718;5
6719;4
6720;2
6721;2
6722;1
6723;3
6724;8
6725;5
6726;3
6727;4
6728;5
6729;4
6730;6
6731;4
6732;4
6733;2
6734;3
6735;11
6736;9
6737;6
6738;4
6739;1
6740;2
6741;5
6742;5
6743;5
6744;8
6745;4
6746;2
6747;4
6748;2
6749;3
6750;3
6751;9
6752;4
6753;5
6754;3
6755;5
6756;8
6757;2
6758;3
6759;2
6760;5
6761;6
6762;5
6763;2
6764;6
6765;4
6766;9
6767;3
6768;0
6769;5
6770;3
6771;4
6772;3
6773;1
6774;6
6775;4
6776;5
6777;6
6778;5
6779;0
6780;1
6781;7
6782;4
6783;1
6784;3
6785;2
6786;6
6787;5
6788;2
6789;3
6790;0
6791;6
6792;3
6793;3
6794;2
6795;4
6796;8
6797;2
6798;0
6799;0
6800;3
6801;2
6802;2
6803;3
6804;3
6805;0
6806;0
6807;1
6808;4
6809;1
6810;3
6811;1
6812;2
6813;2
6814;2
6815;2
6816;1
6817;6
6818;1
6819;2
6820;3
6821;1
6822;0
6823;3
6824;1
6825;4
6826;3
6827;1
6828;1
6829;4
6830;1
6831;2
6832;5
6833;3
6834;0
6835;3
6836;2
6837;2
6838;2
6839;3
6840;2
6841;1
6842;6
6843;1
6844;2
6845;0
6846;3
6847;0
6848;3
6849;1
6850;3
6851;3
6852;2
6853;3
6854;3
6855;2
6856;2
6857;3
6858;1
6859;2
6860;2
6861;3
6862;1
6863;2
6864;1
6865;1
6866;3
6867;2
6868;6
6869;0
6870;2
6871;4
6872;1
6873;3
6874;2
6875;4
6876;3
6877;3
6878;2
6879;2
6880;2
6881;4
6882;0
6883;3
6884;3
6885;3
6886;4
6887;3
6888;2
6889;3
6890;1
6891;0
6892;0
6893;3
6894;2
6895;0
6896;5
6897;1
6898;1
6899;1
6900;1
6901;2
6902;1
6903;4
6904;2
6905;0
6906;0
6907;4
6908;1
6909;1
6910;2
6911;3
6912;2
6913;2
6914;2
6915;3
6916;2
6917;2
6918;3
6919;1
6920;2
6921;0
6922;0
6923;0
6924;3
6925;1
6926;2
6927;2
6928;0
6929;3
6930;1
6931;2
6932;3
6933;1
6934;6
6935;3
6936;1
6937;2
6938;0
6939;3
6940;2
6941;0
6942;1
6943;3
6944;1
6945;3
6946;3
6947;1
6948;1
6949;0
6950;1
6951;2
6952;4
6953;3
6954;1
6955;3
6956;3
6957;0
6958;1
6959;2
6960;1
6961;2
6962;3
6963;1
6964;2
6965;4
6966;1
6967;1
6968;2
6969;1
6970;1
6971;3
6972;1
6973;3
6974;1
6975;3
6976;1
6977;0
6978;3
6979;3
6980;1
6981;1
6982;0
6983;2
6984;1
6985;1
6986;3
6987;1
6988;1
6989;2
6990;2
6991;2
6992;3
6993;1
6994;1
6995;1
6996;2
6997;0
6998;0
6999;0
7000;0
7001;1
7002;0
7003;1
7004;1
7005;2
7006;1
7007;1
7008;1
7009;2
7010;1
7011;0
7012;1
7013;2
7014;1
7015;1
7016;1
7017;3
7018;1
7019;3
7020;2
7021;2
7022;1
7023;1
7024;2
7025;1
7026;0
7027;0
7028;1
7029;2
7030;1
7031;0
7032;4
7033;2
7034;3
7035;2
7036;2
7037;0
7038;0
7039;1
7040;1
7041;1
7042;4
7043;2
7044;2
7045;4
7046;2
7047;0
7048;0
7049;1
7050;1
7051;1
7052;0
7053;2
7054;1
7055;2
7056;1
7057;2
7058;1
7059;0
7060;2
7061;2
7062;0
7063;1
7064;1
7065;1
7066;1
7067;3
7068;1
7069;2
7070;1
7071;1
7072;1
7073;2
7074;0
7075;2
7076;1
7077;0
7078;2
7079;0
7080;3
7081;1
7082;2
7083;0
7084;5
7085;1
7086;2
7087;1
7088;3
7089;1
7090;1
7091;0
7092;1
7093;1
7094;1
7095;2
7096;0
7097;0
7098;0
7099;2
7100;3
7101;0
7102;4
7103;2
7104;1
7105;2
7106;0
7107;1
7108;0
7109;2
7110;1
7111;0
7112;0
7113;3
7114;4
7115;1
7116;1
7117;1
7118;0
7119;0
7120;1
7121;4
7122;1
7123;1
7124;5
7125;0
7126;2
7127;2
7128;0
7129;0
7130;1
7131;0
7132;3
7133;1
7134;1
7135;1
7136;2
7137;2
7138;1
7139;1
7140;0
7141;1
7142;2
7143;5
7144;2
7145;0
7146;1
7147;2
7148;2
7149;0
7150;0
7151;2
7152;0
7153;1
7154;0
7155;4
7156;2
7157;3
7158;0
7159;0
7160;1
7161;2
7162;0
7163;1
7164;3
7165;3
7166;1
7167;1
7168;2
7169;2
7170;2
7171;2
7172;1
7173;1
7174;2
7175;1
7176;1
7177;3
7178;3
7179;0
7180;2
7181;0
7182;3
7183;0
7184;1
7185;4
7186;3
7187;2
7188;1
7189;1
7190;2
7191;0
7192;0
7193;1
7194;1
7195;1
7196;3
7197;0
7198;3
7199;1
7200;1
7201;1
7202;0
7203;0
7204;0
7205;4
7206;3
7207;0
7208;2
7209;1
7210;1
7211;0
7212;1
7213;1
7214;0
7215;2
7216;2
7217;1
7218;1
7219;0
7220;0
7221;0
7222;1
7223;1
7224;2
7225;2
7226;2
7227;0
7228;2
7229;2
7230;0
7231;1
7232;1
7233;0
7234;2
7235;0
7236;1
7237;0
7238;2
7239;2
7240;0
7241;3
7242;1
7243;2
7244;0
7245;3
7246;1
7247;2
7248;0
7249;0
7250;1
7251;1
7252;0
7253;0
7254;1
7255;0
7256;0
7257;1
7258;3
7259;1
7260;1
7261;1
7262;0
7263;1
7264;2
7265;0
7266;1
7267;1
7268;0
7269;0
7270;0
7271;1
7272;1
7273;1
7274;1
7275;2
7276;0
7277;1
7278;2
7279;1
7280;0
7281;0
7282;2
7283;0
7284;2
7285;0
7286;0
7287;0
7288;2
7289;1
7290;2
7291;1
7292;1
7293;1
7294;0
7295;2
7296;2
7297;1
7298;2
7299;0
7300;0
7301;0
7302;0
7303;0
7304;1
7305;1
7306;1
7307;1
7308;2
7309;1
7310;2
7311;0
7312;3
7313;1
7314;0
7315;0
7316;4
7317;0
7318;0
7319;1
7320;1
7321;5
7322;1
7323;2
7324;1
7325;0
7326;0
7327;2
7328;1
7329;0
7330;1
7331;1
7332;1
7333;1
7334;2
7335;3
7336;1
7337;1
7338;1
7339;1
7340;1
7341;0
7342;1
7343;1
7344;1
7345;1
7346;3
7347;2
7348;0
7349;0
7350;1
7351;2
7352;1
7353;1
7354;1
7355;0
7356;1
7357;2
7358;3
7359;0
7360;1
7361;0
7362;0
7363;3
7364;0
7365;3
7366;1
7367;0
7368;2
7369;0
7370;0
7371;0
7372;0
7373;2
7374;0
7375;0
7376;0
7377;0
7378;0
7379;0
7380;0
7381;0
7382;0
7383;0
7384;0
7385;0
7386;0
7387;0
7388;0
7389;0
7390;0
7391;0
7392;0
7393;0
7394;0
7395;0
7396;0
7397;0
7398;0
7399;0
7400;0
7401;0
7402;0
7403;0
7404;0
7405;0
7406;0
7407;0
7408;0
7409;0
7410;0
7411;0
7412;0
7413;0
7414;0
7415;0
7416;0
7417;0
7418;0
7419;0
7420;0
7421;0
7422;0
7423;0
7424;0
7425;0
7426;0
7427;0
7428;0
7429;0
7430;0
7431;0
7432;0
7433;0
7434;0
7435;0
7436;0
7437;0
7438;0
7439;0
7440;0
7441;0
7442;0
7443;0
7444;0
7445;0
7446;0
7447;0
7448;0
7449;0
7450;0
7451;0
7452;0
7453;0
7454;0
7455;0
7456;0
7457;0
7458;0
7459;0
7460;0
7461;0
7462;0
7463;0
7464;0
7465;0
7466;0
7467;0
7468;0
7469;0
7470;0
7471;0
7472;0
7473;0
7474;0
7475;0
7476;0
7477;0
7478;0
7479;0
7480;0
7481;0
7482;0
7483;0
7484;0
7485;0
7486;0
7487;0
7488;0
7489;0
7490;0
7491;0
7492;0
7493;0
7494;0
7495;0
7496;0
7497;0
7498;0
7499;0
7500;0
7501;0
7502;0
7503;0
7504;0
7505;0
7506;0
7507;0
7508;0
7509;0
7510;0
7511;0
7512;0
7513;0
7514;0
7515;0
7516;0
7517;0
7518;0
7519;0
7520;0
7521;0
7522;0
7523;0
7524;0
7525;0
7526;0
7527;0
7528;0
7529;0
7530;0
7531;0
7532;0
7533;0
7534;0
7535;0
7536;0
7537;0
7538;0
7539;0
7540;0
7541;0
7542;0
7543;0
7544;0
7545;0
7546;0
7547;0
7548;0
7549;0
7550;0
7551;0
7552;0
7553;0
7554;0
7555;0
7556;0
7557;0
7558;0
7559;0
7560;0
7561;0
7562;0
7563;0
7564;0
7565;0
7566;0
7567;0
7568;0
7569;0
7570;0
7571;0
7572;0
7573;0
7574;0
7575;0
7576;0
7577;0
7578;0
7579;0
7580;0
7581;0
7582;0
7583;0
7584;0
7585;0
7586;0
7587;0
7588;0
7589;0
7590;0
7591;0
7592;0
7593;0
7594;0
7595;0
7596;0
7597;0
7598;0
7599;0
7600;0
7601;0
7602;0
7603;0
7604;0
7605;0
7606;0
7607;0
7608;0
7609;0
7610;0
7611;0
7612;0
7613;0
7614;0
7615;0
7616;0
7617;0
7618;0
7619;0
7620;0
7621;0
7622;0
7623;0
7624;0
7625;0
7626;0
7627;0
7628;0
7629;0
7630;0
7631;0
7632;0
7633;0
7634;0
7635;0
7636;0
7637;0
7638;0
7639;0
7640;0
7641;0
7642;0
7643;0
7644;0
7645;0
7646;0
7647;0
7648;0
7649;0
7650;0
7651;0
7652;0
7653;0
7654;0
7655;0
7656;0
7657;0
7658;0
7659;0
7660;0
7661;0
7662;0
7663;0
7664;0
7665;0
7666;0
7667;0
7668;0
7669;0
7670;0
7671;0
7672;0
7673;0
7674;0
7675;0
7676;0
7677;0
7678;0
7679;0
7680;0
7681;0
7682;0
7683;0
7684;0
7685;0
7686;0
7687;0
7688;0
7689;0
7690;0
7691;0
7692;0
7693;0
7694;0
7695;0
7696;0
7697;0
7698;0
7699;0
7700;0
7701;0
7702;0
7703;0
7704;0
7705;0
7706;0
7707;0
7708;0
7709;0
7710;0
7711;0
7712;0
7713;0
7714;0
7715;0
7716;0
7717;0
7718;0
7719;0
7720;0
7721;0
7722;0
7723;0
7724;0
7725;0
7726;0
7727;0
7728;0
7729;0
7730;0
7731;0
7732;0
7733;0
7734;0
7735;0
7736;0
7737;0
7738;0
7739;0
7740;0
7741;0
7742;0
7743;0
7744;0
7745;0
7746;0
7747;0
7748;0
7749;0
7750;0
7751;0
7752;0
7753;0
7754;0
7755;0
7756;0
7757;0
7758;0
7759;0
7760;0
7761;0
7762;0
7763;0
7764;0
7765;0
7766;0
7767;0
7768;0
7769;0
7770;0
7771;0
7772;0
7773;0
7774;0
7775;0
7776;0
7777;0
7778;0
7779;0
7780;0
7781;0
7782;0
7783;0
7784;0
7785;0
7786;0
7787;0
7788;0
7789;0
7790;0
7791;0
7792;0
7793;0
7794;0
7795;0
7796;0
7797;0
7798;0
7799;0
7800;0
7801;0
7802;0
7803;0
7804;0
7805;0
7806;0
7807;0
7808;0
7809;0
7810;0
7811;0
7812;0
7813;0
7814;0
7815;0
7816;0
7817;0
7818;0
7819;0
7820;0
7821;0
7822;0
7823;0
7824;0
7825;0
7826;0
7827;0
7828;0
7829;0
7830;0
7831;0
7832;0
7833;0
7834;0
7835;0
7836;0
7837;0
7838;0
7839;0
7840;0
7841;0
7842;0
7843;0
7844;0
7845;0
7846;0
7847;0
7848;0
7849;0
7850;0
7851;0
7852;0
7853;0
7854;0
7855;0
7856;0
7857;0
7858;0
7859;0
7860;0
7861;0
7862;0
7863;0
7864;0
7865;0
7866;0
7867;0
7868;0
7869;0
7870;0
7871;0
7872;0
7873;0
7874;0
7875;0
7876;0
7877;0
7878;0
7879;0
7880;0
7881;0
7882;0
7883;0
7884;0
7885;0
7886;0
7887;0
7888;0
7889;0
7890;0
7891;0
7892;0
7893;0
7894;0
7895;0
7896;0
7897;0
7898;0
7899;0
7900;0
7901;0
7902;0
7903;0
7904;0
7905;0
7906;0
7907;0
7908;0
7909;0
7910;0
7911;0
7912;0
7913;0
7914;0
7915;0
7916;0
7917;0
7918;0
7919;0
7920;0
7921;0
7922;0
7923;0
7924;0
7925;0
7926;0
7927;0
7928;0
7929;0
7930;0
7931;0
7932;0
7933;0
7934;0
7935;0
7936;0
7937;0
7938;0
7939;0
7940;0
7941;0
7942;0
7943;0
7944;0
7945;0
7946;0
7947;0
7948;0
7949;0
7950;0
7951;0
7952;0
7953;0
7954;0
7955;0
7956;0
7957;0
7958;0
7959;0
7960;0
7961;0
7962;0
7963;0
7964;0
7965;0
7966;0
7967;0
7968;0
7969;0
7970;0
7971;0
7972;0
7973;0
7974;0
7975;0
7976;0
7977;0
7978;0
7979;0
7980;0
7981;0
7982;0
7983;0
7984;0
7985;0
7986;0
7987;0
7988;0
7989;0
7990;0
7991;0
7992;0
7993;0
7994;0
7995;0
7996;0
7997;0
7998;0
7999;0
8000;0
8001;0
8002;0
8003;0
8004;0
8005;0
8006;0
8007;0
8008;0
8009;0
8010;0
8011;0
8012;0
8013;0
8014;0
8015;0
8016;0
8017;0
8018;0
8019;0
8020;0
8021;0
8022;0
8023;0
8024;0
8025;0
8026;0
8027;0
8028;0
8029;0
8030;0
8031;0
8032;0
8033;0
8034;0
8035;0
8036;0
8037;0
8038;0
8039;0
8040;0
8041;0
8042;0
8043;0
8044;0
8045;0
8046;0
8047;0
8048;0
8049;0
8050;0
8051;0
8052;0
8053;0
8054;0
8055;0
8056;0
8057;0
8058;0
8059;0
8060;0
8061;0
8062;0
8063;0
8064;0
8065;0
8066;0
8067;0
8068;0
8069;0
8070;0
8071;0
8072;0
8073;0
8074;0
8075;0
8076;0
8077;0
8078;0
8079;0
8080;0
8081;0
8082;0
8083;0
8084;0
8085;0
8086;0
8087;0
8088;0
8089;0
8090;0
8091;0
8092;0
8093;0
8094;0
8095;0
8096;0
8097;0
8098;0
8099;0
8100;0
8101;0
8102;0
8103;0
8104;0
8105;0
8106;0
8107;0
8108;0
8109;0
8110;0
8111;0
8112;0
8113;0
8114;0
8115;0
8116;0
8117;0
8118;0
8119;0
8120;0
8121;0
8122;0
8123;0
8124;0
8125;0
8126;0
8127;0
8128;0
8129;0
8130;0
8131;0
8132;0
8133;0
8134;0
8135;0
8136;0
8137;0
8138;0
8139;0
8140;0
8141;0
8142;0
8143;0
8144;0
8145;0
8146;0
8147;0
8148;0
8149;0
8150;0
8151;0
8152;0
8153;0
8154;0
8155;0
8156;0
8157;0
8158;0
8159;0
8160;0
8161;0
8162;0
8163;0
8164;0
8165;0
8166;0
8167;0
8168;0
8169;0
8170;0
8171;0
8172;0
8173;0
8174;0
8175;0
8176;0
8177;0
8178;0
8179;0
8180;0
8181;0
8182;0
8183;0
8184;0
8185;0
8186;0
8187;0
8188;0
8189;0
8190;0
8191;0
