0;0
1;0
2;0
3;0
4;0
5;0
6;0
7;0
8;0
9;0
10;0
11;0
12;0
13;0
14;0
15;0
16;0
17;0
18;0
19;0
20;0
21;0
22;0
23;0
24;0
25;0
26;0
27;0
28;0
29;0
30;0
31;0
32;0
33;0
34;0
35;0
36;0
37;0
38;0
39;0
40;0
41;0
42;0
43;0
44;0
45;0
46;0
47;0
48;0
49;0
50;0
51;0
52;0
53;0
54;0
55;0
56;0
57;0
58;0
59;0
60;0
61;0
62;0
63;0
64;0
65;0
66;0
67;0
68;0
69;0
70;0
71;0
72;0
73;0
74;0
75;0
76;0
77;0
78;0
79;0
80;0
81;0
82;0
83;0
84;0
85;0
86;0
87;0
88;0
89;0
90;0
91;0
92;0
93;0
94;0
95;0
96;0
97;12
98;127
99;512
100;815
101;811
102;850
103;788
104;763
105;832
106;715
107;787
108;766
109;762
110;774
111;774
112;762
113;767
114;756
115;774
116;779
117;730
118;752
119;743
120;747
121;729
122;699
123;725
124;749
125;683
126;714
127;701
128;703
129;782
130;707
131;715
132;704
133;705
134;705
135;736
136;753
137;681
138;689
139;649
140;682
141;681
142;705
143;647
144;691
145;679
146;675
147;664
148;659
149;706
150;655
151;698
152;650
153;659
154;607
155;633
156;636
157;643
158;637
159;649
160;598
161;665
162;674
163;628
164;677
165;580
166;638
167;616
168;648
169;642
170;664
171;617
172;601
173;634
174;607
175;646
176;594
177;589
178;619
179;603
180;612
181;583
182;569
183;592
184;565
185;601
186;591
187;574
188;541
189;607
190;613
191;571
192;556
193;577
194;600
195;566
196;560
197;581
198;581
199;602
200;543
201;595
202;537
203;539
204;578
205;587
206;582
207;546
208;591
209;552
210;536
211;586
212;602
213;510
214;520
215;565
216;547
217;548
218;586
219;555
220;544
221;535
222;526
223;531
224;541
225;566
226;581
227;549
228;534
229;514
230;543
231;522
232;496
233;550
234;559
235;538
236;545
237;566
238;529
239;486
240;538
241;515
242;538
243;530
244;501
245;497
246;569
247;532
248;488
249;518
250;539
251;537
252;518
253;576
254;525
255;537
256;473
257;483
258;514
259;535
260;505
261;480
262;509
263;471
264;511
265;477
266;545
267;493
268;513
269;517
270;504
271;460
272;564
273;467
274;529
275;520
276;518
277;516
278;496
279;488
280;499
281;506
282;457
283;521
284;454
285;492
286;526
287;446
288;514
289;474
290;442
291;485
292;483
293;481
294;468
295;519
296;457
297;455
298;484
299;497
300;450
301;466
302;513
303;486
304;507
305;488
306;452
307;434
308;486
309;497
310;459
311;435
312;470
313;482
314;467
315;449
316;471
317;503
318;471
319;445
320;484
321;493
322;520
323;476
324;454
325;442
326;469
327;439
328;442
329;434
330;493
331;435
332;472
333;483
334;492
335;441
336;468
337;485
338;482
339;496
340;457
341;490
342;469
343;481
344;493
345;457
346;455
347;473
348;454
349;513
350;471
351;450
352;474
353;525
354;481
355;461
356;471
357;450
358;452
359;489
360;445
361;505
362;470
363;430
364;483
365;438
366;424
367;462
368;498
369;466
370;458
371;447
372;480
373;452
374;427
375;463
376;455
377;405
378;475
379;449
380;437
381;466
382;430
383;470
384;416
385;462
386;465
387;458
388;457
389;427
390;452
391;434
392;479
393;453
394;458
395;463
396;447
397;443
398;441
399;406
400;445
401;442
402;434
403;439
404;426
405;443
406;495
407;431
408;491
409;470
410;441
411;454
412;463
413;509
414;475
415;398
416;442
417;480
418;435
419;420
420;456
421;428
422;446
423;399
424;426
425;448
426;439
427;449
428;425
429;471
430;441
431;473
432;444
433;427
434;417
435;468
436;468
437;464
438;462
439;470
440;449
441;456
442;446
443;481
444;467
445;475
446;444
447;453
448;473
449;462
450;449
451;434
452;458
453;426
454;438
455;442
456;434
457;402
458;434
459;433
460;451
461;452
462;455
463;428
464;430
465;463
466;473
467;434
468;416
469;445
470;467
471;429
472;475
473;439
474;500
475;454
476;454
477;428
478;470
479;447
480;474
481;485
482;451
483;441
484;436
485;425
486;494
487;410
488;456
489;472
490;500
491;513
492;440
493;478
494;429
495;449
496;418
497;451
498;442
499;478
500;411
501;431
502;459
503;423
504;442
505;474
506;445
507;441
508;460
509;470
510;434
511;478
512;442
513;481
514;402
515;442
516;458
517;480
518;473
519;458
520;440
521;469
522;421
523;459
524;469
525;420
526;398
527;449
528;447
529;444
530;485
531;462
532;485
533;450
534;468
535;419
536;462
537;446
538;466
539;450
540;427
541;449
542;469
543;442
544;462
545;489
546;465
547;430
548;468
549;490
550;448
551;521
552;458
553;429
554;475
555;454
556;452
557;447
558;428
559;453
560;462
561;477
562;467
563;441
564;469
565;434
566;451
567;489
568;484
569;444
570;454
571;444
572;452
573;464
574;431
575;455
576;490
577;447
578;477
579;451
580;441
581;445
582;456
583;437
584;442
585;481
586;446
587;473
588;436
589;463
590;445
591;471
592;450
593;461
594;466
595;469
596;486
597;488
598;496
599;441
600;456
601;510
602;461
603;441
604;445
605;471
606;474
607;455
608;521
609;424
610;421
611;488
612;446
613;432
614;458
615;484
616;426
617;458
618;430
619;458
620;486
621;472
622;461
623;482
624;479
625;480
626;503
627;449
628;418
629;437
630;437
631;463
632;460
633;450
634;457
635;423
636;459
637;457
638;432
639;463
640;464
641;434
642;463
643;482
644;431
645;464
646;445
647;434
648;447
649;468
650;466
651;440
652;431
653;465
654;507
655;455
656;451
657;483
658;421
659;431
660;466
661;415
662;410
663;480
664;471
665;472
666;454
667;423
668;456
669;448
670;449
671;455
672;427
673;453
674;453
675;453
676;465
677;452
678;430
679;445
680;407
681;455
682;443
683;445
684;498
685;422
686;419
687;466
688;390
689;410
690;466
691;440
692;446
693;470
694;435
695;464
696;439
697;414
698;452
699;415
700;455
701;433
702;434
703;454
704;427
705;445
706;432
707;423
708;449
709;457
710;469
711;453
712;439
713;439
714;455
715;416
716;437
717;419
718;394
719;438
720;393
721;435
722;431
723;450
724;441
725;438
726;430
727;407
728;437
729;435
730;420
731;421
732;369
733;424
734;422
735;388
736;409
737;441
738;416
739;424
740;416
741;444
742;423
743;412
744;414
745;432
746;426
747;458
748;448
749;426
750;446
751;400
752;420
753;402
754;438
755;423
756;440
757;426
758;444
759;403
760;406
761;429
762;410
763;411
764;425
765;441
766;433
767;411
768;420
769;454
770;422
771;410
772;430
773;439
774;435
775;434
776;444
777;435
778;384
779;399
780;431
781;400
782;430
783;401
784;424
785;411
786;415
787;381
788;411
789;410
790;418
791;422
792;417
793;385
794;426
795;402
796;413
797;427
798;393
799;382
800;446
801;436
802;417
803;439
804;410
805;411
806;450
807;452
808;400
809;409
810;420
811;411
812;426
813;420
814;401
815;407
816;402
817;430
818;410
819;457
820;443
821;434
822;417
823;409
824;434
825;397
826;373
827;389
828;400
829;414
830;423
831;393
832;418
833;404
834;385
835;401
836;415
837;444
838;397
839;406
840;409
841;402
842;395
843;402
844;413
845;415
846;389
847;405
848;401
849;425
850;406
851;381
852;421
853;433
854;381
855;419
856;378
857;409
858;399
859;402
860;408
861;409
862;419
863;440
864;446
865;420
866;418
867;400
868;400
869;416
870;406
871;411
872;425
873;405
874;412
875;427
876;447
877;417
878;438
879;394
880;412
881;406
882;444
883;426
884;416
885;426
886;420
887;459
888;429
889;413
890;438
891;479
892;460
893;451
894;469
895;472
896;464
897;476
898;452
899;485
900;463
901;463
902;458
903;461
904;496
905;483
906;516
907;527
908;488
909;517
910;530
911;480
912;481
913;488
914;521
915;474
916;529
917;505
918;505
919;477
920;443
921;449
922;498
923;481
924;499
925;509
926;494
927;511
928;495
929;461
930;478
931;467
932;485
933;520
934;502
935;472
936;497
937;466
938;447
939;487
940;493
941;449
942;500
943;470
944;453
945;477
946;474
947;450
948;495
949;470
950;472
951;443
952;421
953;447
954;469
955;445
956;428
957;442
958;417
959;489
960;429
961;425
962;471
963;426
964;449
965;411
966;454
967;413
968;444
969;410
970;433
971;396
972;414
973;422
974;405
975;412
976;413
977;431
978;419
979;448
980;412
981;388
982;422
983;426
984;383
985;395
986;428
987;373
988;367
989;399
990;378
991;384
992;414
993;399
994;435
995;333
996;418
997;409
998;394
999;389
1000;370
1001;410
1002;352
1003;371
1004;414
1005;356
1006;409
1007;362
1008;390
1009;373
1010;389
1011;368
1012;372
1013;364
1014;388
1015;373
1016;387
1017;362
1018;367
1019;368
1020;423
1021;363
1022;409
1023;366
1024;415
1025;356
1026;361
1027;370
1028;363
1029;410
1030;338
1031;393
1032;365
1033;349
1034;373
1035;347
1036;382
1037;356
1038;379
1039;327
1040;363
1041;363
1042;404
1043;358
1044;378
1045;377
1046;372
1047;362
1048;359
1049;406
1050;362
1051;374
1052;370
1053;390
1054;372
1055;351
1056;365
1057;355
1058;385
1059;355
1060;362
1061;385
1062;360
1063;378
1064;344
1065;387
1066;373
1067;371
1068;365
1069;320
1070;348
1071;371
1072;347
1073;382
1074;375
1075;387
1076;379
1077;364
1078;373
1079;365
1080;370
1081;338
1082;332
1083;352
1084;362
1085;356
1086;334
1087;334
1088;360
1089;369
1090;357
1091;344
1092;357
1093;365
1094;356
1095;341
1096;372
1097;342
1098;321
1099;343
1100;375
1101;373
1102;349
1103;368
1104;348
1105;325
1106;345
1107;376
1108;338
1109;363
1110;356
1111;340
1112;372
1113;344
1114;351
1115;341
1116;317
1117;341
1118;351
1119;304
1120;353
1121;354
1122;330
1123;362
1124;351
1125;354
1126;341
1127;322
1128;379
1129;339
1130;367
1131;339
1132;353
1133;351
1134;354
1135;332
1136;352
1137;307
1138;370
1139;362
1140;355
1141;358
1142;342
1143;375
1144;347
1145;382
1146;320
1147;297
1148;360
1149;344
1150;364
1151;329
1152;372
1153;296
1154;326
1155;316
1156;369
1157;307
1158;320
1159;313
1160;341
1161;374
1162;352
1163;354
1164;412
1165;354
1166;379
1167;350
1168;366
1169;377
1170;352
1171;362
1172;355
1173;314
1174;358
1175;329
1176;378
1177;324
1178;333
1179;375
1180;324
1181;336
1182;344
1183;344
1184;314
1185;323
1186;333
1187;321
1188;342
1189;301
1190;326
1191;324
1192;312
1193;334
1194;316
1195;302
1196;310
1197;344
1198;343
1199;361
1200;343
1201;315
1202;347
1203;301
1204;362
1205;317
1206;390
1207;336
1208;331
1209;342
1210;347
1211;330
1212;346
1213;345
1214;329
1215;359
1216;328
1217;328
1218;345
1219;333
1220;320
1221;357
1222;313
1223;322
1224;358
1225;330
1226;313
1227;338
1228;345
1229;321
1230;324
1231;325
1232;314
1233;299
1234;312
1235;331
1236;305
1237;311
1238;336
1239;308
1240;307
1241;341
1242;336
1243;319
1244;307
1245;360
1246;318
1247;302
1248;327
1249;359
1250;307
1251;339
1252;320
1253;370
1254;295
1255;316
1256;337
1257;339
1258;316
1259;313
1260;284
1261;333
1262;326
1263;305
1264;344
1265;338
1266;341
1267;357
1268;342
1269;334
1270;321
1271;309
1272;315
1273;336
1274;322
1275;319
1276;303
1277;357
1278;334
1279;307
1280;343
1281;331
1282;324
1283;312
1284;318
1285;323
1286;330
1287;273
1288;324
1289;324
1290;331
1291;315
1292;325
1293;299
1294;321
1295;368
1296;313
1297;296
1298;330
1299;306
1300;274
1301;318
1302;291
1303;299
1304;335
1305;284
1306;344
1307;336
1308;303
1309;332
1310;298
1311;301
1312;293
1313;301
1314;324
1315;306
1316;285
1317;316
1318;305
1319;316
1320;297
1321;319
1322;305
1323;291
1324;321
1325;298
1326;291
1327;336
1328;320
1329;325
1330;300
1331;303
1332;288
1333;263
1334;308
1335;293
1336;308
1337;304
1338;284
1339;296
1340;280
1341;301
1342;287
1343;299
1344;318
1345;300
1346;292
1347;284
1348;298
1349;325
1350;338
1351;315
1352;306
1353;302
1354;272
1355;326
1356;320
1357;300
1358;301
1359;311
1360;287
1361;283
1362;292
1363;298
1364;280
1365;318
1366;322
1367;291
1368;280
1369;304
1370;291
1371;297
1372;330
1373;311
1374;299
1375;277
1376;303
1377;279
1378;296
1379;330
1380;300
1381;314
1382;317
1383;289
1384;272
1385;302
1386;316
1387;292
1388;302
1389;293
1390;307
1391;301
1392;297
1393;281
1394;295
1395;284
1396;272
1397;287
1398;291
1399;316
1400;292
1401;333
1402;299
1403;327
1404;318
1405;314
1406;282
1407;285
1408;297
1409;274
1410;289
1411;268
1412;273
1413;280
1414;318
1415;300
1416;296
1417;283
1418;283
1419;314
1420;296
1421;273
1422;288
1423;254
1424;268
1425;312
1426;296
1427;303
1428;298
1429;267
1430;275
1431;288
1432;283
1433;292
1434;280
1435;279
1436;282
1437;300
1438;278
1439;294
1440;301
1441;291
1442;304
1443;290
1444;266
1445;286
1446;293
1447;280
1448;271
1449;285
1450;314
1451;272
1452;265
1453;266
1454;285
1455;260
1456;268
1457;286
1458;276
1459;288
1460;261
1461;301
1462;297
1463;294
1464;290
1465;290
1466;281
1467;285
1468;291
1469;250
1470;285
1471;292
1472;267
1473;309
1474;263
1475;269
1476;275
1477;277
1478;270
1479;265
1480;279
1481;260
1482;269
1483;270
1484;271
1485;263
1486;243
1487;285
1488;301
1489;278
1490;288
1491;224
1492;275
1493;263
1494;283
1495;281
1496;286
1497;272
1498;258
1499;264
1500;263
1501;302
1502;250
1503;284
1504;251
1505;289
1506;257
1507;285
1508;271
1509;286
1510;282
1511;283
1512;273
1513;301
1514;284
1515;265
1516;256
1517;262
1518;272
1519;263
1520;281
1521;287
1522;253
1523;237
1524;260
1525;277
1526;295
1527;265
1528;287
1529;264
1530;271
1531;271
1532;238
1533;285
1534;235
1535;272
1536;270
1537;289
1538;259
1539;247
1540;247
1541;272
1542;279
1543;285
1544;263
1545;248
1546;261
1547;287
1548;274
1549;230
1550;237
1551;236
1552;256
1553;250
1554;255
1555;273
1556;260
1557;275
1558;265
1559;279
1560;259
1561;246
1562;268
1563;256
1564;226
1565;260
1566;293
1567;251
1568;243
1569;228
1570;239
1571;272
1572;241
1573;248
1574;276
1575;268
1576;261
1577;250
1578;247
1579;265
1580;262
1581;224
1582;277
1583;260
1584;268
1585;269
1586;269
1587;244
1588;261
1589;247
1590;251
1591;245
1592;247
1593;246
1594;259
1595;250
1596;270
1597;232
1598;245
1599;257
1600;251
1601;222
1602;244
1603;280
1604;273
1605;278
1606;253
1607;258
1608;242
1609;247
1610;235
1611;287
1612;248
1613;277
1614;250
1615;244
1616;273
1617;223
1618;257
1619;256
1620;250
1621;237
1622;269
1623;257
1624;232
1625;232
1626;253
1627;220
1628;249
1629;246
1630;266
1631;249
1632;235
1633;258
1634;255
1635;255
1636;237
1637;234
1638;264
1639;257
1640;267
1641;269
1642;261
1643;239
1644;238
1645;242
1646;222
1647;248
1648;271
1649;265
1650;235
1651;250
1652;255
1653;241
1654;241
1655;246
1656;250
1657;264
1658;242
1659;272
1660;280
1661;260
1662;230
1663;265
1664;241
1665;230
1666;243
1667;252
1668;236
1669;245
1670;221
1671;270
1672;265
1673;250
1674;250
1675;244
1676;243
1677;232
1678;213
1679;261
1680;281
1681;267
1682;208
1683;228
1684;257
1685;255
1686;251
1687;240
1688;242
1689;277
1690;233
1691;245
1692;236
1693;236
1694;253
1695;262
1696;249
1697;241
1698;238
1699;266
1700;249
1701;224
1702;231
1703;214
1704;198
1705;209
1706;245
1707;229
1708;223
1709;268
1710;256
1711;265
1712;217
1713;250
1714;248
1715;191
1716;267
1717;252
1718;268
1719;247
1720;226
1721;263
1722;268
1723;243
1724;264
1725;250
1726;259
1727;253
1728;263
1729;252
1730;237
1731;247
1732;260
1733;238
1734;229
1735;200
1736;235
1737;225
1738;240
1739;234
1740;216
1741;257
1742;244
1743;235
1744;230
1745;230
1746;261
1747;221
1748;271
1749;238
1750;251
1751;231
1752;239
1753;232
1754;257
1755;257
1756;252
1757;248
1758;255
1759;235
1760;248
1761;230
1762;247
1763;240
1764;240
1765;257
1766;253
1767;233
1768;248
1769;268
1770;264
1771;226
1772;276
1773;244
1774;230
1775;243
1776;215
1777;267
1778;262
1779;246
1780;248
1781;235
1782;255
1783;241
1784;198
1785;227
1786;212
1787;238
1788;213
1789;209
1790;238
1791;258
1792;250
1793;211
1794;247
1795;245
1796;245
1797;231
1798;244
1799;249
1800;245
1801;236
1802;232
1803;250
1804;249
1805;258
1806;253
1807;254
1808;217
1809;216
1810;251
1811;230
1812;212
1813;239
1814;228
1815;212
1816;251
1817;226
1818;212
1819;252
1820;247
1821;256
1822;225
1823;225
1824;253
1825;233
1826;240
1827;239
1828;248
1829;238
1830;263
1831;241
1832;240
1833;233
1834;210
1835;243
1836;239
1837;242
1838;249
1839;256
1840;273
1841;244
1842;228
1843;250
1844;207
1845;277
1846;226
1847;270
1848;252
1849;248
1850;254
1851;246
1852;228
1853;246
1854;254
1855;252
1856;250
1857;234
1858;229
1859;233
1860;233
1861;243
1862;239
1863;254
1864;252
1865;234
1866;261
1867;221
1868;218
1869;225
1870;255
1871;242
1872;235
1873;234
1874;242
1875;229
1876;203
1877;244
1878;240
1879;239
1880;253
1881;246
1882;237
1883;270
1884;245
1885;236
1886;247
1887;253
1888;247
1889;230
1890;237
1891;224
1892;237
1893;218
1894;240
1895;271
1896;254
1897;238
1898;230
1899;244
1900;271
1901;246
1902;252
1903;238
1904;254
1905;238
1906;239
1907;231
1908;224
1909;227
1910;212
1911;234
1912;267
1913;264
1914;250
1915;223
1916;247
1917;246
1918;217
1919;220
1920;249
1921;241
1922;248
1923;240
1924;240
1925;226
1926;238
1927;210
1928;262
1929;264
1930;230
1931;249
1932;232
1933;231
1934;219
1935;261
1936;266
1937;261
1938;236
1939;238
1940;264
1941;218
1942;257
1943;261
1944;241
1945;246
1946;253
1947;247
1948;259
1949;244
1950;245
1951;251
1952;287
1953;258
1954;223
1955;256
1956;219
1957;279
1958;246
1959;252
1960;222
1961;255
1962;227
1963;246
1964;230
1965;212
1966;274
1967;258
1968;230
1969;237
1970;198
1971;255
1972;263
1973;276
1974;255
1975;250
1976;259
1977;231
1978;256
1979;250
1980;260
1981;254
1982;233
1983;239
1984;267
1985;235
1986;235
1987;262
1988;231
1989;213
1990;255
1991;261
1992;255
1993;262
1994;219
1995;233
1996;249
1997;248
1998;235
1999;270
2000;260
2001;225
2002;258
2003;260
2004;246
2005;246
2006;251
2007;263
2008;239
2009;207
2010;252
2011;272
2012;254
2013;249
2014;230
2015;234
2016;249
2017;242
2018;242
2019;238
2020;268
2021;265
2022;273
2023;284
2024;245
2025;253
2026;266
2027;250
2028;245
2029;236
2030;243
2031;256
2032;237
2033;235
2034;256
2035;274
2036;249
2037;264
2038;264
2039;240
2040;264
2041;240
2042;248
2043;261
2044;236
2045;264
2046;224
2047;253
2048;248
2049;294
2050;244
2051;268
2052;246
2053;268
2054;254
2055;272
2056;257
2057;236
2058;247
2059;269
2060;287
2061;243
2062;235
2063;239
2064;261
2065;252
2066;231
2067;262
2068;257
2069;257
2070;239
2071;242
2072;255
2073;268
2074;231
2075;261
2076;244
2077;264
2078;276
2079;292
2080;274
2081;247
2082;249
2083;268
2084;258
2085;239
2086;258
2087;256
2088;287
2089;247
2090;250
2091;302
2092;254
2093;230
2094;275
2095;281
2096;256
2097;268
2098;259
2099;255
2100;234
2101;253
2102;277
2103;262
2104;286
2105;271
2106;262
2107;252
2108;269
2109;297
2110;263
2111;251
2112;256
2113;263
2114;259
2115;261
2116;268
2117;263
2118;251
2119;274
2120;284
2121;271
2122;289
2123;268
2124;284
2125;273
2126;252
2127;232
2128;288
2129;276
2130;256
2131;277
2132;246
2133;255
2134;281
2135;277
2136;280
2137;282
2138;288
2139;302
2140;282
2141;285
2142;291
2143;287
2144;240
2145;255
2146;286
2147;284
2148;283
2149;292
2150;281
2151;280
2152;272
2153;278
2154;260
2155;270
2156;265
2157;302
2158;285
2159;281
2160;284
2161;277
2162;288
2163;274
2164;283
2165;266
2166;278
2167;278
2168;297
2169;276
2170;305
2171;298
2172;329
2173;293
2174;316
2175;277
2176;286
2177;294
2178;252
2179;291
2180;297
2181;282
2182;275
2183;296
2184;251
2185;258
2186;281
2187;268
2188;282
2189;298
2190;276
2191;313
2192;296
2193;297
2194;266
2195;274
2196;291
2197;298
2198;291
2199;284
2200;314
2201;263
2202;285
2203;287
2204;287
2205;328
2206;320
2207;291
2208;285
2209;315
2210;306
2211;302
2212;319
2213;278
2214;254
2215;294
2216;292
2217;287
2218;298
2219;316
2220;316
2221;288
2222;297
2223;259
2224;294
2225;290
2226;278
2227;286
2228;328
2229;318
2230;299
2231;318
2232;323
2233;299
2234;318
2235;308
2236;300
2237;316
2238;319
2239;319
2240;316
2241;282
2242;311
2243;326
2244;349
2245;282
2246;304
2247;298
2248;271
2249;308
2250;272
2251;293
2252;315
2253;297
2254;287
2255;340
2256;305
2257;296
2258;306
2259;287
2260;308
2261;332
2262;304
2263;312
2264;364
2265;334
2266;301
2267;280
2268;326
2269;299
2270;287
2271;306
2272;320
2273;320
2274;313
2275;317
2276;314
2277;324
2278;371
2279;288
2280;338
2281;329
2282;310
2283;299
2284;331
2285;277
2286;329
2287;320
2288;331
2289;335
2290;313
2291;314
2292;299
2293;337
2294;307
2295;302
2296;317
2297;348
2298;296
2299;317
2300;283
2301;328
2302;333
2303;300
2304;313
2305;298
2306;306
2307;345
2308;302
2309;322
2310;320
2311;313
2312;321
2313;321
2314;324
2315;256
2316;322
2317;319
2318;342
2319;301
2320;301
2321;347
2322;347
2323;315
2324;296
2325;272
2326;306
2327;323
2328;313
2329;290
2330;308
2331;301
2332;302
2333;288
2334;256
2335;278
2336;291
2337;306
2338;249
2339;318
2340;277
2341;263
2342;269
2343;329
2344;271
2345;256
2346;277
2347;275
2348;248
2349;255
2350;252
2351;276
2352;268
2353;254
2354;264
2355;215
2356;237
2357;236
2358;225
2359;221
2360;238
2361;242
2362;208
2363;212
2364;214
2365;212
2366;181
2367;191
2368;240
2369;191
2370;231
2371;207
2372;204
2373;185
2374;190
2375;198
2376;196
2377;206
2378;199
2379;191
2380;215
2381;193
2382;186
2383;187
2384;179
2385;212
2386;172
2387;165
2388;178
2389;173
2390;165
2391;225
2392;156
2393;194
2394;181
2395;176
2396;183
2397;181
2398;183
2399;183
2400;198
2401;198
2402;176
2403;175
2404;181
2405;180
2406;168
2407;186
2408;176
2409;155
2410;159
2411;182
2412;159
2413;204
2414;180
2415;156
2416;165
2417;142
2418;170
2419;166
2420;156
2421;169
2422;152
2423;156
2424;194
2425;146
2426;163
2427;159
2428;173
2429;170
2430;177
2431;162
2432;163
2433;167
2434;166
2435;145
2436;173
2437;170
2438;173
2439;165
2440;177
2441;148
2442;136
2443;132
2444;142
2445;174
2446;151
2447;131
2448;144
2449;142
2450;149
2451;141
2452;164
2453;157
2454;155
2455;150
2456;158
2457;156
2458;159
2459;144
2460;164
2461;147
2462;162
2463;146
2464;163
2465;137
2466;142
2467;134
2468;151
2469;140
2470;128
2471;136
2472;145
2473;152
2474;142
2475;157
2476;126
2477;151
2478;154
2479;140
2480;177
2481;116
2482;146
2483;126
2484;163
2485;142
2486;107
2487;140
2488;142
2489;158
2490;130
2491;129
2492;157
2493;161
2494;129
2495;136
2496;126
2497;121
2498;144
2499;151
2500;119
2501;131
2502;138
2503;124
2504;157
2505;117
2506;131
2507;115
2508;130
2509;126
2510;130
2511;126
2512;135
2513;134
2514;139
2515;123
2516;134
2517;139
2518;137
2519;110
2520;151
2521;137
2522;98
2523;155
2524;131
2525;140
2526;117
2527;120
2528;128
2529;131
2530;138
2531;138
2532;127
2533;144
2534;148
2535;128
2536;122
2537;121
2538;120
2539;101
2540;108
2541;117
2542;117
2543;137
2544;116
2545;115
2546;98
2547;120
2548;122
2549;125
2550;129
2551;125
2552;121
2553;127
2554;122
2555;118
2556;105
2557;111
2558;138
2559;122
2560;115
2561;136
2562;118
2563;131
2564;111
2565;98
2566;113
2567;125
2568;105
2569;130
2570;110
2571;111
2572;115
2573;95
2574;100
2575;103
2576;111
2577;117
2578;107
2579;96
2580;105
2581;116
2582;102
2583;89
2584;104
2585;93
2586;107
2587;107
2588;98
2589;107
2590;119
2591;105
2592;103
2593;112
2594;112
2595;117
2596;113
2597;114
2598;82
2599;118
2600;111
2601;114
2602;116
2603;114
2604;109
2605;109
2606;101
2607;100
2608;106
2609;103
2610;99
2611;99
2612;93
2613;99
2614;99
2615;91
2616;100
2617;87
2618;80
2619;103
2620;100
2621;99
2622;95
2623;102
2624;97
2625;103
2626;94
2627;97
2628;106
2629;96
2630;105
2631;82
2632;112
2633;92
2634;83
2635;86
2636;106
2637;119
2638;77
2639;81
2640;89
2641;94
2642;99
2643;99
2644;83
2645;92
2646;97
2647;73
2648;84
2649;99
2650;89
2651;86
2652;81
2653;88
2654;102
2655;65
2656;80
2657;86
2658;92
2659;97
2660;87
2661;90
2662;93
2663;77
2664;98
2665;91
2666;88
2667;75
2668;91
2669;91
2670;76
2671;69
2672;81
2673;84
2674;81
2675;74
2676;65
2677;79
2678;87
2679;83
2680;83
2681;81
2682;76
2683;73
2684;97
2685;80
2686;73
2687;86
2688;74
2689;80
2690;87
2691;82
2692;84
2693;106
2694;86
2695;79
2696;71
2697;88
2698;80
2699;75
2700;71
2701;76
2702;74
2703;88
2704;74
2705;77
2706;82
2707;82
2708;85
2709;88
2710;71
2711;70
2712;87
2713;80
2714;82
2715;89
2716;78
2717;75
2718;65
2719;82
2720;81
2721;61
2722;57
2723;77
2724;58
2725;68
2726;68
2727;84
2728;77
2729;83
2730;66
2731;77
2732;63
2733;79
2734;71
2735;79
2736;73
2737;78
2738;64
2739;59
2740;67
2741;56
2742;77
2743;74
2744;76
2745;83
2746;77
2747;68
2748;68
2749;77
2750;81
2751;58
2752;76
2753;67
2754;66
2755;69
2756;71
2757;69
2758;81
2759;58
2760;70
2761;61
2762;67
2763;67
2764;70
2765;76
2766;64
2767;65
2768;61
2769;58
2770;74
2771;63
2772;85
2773;62
2774;66
2775;73
2776;70
2777;47
2778;80
2779;74
2780;67
2781;63
2782;70
2783;65
2784;65
2785;68
2786;67
2787;62
2788;58
2789;66
2790;51
2791;71
2792;57
2793;59
2794;66
2795;56
2796;66
2797;72
2798;57
2799;65
2800;61
2801;72
2802;54
2803;66
2804;77
2805;65
2806;53
2807;72
2808;62
2809;59
2810;62
2811;71
2812;68
2813;65
2814;65
2815;52
2816;75
2817;74
2818;73
2819;72
2820;58
2821;65
2822;64
2823;64
2824;56
2825;51
2826;66
2827;63
2828;68
2829;53
2830;62
2831;56
2832;62
2833;56
2834;74
2835;69
2836;69
2837;60
2838;60
2839;59
2840;66
2841;64
2842;57
2843;70
2844;68
2845;66
2846;54
2847;60
2848;45
2849;59
2850;63
2851;60
2852;61
2853;65
2854;62
2855;59
2856;62
2857;68
2858;52
2859;71
2860;66
2861;67
2862;56
2863;49
2864;46
2865;53
2866;49
2867;73
2868;57
2869;76
2870;58
2871;70
2872;61
2873;64
2874;68
2875;46
2876;67
2877;60
2878;67
2879;68
2880;63
2881;67
2882;56
2883;56
2884;58
2885;56
2886;59
2887;52
2888;60
2889;48
2890;58
2891;58
2892;67
2893;66
2894;58
2895;59
2896;58
2897;54
2898;65
2899;55
2900;48
2901;56
2902;54
2903;61
2904;54
2905;42
2906;58
2907;44
2908;52
2909;64
2910;59
2911;61
2912;53
2913;62
2914;77
2915;66
2916;39
2917;45
2918;59
2919;63
2920;66
2921;60
2922;58
2923;67
2924;50
2925;60
2926;54
2927;45
2928;58
2929;53
2930;69
2931;58
2932;52
2933;61
2934;50
2935;51
2936;59
2937;59
2938;56
2939;53
2940;64
2941;56
2942;57
2943;51
2944;62
2945;45
2946;64
2947;60
2948;62
2949;46
2950;57
2951;53
2952;44
2953;57
2954;57
2955;60
2956;58
2957;62
2958;59
2959;49
2960;46
2961;43
2962;54
2963;43
2964;39
2965;58
2966;46
2967;52
2968;56
2969;56
2970;53
2971;64
2972;55
2973;56
2974;49
2975;49
2976;52
2977;47
2978;56
2979;36
2980;50
2981;54
2982;41
2983;48
2984;56
2985;50
2986;54
2987;50
2988;55
2989;54
2990;47
2991;57
2992;54
2993;57
2994;43
2995;45
2996;66
2997;53
2998;62
2999;68
3000;53
3001;60
3002;53
3003;64
3004;75
3005;46
3006;45
3007;58
3008;58
3009;65
3010;40
3011;47
3012;52
3013;51
3014;58
3015;49
3016;50
3017;51
3018;46
3019;40
3020;38
3021;54
3022;46
3023;60
3024;69
3025;43
3026;55
3027;37
3028;43
3029;43
3030;40
3031;61
3032;40
3033;53
3034;51
3035;47
3036;50
3037;58
3038;58
3039;46
3040;53
3041;41
3042;52
3043;49
3044;54
3045;46
3046;37
3047;54
3048;39
3049;50
3050;42
3051;44
3052;48
3053;48
3054;48
3055;49
3056;39
3057;50
3058;44
3059;40
3060;42
3061;48
3062;45
3063;47
3064;50
3065;47
3066;38
3067;45
3068;37
3069;40
3070;36
3071;42
3072;33
3073;41
3074;31
3075;50
3076;36
3077;49
3078;45
3079;35
3080;58
3081;53
3082;48
3083;28
3084;45
3085;52
3086;40
3087;46
3088;37
3089;32
3090;45
3091;43
3092;47
3093;46
3094;46
3095;29
3096;45
3097;46
3098;48
3099;50
3100;45
3101;43
3102;50
3103;39
3104;42
3105;43
3106;32
3107;49
3108;47
3109;46
3110;40
3111;33
3112;52
3113;51
3114;47
3115;39
3116;44
3117;33
3118;40
3119;44
3120;48
3121;38
3122;51
3123;48
3124;32
3125;51
3126;46
3127;46
3128;45
3129;36
3130;42
3131;34
3132;32
3133;44
3134;58
3135;48
3136;54
3137;37
3138;46
3139;49
3140;44
3141;39
3142;41
3143;43
3144;42
3145;46
3146;42
3147;46
3148;51
3149;39
3150;48
3151;36
3152;52
3153;36
3154;35
3155;44
3156;51
3157;42
3158;38
3159;51
3160;62
3161;41
3162;35
3163;36
3164;44
3165;47
3166;50
3167;51
3168;41
3169;40
3170;42
3171;40
3172;48
3173;43
3174;46
3175;53
3176;42
3177;30
3178;37
3179;38
3180;58
3181;45
3182;49
3183;48
3184;47
3185;49
3186;49
3187;41
3188;61
3189;55
3190;29
3191;57
3192;45
3193;42
3194;42
3195;41
3196;47
3197;56
3198;35
3199;56
3200;57
3201;52
3202;46
3203;42
3204;45
3205;60
3206;43
3207;41
3208;42
3209;38
3210;56
3211;59
3212;50
3213;57
3214;74
3215;68
3216;64
3217;55
3218;60
3219;53
3220;76
3221;44
3222;70
3223;73
3224;65
3225;59
3226;74
3227;75
3228;83
3229;92
3230;88
3231;86
3232;104
3233;96
3234;96
3235;125
3236;114
3237;123
3238;175
3239;144
3240;149
3241;161
3242;228
3243;206
3244;245
3245;257
3246;325
3247;382
3248;446
3249;511
3250;651
3251;819
3252;1009
3253;1312
3254;1650
3255;2224
3256;3162
3257;4179
3258;5339
3259;7191
3260;8892
3261;10891
3262;12471
3263;13230
3264;13404
3265;12393
3266;10250
3267;8091
3268;5680
3269;3661
3270;2114
3271;1147
3272;586
3273;342
3274;197
3275;125
3276;114
3277;80
3278;75
3279;73
3280;48
3281;53
3282;52
3283;72
3284;41
3285;49
3286;35
3287;37
3288;41
3289;37
3290;34
3291;29
3292;34
3293;33
3294;47
3295;33
3296;32
3297;29
3298;29
3299;26
3300;20
3301;28
3302;19
3303;15
3304;23
3305;27
3306;25
3307;15
3308;21
3309;16
3310;10
3311;13
3312;13
3313;21
3314;17
3315;14
3316;14
3317;15
3318;11
3319;18
3320;10
3321;8
3322;12
3323;7
3324;12
3325;12
3326;8
3327;7
3328;8
3329;10
3330;12
3331;9
3332;12
3333;10
3334;10
3335;18
3336;9
3337;10
3338;7
3339;10
3340;10
3341;6
3342;5
3343;6
3344;14
3345;8
3346;6
3347;6
3348;10
3349;6
3350;2
3351;7
3352;7
3353;6
3354;5
3355;6
3356;6
3357;8
3358;10
3359;9
3360;5
3361;6
3362;4
3363;10
3364;4
3365;6
3366;8
3367;8
3368;5
3369;8
3370;6
3371;4
3372;8
3373;8
3374;8
3375;4
3376;14
3377;3
3378;3
3379;6
3380;6
3381;3
3382;3
3383;8
3384;6
3385;4
3386;6
3387;3
3388;4
3389;7
3390;8
3391;4
3392;3
3393;7
3394;6
3395;7
3396;7
3397;6
3398;8
3399;8
3400;7
3401;3
3402;5
3403;1
3404;6
3405;9
3406;5
3407;9
3408;6
3409;6
3410;3
3411;8
3412;7
3413;0
3414;4
3415;2
3416;6
3417;7
3418;6
3419;3
3420;7
3421;10
3422;5
3423;8
3424;4
3425;4
3426;8
3427;2
3428;6
3429;10
3430;5
3431;4
3432;5
3433;4
3434;9
3435;6
3436;7
3437;5
3438;8
3439;5
3440;8
3441;4
3442;2
3443;5
3444;4
3445;4
3446;1
3447;9
3448;5
3449;5
3450;6
3451;3
3452;7
3453;8
3454;5
3455;6
3456;3
3457;2
3458;11
3459;4
3460;3
3461;4
3462;4
3463;7
3464;7
3465;7
3466;8
3467;5
3468;12
3469;3
3470;4
3471;4
3472;5
3473;7
3474;3
3475;4
3476;3
3477;6
3478;3
3479;7
3480;1
3481;2
3482;4
3483;7
3484;8
3485;5
3486;4
3487;5
3488;3
3489;6
3490;5
3491;5
3492;6
3493;8
3494;4
3495;5
3496;4
3497;5
3498;1
3499;4
3500;6
3501;4
3502;2
3503;2
3504;4
3505;7
3506;6
3507;5
3508;6
3509;2
3510;5
3511;2
3512;6
3513;6
3514;3
3515;4
3516;5
3517;3
3518;4
3519;9
3520;5
3521;5
3522;3
3523;1
3524;4
3525;4
3526;2
3527;5
3528;6
3529;5
3530;3
3531;4
3532;5
3533;7
3534;3
3535;9
3536;5
3537;5
3538;7
3539;5
3540;7
3541;3
3542;5
3543;5
3544;5
3545;4
3546;5
3547;3
3548;4
3549;4
3550;9
3551;3
3552;4
3553;2
3554;8
3555;5
3556;6
3557;1
3558;3
3559;5
3560;7
3561;6
3562;3
3563;6
3564;5
3565;3
3566;9
3567;8
3568;3
3569;1
3570;4
3571;2
3572;3
3573;2
3574;6
3575;2
3576;0
3577;3
3578;6
3579;7
3580;4
3581;6
3582;5
3583;3
3584;5
3585;8
3586;3
3587;7
3588;4
3589;6
3590;3
3591;9
3592;6
3593;6
3594;4
3595;6
3596;1
3597;3
3598;4
3599;3
3600;3
3601;5
3602;3
3603;5
3604;4
3605;2
3606;8
3607;5
3608;2
3609;5
3610;6
3611;6
3612;6
3613;8
3614;6
3615;1
3616;4
3617;6
3618;7
3619;0
3620;2
3621;3
3622;3
3623;4
3624;4
3625;3
3626;4
3627;3
3628;7
3629;7
3630;7
3631;7
3632;3
3633;6
3634;3
3635;9
3636;5
3637;7
3638;3
3639;4
3640;4
3641;2
3642;8
3643;7
3644;3
3645;2
3646;5
3647;2
3648;4
3649;5
3650;7
3651;1
3652;2
3653;4
3654;1
3655;6
3656;4
3657;5
3658;3
3659;4
3660;2
3661;8
3662;1
3663;2
3664;1
3665;4
3666;1
3667;2
3668;5
3669;4
3670;4
3671;3
3672;3
3673;4
3674;5
3675;8
3676;2
3677;3
3678;4
3679;4
3680;2
3681;3
3682;4
3683;3
3684;3
3685;9
3686;3
3687;3
3688;4
3689;5
3690;4
3691;2
3692;2
3693;3
3694;1
3695;6
3696;2
3697;4
3698;3
3699;4
3700;3
3701;3
3702;2
3703;2
3704;5
3705;5
3706;3
3707;11
3708;0
3709;9
3710;6
3711;6
3712;4
3713;4
3714;4
3715;1
3716;7
3717;4
3718;5
3719;2
3720;6
3721;2
3722;5
3723;5
3724;5
3725;3
3726;4
3727;3
3728;4
3729;4
3730;3
3731;2
3732;1
3733;3
3734;6
3735;2
3736;1
3737;1
3738;3
3739;5
3740;5
3741;5
3742;2
3743;2
3744;3
3745;3
3746;4
3747;2
3748;4
3749;3
3750;3
3751;6
3752;3
3753;2
3754;6
3755;5
3756;7
3757;5
3758;4
3759;2
3760;4
3761;2
3762;0
3763;3
3764;2
3765;7
3766;3
3767;1
3768;2
3769;2
3770;10
3771;2
3772;5
3773;1
3774;2
3775;3
3776;2
3777;7
3778;4
3779;2
3780;4
3781;2
3782;7
3783;3
3784;3
3785;3
3786;3
3787;1
3788;1
3789;3
3790;2
3791;2
3792;3
3793;5
3794;2
3795;2
3796;6
3797;2
3798;1
3799;3
3800;7
3801;3
3802;1
3803;2
3804;6
3805;4
3806;4
3807;3
3808;8
3809;7
3810;4
3811;4
3812;5
3813;4
3814;5
3815;1
3816;3
3817;0
3818;4
3819;3
3820;7
3821;2
3822;3
3823;1
3824;7
3825;3
3826;3
3827;4
3828;8
3829;2
3830;3
3831;6
3832;3
3833;2
3834;4
3835;2
3836;2
3837;3
3838;3
3839;1
3840;5
3841;5
3842;3
3843;4
3844;7
3845;4
3846;3
3847;3
3848;2
3849;6
3850;4
3851;2
3852;5
3853;1
3854;1
3855;4
3856;3
3857;1
3858;4
3859;2
3860;1
3861;4
3862;3
3863;1
3864;2
3865;5
3866;0
3867;1
3868;2
3869;3
3870;5
3871;3
3872;6
3873;3
3874;0
3875;6
3876;5
3877;6
3878;4
3879;4
3880;4
3881;1
3882;3
3883;7
3884;5
3885;2
3886;4
3887;1
3888;8
3889;5
3890;3
3891;5
3892;4
3893;2
3894;4
3895;1
3896;3
3897;5
3898;2
3899;2
3900;4
3901;5
3902;6
3903;4
3904;4
3905;4
3906;2
3907;4
3908;1
3909;2
3910;4
3911;1
3912;3
3913;4
3914;3
3915;5
3916;3
3917;3
3918;4
3919;4
3920;3
3921;3
3922;5
3923;3
3924;5
3925;4
3926;3
3927;4
3928;3
3929;3
3930;6
3931;4
3932;3
3933;3
3934;1
3935;5
3936;6
3937;3
3938;4
3939;4
3940;7
3941;2
3942;3
3943;5
3944;2
3945;4
3946;3
3947;2
3948;3
3949;3
3950;3
3951;2
3952;3
3953;3
3954;7
3955;3
3956;1
3957;5
3958;3
3959;6
3960;3
3961;5
3962;5
3963;3
3964;4
3965;3
3966;2
3967;3
3968;5
3969;3
3970;1
3971;7
3972;1
3973;3
3974;1
3975;1
3976;5
3977;3
3978;3
3979;4
3980;5
3981;3
3982;4
3983;4
3984;4
3985;2
3986;4
3987;2
3988;5
3989;3
3990;2
3991;1
3992;3
3993;1
3994;2
3995;2
3996;2
3997;2
3998;1
3999;2
4000;0
4001;1
4002;2
4003;3
4004;2
4005;2
4006;4
4007;4
4008;5
4009;3
4010;5
4011;2
4012;2
4013;3
4014;3
4015;5
4016;1
4017;2
4018;4
4019;5
4020;3
4021;5
4022;2
4023;2
4024;4
4025;4
4026;1
4027;2
4028;2
4029;3
4030;2
4031;2
4032;2
4033;4
4034;3
4035;4
4036;0
4037;0
4038;2
4039;2
4040;3
4041;1
4042;4
4043;5
4044;3
4045;3
4046;2
4047;4
4048;3
4049;5
4050;3
4051;2
4052;4
4053;4
4054;6
4055;4
4056;1
4057;1
4058;2
4059;1
4060;0
4061;4
4062;4
4063;1
4064;8
4065;1
4066;3
4067;1
4068;2
4069;5
4070;3
4071;1
4072;1
4073;2
4074;1
4075;4
4076;5
4077;0
4078;4
4079;4
4080;3
4081;3
4082;2
4083;1
4084;5
4085;1
4086;1
4087;3
4088;3
4089;0
4090;0
4091;6
4092;3
4093;4
4094;3
4095;2
4096;4
4097;1
4098;6
4099;7
4100;3
4101;0
4102;1
4103;3
4104;1
4105;4
4106;2
4107;4
4108;2
4109;6
4110;3
4111;3
4112;1
4113;0
4114;2
4115;3
4116;4
4117;2
4118;5
4119;0
4120;8
4121;3
4122;4
4123;4
4124;1
4125;3
4126;2
4127;5
4128;5
4129;2
4130;4
4131;1
4132;5
4133;3
4134;0
4135;3
4136;2
4137;2
4138;7
4139;2
4140;1
4141;3
4142;2
4143;4
4144;4
4145;4
4146;6
4147;3
4148;4
4149;0
4150;3
4151;1
4152;3
4153;3
4154;3
4155;4
4156;8
4157;2
4158;5
4159;3
4160;4
4161;3
4162;5
4163;3
4164;3
4165;3
4166;4
4167;3
4168;3
4169;3
4170;2
4171;2
4172;5
4173;4
4174;1
4175;1
4176;2
4177;2
4178;2
4179;3
4180;2
4181;2
4182;3
4183;2
4184;3
4185;2
4186;2
4187;2
4188;3
4189;3
4190;2
4191;3
4192;2
4193;1
4194;2
4195;4
4196;1
4197;3
4198;1
4199;1
4200;3
4201;3
4202;0
4203;4
4204;2
4205;3
4206;1
4207;4
4208;1
4209;2
4210;1
4211;2
4212;5
4213;0
4214;2
4215;3
4216;4
4217;1
4218;2
4219;4
4220;2
4221;1
4222;2
4223;5
4224;7
4225;2
4226;3
4227;2
4228;2
4229;2
4230;2
4231;0
4232;1
4233;6
4234;1
4235;1
4236;0
4237;4
4238;6
4239;0
4240;2
4241;2
4242;1
4243;4
4244;3
4245;2
4246;4
4247;8
4248;6
4249;2
4250;3
4251;3
4252;4
4253;1
4254;3
4255;4
4256;0
4257;6
4258;5
4259;2
4260;4
4261;2
4262;0
4263;4
4264;1
4265;3
4266;1
4267;5
4268;1
4269;0
4270;0
4271;1
4272;2
4273;3
4274;5
4275;3
4276;3
4277;3
4278;2
4279;1
4280;1
4281;6
4282;0
4283;3
4284;1
4285;2
4286;1
4287;0
4288;2
4289;3
4290;5
4291;0
4292;2
4293;4
4294;5
4295;2
4296;3
4297;3
4298;1
4299;4
4300;2
4301;0
4302;3
4303;2
4304;2
4305;2
4306;1
4307;1
4308;2
4309;2
4310;0
4311;0
4312;1
4313;3
4314;4
4315;5
4316;1
4317;2
4318;5
4319;1
4320;2
4321;1
4322;2
4323;4
4324;6
4325;0
4326;0
4327;6
4328;0
4329;1
4330;2
4331;1
4332;3
4333;1
4334;3
4335;0
4336;1
4337;5
4338;0
4339;0
4340;7
4341;4
4342;1
4343;2
4344;2
4345;3
4346;2
4347;2
4348;4
4349;4
4350;0
4351;0
4352;3
4353;1
4354;2
4355;1
4356;3
4357;3
4358;0
4359;1
4360;1
4361;3
4362;1
4363;2
4364;3
4365;3
4366;0
4367;3
4368;2
4369;3
4370;1
4371;2
4372;5
4373;3
4374;1
4375;6
4376;3
4377;2
4378;3
4379;4
4380;5
4381;1
4382;2
4383;6
4384;3
4385;6
4386;2
4387;1
4388;1
4389;2
4390;6
4391;0
4392;3
4393;6
4394;2
4395;7
4396;3
4397;2
4398;3
4399;3
4400;2
4401;4
4402;0
4403;1
4404;1
4405;1
4406;1
4407;0
4408;0
4409;2
4410;3
4411;2
4412;2
4413;4
4414;2
4415;1
4416;3
4417;4
4418;4
4419;5
4420;0
4421;1
4422;1
4423;2
4424;0
4425;1
4426;1
4427;2
4428;1
4429;1
4430;1
4431;2
4432;2
4433;2
4434;1
4435;7
4436;0
4437;1
4438;1
4439;0
4440;6
4441;1
4442;0
4443;3
4444;3
4445;3
4446;2
4447;3
4448;1
4449;1
4450;3
4451;1
4452;5
4453;2
4454;3
4455;3
4456;1
4457;2
4458;3
4459;2
4460;1
4461;4
4462;4
4463;2
4464;6
4465;2
4466;1
4467;0
4468;0
4469;2
4470;6
4471;0
4472;0
4473;5
4474;3
4475;4
4476;1
4477;1
4478;2
4479;2
4480;3
4481;3
4482;4
4483;1
4484;4
4485;1
4486;0
4487;5
4488;5
4489;0
4490;7
4491;4
4492;4
4493;2
4494;3
4495;5
4496;10
4497;7
4498;4
4499;5
4500;7
4501;14
4502;12
4503;13
4504;10
4505;11
4506;6
4507;3
4508;7
4509;3
4510;2
4511;2
4512;2
4513;4
4514;4
4515;1
4516;1
4517;2
4518;1
4519;1
4520;3
4521;1
4522;2
4523;4
4524;3
4525;5
4526;1
4527;2
4528;4
4529;1
4530;5
4531;2
4532;2
4533;3
4534;1
4535;2
4536;1
4537;1
4538;3
4539;3
4540;1
4541;3
4542;1
4543;2
4544;2
4545;1
4546;3
4547;1
4548;1
4549;2
4550;1
4551;5
4552;3
4553;1
4554;0
4555;0
4556;0
4557;2
4558;3
4559;0
4560;2
4561;0
4562;3
4563;1
4564;5
4565;5
4566;3
4567;1
4568;0
4569;4
4570;3
4571;1
4572;3
4573;2
4574;3
4575;2
4576;1
4577;5
4578;2
4579;1
4580;1
4581;4
4582;2
4583;1
4584;4
4585;2
4586;1
4587;2
4588;4
4589;1
4590;4
4591;3
4592;1
4593;4
4594;3
4595;0
4596;2
4597;1
4598;2
4599;0
4600;4
4601;0
4602;1
4603;1
4604;1
4605;0
4606;3
4607;3
4608;3
4609;3
4610;4
4611;0
4612;2
4613;4
4614;1
4615;1
4616;5
4617;3
4618;1
4619;1
4620;1
4621;1
4622;1
4623;2
4624;2
4625;1
4626;2
4627;3
4628;2
4629;2
4630;2
4631;2
4632;2
4633;1
4634;3
4635;3
4636;3
4637;1
4638;2
4639;0
4640;1
4641;1
4642;2
4643;2
4644;0
4645;1
4646;3
4647;2
4648;2
4649;0
4650;5
4651;1
4652;1
4653;1
4654;2
4655;3
4656;3
4657;3
4658;2
4659;2
4660;1
4661;4
4662;2
4663;2
4664;1
4665;2
4666;2
4667;1
4668;0
4669;2
4670;2
4671;1
4672;3
4673;3
4674;3
4675;3
4676;2
4677;0
4678;1
4679;1
4680;2
4681;0
4682;2
4683;1
4684;1
4685;3
4686;3
4687;1
4688;2
4689;1
4690;2
4691;4
4692;3
4693;3
4694;2
4695;2
4696;6
4697;5
4698;1
4699;2
4700;2
4701;0
4702;0
4703;5
4704;0
4705;4
4706;1
4707;1
4708;3
4709;2
4710;0
4711;2
4712;1
4713;1
4714;3
4715;2
4716;2
4717;7
4718;1
4719;2
4720;2
4721;2
4722;1
4723;1
4724;2
4725;1
4726;0
4727;2
4728;2
4729;4
4730;6
4731;0
4732;2
4733;2
4734;2
4735;2
4736;4
4737;0
4738;0
4739;1
4740;2
4741;3
4742;0
4743;1
4744;1
4745;2
4746;2
4747;0
4748;3
4749;2
4750;2
4751;3
4752;1
4753;3
4754;1
4755;1
4756;1
4757;3
4758;1
4759;1
4760;2
4761;3
4762;5
4763;4
4764;2
4765;1
4766;2
4767;2
4768;4
4769;3
4770;0
4771;3
4772;6
4773;4
4774;4
4775;3
4776;1
4777;4
4778;5
4779;1
4780;1
4781;4
4782;3
4783;4
4784;3
4785;5
4786;5
4787;7
4788;6
4789;9
4790;7
4791;7
4792;5
4793;2
4794;3
4795;2
4796;5
4797;2
4798;2
4799;2
4800;0
4801;1
4802;0
4803;0
4804;3
4805;4
4806;1
4807;2
4808;5
4809;1
4810;3
4811;2
4812;2
4813;5
4814;2
4815;2
4816;3
4817;2
4818;2
4819;1
4820;5
4821;1
4822;1
4823;0
4824;1
4825;2
4826;0
4827;0
4828;3
4829;3
4830;1
4831;2
4832;2
4833;1
4834;0
4835;3
4836;3
4837;1
4838;2
4839;3
4840;1
4841;0
4842;4
4843;2
4844;2
4845;1
4846;3
4847;2
4848;2
4849;0
4850;3
4851;1
4852;0
4853;4
4854;1
4855;0
4856;1
4857;3
4858;3
4859;1
4860;3
4861;2
4862;0
4863;2
4864;1
4865;1
4866;0
4867;1
4868;2
4869;2
4870;1
4871;2
4872;0
4873;2
4874;2
4875;0
4876;1
4877;2
4878;1
4879;1
4880;3
4881;2
4882;1
4883;0
4884;2
4885;1
4886;0
4887;2
4888;1
4889;2
4890;0
4891;4
4892;2
4893;1
4894;2
4895;3
4896;2
4897;4
4898;1
4899;3
4900;1
4901;0
4902;6
4903;1
4904;2
4905;1
4906;3
4907;3
4908;2
4909;1
4910;2
4911;2
4912;3
4913;2
4914;0
4915;4
4916;3
4917;0
4918;4
4919;3
4920;1
4921;0
4922;3
4923;3
4924;2
4925;3
4926;4
4927;1
4928;2
4929;3
4930;4
4931;1
4932;1
4933;2
4934;3
4935;1
4936;5
4937;2
4938;3
4939;1
4940;3
4941;3
4942;0
4943;3
4944;3
4945;4
4946;2
4947;3
4948;1
4949;2
4950;0
4951;4
4952;3
4953;1
4954;2
4955;2
4956;2
4957;2
4958;2
4959;2
4960;5
4961;2
4962;1
4963;2
4964;1
4965;4
4966;4
4967;2
4968;1
4969;1
4970;2
4971;3
4972;3
4973;4
4974;2
4975;0
4976;5
4977;0
4978;3
4979;1
4980;4
4981;2
4982;3
4983;3
4984;2
4985;3
4986;1
4987;3
4988;0
4989;3
4990;2
4991;0
4992;0
4993;1
4994;2
4995;4
4996;2
4997;2
4998;3
4999;1
5000;2
5001;1
5002;2
5003;0
5004;3
5005;4
5006;2
5007;1
5008;4
5009;2
5010;2
5011;0
5012;0
5013;2
5014;1
5015;2
5016;1
5017;3
5018;2
5019;0
5020;5
5021;2
5022;5
5023;2
5024;0
5025;7
5026;2
5027;1
5028;0
5029;2
5030;1
5031;2
5032;0
5033;2
5034;3
5035;3
5036;5
5037;2
5038;0
5039;1
5040;1
5041;1
5042;1
5043;1
5044;0
5045;3
5046;3
5047;2
5048;2
5049;3
5050;2
5051;0
5052;0
5053;1
5054;3
5055;0
5056;1
5057;2
5058;5
5059;3
5060;2
5061;2
5062;4
5063;2
5064;1
5065;1
5066;5
5067;0
5068;1
5069;1
5070;1
5071;0
5072;2
5073;1
5074;4
5075;4
5076;2
5077;1
5078;3
5079;1
5080;1
5081;3
5082;0
5083;2
5084;2
5085;1
5086;1
5087;0
5088;1
5089;0
5090;0
5091;0
5092;1
5093;1
5094;0
5095;1
5096;4
5097;3
5098;4
5099;1
5100;1
5101;5
5102;4
5103;0
5104;3
5105;2
5106;1
5107;0
5108;0
5109;3
5110;0
5111;1
5112;1
5113;1
5114;3
5115;0
5116;1
5117;3
5118;0
5119;2
5120;3
5121;0
5122;2
5123;2
5124;2
5125;4
5126;2
5127;0
5128;1
5129;2
5130;1
5131;2
5132;2
5133;1
5134;0
5135;2
5136;1
5137;1
5138;2
5139;2
5140;0
5141;4
5142;0
5143;1
5144;3
5145;4
5146;3
5147;0
5148;2
5149;1
5150;0
5151;1
5152;1
5153;2
5154;3
5155;2
5156;1
5157;3
5158;2
5159;3
5160;0
5161;0
5162;3
5163;3
5164;0
5165;6
5166;2
5167;2
5168;3
5169;5
5170;2
5171;4
5172;0
5173;0
5174;1
5175;2
5176;1
5177;0
5178;2
5179;2
5180;5
5181;4
5182;1
5183;1
5184;2
5185;1
5186;1
5187;0
5188;2
5189;0
5190;2
5191;2
5192;1
5193;2
5194;1
5195;4
5196;1
5197;1
5198;1
5199;2
5200;3
5201;1
5202;1
5203;2
5204;4
5205;0
5206;3
5207;2
5208;1
5209;0
5210;2
5211;3
5212;2
5213;0
5214;3
5215;1
5216;0
5217;2
5218;1
5219;2
5220;2
5221;2
5222;1
5223;2
5224;0
5225;0
5226;2
5227;5
5228;1
5229;3
5230;4
5231;0
5232;4
5233;3
5234;3
5235;3
5236;3
5237;1
5238;0
5239;1
5240;3
5241;3
5242;1
5243;0
5244;2
5245;1
5246;2
5247;1
5248;1
5249;0
5250;0
5251;2
5252;0
5253;8
5254;1
5255;1
5256;4
5257;0
5258;0
5259;2
5260;1
5261;0
5262;1
5263;1
5264;0
5265;1
5266;2
5267;1
5268;4
5269;2
5270;3
5271;4
5272;1
5273;1
5274;2
5275;2
5276;4
5277;4
5278;4
5279;3
5280;0
5281;0
5282;2
5283;1
5284;5
5285;2
5286;0
5287;4
5288;1
5289;3
5290;3
5291;1
5292;2
5293;0
5294;2
5295;4
5296;0
5297;2
5298;3
5299;0
5300;0
5301;2
5302;1
5303;1
5304;1
5305;1
5306;1
5307;0
5308;1
5309;1
5310;0
5311;0
5312;3
5313;2
5314;2
5315;2
5316;0
5317;2
5318;3
5319;0
5320;2
5321;4
5322;0
5323;2
5324;2
5325;2
5326;2
5327;4
5328;3
5329;6
5330;2
5331;1
5332;1
5333;1
5334;2
5335;2
5336;1
5337;4
5338;2
5339;1
5340;1
5341;5
5342;0
5343;1
5344;2
5345;0
5346;3
5347;1
5348;0
5349;3
5350;0
5351;1
5352;1
5353;1
5354;3
5355;2
5356;1
5357;3
5358;3
5359;0
5360;1
5361;3
5362;2
5363;1
5364;1
5365;0
5366;1
5367;3
5368;1
5369;3
5370;0
5371;3
5372;1
5373;1
5374;1
5375;5
5376;1
5377;0
5378;0
5379;0
5380;3
5381;1
5382;1
5383;5
5384;1
5385;2
5386;2
5387;3
5388;4
5389;2
5390;1
5391;2
5392;1
5393;0
5394;1
5395;2
5396;2
5397;1
5398;1
5399;0
5400;3
5401;5
5402;3
5403;1
5404;0
5405;0
5406;2
5407;1
5408;2
5409;1
5410;1
5411;1
5412;0
5413;0
5414;1
5415;1
5416;3
5417;0
5418;1
5419;1
5420;3
5421;3
5422;3
5423;1
5424;2
5425;3
5426;0
5427;1
5428;2
5429;1
5430;3
5431;1
5432;1
5433;0
5434;0
5435;2
5436;1
5437;0
5438;2
5439;3
5440;2
5441;3
5442;0
5443;1
5444;1
5445;0
5446;2
5447;2
5448;1
5449;1
5450;2
5451;1
5452;1
5453;2
5454;2
5455;1
5456;0
5457;0
5458;1
5459;2
5460;1
5461;0
5462;0
5463;2
5464;1
5465;5
5466;1
5467;2
5468;1
5469;2
5470;3
5471;1
5472;4
5473;2
5474;0
5475;1
5476;1
5477;2
5478;3
5479;1
5480;1
5481;1
5482;1
5483;3
5484;3
5485;3
5486;0
5487;1
5488;1
5489;2
5490;2
5491;0
5492;3
5493;0
5494;0
5495;1
5496;1
5497;2
5498;3
5499;1
5500;2
5501;1
5502;2
5503;3
5504;0
5505;1
5506;2
5507;4
5508;0
5509;0
5510;1
5511;2
5512;0
5513;0
5514;2
5515;2
5516;2
5517;2
5518;4
5519;0
5520;1
5521;0
5522;0
5523;4
5524;0
5525;1
5526;0
5527;1
5528;3
5529;1
5530;5
5531;3
5532;4
5533;2
5534;2
5535;3
5536;6
5537;7
5538;4
5539;6
5540;2
5541;5
5542;1
5543;5
5544;2
5545;1
5546;1
5547;3
5548;3
5549;0
5550;2
5551;1
5552;6
5553;2
5554;3
5555;1
5556;5
5557;0
5558;3
5559;3
5560;1
5561;4
5562;3
5563;1
5564;1
5565;5
5566;1
5567;1
5568;2
5569;0
5570;3
5571;1
5572;2
5573;2
5574;0
5575;3
5576;1
5577;2
5578;1
5579;0
5580;2
5581;0
5582;1
5583;1
5584;0
5585;3
5586;0
5587;0
5588;2
5589;3
5590;2
5591;1
5592;0
5593;2
5594;1
5595;1
5596;1
5597;1
5598;3
5599;4
5600;0
5601;1
5602;2
5603;3
5604;1
5605;0
5606;1
5607;1
5608;2
5609;2
5610;0
5611;0
5612;1
5613;0
5614;1
5615;2
5616;1
5617;1
5618;1
5619;2
5620;1
5621;1
5622;0
5623;2
5624;0
5625;3
5626;1
5627;1
5628;1
5629;2
5630;4
5631;3
5632;3
5633;2
5634;2
5635;1
5636;1
5637;0
5638;0
5639;4
5640;0
5641;0
5642;0
5643;2
5644;1
5645;2
5646;1
5647;2
5648;1
5649;3
5650;1
5651;0
5652;0
5653;2
5654;2
5655;1
5656;0
5657;1
5658;0
5659;2
5660;1
5661;2
5662;2
5663;3
5664;4
5665;3
5666;1
5667;2
5668;3
5669;1
5670;1
5671;1
5672;1
5673;1
5674;4
5675;0
5676;3
5677;2
5678;2
5679;0
5680;1
5681;2
5682;1
5683;1
5684;2
5685;2
5686;1
5687;2
5688;1
5689;4
5690;0
5691;1
5692;3
5693;2
5694;0
5695;1
5696;1
5697;1
5698;4
5699;7
5700;2
5701;1
5702;0
5703;1
5704;3
5705;1
5706;3
5707;1
5708;1
5709;0
5710;2
5711;2
5712;1
5713;1
5714;2
5715;1
5716;2
5717;0
5718;2
5719;5
5720;1
5721;1
5722;1
5723;1
5724;0
5725;0
5726;3
5727;2
5728;1
5729;1
5730;3
5731;2
5732;0
5733;1
5734;2
5735;1
5736;4
5737;1
5738;1
5739;2
5740;1
5741;0
5742;0
5743;0
5744;4
5745;3
5746;2
5747;2
5748;1
5749;2
5750;0
5751;0
5752;4
5753;1
5754;0
5755;1
5756;3
5757;2
5758;3
5759;1
5760;2
5761;2
5762;2
5763;1
5764;1
5765;2
5766;1
5767;2
5768;0
5769;1
5770;4
5771;1
5772;2
5773;2
5774;2
5775;2
5776;1
5777;2
5778;0
5779;2
5780;1
5781;1
5782;1
5783;0
5784;2
5785;0
5786;1
5787;1
5788;1
5789;1
5790;1
5791;1
5792;1
5793;1
5794;3
5795;1
5796;0
5797;2
5798;2
5799;3
5800;2
5801;3
5802;4
5803;2
5804;4
5805;3
5806;3
5807;2
5808;0
5809;3
5810;1
5811;1
5812;0
5813;4
5814;2
5815;0
5816;2
5817;1
5818;2
5819;2
5820;3
5821;5
5822;1
5823;1
5824;1
5825;0
5826;1
5827;3
5828;2
5829;2
5830;2
5831;0
5832;3
5833;4
5834;1
5835;2
5836;1
5837;2
5838;1
5839;2
5840;3
5841;0
5842;1
5843;3
5844;3
5845;2
5846;0
5847;3
5848;2
5849;2
5850;3
5851;3
5852;2
5853;1
5854;3
5855;1
5856;2
5857;3
5858;3
5859;0
5860;0
5861;0
5862;2
5863;1
5864;1
5865;0
5866;2
5867;0
5868;3
5869;3
5870;3
5871;0
5872;2
5873;1
5874;0
5875;2
5876;3
5877;1
5878;1
5879;2
5880;3
5881;2
5882;1
5883;1
5884;1
5885;1
5886;0
5887;1
5888;1
5889;3
5890;0
5891;3
5892;2
5893;0
5894;3
5895;0
5896;2
5897;2
5898;1
5899;0
5900;1
5901;1
5902;3
5903;1
5904;1
5905;2
5906;1
5907;2
5908;1
5909;1
5910;0
5911;2
5912;1
5913;2
5914;2
5915;1
5916;1
5917;0
5918;3
5919;0
5920;3
5921;2
5922;1
5923;3
5924;4
5925;2
5926;1
5927;1
5928;2
5929;2
5930;2
5931;0
5932;1
5933;2
5934;3
5935;1
5936;1
5937;0
5938;1
5939;0
5940;0
5941;2
5942;1
5943;2
5944;1
5945;1
5946;1
5947;3
5948;0
5949;1
5950;1
5951;0
5952;2
5953;0
5954;2
5955;0
5956;3
5957;0
5958;2
5959;3
5960;1
5961;3
5962;2
5963;3
5964;5
5965;0
5966;0
5967;0
5968;2
5969;2
5970;1
5971;2
5972;1
5973;4
5974;1
5975;0
5976;2
5977;1
5978;3
5979;2
5980;4
5981;1
5982;4
5983;2
5984;2
5985;3
5986;3
5987;0
5988;4
5989;0
5990;2
5991;2
5992;1
5993;2
5994;1
5995;1
5996;2
5997;0
5998;2
5999;4
6000;2
6001;0
6002;1
6003;0
6004;1
6005;3
6006;2
6007;4
6008;2
6009;2
6010;0
6011;5
6012;5
6013;4
6014;2
6015;2
6016;2
6017;1
6018;0
6019;0
6020;1
6021;2
6022;2
6023;1
6024;2
6025;0
6026;4
6027;1
6028;2
6029;1
6030;2
6031;0
6032;2
6033;1
6034;2
6035;0
6036;3
6037;2
6038;3
6039;2
6040;2
6041;1
6042;1
6043;2
6044;0
6045;0
6046;0
6047;4
6048;2
6049;2
6050;3
6051;1
6052;0
6053;2
6054;1
6055;1
6056;0
6057;3
6058;2
6059;1
6060;2
6061;1
6062;2
6063;2
6064;1
6065;2
6066;2
6067;2
6068;2
6069;3
6070;1
6071;1
6072;5
6073;1
6074;4
6075;5
6076;3
6077;1
6078;0
6079;3
6080;1
6081;0
6082;2
6083;1
6084;3
6085;3
6086;2
6087;1
6088;1
6089;2
6090;3
6091;2
6092;1
6093;0
6094;3
6095;1
6096;0
6097;1
6098;1
6099;1
6100;2
6101;0
6102;0
6103;5
6104;2
6105;1
6106;4
6107;1
6108;0
6109;2
6110;7
6111;1
6112;3
6113;2
6114;1
6115;1
6116;2
6117;3
6118;1
6119;3
6120;2
6121;2
6122;3
6123;4
6124;3
6125;2
6126;1
6127;2
6128;1
6129;2
6130;5
6131;2
6132;1
6133;4
6134;3
6135;2
6136;1
6137;2
6138;1
6139;1
6140;4
6141;1
6142;1
6143;3
6144;3
6145;3
6146;1
6147;1
6148;1
6149;0
6150;1
6151;0
6152;0
6153;1
6154;1
6155;3
6156;1
6157;0
6158;1
6159;2
6160;3
6161;0
6162;1
6163;1
6164;3
6165;1
6166;0
6167;2
6168;6
6169;4
6170;2
6171;3
6172;1
6173;1
6174;0
6175;1
6176;1
6177;2
6178;0
6179;1
6180;2
6181;1
6182;4
6183;1
6184;1
6185;1
6186;0
6187;1
6188;2
6189;0
6190;2
6191;4
6192;2
6193;2
6194;1
6195;2
6196;0
6197;1
6198;1
6199;1
6200;3
6201;4
6202;1
6203;1
6204;0
6205;2
6206;0
6207;1
6208;4
6209;0
6210;3
6211;0
6212;2
6213;0
6214;1
6215;1
6216;0
6217;1
6218;1
6219;2
6220;1
6221;1
6222;4
6223;2
6224;2
6225;0
6226;2
6227;0
6228;3
6229;5
6230;1
6231;1
6232;0
6233;1
6234;0
6235;0
6236;0
6237;1
6238;1
6239;1
6240;1
6241;1
6242;2
6243;1
6244;1
6245;0
6246;0
6247;2
6248;2
6249;3
6250;1
6251;2
6252;0
6253;0
6254;1
6255;2
6256;2
6257;0
6258;2
6259;0
6260;2
6261;0
6262;0
6263;3
6264;1
6265;1
6266;0
6267;0
6268;1
6269;1
6270;1
6271;1
6272;2
6273;2
6274;0
6275;2
6276;1
6277;1
6278;2
6279;0
6280;0
6281;0
6282;0
6283;3
6284;0
6285;1
6286;0
6287;0
6288;1
6289;0
6290;3
6291;2
6292;1
6293;3
6294;2
6295;2
6296;1
6297;0
6298;1
6299;0
6300;1
6301;0
6302;1
6303;2
6304;0
6305;0
6306;2
6307;1
6308;1
6309;1
6310;1
6311;1
6312;0
6313;2
6314;1
6315;0
6316;2
6317;0
6318;1
6319;0
6320;1
6321;0
6322;2
6323;0
6324;0
6325;1
6326;2
6327;5
6328;1
6329;2
6330;4
6331;1
6332;1
6333;0
6334;0
6335;0
6336;1
6337;0
6338;1
6339;1
6340;2
6341;2
6342;2
6343;0
6344;0
6345;0
6346;0
6347;1
6348;2
6349;1
6350;2
6351;1
6352;2
6353;2
6354;2
6355;2
6356;1
6357;0
6358;0
6359;1
6360;2
6361;1
6362;2
6363;1
6364;3
6365;1
6366;1
6367;2
6368;3
6369;1
6370;0
6371;0
6372;1
6373;0
6374;1
6375;1
6376;1
6377;2
6378;0
6379;2
6380;2
6381;1
6382;1
6383;1
6384;0
6385;0
6386;3
6387;0
6388;2
6389;1
6390;1
6391;1
6392;1
6393;0
6394;2
6395;2
6396;0
6397;0
6398;3
6399;0
6400;1
6401;3
6402;1
6403;3
6404;0
6405;2
6406;1
6407;0
6408;0
6409;1
6410;4
6411;0
6412;1
6413;1
6414;0
6415;0
6416;1
6417;0
6418;2
6419;3
6420;0
6421;1
6422;2
6423;0
6424;1
6425;1
6426;1
6427;0
6428;0
6429;1
6430;2
6431;1
6432;4
6433;0
6434;1
6435;1
6436;1
6437;0
6438;0
6439;0
6440;1
6441;1
6442;1
6443;2
6444;1
6445;0
6446;0
6447;2
6448;3
6449;2
6450;2
6451;1
6452;1
6453;3
6454;0
6455;2
6456;2
6457;1
6458;1
6459;2
6460;0
6461;1
6462;2
6463;2
6464;0
6465;1
6466;0
6467;1
6468;1
6469;2
6470;1
6471;1
6472;3
6473;2
6474;0
6475;1
6476;1
6477;0
6478;3
6479;2
6480;0
6481;1
6482;0
6483;1
6484;1
6485;0
6486;2
6487;2
6488;4
6489;0
6490;1
6491;0
6492;0
6493;0
6494;1
6495;0
6496;1
6497;2
6498;0
6499;1
6500;1
6501;1
6502;1
6503;0
6504;0
6505;1
6506;1
6507;0
6508;0
6509;2
6510;1
6511;2
6512;1
6513;1
6514;0
6515;1
6516;2
6517;1
6518;2
6519;1
6520;2
6521;4
6522;0
6523;0
6524;1
6525;1
6526;2
6527;0
6528;1
6529;5
6530;1
6531;1
6532;3
6533;0
6534;0
6535;1
6536;3
6537;1
6538;1
6539;0
6540;2
6541;0
6542;0
6543;0
6544;0
6545;2
6546;1
6547;2
6548;4
6549;0
6550;1
6551;2
6552;0
6553;1
6554;4
6555;0
6556;0
6557;0
6558;1
6559;1
6560;1
6561;0
6562;1
6563;1
6564;1
6565;0
6566;1
6567;0
6568;0
6569;0
6570;3
6571;0
6572;0
6573;1
6574;0
6575;3
6576;1
6577;0
6578;1
6579;0
6580;1
6581;2
6582;0
6583;3
6584;0
6585;1
6586;2
6587;0
6588;1
6589;1
6590;1
6591;0
6592;0
6593;1
6594;0
6595;1
6596;0
6597;1
6598;3
6599;0
6600;1
6601;0
6602;1
6603;1
6604;0
6605;1
6606;0
6607;0
6608;1
6609;1
6610;2
6611;2
6612;0
6613;0
6614;1
6615;1
6616;0
6617;0
6618;1
6619;0
6620;1
6621;0
6622;0
6623;0
6624;1
6625;1
6626;1
6627;0
6628;2
6629;0
6630;0
6631;1
6632;1
6633;0
6634;1
6635;1
6636;2
6637;2
6638;2
6639;1
6640;2
6641;1
6642;1
6643;2
6644;1
6645;0
6646;1
6647;0
6648;0
6649;0
6650;2
6651;0
6652;0
6653;0
6654;1
6655;2
6656;1
6657;1
6658;2
6659;1
6660;1
6661;1
6662;1
6663;1
6664;2
6665;0
6666;0
6667;1
6668;0
6669;2
6670;1
6671;0
6672;0
6673;2
6674;0
6675;1
6676;1
6677;1
6678;1
6679;1
6680;1
6681;0
6682;0
6683;2
6684;1
6685;1
6686;1
6687;1
6688;0
6689;0
6690;2
6691;0
6692;1
6693;2
6694;0
6695;2
6696;0
6697;1
6698;0
6699;1
6700;1
6701;0
6702;1
6703;1
6704;0
6705;1
6706;2
6707;0
6708;0
6709;2
6710;1
6711;2
6712;0
6713;0
6714;0
6715;1
6716;0
6717;0
6718;0
6719;1
6720;0
6721;2
6722;1
6723;0
6724;1
6725;0
6726;0
6727;0
6728;0
6729;0
6730;0
6731;1
6732;0
6733;0
6734;0
6735;1
6736;1
6737;1
6738;0
6739;2
6740;0
6741;1
6742;0
6743;1
6744;0
6745;0
6746;2
6747;0
6748;1
6749;2
6750;2
6751;0
6752;1
6753;0
6754;1
6755;0
6756;2
6757;0
6758;1
6759;0
6760;0
6761;0
6762;3
6763;0
6764;0
6765;0
6766;0
6767;1
6768;0
6769;0
6770;0
6771;0
6772;0
6773;0
6774;2
6775;1
6776;1
6777;0
6778;0
6779;0
6780;1
6781;1
6782;1
6783;0
6784;1
6785;0
6786;1
6787;0
6788;0
6789;1
6790;1
6791;0
6792;1
6793;0
6794;0
6795;1
6796;0
6797;1
6798;1
6799;2
6800;0
6801;0
6802;2
6803;0
6804;0
6805;0
6806;1
6807;0
6808;1
6809;2
6810;2
6811;1
6812;0
6813;0
6814;1
6815;1
6816;1
6817;0
6818;2
6819;0
6820;0
6821;1
6822;0
6823;0
6824;0
6825;0
6826;0
6827;1
6828;0
6829;1
6830;1
6831;1
6832;1
6833;1
6834;1
6835;0
6836;0
6837;0
6838;0
6839;1
6840;1
6841;1
6842;1
6843;2
6844;0
6845;0
6846;0
6847;1
6848;1
6849;2
6850;0
6851;1
6852;1
6853;2
6854;1
6855;0
6856;2
6857;0
6858;0
6859;2
6860;1
6861;0
6862;0
6863;1
6864;0
6865;2
6866;0
6867;0
6868;0
6869;2
6870;0
6871;0
6872;1
6873;0
6874;0
6875;0
6876;0
6877;1
6878;1
6879;1
6880;0
6881;0
6882;0
6883;0
6884;0
6885;0
6886;1
6887;1
6888;2
6889;1
6890;0
6891;0
6892;1
6893;1
6894;0
6895;0
6896;0
6897;1
6898;1
6899;2
6900;0
6901;0
6902;0
6903;0
6904;2
6905;2
6906;0
6907;0
6908;0
6909;0
6910;1
6911;1
6912;0
6913;0
6914;0
6915;0
6916;0
6917;2
6918;0
6919;0
6920;1
6921;1
6922;0
6923;0
6924;2
6925;0
6926;0
6927;0
6928;0
6929;2
6930;1
6931;1
6932;1
6933;0
6934;1
6935;0
6936;0
6937;0
6938;0
6939;0
6940;1
6941;1
6942;0
6943;1
6944;0
6945;1
6946;2
6947;0
6948;2
6949;1
6950;2
6951;0
6952;0
6953;0
6954;1
6955;0
6956;1
6957;0
6958;1
6959;2
6960;3
6961;2
6962;1
6963;2
6964;0
6965;1
6966;1
6967;0
6968;3
6969;1
6970;1
6971;0
6972;1
6973;1
6974;2
6975;1
6976;1
6977;0
6978;0
6979;1
6980;1
6981;0
6982;0
6983;0
6984;1
6985;1
6986;0
6987;0
6988;2
6989;0
6990;2
6991;1
6992;0
6993;2
6994;0
6995;0
6996;1
6997;1
6998;0
6999;0
7000;0
7001;0
7002;0
7003;2
7004;1
7005;0
7006;1
7007;1
7008;0
7009;1
7010;2
7011;0
7012;0
7013;1
7014;1
7015;1
7016;0
7017;2
7018;0
7019;1
7020;1
7021;1
7022;0
7023;0
7024;2
7025;0
7026;1
7027;0
7028;0
7029;0
7030;0
7031;1
7032;1
7033;0
7034;1
7035;0
7036;1
7037;1
7038;1
7039;0
7040;1
7041;0
7042;1
7043;0
7044;0
7045;0
7046;2
7047;0
7048;1
7049;0
7050;0
7051;0
7052;1
7053;1
7054;1
7055;1
7056;1
7057;0
7058;0
7059;0
7060;0
7061;1
7062;1
7063;0
7064;0
7065;0
7066;0
7067;1
7068;0
7069;0
7070;1
7071;0
7072;0
7073;1
7074;1
7075;0
7076;0
7077;1
7078;1
7079;0
7080;1
7081;3
7082;0
7083;1
7084;1
7085;1
7086;1
7087;0
7088;0
7089;1
7090;1
7091;0
7092;0
7093;0
7094;0
7095;1
7096;0
7097;1
7098;0
7099;0
7100;1
7101;0
7102;0
7103;0
7104;1
7105;0
7106;0
7107;2
7108;0
7109;0
7110;0
7111;0
7112;0
7113;1
7114;0
7115;0
7116;1
7117;0
7118;0
7119;0
7120;0
7121;1
7122;1
7123;0
7124;0
7125;1
7126;1
7127;1
7128;0
7129;0
7130;0
7131;1
7132;0
7133;2
7134;0
7135;0
7136;1
7137;0
7138;0
7139;0
7140;0
7141;1
7142;0
7143;0
7144;0
7145;0
7146;1
7147;0
7148;3
7149;0
7150;1
7151;0
7152;3
7153;1
7154;1
7155;0
7156;1
7157;0
7158;1
7159;0
7160;0
7161;1
7162;0
7163;1
7164;0
7165;0
7166;2
7167;2
7168;1
7169;0
7170;0
7171;1
7172;1
7173;0
7174;0
7175;1
7176;0
7177;1
7178;1
7179;0
7180;1
7181;0
7182;0
7183;0
7184;2
7185;1
7186;2
7187;0
7188;0
7189;1
7190;0
7191;0
7192;0
7193;2
7194;2
7195;3
7196;2
7197;0
7198;1
7199;1
7200;0
7201;1
7202;0
7203;0
7204;1
7205;1
7206;1
7207;2
7208;1
7209;2
7210;0
7211;3
7212;2
7213;7
7214;2
7215;5
7216;8
7217;14
7218;8
7219;12
7220;6
7221;7
7222;19
7223;13
7224;25
7225;17
7226;32
7227;32
7228;22
7229;29
7230;23
7231;29
7232;33
7233;20
7234;26
7235;19
7236;11
7237;13
7238;6
7239;3
7240;5
7241;2
7242;2
7243;2
7244;1
7245;0
7246;0
7247;0
7248;0
7249;0
7250;2
7251;0
7252;0
7253;0
7254;1
7255;1
7256;1
7257;0
7258;0
7259;0
7260;0
7261;0
7262;0
7263;0
7264;0
7265;0
7266;0
7267;0
7268;0
7269;0
7270;0
7271;0
7272;0
7273;1
7274;0
7275;0
7276;0
7277;0
7278;0
7279;1
7280;0
7281;0
7282;0
7283;0
7284;0
7285;2
7286;1
7287;0
7288;0
7289;0
7290;0
7291;0
7292;0
7293;0
7294;0
7295;0
7296;0
7297;0
7298;0
7299;0
7300;1
7301;1
7302;0
7303;0
7304;1
7305;0
7306;0
7307;0
7308;0
7309;0
7310;1
7311;0
7312;0
7313;1
7314;0
7315;0
7316;1
7317;0
7318;0
7319;1
7320;0
7321;1
7322;0
7323;0
7324;0
7325;1
7326;2
7327;1
7328;0
7329;0
7330;1
7331;0
7332;0
7333;0
7334;0
7335;1
7336;0
7337;0
7338;0
7339;1
7340;0
7341;0
7342;0
7343;0
7344;0
7345;0
7346;0
7347;0
7348;0
7349;0
7350;0
7351;0
7352;1
7353;1
7354;0
7355;0
7356;0
7357;1
7358;1
7359;1
7360;0
7361;1
7362;1
7363;0
7364;0
7365;0
7366;0
7367;1
7368;0
7369;0
7370;0
7371;1
7372;0
7373;1
7374;1
7375;0
7376;2
7377;0
7378;0
7379;1
7380;1
7381;0
7382;0
7383;0
7384;1
7385;0
7386;0
7387;0
7388;2
7389;0
7390;0
7391;0
7392;0
7393;0
7394;1
7395;0
7396;1
7397;1
7398;0
7399;0
7400;2
7401;1
7402;1
7403;0
7404;1
7405;0
7406;0
7407;1
7408;0
7409;1
7410;0
7411;0
7412;0
7413;0
7414;2
7415;0
7416;1
7417;0
7418;0
7419;0
7420;1
7421;0
7422;0
7423;3
7424;0
7425;1
7426;0
7427;0
7428;2
7429;0
7430;0
7431;0
7432;0
7433;0
7434;0
7435;2
7436;0
7437;0
7438;1
7439;0
7440;1
7441;0
7442;1
7443;0
7444;0
7445;0
7446;0
7447;0
7448;0
7449;0
7450;0
7451;0
7452;0
7453;0
7454;2
7455;0
7456;0
7457;0
7458;1
7459;1
7460;0
7461;0
7462;0
7463;0
7464;0
7465;0
7466;0
7467;0
7468;0
7469;0
7470;0
7471;0
7472;1
7473;0
7474;0
7475;0
7476;0
7477;0
7478;1
7479;0
7480;2
7481;1
7482;1
7483;1
7484;0
7485;0
7486;1
7487;0
7488;1
7489;0
7490;1
7491;0
7492;0
7493;0
7494;0
7495;0
7496;0
7497;0
7498;0
7499;0
7500;0
7501;0
7502;0
7503;0
7504;0
7505;0
7506;1
7507;0
7508;0
7509;0
7510;1
7511;0
7512;0
7513;3
7514;0
7515;1
7516;0
7517;0
7518;0
7519;0
7520;0
7521;0
7522;1
7523;0
7524;0
7525;2
7526;0
7527;1
7528;0
7529;0
7530;0
7531;1
7532;0
7533;0
7534;0
7535;1
7536;0
7537;0
7538;2
7539;0
7540;0
7541;0
7542;0
7543;0
7544;1
7545;1
7546;0
7547;1
7548;1
7549;2
7550;0
7551;0
7552;1
7553;1
7554;0
7555;2
7556;0
7557;0
7558;0
7559;0
7560;0
7561;1
7562;2
7563;0
7564;0
7565;0
7566;0
7567;0
7568;2
7569;1
7570;0
7571;0
7572;1
7573;0
7574;0
7575;1
7576;0
7577;0
7578;0
7579;0
7580;0
7581;0
7582;0
7583;0
7584;0
7585;0
7586;1
7587;0
7588;0
7589;0
7590;0
7591;1
7592;0
7593;0
7594;1
7595;0
7596;0
7597;0
7598;1
7599;0
7600;1
7601;0
7602;2
7603;0
7604;1
7605;0
7606;0
7607;0
7608;0
7609;0
7610;0
7611;0
7612;2
7613;0
7614;1
7615;1
7616;1
7617;1
7618;0
7619;0
7620;0
7621;1
7622;1
7623;2
7624;0
7625;0
7626;0
7627;3
7628;0
7629;0
7630;0
7631;1
7632;0
7633;0
7634;0
7635;0
7636;0
7637;0
7638;0
7639;0
7640;1
7641;0
7642;1
7643;1
7644;0
7645;0
7646;0
7647;0
7648;0
7649;0
7650;0
7651;0
7652;1
7653;0
7654;0
7655;0
7656;0
7657;0
7658;1
7659;0
7660;0
7661;0
7662;0
7663;1
7664;0
7665;0
7666;1
7667;0
7668;0
7669;0
7670;0
7671;1
7672;0
7673;1
7674;1
7675;0
7676;0
7677;3
7678;0
7679;1
7680;1
7681;0
7682;0
7683;0
7684;0
7685;0
7686;0
7687;0
7688;0
7689;0
7690;0
7691;0
7692;1
7693;0
7694;1
7695;0
7696;1
7697;0
7698;0
7699;0
7700;0
7701;0
7702;1
7703;2
7704;0
7705;1
7706;1
7707;0
7708;0
7709;0
7710;0
7711;1
7712;0
7713;0
7714;1
7715;0
7716;0
7717;2
7718;0
7719;0
7720;0
7721;0
7722;0
7723;1
7724;0
7725;0
7726;0
7727;1
7728;0
7729;0
7730;0
7731;0
7732;0
7733;0
7734;1
7735;0
7736;0
7737;1
7738;0
7739;0
7740;0
7741;2
7742;1
7743;0
7744;1
7745;1
7746;0
7747;0
7748;0
7749;0
7750;0
7751;0
7752;0
7753;0
7754;0
7755;0
7756;1
7757;0
7758;0
7759;0
7760;0
7761;0
7762;0
7763;0
7764;2
7765;0
7766;0
7767;0
7768;0
7769;0
7770;0
7771;0
7772;0
7773;0
7774;1
7775;0
7776;0
7777;0
7778;0
7779;1
7780;2
7781;1
7782;1
7783;0
7784;0
7785;0
7786;0
7787;1
7788;1
7789;2
7790;1
7791;0
7792;0
7793;0
7794;0
7795;0
7796;0
7797;0
7798;0
7799;1
7800;0
7801;0
7802;0
7803;0
7804;0
7805;1
7806;0
7807;1
7808;0
7809;0
7810;1
7811;0
7812;1
7813;1
7814;0
7815;1
7816;1
7817;0
7818;0
7819;0
7820;1
7821;1
7822;0
7823;0
7824;0
7825;0
7826;2
7827;0
7828;0
7829;1
7830;0
7831;0
7832;0
7833;0
7834;0
7835;1
7836;0
7837;0
7838;0
7839;0
7840;0
7841;0
7842;0
7843;0
7844;0
7845;1
7846;0
7847;0
7848;0
7849;0
7850;0
7851;0
7852;0
7853;0
7854;0
7855;0
7856;3
7857;1
7858;0
7859;3
7860;0
7861;1
7862;0
7863;1
7864;2
7865;2
7866;2
7867;0
7868;0
7869;1
7870;0
7871;1
7872;1
7873;0
7874;2
7875;0
7876;0
7877;0
7878;1
7879;0
7880;2
7881;3
7882;0
7883;0
7884;1
7885;0
7886;1
7887;1
7888;1
7889;1
7890;1
7891;0
7892;1
7893;0
7894;1
7895;0
7896;0
7897;0
7898;0
7899;0
7900;0
7901;1
7902;0
7903;1
7904;0
7905;0
7906;0
7907;0
7908;0
7909;0
7910;0
7911;0
7912;0
7913;0
7914;0
7915;0
7916;0
7917;1
7918;0
7919;0
7920;1
7921;0
7922;1
7923;0
7924;1
7925;0
7926;0
7927;0
7928;0
7929;0
7930;0
7931;0
7932;0
7933;0
7934;0
7935;0
7936;0
7937;0
7938;1
7939;0
7940;0
7941;0
7942;0
7943;2
7944;0
7945;0
7946;1
7947;0
7948;0
7949;0
7950;0
7951;0
7952;1
7953;0
7954;1
7955;0
7956;0
7957;0
7958;0
7959;0
7960;0
7961;0
7962;4
7963;0
7964;0
7965;0
7966;0
7967;1
7968;0
7969;1
7970;0
7971;0
7972;0
7973;1
7974;0
7975;0
7976;0
7977;0
7978;1
7979;1
7980;1
7981;0
7982;1
7983;0
7984;0
7985;0
7986;0
7987;0
7988;0
7989;0
7990;1
7991;1
7992;0
7993;0
7994;0
7995;0
7996;0
7997;0
7998;0
7999;0
8000;1
8001;0
8002;0
8003;0
8004;0
8005;0
8006;0
8007;1
8008;0
8009;0
8010;1
8011;0
8012;1
8013;0
8014;1
8015;0
8016;0
8017;0
8018;2
8019;0
8020;1
8021;0
8022;1
8023;0
8024;0
8025;0
8026;2
8027;0
8028;0
8029;0
8030;0
8031;1
8032;0
8033;1
8034;0
8035;1
8036;1
8037;0
8038;0
8039;0
8040;0
8041;0
8042;0
8043;0
8044;0
8045;1
8046;0
8047;1
8048;0
8049;1
8050;0
8051;0
8052;0
8053;0
8054;0
8055;0
8056;0
8057;0
8058;0
8059;0
8060;0
8061;0
8062;1
8063;0
8064;0
8065;1
8066;0
8067;0
8068;0
8069;0
8070;0
8071;0
8072;1
8073;0
8074;0
8075;1
8076;0
8077;0
8078;0
8079;1
8080;2
8081;0
8082;0
8083;0
8084;0
8085;0
8086;1
8087;0
8088;0
8089;0
8090;0
8091;0
8092;0
8093;0
8094;0
8095;2
8096;0
8097;0
8098;2
8099;0
8100;0
8101;0
8102;0
8103;0
8104;0
8105;0
8106;0
8107;0
8108;1
8109;0
8110;1
8111;0
8112;1
8113;0
8114;0
8115;1
8116;0
8117;0
8118;0
8119;0
8120;0
8121;0
8122;1
8123;0
8124;0
8125;0
8126;0
8127;0
8128;0
8129;0
8130;0
8131;0
8132;0
8133;0
8134;0
8135;0
8136;0
8137;0
8138;0
8139;0
8140;0
8141;0
8142;0
8143;1
8144;0
8145;0
8146;1
8147;0
8148;0
8149;0
8150;0
8151;0
8152;0
8153;0
8154;0
8155;0
8156;0
8157;0
8158;0
8159;0
8160;0
8161;0
8162;0
8163;0
8164;0
8165;0
8166;0
8167;0
8168;0
8169;0
8170;0
8171;0
8172;0
8173;0
8174;0
8175;0
8176;0
8177;0
8178;0
8179;0
8180;0
8181;0
8182;0
8183;0
8184;0
8185;0
8186;0
8187;0
8188;0
8189;0
8190;0
8191;0
