0;0
1;0
2;0
3;0
4;0
5;0
6;0
7;0
8;0
9;0
10;0
11;0
12;0
13;1
14;1
15;0
16;0
17;0
18;0
19;1
20;0
21;0
22;0
23;0
24;0
25;0
26;0
27;0
28;1
29;0
30;0
31;1
32;0
33;0
34;0
35;0
36;0
37;1
38;1
39;0
40;0
41;1
42;0
43;2
44;3
45;2
46;2
47;1
48;0
49;1
50;1
51;1
52;0
53;3
54;2
55;2
56;1
57;2
58;2
59;2
60;1
61;0
62;2
63;5
64;0
65;3
66;0
67;2
68;1
69;1
70;1
71;1
72;2
73;3
74;1
75;1
76;1
77;6
78;33
79;77
80;131
81;165
82;175
83;143
84;162
85;144
86;179
87;137
88;156
89;168
90;179
91;160
92;165
93;167
94;155
95;155
96;171
97;179
98;182
99;165
100;176
101;183
102;192
103;179
104;191
105;175
106;207
107;181
108;217
109;217
110;205
111;215
112;224
113;232
114;229
115;220
116;262
117;266
118;256
119;273
120;274
121;291
122;306
123;338
124;340
125;369
126;359
127;380
128;416
129;444
130;461
131;521
132;502
133;558
134;524
135;609
136;556
137;633
138;588
139;666
140;651
141;652
142;667
143;675
144;688
145;678
146;675
147;704
148;695
149;732
150;665
151;696
152;689
153;705
154;624
155;610
156;658
157;589
158;641
159;575
160;588
161;605
162;532
163;516
164;491
165;487
166;447
167;470
168;472
169;408
170;403
171;419
172;364
173;374
174;350
175;342
176;319
177;319
178;315
179;308
180;332
181;294
182;285
183;294
184;266
185;289
186;285
187;274
188;294
189;256
190;254
191;256
192;257
193;271
194;239
195;237
196;235
197;235
198;258
199;243
200;236
201;214
202;236
203;243
204;223
205;235
206;230
207;219
208;243
209;225
210;240
211;267
212;251
213;226
214;228
215;255
216;271
217;270
218;312
219;246
220;260
221;273
222;235
223;246
224;261
225;231
226;273
227;293
228;259
229;272
230;247
231;264
232;272
233;308
234;272
235;273
236;301
237;288
238;278
239;287
240;301
241;263
242;307
243;293
244;308
245;303
246;304
247;311
248;316
249;284
250;303
251;309
252;315
253;317
254;329
255;333
256;317
257;331
258;288
259;347
260;354
261;298
262;367
263;345
264;362
265;360
266;404
267;312
268;392
269;361
270;341
271;352
272;363
273;395
274;385
275;361
276;384
277;359
278;364
279;382
280;376
281;426
282;379
283;403
284;386
285;405
286;425
287;409
288;375
289;412
290;408
291;411
292;409
293;396
294;433
295;380
296;377
297;417
298;405
299;405
300;412
301;414
302;449
303;461
304;453
305;429
306;434
307;439
308;456
309;455
310;450
311;410
312;459
313;502
314;495
315;458
316;438
317;459
318;515
319;496
320;458
321;517
322;472
323;469
324;496
325;492
326;541
327;500
328;513
329;534
330;490
331;510
332;511
333;523
334;522
335;517
336;517
337;513
338;543
339;503
340;507
341;523
342;550
343;535
344;520
345;540
346;567
347;553
348;534
349;535
350;530
351;575
352;568
353;573
354;545
355;567
356;531
357;563
358;562
359;529
360;538
361;571
362;547
363;583
364;551
365;565
366;603
367;588
368;568
369;592
370;582
371;594
372;612
373;615
374;577
375;546
376;577
377;624
378;594
379;520
380;595
381;590
382;605
383;582
384;575
385;645
386;602
387;576
388;609
389;610
390;600
391;595
392;579
393;567
394;612
395;650
396;585
397;617
398;608
399;579
400;618
401;635
402;655
403;597
404;580
405;605
406;594
407;607
408;691
409;595
410;625
411;609
412;613
413;585
414;634
415;622
416;599
417;625
418;650
419;591
420;631
421;612
422;659
423;625
424;665
425;619
426;598
427;639
428;620
429;613
430;607
431;635
432;622
433;621
434;631
435;613
436;656
437;607
438;636
439;652
440;629
441;589
442;628
443;601
444;671
445;645
446;591
447;628
448;655
449;665
450;649
451;649
452;588
453;632
454;574
455;637
456;615
457;623
458;634
459;627
460;651
461;573
462;605
463;608
464;621
465;646
466;673
467;669
468;678
469;682
470;604
471;671
472;628
473;589
474;662
475;628
476;617
477;652
478;643
479;630
480;699
481;652
482;640
483;607
484;625
485;612
486;625
487;643
488;623
489;624
490;592
491;640
492;642
493;635
494;655
495;636
496;631
497;620
498;634
499;612
500;657
501;693
502;616
503;635
504;625
505;619
506;616
507;592
508;683
509;629
510;594
511;637
512;596
513;639
514;685
515;593
516;612
517;599
518;636
519;682
520;637
521;633
522;613
523;664
524;644
525;634
526;662
527;666
528;616
529;718
530;596
531;610
532;651
533;634
534;650
535;621
536;656
537;642
538;654
539;595
540;702
541;656
542;609
543;618
544;590
545;609
546;640
547;597
548;668
549;625
550;625
551;632
552;642
553;647
554;654
555;649
556;629
557;660
558;635
559;666
560;654
561;629
562;591
563;622
564;624
565;665
566;664
567;650
568;613
569;608
570;617
571;623
572;607
573;597
574;629
575;600
576;636
577;638
578;608
579;591
580;612
581;658
582;591
583;622
584;633
585;646
586;623
587;633
588;614
589;601
590;613
591;633
592;608
593;637
594;609
595;645
596;572
597;634
598;598
599;583
600;611
601;602
602;650
603;620
604;622
605;596
606;592
607;565
608;618
609;580
610;614
611;604
612;586
613;609
614;617
615;612
616;595
617;607
618;619
619;586
620;607
621;599
622;557
623;663
624;555
625;576
626;661
627;623
628;619
629;597
630;576
631;593
632;556
633;576
634;601
635;597
636;648
637;570
638;572
639;604
640;596
641;617
642;574
643;584
644;583
645;600
646;611
647;602
648;562
649;579
650;573
651;635
652;593
653;577
654;615
655;608
656;567
657;594
658;587
659;556
660;566
661;588
662;613
663;554
664;588
665;571
666;534
667;567
668;563
669;615
670;571
671;571
672;501
673;564
674;578
675;557
676;585
677;555
678;537
679;558
680;553
681;538
682;534
683;514
684;561
685;559
686;558
687;551
688;528
689;549
690;574
691;531
692;551
693;594
694;556
695;532
696;543
697;549
698;572
699;582
700;532
701;504
702;516
703;585
704;501
705;552
706;557
707;513
708;563
709;559
710;581
711;551
712;533
713;521
714;564
715;526
716;565
717;524
718;528
719;545
720;546
721;522
722;504
723;559
724;526
725;489
726;543
727;592
728;536
729;575
730;563
731;517
732;559
733;472
734;547
735;506
736;557
737;505
738;537
739;521
740;534
741;546
742;560
743;516
744;507
745;540
746;518
747;500
748;531
749;521
750;541
751;534
752;477
753;547
754;511
755;550
756;504
757;531
758;519
759;529
760;527
761;525
762;511
763;515
764;510
765;548
766;515
767;540
768;546
769;536
770;530
771;520
772;535
773;557
774;520
775;529
776;509
777;562
778;528
779;544
780;505
781;515
782;486
783;507
784;544
785;537
786;519
787;525
788;498
789;538
790;589
791;523
792;483
793;522
794;518
795;512
796;502
797;518
798;526
799;535
800;539
801;542
802;528
803;533
804;526
805;538
806;514
807;549
808;504
809;531
810;580
811;552
812;540
813;522
814;552
815;516
816;564
817;556
818;565
819;595
820;543
821;551
822;512
823;565
824;549
825;542
826;521
827;546
828;534
829;530
830;539
831;523
832;531
833;575
834;521
835;549
836;581
837;563
838;572
839;557
840;536
841;579
842;606
843;567
844;570
845;558
846;549
847;626
848;552
849;539
850;537
851;566
852;529
853;592
854;559
855;600
856;551
857;545
858;575
859;566
860;499
861;543
862;580
863;604
864;520
865;512
866;551
867;542
868;539
869;529
870;565
871;581
872;594
873;575
874;570
875;585
876;614
877;589
878;554
879;553
880;529
881;549
882;552
883;576
884;528
885;590
886;595
887;570
888;560
889;559
890;568
891;523
892;573
893;537
894;552
895;546
896;563
897;571
898;521
899;555
900;506
901;544
902;550
903;543
904;545
905;556
906;568
907;544
908;538
909;568
910;510
911;547
912;580
913;531
914;580
915;547
916;563
917;587
918;542
919;518
920;543
921;525
922;565
923;491
924;535
925;519
926;510
927;512
928;553
929;596
930;529
931;530
932;564
933;486
934;510
935;529
936;545
937;485
938;540
939;518
940;516
941;545
942;536
943;512
944;536
945;505
946;504
947;480
948;518
949;501
950;476
951;556
952;523
953;506
954;498
955;491
956;506
957;511
958;517
959;519
960;513
961;531
962;487
963;524
964;493
965;505
966;504
967;495
968;534
969;438
970;463
971;502
972;530
973;472
974;451
975;500
976;475
977;459
978;486
979;461
980;479
981;508
982;461
983;511
984;473
985;478
986;437
987;460
988;443
989;477
990;489
991;488
992;453
993;456
994;495
995;465
996;461
997;490
998;451
999;454
1000;490
1001;459
1002;477
1003;510
1004;478
1005;444
1006;486
1007;446
1008;429
1009;448
1010;457
1011;463
1012;445
1013;501
1014;407
1015;441
1016;440
1017;451
1018;445
1019;404
1020;429
1021;465
1022;485
1023;414
1024;458
1025;455
1026;409
1027;444
1028;429
1029;454
1030;438
1031;438
1032;418
1033;424
1034;435
1035;439
1036;443
1037;467
1038;444
1039;447
1040;443
1041;448
1042;431
1043;419
1044;409
1045;428
1046;429
1047;445
1048;449
1049;410
1050;433
1051;475
1052;379
1053;398
1054;446
1055;413
1056;401
1057;462
1058;428
1059;415
1060;382
1061;434
1062;399
1063;413
1064;415
1065;421
1066;415
1067;407
1068;410
1069;433
1070;407
1071;372
1072;407
1073;447
1074;399
1075;399
1076;399
1077;380
1078;402
1079;397
1080;413
1081;401
1082;374
1083;418
1084;408
1085;398
1086;395
1087;436
1088;400
1089;368
1090;346
1091;364
1092;394
1093;372
1094;366
1095;403
1096;383
1097;378
1098;401
1099;347
1100;389
1101;371
1102;401
1103;371
1104;380
1105;377
1106;370
1107;393
1108;402
1109;341
1110;375
1111;395
1112;360
1113;375
1114;363
1115;361
1116;341
1117;355
1118;338
1119;358
1120;353
1121;376
1122;340
1123;354
1124;355
1125;340
1126;391
1127;344
1128;370
1129;357
1130;347
1131;343
1132;361
1133;346
1134;358
1135;359
1136;346
1137;342
1138;355
1139;284
1140;325
1141;345
1142;374
1143;338
1144;321
1145;387
1146;364
1147;358
1148;308
1149;357
1150;343
1151;348
1152;339
1153;361
1154;339
1155;346
1156;327
1157;341
1158;344
1159;303
1160;369
1161;311
1162;317
1163;323
1164;310
1165;312
1166;356
1167;347
1168;292
1169;359
1170;353
1171;319
1172;320
1173;325
1174;304
1175;323
1176;320
1177;320
1178;270
1179;315
1180;330
1181;320
1182;307
1183;330
1184;314
1185;297
1186;330
1187;280
1188;284
1189;334
1190;315
1191;294
1192;277
1193;292
1194;332
1195;277
1196;285
1197;284
1198;313
1199;309
1200;321
1201;279
1202;311
1203;321
1204;293
1205;303
1206;286
1207;270
1208;290
1209;300
1210;297
1211;307
1212;326
1213;314
1214;263
1215;303
1216;333
1217;309
1218;282
1219;282
1220;298
1221;279
1222;310
1223;282
1224;298
1225;284
1226;272
1227;290
1228;277
1229;302
1230;286
1231;319
1232;269
1233;284
1234;290
1235;279
1236;292
1237;327
1238;285
1239;275
1240;283
1241;289
1242;287
1243;258
1244;294
1245;268
1246;259
1247;267
1248;269
1249;273
1250;262
1251;293
1252;291
1253;265
1254;288
1255;303
1256;285
1257;294
1258;249
1259;286
1260;252
1261;279
1262;319
1263;261
1264;259
1265;290
1266;306
1267;290
1268;244
1269;268
1270;271
1271;257
1272;262
1273;271
1274;291
1275;254
1276;267
1277;292
1278;287
1279;273
1280;263
1281;262
1282;245
1283;248
1284;280
1285;264
1286;266
1287;250
1288;301
1289;237
1290;284
1291;282
1292;253
1293;266
1294;262
1295;263
1296;249
1297;237
1298;305
1299;274
1300;244
1301;260
1302;238
1303;268
1304;260
1305;245
1306;280
1307;249
1308;255
1309;263
1310;254
1311;241
1312;235
1313;260
1314;248
1315;242
1316;272
1317;260
1318;272
1319;250
1320;249
1321;273
1322;253
1323;257
1324;265
1325;253
1326;276
1327;232
1328;251
1329;282
1330;260
1331;255
1332;231
1333;266
1334;247
1335;262
1336;238
1337;233
1338;231
1339;231
1340;239
1341;254
1342;252
1343;258
1344;245
1345;242
1346;243
1347;264
1348;279
1349;258
1350;243
1351;238
1352;225
1353;279
1354;242
1355;278
1356;223
1357;239
1358;231
1359;259
1360;234
1361;259
1362;208
1363;231
1364;221
1365;232
1366;252
1367;212
1368;236
1369;249
1370;234
1371;250
1372;239
1373;236
1374;251
1375;271
1376;241
1377;220
1378;232
1379;235
1380;241
1381;247
1382;210
1383;222
1384;249
1385;226
1386;222
1387;223
1388;238
1389;230
1390;216
1391;238
1392;233
1393;214
1394;219
1395;224
1396;218
1397;213
1398;207
1399;226
1400;227
1401;232
1402;236
1403;262
1404;244
1405;236
1406;209
1407;220
1408;254
1409;213
1410;220
1411;223
1412;248
1413;217
1414;213
1415;239
1416;200
1417;237
1418;211
1419;211
1420;196
1421;225
1422;203
1423;202
1424;222
1425;247
1426;247
1427;226
1428;212
1429;244
1430;240
1431;209
1432;187
1433;206
1434;209
1435;229
1436;254
1437;220
1438;201
1439;190
1440;231
1441;222
1442;220
1443;234
1444;244
1445;231
1446;206
1447;212
1448;189
1449;222
1450;201
1451;213
1452;231
1453;200
1454;223
1455;203
1456;228
1457;201
1458;209
1459;220
1460;221
1461;226
1462;219
1463;237
1464;221
1465;203
1466;198
1467;206
1468;198
1469;197
1470;218
1471;186
1472;218
1473;214
1474;207
1475;215
1476;224
1477;218
1478;206
1479;238
1480;232
1481;220
1482;205
1483;211
1484;217
1485;203
1486;219
1487;202
1488;215
1489;209
1490;223
1491;231
1492;218
1493;215
1494;199
1495;202
1496;237
1497;202
1498;219
1499;219
1500;189
1501;202
1502;219
1503;225
1504;239
1505;181
1506;242
1507;212
1508;200
1509;207
1510;200
1511;216
1512;224
1513;220
1514;218
1515;224
1516;210
1517;187
1518;198
1519;214
1520;201
1521;177
1522;209
1523;203
1524;222
1525;211
1526;210
1527;211
1528;209
1529;195
1530;207
1531;184
1532;184
1533;215
1534;234
1535;181
1536;217
1537;207
1538;180
1539;201
1540;173
1541;192
1542;183
1543;208
1544;194
1545;216
1546;187
1547;182
1548;195
1549;196
1550;202
1551;187
1552;183
1553;207
1554;201
1555;186
1556;213
1557;189
1558;195
1559;193
1560;190
1561;213
1562;193
1563;178
1564;214
1565;216
1566;192
1567;198
1568;181
1569;188
1570;195
1571;179
1572;202
1573;211
1574;205
1575;194
1576;204
1577;202
1578;184
1579;195
1580;201
1581;204
1582;179
1583;191
1584;181
1585;185
1586;194
1587;196
1588;193
1589;195
1590;211
1591;194
1592;190
1593;183
1594;202
1595;175
1596;179
1597;192
1598;193
1599;226
1600;184
1601;188
1602;219
1603;203
1604;184
1605;178
1606;193
1607;197
1608;199
1609;178
1610;192
1611;182
1612;174
1613;190
1614;181
1615;184
1616;187
1617;180
1618;194
1619;188
1620;192
1621;207
1622;191
1623;162
1624;189
1625;205
1626;172
1627;193
1628;167
1629;185
1630;177
1631;180
1632;171
1633;193
1634;187
1635;167
1636;168
1637;181
1638;160
1639;193
1640;195
1641;191
1642;171
1643;202
1644;159
1645;182
1646;184
1647;175
1648;182
1649;184
1650;191
1651;160
1652;202
1653;182
1654;172
1655;184
1656;187
1657;175
1658;184
1659;171
1660;172
1661;157
1662;171
1663;210
1664;166
1665;188
1666;200
1667;165
1668;179
1669;184
1670;169
1671;175
1672;164
1673;199
1674;182
1675;185
1676;181
1677;198
1678;164
1679;168
1680;196
1681;174
1682;171
1683;186
1684;182
1685;154
1686;193
1687;160
1688;190
1689;190
1690;178
1691;167
1692;191
1693;196
1694;185
1695;175
1696;173
1697;150
1698;212
1699;198
1700;168
1701;167
1702;185
1703;155
1704;164
1705;162
1706;164
1707;180
1708;176
1709;209
1710;160
1711;149
1712;182
1713;173
1714;183
1715;203
1716;153
1717;201
1718;163
1719;186
1720;182
1721;188
1722;165
1723;150
1724;176
1725;172
1726;177
1727;174
1728;176
1729;183
1730;145
1731;188
1732;162
1733;181
1734;174
1735;178
1736;183
1737;175
1738;155
1739;143
1740;189
1741;183
1742;175
1743;201
1744;158
1745;170
1746;175
1747;174
1748;168
1749;153
1750;165
1751;164
1752;150
1753;170
1754;177
1755;161
1756;186
1757;183
1758;152
1759;197
1760;187
1761;198
1762;171
1763;160
1764;170
1765;167
1766;157
1767;160
1768;166
1769;163
1770;155
1771;146
1772;164
1773;201
1774;193
1775;152
1776;160
1777;187
1778;174
1779;151
1780;167
1781;190
1782;174
1783;147
1784;164
1785;168
1786;156
1787;143
1788;169
1789;180
1790;175
1791;180
1792;160
1793;165
1794;172
1795;145
1796;174
1797;179
1798;165
1799;159
1800;170
1801;136
1802;171
1803;175
1804;154
1805;161
1806;159
1807;170
1808;162
1809;167
1810;177
1811;177
1812;173
1813;182
1814;191
1815;174
1816;187
1817;188
1818;196
1819;184
1820;145
1821;172
1822;158
1823;166
1824;153
1825;185
1826;182
1827;162
1828;157
1829;175
1830;176
1831;180
1832;168
1833;182
1834;162
1835;171
1836;165
1837;145
1838;165
1839;152
1840;168
1841;179
1842;160
1843;180
1844;171
1845;174
1846;179
1847;168
1848;163
1849;169
1850;149
1851;177
1852;163
1853;179
1854;179
1855;176
1856;172
1857;169
1858;178
1859;190
1860;196
1861;174
1862;162
1863;177
1864;166
1865;183
1866;152
1867;175
1868;186
1869;186
1870;190
1871;165
1872;174
1873;158
1874;170
1875;154
1876;159
1877;173
1878;167
1879;168
1880;157
1881;187
1882;140
1883;181
1884;175
1885;151
1886;138
1887;197
1888;169
1889;146
1890;169
1891;188
1892;191
1893;168
1894;167
1895;178
1896;171
1897;171
1898;175
1899;151
1900;191
1901;183
1902;153
1903;158
1904;182
1905;165
1906;186
1907;201
1908;189
1909;178
1910;163
1911;176
1912;180
1913;170
1914;162
1915;177
1916;173
1917;164
1918;156
1919;163
1920;163
1921;177
1922;162
1923;184
1924;157
1925;168
1926;145
1927;161
1928;179
1929;162
1930;160
1931;149
1932;155
1933;176
1934;156
1935;172
1936;172
1937;161
1938;183
1939;146
1940;146
1941;170
1942;164
1943;166
1944;187
1945;168
1946;164
1947;169
1948;172
1949;192
1950;170
1951;174
1952;159
1953;180
1954;181
1955;184
1956;152
1957;166
1958;161
1959;165
1960;174
1961;175
1962;167
1963;152
1964;153
1965;171
1966;185
1967;144
1968;159
1969;148
1970;157
1971;147
1972;172
1973;173
1974;176
1975;162
1976;146
1977;157
1978;179
1979;169
1980;147
1981;158
1982;171
1983;173
1984;154
1985;163
1986;158
1987;153
1988;143
1989;151
1990;150
1991;159
1992;153
1993;153
1994;159
1995;150
1996;174
1997;154
1998;163
1999;171
2000;140
2001;134
2002;162
2003;162
2004;167
2005;180
2006;149
2007;159
2008;132
2009;135
2010;153
2011;177
2012;146
2013;148
2014;156
2015;149
2016;148
2017;167
2018;177
2019;169
2020;140
2021;156
2022;162
2023;146
2024;163
2025;133
2026;167
2027;147
2028;155
2029;124
2030;140
2031;166
2032;147
2033;141
2034;161
2035;158
2036;135
2037;153
2038;145
2039;149
2040;147
2041;170
2042;140
2043;141
2044;137
2045;164
2046;143
2047;158
2048;149
2049;140
2050;150
2051;149
2052;153
2053;143
2054;140
2055;140
2056;144
2057;134
2058;140
2059;141
2060;149
2061;146
2062;129
2063;153
2064;141
2065;143
2066;140
2067;143
2068;154
2069;142
2070;144
2071;143
2072;143
2073;123
2074;128
2075;143
2076;142
2077;130
2078;143
2079;123
2080;153
2081;135
2082;125
2083;107
2084;137
2085;126
2086;130
2087;131
2088;114
2089;134
2090;111
2091;141
2092;128
2093;125
2094;135
2095;125
2096;135
2097;134
2098;115
2099;130
2100;128
2101;129
2102;129
2103;118
2104;113
2105;114
2106;125
2107;113
2108;122
2109;133
2110;113
2111;112
2112;101
2113;120
2114;119
2115;113
2116;109
2117;123
2118;111
2119;116
2120;120
2121;121
2122;116
2123;119
2124;106
2125;114
2126;111
2127;117
2128;118
2129;96
2130;99
2131;102
2132;117
2133;118
2134;91
2135;107
2136;106
2137;109
2138;111
2139;114
2140;122
2141;106
2142;96
2143;114
2144;103
2145;109
2146;112
2147;107
2148;104
2149;93
2150;113
2151;110
2152;91
2153;98
2154;106
2155;105
2156;87
2157;112
2158;115
2159;110
2160;97
2161;109
2162;94
2163;99
2164;101
2165;90
2166;109
2167;87
2168;102
2169;100
2170;91
2171;102
2172;106
2173;110
2174;100
2175;91
2176;83
2177;102
2178;106
2179;101
2180;87
2181;103
2182;81
2183;92
2184;100
2185;107
2186;82
2187;88
2188;90
2189;99
2190;60
2191;97
2192;108
2193;92
2194;85
2195;94
2196;104
2197;108
2198;84
2199;84
2200;101
2201;88
2202;91
2203;94
2204;92
2205;90
2206;93
2207;94
2208;109
2209;83
2210;76
2211;84
2212;89
2213;93
2214;92
2215;87
2216;94
2217;78
2218;97
2219;96
2220;98
2221;80
2222;92
2223;100
2224;106
2225;90
2226;68
2227;102
2228;81
2229;92
2230;85
2231;87
2232;94
2233;81
2234;78
2235;100
2236;89
2237;82
2238;79
2239;72
2240;92
2241;96
2242;82
2243;81
2244;74
2245;73
2246;66
2247;71
2248;84
2249;80
2250;86
2251;73
2252;89
2253;77
2254;63
2255;79
2256;83
2257;83
2258;93
2259;74
2260;68
2261;70
2262;72
2263;76
2264;85
2265;84
2266;65
2267;80
2268;87
2269;78
2270;74
2271;70
2272;71
2273;73
2274;76
2275;83
2276;84
2277;84
2278;82
2279;62
2280;76
2281;73
2282;82
2283;74
2284;79
2285;82
2286;66
2287;75
2288;78
2289;73
2290;58
2291;77
2292;86
2293;84
2294;72
2295;76
2296;75
2297;78
2298;76
2299;75
2300;78
2301;88
2302;75
2303;60
2304;80
2305;64
2306;68
2307;76
2308;69
2309;74
2310;65
2311;66
2312;84
2313;72
2314;62
2315;80
2316;53
2317;71
2318;73
2319;81
2320;68
2321;73
2322;58
2323;63
2324;62
2325;68
2326;75
2327;69
2328;67
2329;83
2330;63
2331;58
2332;57
2333;70
2334;69
2335;77
2336;75
2337;71
2338;53
2339;63
2340;69
2341;56
2342;83
2343;62
2344;51
2345;52
2346;80
2347;57
2348;68
2349;60
2350;74
2351;69
2352;64
2353;49
2354;59
2355;73
2356;67
2357;76
2358;74
2359;54
2360;68
2361;64
2362;56
2363;71
2364;62
2365;65
2366;57
2367;76
2368;59
2369;81
2370;65
2371;53
2372;66
2373;74
2374;48
2375;71
2376;72
2377;54
2378;57
2379;46
2380;57
2381;65
2382;63
2383;66
2384;61
2385;63
2386;65
2387;70
2388;65
2389;62
2390;50
2391;52
2392;55
2393;61
2394;57
2395;68
2396;53
2397;59
2398;60
2399;59
2400;67
2401;65
2402;71
2403;57
2404;50
2405;62
2406;77
2407;47
2408;65
2409;58
2410;61
2411;55
2412;70
2413;73
2414;73
2415;46
2416;58
2417;47
2418;58
2419;58
2420;60
2421;55
2422;74
2423;55
2424;64
2425;55
2426;69
2427;62
2428;56
2429;51
2430;51
2431;52
2432;48
2433;61
2434;55
2435;58
2436;48
2437;65
2438;57
2439;44
2440;56
2441;52
2442;62
2443;63
2444;56
2445;49
2446;55
2447;57
2448;56
2449;67
2450;47
2451;45
2452;60
2453;52
2454;51
2455;45
2456;52
2457;79
2458;49
2459;53
2460;51
2461;58
2462;44
2463;51
2464;52
2465;60
2466;42
2467;47
2468;62
2469;43
2470;43
2471;56
2472;55
2473;45
2474;55
2475;52
2476;73
2477;53
2478;64
2479;58
2480;60
2481;36
2482;41
2483;51
2484;61
2485;58
2486;59
2487;53
2488;53
2489;52
2490;50
2491;56
2492;63
2493;54
2494;45
2495;44
2496;59
2497;50
2498;57
2499;58
2500;52
2501;54
2502;56
2503;59
2504;59
2505;47
2506;47
2507;46
2508;59
2509;52
2510;49
2511;48
2512;42
2513;61
2514;45
2515;64
2516;50
2517;48
2518;52
2519;49
2520;59
2521;54
2522;49
2523;46
2524;49
2525;41
2526;52
2527;51
2528;49
2529;45
2530;48
2531;54
2532;52
2533;51
2534;42
2535;38
2536;58
2537;37
2538;56
2539;42
2540;45
2541;63
2542;51
2543;36
2544;48
2545;38
2546;59
2547;59
2548;50
2549;61
2550;48
2551;54
2552;51
2553;51
2554;35
2555;45
2556;71
2557;46
2558;43
2559;53
2560;53
2561;44
2562;39
2563;41
2564;51
2565;36
2566;51
2567;42
2568;40
2569;46
2570;47
2571;46
2572;43
2573;45
2574;48
2575;53
2576;56
2577;47
2578;43
2579;52
2580;40
2581;50
2582;65
2583;61
2584;60
2585;50
2586;42
2587;44
2588;44
2589;36
2590;39
2591;49
2592;54
2593;43
2594;50
2595;50
2596;41
2597;54
2598;62
2599;54
2600;49
2601;41
2602;48
2603;61
2604;50
2605;54
2606;52
2607;55
2608;46
2609;64
2610;55
2611;50
2612;48
2613;47
2614;58
2615;36
2616;61
2617;58
2618;54
2619;44
2620;48
2621;58
2622;56
2623;51
2624;39
2625;47
2626;55
2627;54
2628;53
2629;47
2630;55
2631;67
2632;54
2633;44
2634;55
2635;48
2636;45
2637;49
2638;53
2639;33
2640;44
2641;44
2642;55
2643;49
2644;50
2645;71
2646;45
2647;59
2648;57
2649;49
2650;56
2651;65
2652;49
2653;55
2654;45
2655;51
2656;56
2657;52
2658;55
2659;61
2660;51
2661;68
2662;52
2663;58
2664;57
2665;46
2666;57
2667;59
2668;71
2669;46
2670;76
2671;54
2672;57
2673;49
2674;75
2675;48
2676;63
2677;64
2678;65
2679;59
2680;53
2681;58
2682;58
2683;63
2684;64
2685;53
2686;47
2687;70
2688;67
2689;74
2690;59
2691;83
2692;47
2693;71
2694;62
2695;70
2696;66
2697;72
2698;83
2699;67
2700;56
2701;69
2702;76
2703;76
2704;67
2705;50
2706;83
2707;70
2708;79
2709;75
2710;75
2711;71
2712;88
2713;78
2714;81
2715;53
2716;80
2717;85
2718;91
2719;89
2720;101
2721;98
2722;92
2723;74
2724;109
2725;74
2726;118
2727;107
2728;106
2729;107
2730;110
2731;84
2732;101
2733;122
2734;105
2735;106
2736;102
2737;100
2738;88
2739;112
2740;111
2741;125
2742;132
2743;120
2744;116
2745;113
2746;125
2747;151
2748;126
2749;136
2750;134
2751;121
2752;137
2753;138
2754;132
2755;124
2756;148
2757;131
2758;143
2759;128
2760;149
2761;168
2762;168
2763;161
2764;160
2765;154
2766;138
2767;142
2768;168
2769;157
2770;181
2771;170
2772;166
2773;140
2774;165
2775;147
2776;189
2777;183
2778;187
2779;173
2780;185
2781;196
2782;190
2783;183
2784;185
2785;180
2786;206
2787;220
2788;189
2789;231
2790;233
2791;212
2792;246
2793;218
2794;223
2795;213
2796;240
2797;219
2798;235
2799;217
2800;231
2801;236
2802;251
2803;269
2804;233
2805;284
2806;264
2807;293
2808;251
2809;241
2810;271
2811;275
2812;309
2813;274
2814;276
2815;294
2816;296
2817;300
2818;299
2819;303
2820;332
2821;335
2822;298
2823;371
2824;300
2825;350
2826;349
2827;361
2828;349
2829;359
2830;384
2831;364
2832;344
2833;390
2834;389
2835;357
2836;386
2837;357
2838;393
2839;428
2840;372
2841;429
2842;394
2843;421
2844;467
2845;428
2846;406
2847;431
2848;435
2849;428
2850;467
2851;472
2852;433
2853;474
2854;477
2855;444
2856;454
2857;469
2858;502
2859;475
2860;521
2861;488
2862;530
2863;496
2864;546
2865;508
2866;541
2867;534
2868;574
2869;507
2870;509
2871;559
2872;529
2873;534
2874;563
2875;576
2876;572
2877;553
2878;601
2879;551
2880;584
2881;650
2882;600
2883;597
2884;595
2885;603
2886;591
2887;605
2888;631
2889;582
2890;657
2891;585
2892;619
2893;699
2894;631
2895;609
2896;726
2897;702
2898;639
2899;661
2900;680
2901;664
2902;699
2903;635
2904;712
2905;687
2906;707
2907;719
2908;660
2909;715
2910;714
2911;753
2912;756
2913;757
2914;740
2915;731
2916;760
2917;783
2918;740
2919;741
2920;731
2921;729
2922;791
2923;766
2924;778
2925;775
2926;771
2927;755
2928;746
2929;765
2930;792
2931;772
2932;791
2933;804
2934;755
2935;773
2936;777
2937;797
2938;782
2939;803
2940;778
2941;793
2942;831
2943;826
2944;790
2945;811
2946;809
2947;804
2948;787
2949;813
2950;831
2951;877
2952;807
2953;815
2954;827
2955;832
2956;830
2957;776
2958;796
2959;840
2960;858
2961;851
2962;834
2963;815
2964;839
2965;848
2966;774
2967;801
2968;839
2969;823
2970;839
2971;832
2972;809
2973;842
2974;795
2975;865
2976;810
2977;900
2978;816
2979;771
2980;812
2981;767
2982;768
2983;812
2984;807
2985;814
2986;797
2987;765
2988;832
2989;745
2990;761
2991;754
2992;780
2993;802
2994;788
2995;760
2996;768
2997;788
2998;748
2999;731
3000;746
3001;780
3002;752
3003;774
3004;790
3005;759
3006;761
3007;758
3008;767
3009;720
3010;704
3011;744
3012;726
3013;740
3014;788
3015;718
3016;752
3017;734
3018;682
3019;713
3020;676
3021;700
3022;722
3023;698
3024;676
3025;697
3026;701
3027;678
3028;675
3029;653
3030;685
3031;631
3032;680
3033;630
3034;616
3035;611
3036;580
3037;626
3038;611
3039;599
3040;632
3041;631
3042;588
3043;629
3044;593
3045;592
3046;590
3047;617
3048;571
3049;591
3050;554
3051;630
3052;584
3053;532
3054;556
3055;573
3056;587
3057;579
3058;556
3059;534
3060;476
3061;572
3062;552
3063;559
3064;499
3065;458
3066;483
3067;480
3068;444
3069;482
3070;508
3071;465
3072;439
3073;474
3074;443
3075;452
3076;430
3077;449
3078;413
3079;422
3080;431
3081;441
3082;397
3083;382
3084;366
3085;430
3086;411
3087;368
3088;382
3089;367
3090;334
3091;382
3092;383
3093;341
3094;394
3095;320
3096;381
3097;355
3098;349
3099;341
3100;348
3101;336
3102;308
3103;295
3104;295
3105;305
3106;324
3107;283
3108;326
3109;287
3110;303
3111;299
3112;256
3113;329
3114;285
3115;245
3116;261
3117;289
3118;269
3119;251
3120;258
3121;285
3122;245
3123;230
3124;217
3125;241
3126;200
3127;238
3128;246
3129;230
3130;200
3131;190
3132;206
3133;223
3134;190
3135;190
3136;175
3137;192
3138;174
3139;181
3140;179
3141;202
3142;187
3143;168
3144;165
3145;165
3146;182
3147;140
3148;165
3149;150
3150;157
3151;161
3152;137
3153;142
3154;131
3155;133
3156;129
3157;137
3158;133
3159;136
3160;119
3161;98
3162;136
3163;109
3164;116
3165;119
3166;114
3167;118
3168;122
3169;119
3170;102
3171;119
3172;89
3173;86
3174;101
3175;102
3176;101
3177;97
3178;106
3179;103
3180;84
3181;95
3182;91
3183;83
3184;87
3185;85
3186;72
3187;91
3188;81
3189;80
3190;76
3191;67
3192;64
3193;67
3194;66
3195;62
3196;58
3197;67
3198;56
3199;69
3200;72
3201;59
3202;48
3203;54
3204;59
3205;46
3206;60
3207;46
3208;60
3209;54
3210;57
3211;54
3212;39
3213;46
3214;39
3215;41
3216;41
3217;38
3218;36
3219;36
3220;43
3221;51
3222;37
3223;24
3224;40
3225;31
3226;48
3227;33
3228;48
3229;41
3230;50
3231;33
3232;39
3233;39
3234;47
3235;29
3236;38
3237;34
3238;31
3239;32
3240;28
3241;31
3242;30
3243;37
3244;29
3245;29
3246;21
3247;35
3248;29
3249;22
3250;33
3251;28
3252;23
3253;24
3254;26
3255;24
3256;34
3257;23
3258;24
3259;26
3260;29
3261;23
3262;22
3263;21
3264;26
3265;17
3266;19
3267;22
3268;17
3269;25
3270;27
3271;18
3272;17
3273;13
3274;20
3275;18
3276;14
3277;12
3278;18
3279;21
3280;22
3281;12
3282;19
3283;15
3284;18
3285;19
3286;17
3287;17
3288;10
3289;11
3290;16
3291;12
3292;19
3293;13
3294;26
3295;20
3296;14
3297;9
3298;19
3299;22
3300;11
3301;19
3302;16
3303;9
3304;12
3305;18
3306;11
3307;14
3308;18
3309;18
3310;12
3311;19
3312;15
3313;12
3314;14
3315;10
3316;5
3317;15
3318;12
3319;10
3320;12
3321;9
3322;10
3323;17
3324;10
3325;11
3326;17
3327;10
3328;11
3329;15
3330;22
3331;13
3332;13
3333;18
3334;11
3335;14
3336;7
3337;14
3338;13
3339;7
3340;9
3341;13
3342;12
3343;15
3344;14
3345;13
3346;10
3347;7
3348;15
3349;11
3350;12
3351;11
3352;12
3353;12
3354;10
3355;10
3356;9
3357;7
3358;7
3359;17
3360;6
3361;8
3362;7
3363;12
3364;19
3365;11
3366;6
3367;13
3368;12
3369;12
3370;7
3371;10
3372;10
3373;11
3374;14
3375;14
3376;9
3377;14
3378;9
3379;10
3380;10
3381;7
3382;9
3383;19
3384;14
3385;17
3386;11
3387;11
3388;11
3389;11
3390;11
3391;15
3392;13
3393;13
3394;10
3395;11
3396;12
3397;19
3398;11
3399;13
3400;11
3401;4
3402;13
3403;13
3404;7
3405;11
3406;14
3407;4
3408;11
3409;9
3410;18
3411;8
3412;12
3413;8
3414;18
3415;10
3416;17
3417;11
3418;15
3419;9
3420;7
3421;13
3422;11
3423;16
3424;9
3425;5
3426;13
3427;9
3428;8
3429;10
3430;8
3431;9
3432;14
3433;15
3434;11
3435;12
3436;15
3437;10
3438;12
3439;13
3440;11
3441;10
3442;9
3443;7
3444;11
3445;11
3446;8
3447;8
3448;11
3449;12
3450;10
3451;13
3452;9
3453;8
3454;15
3455;5
3456;11
3457;10
3458;11
3459;13
3460;12
3461;6
3462;10
3463;12
3464;9
3465;10
3466;11
3467;8
3468;9
3469;9
3470;13
3471;15
3472;9
3473;8
3474;11
3475;10
3476;12
3477;6
3478;9
3479;11
3480;8
3481;6
3482;9
3483;13
3484;17
3485;12
3486;12
3487;5
3488;13
3489;12
3490;8
3491;12
3492;9
3493;8
3494;11
3495;10
3496;8
3497;19
3498;9
3499;7
3500;7
3501;14
3502;12
3503;12
3504;5
3505;8
3506;10
3507;12
3508;9
3509;14
3510;11
3511;11
3512;11
3513;5
3514;9
3515;17
3516;9
3517;13
3518;12
3519;6
3520;12
3521;12
3522;9
3523;15
3524;8
3525;11
3526;16
3527;12
3528;8
3529;16
3530;14
3531;10
3532;11
3533;15
3534;12
3535;14
3536;10
3537;11
3538;10
3539;9
3540;8
3541;11
3542;12
3543;5
3544;10
3545;9
3546;7
3547;16
3548;7
3549;19
3550;14
3551;20
3552;13
3553;15
3554;15
3555;11
3556;13
3557;9
3558;10
3559;12
3560;17
3561;7
3562;14
3563;11
3564;14
3565;7
3566;15
3567;16
3568;8
3569;11
3570;11
3571;17
3572;11
3573;10
3574;7
3575;9
3576;10
3577;8
3578;9
3579;12
3580;8
3581;13
3582;8
3583;14
3584;14
3585;8
3586;9
3587;15
3588;6
3589;7
3590;6
3591;12
3592;8
3593;8
3594;10
3595;16
3596;5
3597;15
3598;8
3599;13
3600;5
3601;6
3602;10
3603;11
3604;11
3605;13
3606;8
3607;8
3608;7
3609;13
3610;9
3611;10
3612;8
3613;2
3614;13
3615;8
3616;15
3617;17
3618;7
3619;9
3620;10
3621;6
3622;12
3623;10
3624;13
3625;10
3626;11
3627;9
3628;11
3629;8
3630;11
3631;12
3632;5
3633;8
3634;12
3635;8
3636;7
3637;7
3638;7
3639;5
3640;13
3641;11
3642;9
3643;3
3644;4
3645;9
3646;8
3647;7
3648;8
3649;12
3650;13
3651;5
3652;8
3653;4
3654;6
3655;5
3656;8
3657;7
3658;8
3659;6
3660;5
3661;12
3662;4
3663;11
3664;11
3665;9
3666;12
3667;13
3668;10
3669;10
3670;14
3671;6
3672;4
3673;9
3674;10
3675;10
3676;9
3677;5
3678;9
3679;9
3680;10
3681;8
3682;13
3683;12
3684;15
3685;9
3686;4
3687;11
3688;11
3689;7
3690;8
3691;6
3692;16
3693;9
3694;9
3695;12
3696;12
3697;8
3698;7
3699;7
3700;14
3701;19
3702;10
3703;8
3704;12
3705;6
3706;7
3707;7
3708;10
3709;12
3710;12
3711;11
3712;11
3713;7
3714;8
3715;9
3716;10
3717;7
3718;10
3719;10
3720;13
3721;9
3722;5
3723;11
3724;10
3725;6
3726;9
3727;11
3728;14
3729;10
3730;13
3731;9
3732;12
3733;10
3734;12
3735;10
3736;10
3737;11
3738;12
3739;13
3740;11
3741;8
3742;13
3743;11
3744;7
3745;11
3746;8
3747;5
3748;12
3749;12
3750;5
3751;12
3752;9
3753;11
3754;9
3755;12
3756;8
3757;8
3758;9
3759;7
3760;7
3761;11
3762;7
3763;7
3764;15
3765;11
3766;8
3767;9
3768;19
3769;10
3770;4
3771;5
3772;5
3773;8
3774;8
3775;8
3776;6
3777;14
3778;13
3779;13
3780;9
3781;12
3782;9
3783;11
3784;8
3785;6
3786;10
3787;16
3788;9
3789;3
3790;10
3791;8
3792;11
3793;15
3794;8
3795;6
3796;6
3797;11
3798;14
3799;10
3800;12
3801;12
3802;8
3803;8
3804;10
3805;10
3806;10
3807;8
3808;15
3809;5
3810;16
3811;8
3812;8
3813;5
3814;10
3815;9
3816;15
3817;12
3818;11
3819;9
3820;7
3821;9
3822;14
3823;7
3824;6
3825;10
3826;14
3827;9
3828;10
3829;15
3830;11
3831;9
3832;8
3833;14
3834;10
3835;7
3836;9
3837;5
3838;9
3839;6
3840;7
3841;10
3842;8
3843;5
3844;11
3845;10
3846;8
3847;5
3848;5
3849;11
3850;10
3851;8
3852;3
3853;5
3854;5
3855;12
3856;8
3857;14
3858;8
3859;4
3860;7
3861;11
3862;9
3863;8
3864;9
3865;10
3866;6
3867;12
3868;10
3869;11
3870;11
3871;16
3872;10
3873;6
3874;7
3875;12
3876;7
3877;10
3878;8
3879;14
3880;10
3881;17
3882;6
3883;9
3884;4
3885;4
3886;8
3887;11
3888;7
3889;9
3890;6
3891;9
3892;8
3893;10
3894;7
3895;8
3896;14
3897;10
3898;8
3899;8
3900;7
3901;8
3902;13
3903;8
3904;14
3905;10
3906;4
3907;13
3908;13
3909;12
3910;5
3911;5
3912;13
3913;8
3914;12
3915;8
3916;11
3917;12
3918;10
3919;11
3920;7
3921;7
3922;11
3923;7
3924;9
3925;6
3926;4
3927;11
3928;7
3929;14
3930;5
3931;8
3932;11
3933;8
3934;8
3935;11
3936;9
3937;9
3938;10
3939;8
3940;6
3941;14
3942;12
3943;16
3944;14
3945;14
3946;9
3947;14
3948;12
3949;7
3950;7
3951;12
3952;11
3953;9
3954;5
3955;15
3956;11
3957;11
3958;16
3959;6
3960;6
3961;12
3962;9
3963;10
3964;11
3965;7
3966;11
3967;14
3968;10
3969;12
3970;15
3971;10
3972;19
3973;11
3974;10
3975;6
3976;6
3977;13
3978;9
3979;10
3980;12
3981;8
3982;6
3983;9
3984;13
3985;11
3986;8
3987;11
3988;13
3989;12
3990;14
3991;8
3992;5
3993;18
3994;8
3995;11
3996;12
3997;6
3998;8
3999;9
4000;7
4001;8
4002;12
4003;9
4004;10
4005;8
4006;17
4007;5
4008;7
4009;15
4010;9
4011;14
4012;7
4013;12
4014;10
4015;14
4016;9
4017;11
4018;14
4019;10
4020;9
4021;9
4022;7
4023;8
4024;6
4025;9
4026;9
4027;7
4028;5
4029;12
4030;7
4031;11
4032;8
4033;10
4034;10
4035;8
4036;9
4037;13
4038;15
4039;9
4040;9
4041;11
4042;13
4043;7
4044;10
4045;9
4046;7
4047;11
4048;12
4049;14
4050;13
4051;12
4052;11
4053;9
4054;17
4055;4
4056;9
4057;7
4058;14
4059;10
4060;5
4061;13
4062;11
4063;14
4064;9
4065;7
4066;6
4067;10
4068;8
4069;9
4070;14
4071;9
4072;12
4073;12
4074;8
4075;15
4076;10
4077;13
4078;14
4079;15
4080;13
4081;12
4082;6
4083;8
4084;12
4085;10
4086;11
4087;9
4088;16
4089;5
4090;11
4091;16
4092;16
4093;8
4094;8
4095;6
4096;9
4097;12
4098;8
4099;14
4100;7
4101;10
4102;9
4103;10
4104;9
4105;11
4106;9
4107;9
4108;15
4109;10
4110;6
4111;15
4112;12
4113;10
4114;6
4115;10
4116;7
4117;13
4118;12
4119;8
4120;8
4121;12
4122;9
4123;7
4124;15
4125;6
4126;10
4127;13
4128;5
4129;12
4130;7
4131;7
4132;10
4133;7
4134;5
4135;13
4136;10
4137;7
4138;18
4139;11
4140;8
4141;12
4142;18
4143;8
4144;11
4145;8
4146;9
4147;9
4148;8
4149;10
4150;13
4151;8
4152;7
4153;13
4154;9
4155;13
4156;12
4157;17
4158;12
4159;8
4160;14
4161;6
4162;8
4163;12
4164;10
4165;10
4166;10
4167;11
4168;7
4169;12
4170;10
4171;12
4172;10
4173;13
4174;11
4175;9
4176;9
4177;13
4178;11
4179;6
4180;8
4181;13
4182;9
4183;9
4184;5
4185;9
4186;9
4187;5
4188;8
4189;8
4190;6
4191;9
4192;7
4193;8
4194;12
4195;10
4196;8
4197;5
4198;9
4199;7
4200;12
4201;11
4202;6
4203;9
4204;12
4205;12
4206;7
4207;12
4208;16
4209;8
4210;15
4211;5
4212;7
4213;9
4214;5
4215;12
4216;10
4217;12
4218;5
4219;5
4220;12
4221;7
4222;10
4223;4
4224;10
4225;10
4226;10
4227;7
4228;4
4229;9
4230;9
4231;9
4232;6
4233;6
4234;9
4235;15
4236;10
4237;9
4238;11
4239;12
4240;8
4241;6
4242;11
4243;5
4244;9
4245;9
4246;8
4247;12
4248;10
4249;7
4250;10
4251;10
4252;16
4253;13
4254;15
4255;12
4256;6
4257;8
4258;14
4259;7
4260;9
4261;9
4262;5
4263;10
4264;7
4265;9
4266;16
4267;4
4268;6
4269;9
4270;4
4271;12
4272;10
4273;8
4274;6
4275;10
4276;6
4277;7
4278;5
4279;6
4280;13
4281;12
4282;7
4283;8
4284;5
4285;9
4286;3
4287;8
4288;9
4289;10
4290;13
4291;5
4292;12
4293;9
4294;18
4295;10
4296;14
4297;15
4298;6
4299;7
4300;9
4301;15
4302;4
4303;11
4304;6
4305;10
4306;10
4307;6
4308;10
4309;7
4310;10
4311;6
4312;7
4313;12
4314;7
4315;6
4316;14
4317;10
4318;10
4319;11
4320;10
4321;9
4322;9
4323;11
4324;9
4325;10
4326;5
4327;10
4328;12
4329;12
4330;9
4331;5
4332;16
4333;16
4334;8
4335;4
4336;10
4337;11
4338;7
4339;10
4340;6
4341;13
4342;3
4343;3
4344;5
4345;7
4346;14
4347;7
4348;12
4349;11
4350;7
4351;13
4352;4
4353;8
4354;10
4355;9
4356;11
4357;9
4358;5
4359;5
4360;6
4361;10
4362;9
4363;9
4364;10
4365;9
4366;5
4367;5
4368;6
4369;8
4370;11
4371;9
4372;9
4373;5
4374;9
4375;3
4376;5
4377;5
4378;7
4379;10
4380;11
4381;11
4382;8
4383;11
4384;8
4385;9
4386;10
4387;17
4388;7
4389;7
4390;8
4391;9
4392;9
4393;8
4394;6
4395;6
4396;8
4397;6
4398;10
4399;5
4400;12
4401;5
4402;9
4403;8
4404;3
4405;5
4406;10
4407;10
4408;7
4409;11
4410;8
4411;6
4412;9
4413;11
4414;5
4415;9
4416;6
4417;8
4418;7
4419;6
4420;14
4421;5
4422;6
4423;8
4424;13
4425;8
4426;8
4427;10
4428;10
4429;4
4430;7
4431;14
4432;6
4433;7
4434;8
4435;4
4436;8
4437;9
4438;7
4439;10
4440;8
4441;13
4442;8
4443;3
4444;5
4445;7
4446;8
4447;10
4448;8
4449;7
4450;7
4451;12
4452;11
4453;8
4454;4
4455;8
4456;10
4457;7
4458;15
4459;7
4460;5
4461;8
4462;7
4463;5
4464;8
4465;8
4466;5
4467;4
4468;5
4469;7
4470;4
4471;12
4472;10
4473;9
4474;7
4475;5
4476;4
4477;1
4478;4
4479;8
4480;2
4481;9
4482;2
4483;7
4484;12
4485;4
4486;9
4487;13
4488;8
4489;7
4490;10
4491;5
4492;10
4493;6
4494;8
4495;6
4496;2
4497;3
4498;6
4499;7
4500;11
4501;8
4502;11
4503;3
4504;10
4505;7
4506;7
4507;6
4508;5
4509;10
4510;7
4511;4
4512;3
4513;6
4514;6
4515;10
4516;10
4517;5
4518;5
4519;4
4520;9
4521;10
4522;6
4523;4
4524;8
4525;8
4526;9
4527;4
4528;5
4529;4
4530;11
4531;8
4532;6
4533;5
4534;8
4535;4
4536;5
4537;9
4538;5
4539;7
4540;11
4541;7
4542;4
4543;2
4544;8
4545;3
4546;9
4547;6
4548;4
4549;9
4550;2
4551;13
4552;3
4553;6
4554;3
4555;11
4556;8
4557;6
4558;11
4559;3
4560;7
4561;4
4562;6
4563;5
4564;8
4565;5
4566;5
4567;7
4568;9
4569;4
4570;2
4571;6
4572;6
4573;11
4574;2
4575;7
4576;11
4577;4
4578;4
4579;5
4580;10
4581;5
4582;3
4583;3
4584;5
4585;7
4586;5
4587;2
4588;3
4589;8
4590;12
4591;6
4592;10
4593;6
4594;2
4595;3
4596;3
4597;7
4598;5
4599;10
4600;4
4601;5
4602;7
4603;6
4604;7
4605;7
4606;7
4607;12
4608;6
4609;5
4610;11
4611;7
4612;7
4613;4
4614;2
4615;2
4616;8
4617;8
4618;6
4619;3
4620;3
4621;9
4622;6
4623;8
4624;8
4625;5
4626;13
4627;5
4628;5
4629;8
4630;4
4631;9
4632;6
4633;8
4634;3
4635;5
4636;9
4637;9
4638;9
4639;5
4640;6
4641;5
4642;3
4643;13
4644;7
4645;6
4646;10
4647;8
4648;3
4649;3
4650;3
4651;10
4652;5
4653;10
4654;9
4655;6
4656;4
4657;11
4658;7
4659;5
4660;3
4661;8
4662;5
4663;8
4664;4
4665;8
4666;3
4667;8
4668;6
4669;5
4670;6
4671;8
4672;8
4673;11
4674;3
4675;5
4676;1
4677;2
4678;7
4679;10
4680;10
4681;3
4682;5
4683;6
4684;10
4685;7
4686;6
4687;10
4688;6
4689;3
4690;8
4691;2
4692;6
4693;5
4694;8
4695;13
4696;2
4697;8
4698;8
4699;8
4700;3
4701;8
4702;10
4703;8
4704;6
4705;11
4706;7
4707;5
4708;7
4709;10
4710;5
4711;6
4712;7
4713;7
4714;4
4715;11
4716;6
4717;4
4718;4
4719;5
4720;8
4721;6
4722;4
4723;8
4724;5
4725;9
4726;5
4727;7
4728;3
4729;3
4730;6
4731;4
4732;4
4733;7
4734;11
4735;6
4736;3
4737;7
4738;4
4739;3
4740;4
4741;5
4742;3
4743;5
4744;11
4745;9
4746;7
4747;6
4748;4
4749;4
4750;4
4751;6
4752;4
4753;6
4754;7
4755;11
4756;5
4757;7
4758;9
4759;3
4760;7
4761;5
4762;6
4763;4
4764;3
4765;6
4766;8
4767;6
4768;6
4769;4
4770;6
4771;6
4772;3
4773;10
4774;6
4775;4
4776;5
4777;4
4778;7
4779;7
4780;3
4781;8
4782;10
4783;7
4784;8
4785;6
4786;5
4787;7
4788;7
4789;7
4790;5
4791;0
4792;3
4793;5
4794;7
4795;8
4796;6
4797;5
4798;10
4799;6
4800;9
4801;7
4802;7
4803;6
4804;7
4805;5
4806;6
4807;4
4808;5
4809;7
4810;14
4811;5
4812;10
4813;7
4814;13
4815;6
4816;8
4817;11
4818;4
4819;6
4820;5
4821;8
4822;8
4823;6
4824;6
4825;4
4826;7
4827;9
4828;6
4829;7
4830;8
4831;6
4832;7
4833;4
4834;6
4835;6
4836;4
4837;7
4838;4
4839;9
4840;3
4841;6
4842;2
4843;9
4844;11
4845;9
4846;3
4847;12
4848;6
4849;7
4850;7
4851;13
4852;4
4853;6
4854;7
4855;9
4856;12
4857;6
4858;4
4859;9
4860;6
4861;5
4862;4
4863;9
4864;3
4865;4
4866;7
4867;9
4868;7
4869;6
4870;6
4871;9
4872;7
4873;4
4874;10
4875;12
4876;8
4877;5
4878;7
4879;10
4880;8
4881;9
4882;10
4883;0
4884;8
4885;7
4886;5
4887;10
4888;8
4889;13
4890;7
4891;11
4892;9
4893;6
4894;7
4895;8
4896;7
4897;5
4898;5
4899;9
4900;6
4901;8
4902;4
4903;8
4904;9
4905;9
4906;7
4907;4
4908;7
4909;2
4910;9
4911;6
4912;4
4913;7
4914;9
4915;8
4916;12
4917;5
4918;11
4919;9
4920;7
4921;3
4922;5
4923;10
4924;5
4925;5
4926;8
4927;7
4928;6
4929;9
4930;9
4931;1
4932;9
4933;7
4934;8
4935;5
4936;9
4937;7
4938;6
4939;6
4940;7
4941;4
4942;9
4943;6
4944;6
4945;8
4946;9
4947;4
4948;9
4949;3
4950;9
4951;6
4952;6
4953;6
4954;7
4955;6
4956;5
4957;10
4958;1
4959;7
4960;3
4961;5
4962;13
4963;6
4964;10
4965;4
4966;7
4967;6
4968;9
4969;6
4970;7
4971;4
4972;5
4973;4
4974;8
4975;2
4976;5
4977;9
4978;11
4979;9
4980;4
4981;4
4982;7
4983;8
4984;8
4985;6
4986;9
4987;6
4988;12
4989;5
4990;11
4991;7
4992;7
4993;2
4994;7
4995;5
4996;8
4997;8
4998;5
4999;12
5000;6
5001;6
5002;9
5003;7
5004;7
5005;6
5006;9
5007;8
5008;6
5009;6
5010;8
5011;10
5012;5
5013;2
5014;4
5015;7
5016;7
5017;6
5018;6
5019;6
5020;8
5021;8
5022;8
5023;5
5024;3
5025;9
5026;7
5027;3
5028;6
5029;8
5030;7
5031;12
5032;7
5033;5
5034;4
5035;8
5036;7
5037;7
5038;1
5039;7
5040;4
5041;7
5042;5
5043;3
5044;8
5045;6
5046;5
5047;6
5048;5
5049;7
5050;4
5051;6
5052;5
5053;4
5054;7
5055;6
5056;6
5057;11
5058;3
5059;6
5060;10
5061;5
5062;6
5063;9
5064;7
5065;6
5066;5
5067;7
5068;4
5069;3
5070;4
5071;8
5072;4
5073;3
5074;4
5075;8
5076;5
5077;5
5078;8
5079;6
5080;9
5081;5
5082;8
5083;5
5084;10
5085;4
5086;7
5087;3
5088;5
5089;8
5090;7
5091;4
5092;6
5093;4
5094;3
5095;13
5096;3
5097;5
5098;8
5099;8
5100;4
5101;4
5102;5
5103;9
5104;9
5105;4
5106;8
5107;4
5108;6
5109;6
5110;5
5111;4
5112;1
5113;5
5114;5
5115;9
5116;11
5117;6
5118;9
5119;8
5120;4
5121;3
5122;7
5123;7
5124;5
5125;4
5126;4
5127;2
5128;8
5129;8
5130;3
5131;7
5132;9
5133;6
5134;10
5135;3
5136;9
5137;5
5138;3
5139;6
5140;2
5141;5
5142;3
5143;11
5144;6
5145;4
5146;6
5147;8
5148;4
5149;7
5150;6
5151;7
5152;7
5153;9
5154;8
5155;6
5156;6
5157;7
5158;9
5159;3
5160;6
5161;6
5162;4
5163;9
5164;5
5165;3
5166;4
5167;7
5168;9
5169;5
5170;7
5171;5
5172;6
5173;9
5174;3
5175;2
5176;5
5177;1
5178;4
5179;5
5180;6
5181;4
5182;7
5183;5
5184;6
5185;5
5186;4
5187;9
5188;3
5189;8
5190;5
5191;5
5192;1
5193;9
5194;5
5195;3
5196;7
5197;3
5198;3
5199;7
5200;5
5201;2
5202;10
5203;5
5204;8
5205;6
5206;7
5207;3
5208;6
5209;5
5210;5
5211;4
5212;6
5213;5
5214;9
5215;9
5216;5
5217;6
5218;8
5219;4
5220;6
5221;4
5222;6
5223;3
5224;4
5225;10
5226;7
5227;3
5228;4
5229;5
5230;8
5231;6
5232;8
5233;8
5234;5
5235;8
5236;4
5237;6
5238;6
5239;7
5240;5
5241;7
5242;9
5243;3
5244;3
5245;7
5246;1
5247;5
5248;5
5249;7
5250;1
5251;8
5252;4
5253;8
5254;4
5255;5
5256;10
5257;7
5258;6
5259;7
5260;3
5261;5
5262;7
5263;6
5264;2
5265;6
5266;5
5267;13
5268;3
5269;3
5270;3
5271;4
5272;4
5273;3
5274;3
5275;10
5276;4
5277;7
5278;7
5279;3
5280;8
5281;4
5282;7
5283;3
5284;6
5285;10
5286;5
5287;6
5288;9
5289;4
5290;5
5291;0
5292;5
5293;7
5294;7
5295;5
5296;4
5297;6
5298;7
5299;8
5300;3
5301;4
5302;1
5303;3
5304;4
5305;3
5306;7
5307;5
5308;6
5309;7
5310;5
5311;5
5312;4
5313;3
5314;14
5315;3
5316;6
5317;4
5318;8
5319;8
5320;6
5321;10
5322;5
5323;5
5324;7
5325;11
5326;4
5327;4
5328;7
5329;5
5330;3
5331;6
5332;3
5333;10
5334;2
5335;1
5336;5
5337;5
5338;3
5339;4
5340;3
5341;4
5342;6
5343;6
5344;6
5345;4
5346;5
5347;7
5348;4
5349;3
5350;1
5351;4
5352;5
5353;2
5354;2
5355;4
5356;3
5357;4
5358;7
5359;5
5360;7
5361;2
5362;3
5363;3
5364;6
5365;7
5366;8
5367;6
5368;2
5369;7
5370;4
5371;9
5372;6
5373;7
5374;4
5375;4
5376;2
5377;7
5378;4
5379;8
5380;2
5381;9
5382;9
5383;4
5384;5
5385;4
5386;0
5387;4
5388;4
5389;3
5390;2
5391;7
5392;9
5393;2
5394;2
5395;3
5396;3
5397;3
5398;9
5399;3
5400;2
5401;3
5402;5
5403;7
5404;7
5405;5
5406;2
5407;6
5408;4
5409;3
5410;3
5411;5
5412;8
5413;5
5414;2
5415;6
5416;3
5417;1
5418;4
5419;1
5420;4
5421;6
5422;2
5423;2
5424;3
5425;7
5426;9
5427;2
5428;1
5429;1
5430;8
5431;3
5432;4
5433;7
5434;5
5435;5
5436;5
5437;6
5438;5
5439;5
5440;6
5441;5
5442;5
5443;5
5444;4
5445;7
5446;7
5447;1
5448;1
5449;4
5450;2
5451;5
5452;4
5453;4
5454;6
5455;7
5456;4
5457;6
5458;9
5459;6
5460;4
5461;3
5462;5
5463;1
5464;6
5465;6
5466;5
5467;8
5468;8
5469;7
5470;5
5471;5
5472;9
5473;5
5474;4
5475;4
5476;3
5477;6
5478;4
5479;3
5480;10
5481;9
5482;4
5483;7
5484;2
5485;6
5486;6
5487;4
5488;2
5489;2
5490;2
5491;2
5492;6
5493;4
5494;6
5495;6
5496;3
5497;4
5498;4
5499;3
5500;1
5501;5
5502;7
5503;6
5504;4
5505;6
5506;4
5507;3
5508;6
5509;4
5510;2
5511;1
5512;1
5513;2
5514;3
5515;4
5516;3
5517;7
5518;3
5519;6
5520;4
5521;4
5522;7
5523;10
5524;2
5525;4
5526;4
5527;7
5528;4
5529;4
5530;3
5531;4
5532;5
5533;7
5534;9
5535;3
5536;2
5537;4
5538;4
5539;3
5540;4
5541;3
5542;3
5543;1
5544;5
5545;5
5546;5
5547;6
5548;4
5549;3
5550;7
5551;6
5552;6
5553;4
5554;4
5555;6
5556;0
5557;8
5558;4
5559;4
5560;3
5561;1
5562;1
5563;3
5564;7
5565;3
5566;3
5567;10
5568;1
5569;3
5570;5
5571;1
5572;3
5573;3
5574;2
5575;3
5576;7
5577;5
5578;3
5579;9
5580;2
5581;4
5582;5
5583;4
5584;3
5585;6
5586;3
5587;6
5588;2
5589;3
5590;3
5591;5
5592;9
5593;2
5594;1
5595;5
5596;5
5597;3
5598;6
5599;2
5600;4
5601;3
5602;6
5603;3
5604;3
5605;2
5606;4
5607;4
5608;6
5609;0
5610;4
5611;3
5612;3
5613;3
5614;4
5615;0
5616;5
5617;5
5618;5
5619;4
5620;5
5621;3
5622;5
5623;1
5624;4
5625;1
5626;7
5627;2
5628;1
5629;1
5630;3
5631;10
5632;2
5633;3
5634;2
5635;7
5636;3
5637;5
5638;2
5639;0
5640;7
5641;4
5642;5
5643;3
5644;4
5645;6
5646;2
5647;1
5648;2
5649;3
5650;2
5651;3
5652;5
5653;8
5654;3
5655;7
5656;5
5657;7
5658;2
5659;2
5660;5
5661;5
5662;4
5663;3
5664;3
5665;3
5666;6
5667;5
5668;5
5669;3
5670;6
5671;3
5672;6
5673;1
5674;1
5675;6
5676;6
5677;6
5678;2
5679;5
5680;2
5681;6
5682;1
5683;2
5684;7
5685;5
5686;7
5687;7
5688;7
5689;2
5690;5
5691;6
5692;2
5693;6
5694;3
5695;2
5696;3
5697;2
5698;2
5699;6
5700;3
5701;3
5702;3
5703;5
5704;6
5705;3
5706;4
5707;3
5708;1
5709;2
5710;1
5711;0
5712;5
5713;3
5714;3
5715;2
5716;3
5717;3
5718;1
5719;1
5720;3
5721;1
5722;2
5723;4
5724;6
5725;0
5726;3
5727;2
5728;6
5729;2
5730;6
5731;3
5732;5
5733;4
5734;2
5735;3
5736;3
5737;4
5738;3
5739;3
5740;3
5741;3
5742;7
5743;2
5744;5
5745;8
5746;4
5747;1
5748;3
5749;3
5750;4
5751;4
5752;0
5753;6
5754;4
5755;3
5756;3
5757;5
5758;1
5759;2
5760;3
5761;5
5762;4
5763;4
5764;7
5765;1
5766;1
5767;6
5768;5
5769;3
5770;1
5771;2
5772;2
5773;2
5774;5
5775;6
5776;3
5777;3
5778;4
5779;6
5780;1
5781;1
5782;5
5783;2
5784;7
5785;1
5786;6
5787;4
5788;1
5789;5
5790;1
5791;4
5792;4
5793;3
5794;2
5795;2
5796;2
5797;3
5798;8
5799;3
5800;6
5801;5
5802;6
5803;2
5804;5
5805;7
5806;5
5807;1
5808;5
5809;1
5810;1
5811;4
5812;5
5813;1
5814;8
5815;0
5816;3
5817;3
5818;4
5819;3
5820;0
5821;0
5822;1
5823;3
5824;4
5825;4
5826;3
5827;4
5828;1
5829;6
5830;2
5831;5
5832;4
5833;4
5834;3
5835;3
5836;2
5837;3
5838;8
5839;1
5840;3
5841;1
5842;3
5843;3
5844;3
5845;2
5846;3
5847;5
5848;2
5849;0
5850;2
5851;0
5852;3
5853;4
5854;2
5855;3
5856;1
5857;3
5858;0
5859;1
5860;5
5861;3
5862;2
5863;1
5864;2
5865;1
5866;0
5867;4
5868;2
5869;3
5870;2
5871;1
5872;3
5873;8
5874;4
5875;3
5876;2
5877;4
5878;0
5879;3
5880;4
5881;4
5882;3
5883;3
5884;1
5885;3
5886;3
5887;1
5888;4
5889;6
5890;2
5891;4
5892;2
5893;1
5894;4
5895;4
5896;6
5897;3
5898;7
5899;1
5900;3
5901;5
5902;6
5903;2
5904;2
5905;3
5906;3
5907;3
5908;1
5909;6
5910;0
5911;5
5912;4
5913;2
5914;1
5915;5
5916;4
5917;3
5918;5
5919;4
5920;1
5921;0
5922;3
5923;2
5924;4
5925;4
5926;4
5927;4
5928;3
5929;2
5930;3
5931;4
5932;4
5933;2
5934;6
5935;2
5936;5
5937;4
5938;3
5939;2
5940;1
5941;3
5942;4
5943;3
5944;5
5945;1
5946;3
5947;2
5948;3
5949;3
5950;3
5951;1
5952;4
5953;4
5954;5
5955;1
5956;5
5957;3
5958;3
5959;2
5960;3
5961;4
5962;4
5963;5
5964;3
5965;2
5966;3
5967;1
5968;5
5969;6
5970;4
5971;0
5972;4
5973;1
5974;2
5975;6
5976;0
5977;6
5978;1
5979;5
5980;4
5981;3
5982;3
5983;1
5984;4
5985;3
5986;4
5987;5
5988;2
5989;7
5990;4
5991;3
5992;3
5993;5
5994;4
5995;0
5996;4
5997;6
5998;7
5999;1
6000;3
6001;3
6002;4
6003;1
6004;2
6005;2
6006;3
6007;7
6008;3
6009;4
6010;3
6011;4
6012;5
6013;2
6014;4
6015;5
6016;2
6017;3
6018;2
6019;3
6020;2
6021;3
6022;3
6023;3
6024;1
6025;3
6026;5
6027;2
6028;1
6029;1
6030;3
6031;2
6032;5
6033;3
6034;2
6035;2
6036;3
6037;1
6038;5
6039;1
6040;0
6041;1
6042;3
6043;4
6044;4
6045;12
6046;4
6047;6
6048;2
6049;5
6050;8
6051;1
6052;3
6053;3
6054;6
6055;3
6056;1
6057;3
6058;1
6059;6
6060;5
6061;4
6062;2
6063;2
6064;3
6065;5
6066;1
6067;4
6068;1
6069;6
6070;2
6071;6
6072;1
6073;1
6074;3
6075;1
6076;0
6077;3
6078;6
6079;3
6080;2
6081;5
6082;1
6083;1
6084;2
6085;2
6086;3
6087;5
6088;2
6089;4
6090;4
6091;7
6092;2
6093;2
6094;3
6095;7
6096;3
6097;1
6098;1
6099;1
6100;2
6101;3
6102;3
6103;0
6104;7
6105;8
6106;2
6107;1
6108;2
6109;7
6110;5
6111;7
6112;2
6113;4
6114;5
6115;6
6116;2
6117;8
6118;6
6119;5
6120;2
6121;7
6122;11
6123;2
6124;5
6125;4
6126;2
6127;8
6128;4
6129;8
6130;2
6131;7
6132;7
6133;4
6134;6
6135;4
6136;2
6137;4
6138;3
6139;8
6140;7
6141;2
6142;8
6143;3
6144;4
6145;3
6146;6
6147;5
6148;3
6149;2
6150;1
6151;2
6152;6
6153;5
6154;3
6155;7
6156;3
6157;5
6158;6
6159;3
6160;7
6161;4
6162;2
6163;3
6164;3
6165;5
6166;1
6167;7
6168;4
6169;3
6170;4
6171;5
6172;6
6173;6
6174;5
6175;9
6176;1
6177;3
6178;6
6179;4
6180;0
6181;4
6182;9
6183;3
6184;7
6185;8
6186;3
6187;5
6188;7
6189;2
6190;7
6191;3
6192;2
6193;9
6194;6
6195;4
6196;5
6197;3
6198;3
6199;8
6200;5
6201;8
6202;6
6203;4
6204;2
6205;8
6206;9
6207;3
6208;3
6209;6
6210;9
6211;7
6212;3
6213;4
6214;7
6215;10
6216;10
6217;3
6218;6
6219;6
6220;5
6221;4
6222;3
6223;2
6224;5
6225;2
6226;7
6227;0
6228;7
6229;6
6230;4
6231;13
6232;6
6233;4
6234;8
6235;5
6236;6
6237;8
6238;6
6239;6
6240;5
6241;5
6242;7
6243;4
6244;5
6245;7
6246;6
6247;11
6248;2
6249;5
6250;5
6251;2
6252;2
6253;13
6254;8
6255;3
6256;9
6257;6
6258;7
6259;8
6260;5
6261;10
6262;7
6263;4
6264;3
6265;7
6266;9
6267;8
6268;9
6269;5
6270;9
6271;6
6272;6
6273;10
6274;4
6275;14
6276;7
6277;3
6278;7
6279;12
6280;12
6281;3
6282;3
6283;4
6284;9
6285;8
6286;3
6287;10
6288;8
6289;6
6290;8
6291;9
6292;7
6293;7
6294;13
6295;10
6296;6
6297;10
6298;8
6299;5
6300;13
6301;8
6302;9
6303;12
6304;8
6305;6
6306;9
6307;7
6308;8
6309;9
6310;6
6311;6
6312;14
6313;11
6314;4
6315;12
6316;9
6317;5
6318;17
6319;6
6320;10
6321;14
6322;8
6323;12
6324;6
6325;9
6326;6
6327;9
6328;11
6329;13
6330;18
6331;16
6332;7
6333;5
6334;12
6335;8
6336;7
6337;8
6338;12
6339;7
6340;9
6341;10
6342;11
6343;12
6344;8
6345;9
6346;14
6347;12
6348;9
6349;9
6350;13
6351;12
6352;20
6353;9
6354;6
6355;9
6356;11
6357;8
6358;11
6359;10
6360;8
6361;12
6362;6
6363;7
6364;8
6365;10
6366;11
6367;12
6368;13
6369;9
6370;6
6371;9
6372;12
6373;6
6374;11
6375;11
6376;9
6377;13
6378;11
6379;8
6380;4
6381;16
6382;9
6383;12
6384;9
6385;11
6386;15
6387;9
6388;11
6389;16
6390;8
6391;15
6392;9
6393;7
6394;11
6395;14
6396;12
6397;14
6398;10
6399;11
6400;7
6401;6
6402;10
6403;11
6404;16
6405;14
6406;11
6407;9
6408;8
6409;17
6410;13
6411;10
6412;12
6413;9
6414;11
6415;8
6416;13
6417;20
6418;11
6419;14
6420;15
6421;10
6422;14
6423;10
6424;15
6425;15
6426;9
6427;9
6428;13
6429;12
6430;11
6431;23
6432;16
6433;13
6434;11
6435;9
6436;10
6437;10
6438;17
6439;14
6440;14
6441;19
6442;12
6443;7
6444;15
6445;14
6446;8
6447;9
6448;16
6449;17
6450;16
6451;12
6452;7
6453;10
6454;7
6455;13
6456;9
6457;12
6458;9
6459;11
6460;12
6461;12
6462;19
6463;12
6464;17
6465;18
6466;18
6467;20
6468;17
6469;11
6470;12
6471;11
6472;11
6473;9
6474;13
6475;16
6476;9
6477;18
6478;12
6479;8
6480;9
6481;11
6482;20
6483;11
6484;12
6485;15
6486;12
6487;10
6488;26
6489;9
6490;13
6491;12
6492;13
6493;11
6494;12
6495;22
6496;15
6497;12
6498;17
6499;8
6500;7
6501;10
6502;18
6503;11
6504;13
6505;12
6506;9
6507;10
6508;10
6509;9
6510;10
6511;7
6512;10
6513;9
6514;7
6515;17
6516;15
6517;14
6518;14
6519;11
6520;12
6521;17
6522;14
6523;9
6524;20
6525;12
6526;10
6527;9
6528;15
6529;10
6530;9
6531;14
6532;12
6533;10
6534;10
6535;11
6536;17
6537;18
6538;16
6539;15
6540;14
6541;19
6542;12
6543;8
6544;8
6545;14
6546;12
6547;13
6548;10
6549;14
6550;10
6551;15
6552;8
6553;16
6554;15
6555;9
6556;12
6557;10
6558;8
6559;16
6560;9
6561;12
6562;14
6563;12
6564;7
6565;4
6566;8
6567;6
6568;10
6569;13
6570;10
6571;10
6572;7
6573;13
6574;9
6575;10
6576;12
6577;9
6578;14
6579;19
6580;13
6581;9
6582;11
6583;12
6584;14
6585;11
6586;7
6587;9
6588;14
6589;8
6590;6
6591;16
6592;8
6593;11
6594;9
6595;13
6596;5
6597;14
6598;10
6599;4
6600;14
6601;8
6602;9
6603;13
6604;11
6605;6
6606;8
6607;6
6608;10
6609;8
6610;12
6611;8
6612;12
6613;6
6614;4
6615;9
6616;4
6617;9
6618;12
6619;9
6620;6
6621;5
6622;6
6623;10
6624;16
6625;6
6626;7
6627;12
6628;12
6629;5
6630;8
6631;12
6632;8
6633;11
6634;13
6635;10
6636;7
6637;6
6638;7
6639;5
6640;3
6641;5
6642;9
6643;13
6644;13
6645;8
6646;3
6647;5
6648;9
6649;8
6650;9
6651;11
6652;6
6653;5
6654;7
6655;8
6656;5
6657;6
6658;7
6659;9
6660;6
6661;3
6662;7
6663;5
6664;5
6665;8
6666;3
6667;5
6668;7
6669;11
6670;6
6671;7
6672;8
6673;5
6674;4
6675;6
6676;9
6677;9
6678;8
6679;5
6680;5
6681;8
6682;7
6683;8
6684;7
6685;7
6686;2
6687;7
6688;3
6689;9
6690;8
6691;8
6692;9
6693;4
6694;4
6695;7
6696;6
6697;5
6698;10
6699;7
6700;9
6701;7
6702;7
6703;11
6704;4
6705;6
6706;3
6707;5
6708;2
6709;5
6710;5
6711;3
6712;6
6713;5
6714;5
6715;4
6716;6
6717;9
6718;5
6719;5
6720;4
6721;3
6722;3
6723;5
6724;6
6725;6
6726;3
6727;6
6728;4
6729;6
6730;6
6731;6
6732;2
6733;4
6734;6
6735;5
6736;6
6737;10
6738;2
6739;3
6740;4
6741;2
6742;5
6743;6
6744;3
6745;5
6746;6
6747;4
6748;5
6749;3
6750;5
6751;3
6752;4
6753;4
6754;3
6755;8
6756;5
6757;3
6758;3
6759;8
6760;3
6761;5
6762;3
6763;3
6764;4
6765;3
6766;2
6767;2
6768;3
6769;4
6770;1
6771;3
6772;4
6773;2
6774;3
6775;2
6776;2
6777;6
6778;5
6779;1
6780;7
6781;1
6782;4
6783;4
6784;0
6785;4
6786;2
6787;0
6788;3
6789;2
6790;6
6791;2
6792;3
6793;1
6794;4
6795;2
6796;3
6797;11
6798;1
6799;2
6800;2
6801;7
6802;3
6803;3
6804;2
6805;4
6806;2
6807;2
6808;1
6809;4
6810;5
6811;2
6812;2
6813;4
6814;3
6815;4
6816;3
6817;3
6818;2
6819;1
6820;5
6821;5
6822;2
6823;2
6824;1
6825;4
6826;1
6827;1
6828;4
6829;4
6830;0
6831;4
6832;5
6833;4
6834;6
6835;5
6836;1
6837;2
6838;2
6839;2
6840;2
6841;3
6842;0
6843;4
6844;4
6845;6
6846;0
6847;2
6848;2
6849;2
6850;3
6851;3
6852;2
6853;2
6854;4
6855;1
6856;3
6857;3
6858;3
6859;2
6860;5
6861;1
6862;5
6863;6
6864;1
6865;2
6866;3
6867;3
6868;2
6869;3
6870;0
6871;2
6872;0
6873;3
6874;5
6875;3
6876;1
6877;2
6878;2
6879;4
6880;3
6881;1
6882;1
6883;3
6884;1
6885;3
6886;0
6887;3
6888;3
6889;1
6890;2
6891;1
6892;3
6893;2
6894;2
6895;3
6896;6
6897;0
6898;1
6899;1
6900;1
6901;6
6902;4
6903;0
6904;2
6905;2
6906;2
6907;1
6908;3
6909;2
6910;2
6911;2
6912;1
6913;2
6914;2
6915;0
6916;2
6917;0
6918;1
6919;2
6920;2
6921;1
6922;1
6923;2
6924;5
6925;3
6926;3
6927;4
6928;1
6929;1
6930;0
6931;0
6932;3
6933;1
6934;0
6935;0
6936;1
6937;2
6938;1
6939;3
6940;1
6941;2
6942;1
6943;0
6944;1
6945;1
6946;3
6947;3
6948;3
6949;2
6950;3
6951;2
6952;2
6953;0
6954;3
6955;1
6956;0
6957;1
6958;0
6959;1
6960;1
6961;3
6962;1
6963;2
6964;2
6965;1
6966;2
6967;4
6968;2
6969;1
6970;5
6971;3
6972;2
6973;1
6974;1
6975;0
6976;1
6977;2
6978;3
6979;1
6980;0
6981;0
6982;0
6983;1
6984;2
6985;2
6986;2
6987;4
6988;1
6989;0
6990;1
6991;1
6992;3
6993;1
6994;4
6995;3
6996;0
6997;3
6998;4
6999;2
7000;0
7001;2
7002;0
7003;1
7004;1
7005;3
7006;1
7007;2
7008;1
7009;3
7010;0
7011;2
7012;1
7013;3
7014;1
7015;1
7016;1
7017;5
7018;2
7019;0
7020;1
7021;2
7022;0
7023;2
7024;0
7025;1
7026;1
7027;2
7028;1
7029;1
7030;2
7031;3
7032;3
7033;1
7034;1
7035;2
7036;1
7037;3
7038;1
7039;2
7040;0
7041;2
7042;0
7043;1
7044;1
7045;1
7046;2
7047;1
7048;1
7049;1
7050;1
7051;4
7052;1
7053;1
7054;1
7055;0
7056;2
7057;1
7058;1
7059;2
7060;2
7061;0
7062;2
7063;0
7064;2
7065;3
7066;1
7067;1
7068;2
7069;1
7070;1
7071;1
7072;2
7073;2
7074;0
7075;2
7076;0
7077;1
7078;1
7079;1
7080;2
7081;3
7082;2
7083;1
7084;1
7085;1
7086;2
7087;1
7088;3
7089;1
7090;3
7091;2
7092;3
7093;1
7094;4
7095;0
7096;3
7097;1
7098;1
7099;0
7100;0
7101;1
7102;1
7103;3
7104;1
7105;3
7106;0
7107;0
7108;2
7109;2
7110;1
7111;1
7112;4
7113;2
7114;1
7115;4
7116;0
7117;0
7118;0
7119;1
7120;0
7121;1
7122;1
7123;1
7124;4
7125;1
7126;0
7127;1
7128;0
7129;0
7130;2
7131;1
7132;1
7133;1
7134;1
7135;0
7136;0
7137;2
7138;2
7139;1
7140;1
7141;0
7142;2
7143;1
7144;1
7145;2
7146;3
7147;2
7148;0
7149;4
7150;0
7151;1
7152;3
7153;1
7154;0
7155;1
7156;2
7157;1
7158;0
7159;1
7160;1
7161;2
7162;1
7163;0
7164;1
7165;1
7166;1
7167;0
7168;1
7169;1
7170;1
7171;0
7172;1
7173;2
7174;0
7175;0
7176;1
7177;0
7178;0
7179;2
7180;0
7181;0
7182;1
7183;0
7184;1
7185;0
7186;1
7187;1
7188;0
7189;1
7190;4
7191;1
7192;3
7193;0
7194;0
7195;2
7196;1
7197;2
7198;0
7199;0
7200;1
7201;2
7202;0
7203;1
7204;1
7205;0
7206;3
7207;1
7208;0
7209;2
7210;1
7211;3
7212;0
7213;2
7214;1
7215;2
7216;0
7217;1
7218;0
7219;2
7220;0
7221;1
7222;0
7223;3
7224;6
7225;5
7226;2
7227;3
7228;3
7229;2
7230;0
7231;0
7232;0
7233;1
7234;1
7235;1
7236;1
7237;2
7238;0
7239;0
7240;1
7241;2
7242;1
7243;1
7244;2
7245;1
7246;2
7247;2
7248;0
7249;1
7250;2
7251;1
7252;1
7253;1
7254;0
7255;1
7256;0
7257;1
7258;1
7259;1
7260;0
7261;1
7262;2
7263;1
7264;0
7265;2
7266;2
7267;0
7268;5
7269;0
7270;1
7271;0
7272;1
7273;0
7274;0
7275;1
7276;0
7277;0
7278;1
7279;1
7280;3
7281;1
7282;3
7283;1
7284;1
7285;2
7286;1
7287;3
7288;1
7289;1
7290;1
7291;1
7292;2
7293;3
7294;3
7295;0
7296;1
7297;1
7298;0
7299;1
7300;0
7301;0
7302;0
7303;1
7304;2
7305;1
7306;1
7307;1
7308;1
7309;0
7310;4
7311;1
7312;1
7313;1
7314;1
7315;1
7316;1
7317;1
7318;4
7319;1
7320;0
7321;1
7322;3
7323;1
7324;1
7325;0
7326;0
7327;1
7328;0
7329;0
7330;1
7331;1
7332;1
7333;0
7334;1
7335;5
7336;1
7337;1
7338;3
7339;1
7340;1
7341;3
7342;0
7343;2
7344;2
7345;4
7346;1
7347;1
7348;3
7349;2
7350;2
7351;1
7352;1
7353;0
7354;0
7355;1
7356;0
7357;1
7358;0
7359;0
7360;0
7361;1
7362;2
7363;1
7364;0
7365;1
7366;1
7367;2
7368;0
7369;0
7370;0
7371;0
7372;0
7373;0
7374;0
7375;0
7376;0
7377;0
7378;0
7379;0
7380;0
7381;0
7382;0
7383;0
7384;0
7385;0
7386;0
7387;0
7388;0
7389;0
7390;0
7391;0
7392;0
7393;0
7394;0
7395;0
7396;0
7397;0
7398;0
7399;0
7400;0
7401;0
7402;0
7403;0
7404;0
7405;0
7406;0
7407;0
7408;0
7409;0
7410;0
7411;0
7412;0
7413;0
7414;0
7415;0
7416;0
7417;0
7418;0
7419;0
7420;0
7421;0
7422;0
7423;0
7424;0
7425;0
7426;0
7427;0
7428;0
7429;0
7430;0
7431;0
7432;0
7433;0
7434;0
7435;0
7436;0
7437;0
7438;0
7439;0
7440;0
7441;0
7442;0
7443;0
7444;0
7445;0
7446;0
7447;0
7448;0
7449;0
7450;0
7451;0
7452;0
7453;0
7454;0
7455;0
7456;0
7457;0
7458;0
7459;0
7460;0
7461;0
7462;0
7463;0
7464;0
7465;0
7466;0
7467;0
7468;0
7469;0
7470;0
7471;0
7472;0
7473;0
7474;0
7475;0
7476;0
7477;0
7478;0
7479;0
7480;0
7481;0
7482;0
7483;0
7484;0
7485;0
7486;0
7487;0
7488;0
7489;0
7490;0
7491;0
7492;0
7493;0
7494;0
7495;0
7496;0
7497;0
7498;0
7499;0
7500;0
7501;0
7502;0
7503;0
7504;0
7505;0
7506;0
7507;0
7508;0
7509;0
7510;0
7511;0
7512;0
7513;0
7514;0
7515;0
7516;0
7517;0
7518;0
7519;0
7520;0
7521;0
7522;0
7523;0
7524;0
7525;0
7526;0
7527;0
7528;0
7529;0
7530;0
7531;0
7532;0
7533;0
7534;0
7535;0
7536;0
7537;0
7538;0
7539;0
7540;0
7541;0
7542;0
7543;0
7544;0
7545;0
7546;0
7547;0
7548;0
7549;0
7550;0
7551;0
7552;0
7553;0
7554;0
7555;0
7556;0
7557;0
7558;0
7559;0
7560;0
7561;0
7562;0
7563;0
7564;0
7565;0
7566;0
7567;0
7568;0
7569;0
7570;0
7571;0
7572;0
7573;0
7574;0
7575;0
7576;0
7577;0
7578;0
7579;0
7580;0
7581;0
7582;0
7583;0
7584;0
7585;0
7586;0
7587;0
7588;0
7589;0
7590;0
7591;0
7592;0
7593;0
7594;0
7595;0
7596;0
7597;0
7598;0
7599;0
7600;0
7601;0
7602;0
7603;0
7604;0
7605;0
7606;0
7607;0
7608;0
7609;0
7610;0
7611;0
7612;0
7613;0
7614;0
7615;0
7616;0
7617;0
7618;0
7619;0
7620;0
7621;0
7622;0
7623;0
7624;0
7625;0
7626;0
7627;0
7628;0
7629;0
7630;0
7631;0
7632;0
7633;0
7634;0
7635;0
7636;0
7637;0
7638;0
7639;0
7640;0
7641;0
7642;0
7643;0
7644;0
7645;0
7646;0
7647;0
7648;0
7649;0
7650;0
7651;0
7652;0
7653;0
7654;0
7655;0
7656;0
7657;0
7658;0
7659;0
7660;0
7661;0
7662;0
7663;0
7664;0
7665;0
7666;0
7667;0
7668;0
7669;0
7670;0
7671;0
7672;0
7673;0
7674;0
7675;0
7676;0
7677;0
7678;0
7679;0
7680;0
7681;0
7682;0
7683;0
7684;0
7685;0
7686;0
7687;0
7688;0
7689;0
7690;0
7691;0
7692;0
7693;0
7694;0
7695;0
7696;0
7697;0
7698;0
7699;0
7700;0
7701;0
7702;0
7703;0
7704;0
7705;0
7706;0
7707;0
7708;0
7709;0
7710;0
7711;0
7712;0
7713;0
7714;0
7715;0
7716;0
7717;0
7718;0
7719;0
7720;0
7721;0
7722;0
7723;0
7724;0
7725;0
7726;0
7727;0
7728;0
7729;0
7730;0
7731;0
7732;0
7733;0
7734;0
7735;0
7736;0
7737;0
7738;0
7739;0
7740;0
7741;0
7742;0
7743;0
7744;0
7745;0
7746;0
7747;0
7748;0
7749;0
7750;0
7751;0
7752;0
7753;0
7754;0
7755;0
7756;0
7757;0
7758;0
7759;0
7760;0
7761;0
7762;0
7763;0
7764;0
7765;0
7766;0
7767;0
7768;0
7769;0
7770;0
7771;0
7772;0
7773;0
7774;0
7775;0
7776;0
7777;0
7778;0
7779;0
7780;0
7781;0
7782;0
7783;0
7784;0
7785;0
7786;0
7787;0
7788;0
7789;0
7790;0
7791;0
7792;0
7793;0
7794;0
7795;0
7796;0
7797;0
7798;0
7799;0
7800;0
7801;0
7802;0
7803;0
7804;0
7805;0
7806;0
7807;0
7808;0
7809;0
7810;0
7811;0
7812;0
7813;0
7814;0
7815;0
7816;0
7817;0
7818;0
7819;0
7820;0
7821;0
7822;0
7823;0
7824;0
7825;0
7826;0
7827;0
7828;0
7829;0
7830;0
7831;0
7832;0
7833;0
7834;0
7835;0
7836;0
7837;0
7838;0
7839;0
7840;0
7841;0
7842;0
7843;0
7844;0
7845;0
7846;0
7847;0
7848;0
7849;0
7850;0
7851;0
7852;0
7853;0
7854;0
7855;0
7856;0
7857;0
7858;0
7859;0
7860;0
7861;0
7862;0
7863;0
7864;0
7865;0
7866;0
7867;0
7868;0
7869;0
7870;0
7871;0
7872;0
7873;0
7874;0
7875;0
7876;0
7877;0
7878;0
7879;0
7880;0
7881;0
7882;0
7883;0
7884;0
7885;0
7886;0
7887;0
7888;0
7889;0
7890;0
7891;0
7892;0
7893;0
7894;0
7895;0
7896;0
7897;0
7898;0
7899;0
7900;0
7901;0
7902;0
7903;0
7904;0
7905;0
7906;0
7907;0
7908;0
7909;0
7910;0
7911;0
7912;0
7913;0
7914;0
7915;0
7916;0
7917;0
7918;0
7919;0
7920;0
7921;0
7922;0
7923;0
7924;0
7925;0
7926;0
7927;0
7928;0
7929;0
7930;0
7931;0
7932;0
7933;0
7934;0
7935;0
7936;0
7937;0
7938;0
7939;0
7940;0
7941;0
7942;0
7943;0
7944;0
7945;0
7946;0
7947;0
7948;0
7949;0
7950;0
7951;0
7952;0
7953;0
7954;0
7955;0
7956;0
7957;0
7958;0
7959;0
7960;0
7961;0
7962;0
7963;0
7964;0
7965;0
7966;0
7967;0
7968;0
7969;0
7970;0
7971;0
7972;0
7973;0
7974;0
7975;0
7976;0
7977;0
7978;0
7979;0
7980;0
7981;0
7982;0
7983;0
7984;0
7985;0
7986;0
7987;0
7988;0
7989;0
7990;0
7991;0
7992;0
7993;0
7994;0
7995;0
7996;0
7997;0
7998;0
7999;0
8000;0
8001;0
8002;0
8003;0
8004;0
8005;0
8006;0
8007;0
8008;0
8009;0
8010;0
8011;0
8012;0
8013;0
8014;0
8015;0
8016;0
8017;0
8018;0
8019;0
8020;0
8021;0
8022;0
8023;0
8024;0
8025;0
8026;0
8027;0
8028;0
8029;0
8030;0
8031;0
8032;0
8033;0
8034;0
8035;0
8036;0
8037;0
8038;0
8039;0
8040;0
8041;0
8042;0
8043;0
8044;0
8045;0
8046;0
8047;0
8048;0
8049;0
8050;0
8051;0
8052;0
8053;0
8054;0
8055;0
8056;0
8057;0
8058;0
8059;0
8060;0
8061;0
8062;0
8063;0
8064;0
8065;0
8066;0
8067;0
8068;0
8069;0
8070;0
8071;0
8072;0
8073;0
8074;0
8075;0
8076;0
8077;0
8078;0
8079;0
8080;0
8081;0
8082;0
8083;0
8084;0
8085;0
8086;0
8087;0
8088;0
8089;0
8090;0
8091;0
8092;0
8093;0
8094;0
8095;0
8096;0
8097;0
8098;0
8099;0
8100;0
8101;0
8102;0
8103;0
8104;0
8105;0
8106;0
8107;0
8108;0
8109;0
8110;0
8111;0
8112;0
8113;0
8114;0
8115;0
8116;0
8117;0
8118;0
8119;0
8120;0
8121;0
8122;0
8123;0
8124;0
8125;0
8126;0
8127;0
8128;0
8129;0
8130;0
8131;0
8132;0
8133;0
8134;0
8135;0
8136;0
8137;0
8138;0
8139;0
8140;0
8141;0
8142;0
8143;0
8144;0
8145;0
8146;0
8147;0
8148;0
8149;0
8150;0
8151;0
8152;0
8153;0
8154;0
8155;0
8156;0
8157;0
8158;0
8159;0
8160;0
8161;0
8162;0
8163;0
8164;0
8165;0
8166;0
8167;0
8168;0
8169;0
8170;0
8171;0
8172;0
8173;0
8174;0
8175;0
8176;0
8177;0
8178;0
8179;0
8180;0
8181;0
8182;0
8183;0
8184;0
8185;0
8186;0
8187;0
8188;0
8189;0
8190;0
8191;0
