0;0
1;0
2;0
3;0
4;0
5;0
6;0
7;0
8;0
9;0
10;0
11;0
12;0
13;0
14;0
15;0
16;0
17;0
18;0
19;0
20;0
21;0
22;0
23;0
24;0
25;0
26;0
27;0
28;0
29;0
30;0
31;0
32;0
33;0
34;0
35;0
36;0
37;0
38;0
39;0
40;0
41;0
42;0
43;0
44;0
45;0
46;0
47;0
48;0
49;0
50;0
51;0
52;0
53;0
54;0
55;0
56;0
57;0
58;0
59;0
60;0
61;0
62;0
63;0
64;0
65;0
66;0
67;0
68;0
69;0
70;0
71;0
72;0
73;0
74;0
75;0
76;0
77;0
78;0
79;0
80;0
81;0
82;0
83;0
84;0
85;0
86;0
87;0
88;0
89;0
90;0
91;0
92;0
93;0
94;0
95;0
96;0
97;8
98;143
99;550
100;814
101;852
102;802
103;851
104;828
105;819
106;841
107;775
108;741
109;818
110;822
111;772
112;826
113;828
114;794
115;760
116;754
117;723
118;735
119;806
120;710
121;766
122;706
123;717
124;708
125;742
126;730
127;753
128;716
129;671
130;715
131;721
132;733
133;718
134;703
135;681
136;731
137;699
138;706
139;696
140;674
141;702
142;695
143;670
144;696
145;674
146;678
147;657
148;685
149;660
150;662
151;637
152;685
153;713
154;663
155;668
156;680
157;652
158;629
159;674
160;635
161;705
162;657
163;637
164;633
165;662
166;616
167;652
168;632
169;616
170;620
171;635
172;631
173;627
174;599
175;636
176;580
177;625
178;664
179;626
180;671
181;606
182;595
183;567
184;580
185;625
186;594
187;577
188;582
189;544
190;565
191;593
192;548
193;545
194;558
195;551
196;492
197;540
198;550
199;528
200;581
201;543
202;592
203;557
204;565
205;566
206;581
207;561
208;570
209;557
210;502
211;518
212;554
213;537
214;550
215;506
216;535
217;558
218;536
219;495
220;535
221;472
222;512
223;469
224;496
225;495
226;488
227;474
228;470
229;491
230;456
231;527
232;491
233;460
234;458
235;477
236;476
237;502
238;484
239;501
240;484
241;456
242;445
243;464
244;473
245;490
246;504
247;460
248;467
249;470
250;484
251;452
252;460
253;492
254;477
255;422
256;450
257;465
258;481
259;473
260;442
261;445
262;436
263;426
264;463
265;438
266;480
267;465
268;428
269;463
270;461
271;426
272;466
273;451
274;447
275;453
276;451
277;468
278;443
279;401
280;427
281;449
282;450
283;449
284;445
285;457
286;434
287;423
288;478
289;480
290;473
291;445
292;474
293;508
294;469
295;440
296;488
297;443
298;430
299;442
300;471
301;445
302;444
303;428
304;418
305;438
306;432
307;494
308;451
309;440
310;458
311;405
312;405
313;448
314;441
315;443
316;449
317;419
318;453
319;464
320;413
321;453
322;423
323;481
324;421
325;427
326;398
327;386
328;452
329;384
330;441
331;484
332;443
333;444
334;461
335;443
336;482
337;402
338;463
339;489
340;434
341;425
342;458
343;488
344;488
345;473
346;435
347;456
348;450
349;451
350;433
351;491
352;516
353;514
354;493
355;481
356;493
357;491
358;477
359;420
360;445
361;457
362;466
363;468
364;453
365;487
366;465
367;449
368;443
369;482
370;450
371;523
372;426
373;452
374;451
375;480
376;458
377;491
378;453
379;500
380;471
381;476
382;434
383;483
384;491
385;466
386;447
387;474
388;496
389;496
390;466
391;521
392;529
393;517
394;442
395;517
396;527
397;524
398;525
399;533
400;541
401;488
402;556
403;546
404;580
405;547
406;571
407;517
408;564
409;579
410;526
411;552
412;541
413;542
414;552
415;549
416;545
417;566
418;552
419;569
420;554
421;500
422;555
423;535
424;483
425;532
426;566
427;540
428;562
429;497
430;544
431;547
432;542
433;571
434;575
435;529
436;528
437;576
438;555
439;553
440;599
441;543
442;555
443;557
444;562
445;542
446;552
447;562
448;552
449;547
450;526
451;555
452;505
453;587
454;556
455;546
456;517
457;578
458;541
459;532
460;536
461;557
462;581
463;545
464;593
465;602
466;578
467;567
468;557
469;555
470;596
471;585
472;613
473;618
474;564
475;544
476;551
477;586
478;594
479;607
480;599
481;572
482;569
483;582
484;656
485;595
486;620
487;570
488;588
489;587
490;567
491;588
492;589
493;582
494;623
495;642
496;597
497;633
498;605
499;604
500;586
501;611
502;613
503;630
504;596
505;627
506;604
507;637
508;608
509;656
510;593
511;658
512;626
513;605
514;670
515;644
516;642
517;679
518;645
519;620
520;668
521;572
522;624
523;645
524;614
525;689
526;660
527;673
528;628
529;619
530;653
531;619
532;632
533;658
534;659
535;677
536;661
537;660
538;655
539;690
540;628
541;657
542;646
543;662
544;608
545;642
546;614
547;636
548;628
549;585
550;620
551;592
552;598
553;634
554;622
555;604
556;611
557;585
558;565
559;602
560;580
561;583
562;570
563;597
564;586
565;550
566;624
567;575
568;577
569;547
570;595
571;533
572;604
573;555
574;600
575;580
576;555
577;578
578;586
579;664
580;800
581;1165
582;2133
583;4066
584;7354
585;11187
586;13697
587;12989
588;10062
589;6076
590;2939
591;1475
592;867
593;616
594;586
595;476
596;487
597;479
598;437
599;473
600;432
601;415
602;399
603;434
604;440
605;447
606;431
607;417
608;432
609;419
610;435
611;398
612;414
613;397
614;425
615;416
616;413
617;391
618;433
619;430
620;408
621;383
622;398
623;430
624;404
625;416
626;411
627;405
628;406
629;401
630;391
631;412
632;418
633;376
634;398
635;383
636;385
637;446
638;387
639;370
640;397
641;372
642;383
643;423
644;427
645;392
646;410
647;409
648;424
649;394
650;395
651;428
652;426
653;417
654;359
655;366
656;407
657;407
658;399
659;397
660;373
661;404
662;386
663;404
664;419
665;414
666;418
667;381
668;411
669;388
670;392
671;361
672;380
673;375
674;383
675;383
676;357
677;348
678;368
679;362
680;366
681;385
682;351
683;407
684;383
685;399
686;364
687;389
688;398
689;406
690;375
691;372
692;385
693;368
694;400
695;357
696;380
697;369
698;396
699;359
700;373
701;361
702;390
703;387
704;370
705;419
706;366
707;379
708;389
709;367
710;430
711;366
712;412
713;396
714;421
715;399
716;352
717;398
718;397
719;407
720;420
721;397
722;390
723;392
724;383
725;400
726;403
727;403
728;403
729;355
730;384
731;391
732;386
733;432
734;383
735;397
736;371
737;367
738;391
739;374
740;380
741;405
742;370
743;367
744;400
745;377
746;374
747;404
748;404
749;336
750;375
751;450
752;373
753;399
754;398
755;357
756;375
757;375
758;375
759;388
760;444
761;370
762;386
763;389
764;421
765;411
766;393
767;392
768;393
769;374
770;381
771;401
772;332
773;388
774;376
775;390
776;391
777;388
778;387
779;367
780;381
781;410
782;381
783;397
784;384
785;373
786;418
787;419
788;390
789;395
790;372
791;369
792;373
793;380
794;348
795;379
796;361
797;339
798;369
799;344
800;342
801;385
802;391
803;359
804;336
805;349
806;391
807;402
808;400
809;366
810;382
811;384
812;371
813;371
814;378
815;366
816;368
817;363
818;366
819;381
820;342
821;373
822;355
823;392
824;385
825;336
826;307
827;382
828;341
829;363
830;348
831;356
832;366
833;388
834;371
835;359
836;385
837;360
838;376
839;348
840;365
841;390
842;356
843;332
844;364
845;373
846;358
847;372
848;358
849;361
850;343
851;394
852;366
853;353
854;343
855;373
856;357
857;358
858;333
859;335
860;361
861;339
862;332
863;335
864;344
865;356
866;358
867;352
868;383
869;370
870;382
871;380
872;338
873;361
874;308
875;343
876;388
877;351
878;340
879;349
880;346
881;298
882;335
883;341
884;394
885;325
886;317
887;342
888;356
889;330
890;340
891;351
892;296
893;361
894;337
895;347
896;334
897;345
898;345
899;364
900;307
901;329
902;334
903;321
904;306
905;357
906;323
907;347
908;350
909;349
910;334
911;355
912;336
913;326
914;328
915;333
916;341
917;338
918;365
919;338
920;336
921;320
922;347
923;307
924;333
925;324
926;357
927;321
928;341
929;330
930;356
931;334
932;361
933;358
934;314
935;351
936;337
937;297
938;327
939;346
940;324
941;321
942;323
943;361
944;325
945;316
946;311
947;349
948;342
949;328
950;321
951;311
952;309
953;351
954;302
955;343
956;314
957;347
958;347
959;321
960;301
961;306
962;336
963;325
964;302
965;292
966;322
967;272
968;323
969;329
970;306
971;306
972;343
973;336
974;306
975;309
976;294
977;290
978;320
979;297
980;296
981;270
982;316
983;307
984;307
985;300
986;334
987;308
988;285
989;323
990;291
991;288
992;286
993;301
994;294
995;276
996;315
997;322
998;303
999;298
1000;304
1001;333
1002;314
1003;306
1004;284
1005;302
1006;302
1007;312
1008;326
1009;298
1010;307
1011;301
1012;300
1013;301
1014;289
1015;296
1016;277
1017;268
1018;305
1019;316
1020;295
1021;284
1022;288
1023;315
1024;292
1025;272
1026;273
1027;287
1028;301
1029;264
1030;311
1031;287
1032;313
1033;324
1034;283
1035;296
1036;276
1037;315
1038;308
1039;301
1040;270
1041;281
1042;262
1043;314
1044;283
1045;300
1046;290
1047;310
1048;302
1049;264
1050;301
1051;285
1052;265
1053;249
1054;272
1055;269
1056;275
1057;261
1058;279
1059;279
1060;265
1061;280
1062;247
1063;271
1064;284
1065;284
1066;307
1067;287
1068;245
1069;284
1070;277
1071;276
1072;283
1073;277
1074;237
1075;255
1076;279
1077;253
1078;250
1079;277
1080;272
1081;258
1082;296
1083;280
1084;288
1085;254
1086;259
1087;244
1088;257
1089;274
1090;286
1091;228
1092;282
1093;261
1094;228
1095;263
1096;230
1097;271
1098;259
1099;249
1100;257
1101;291
1102;262
1103;245
1104;246
1105;219
1106;252
1107;250
1108;232
1109;244
1110;245
1111;269
1112;280
1113;250
1114;248
1115;249
1116;256
1117;265
1118;260
1119;234
1120;279
1121;251
1122;269
1123;254
1124;239
1125;240
1126;234
1127;242
1128;246
1129;235
1130;239
1131;239
1132;238
1133;253
1134;245
1135;244
1136;251
1137;249
1138;243
1139;220
1140;225
1141;257
1142;245
1143;244
1144;256
1145;231
1146;229
1147;230
1148;242
1149;232
1150;241
1151;219
1152;231
1153;261
1154;231
1155;250
1156;266
1157;243
1158;239
1159;224
1160;232
1161;227
1162;224
1163;241
1164;249
1165;292
1166;244
1167;269
1168;253
1169;227
1170;220
1171;207
1172;228
1173;193
1174;212
1175;229
1176;237
1177;223
1178;218
1179;248
1180;230
1181;221
1182;216
1183;246
1184;260
1185;231
1186;271
1187;226
1188;297
1189;290
1190;410
1191;590
1192;948
1193;1457
1194;2047
1195;2457
1196;2577
1197;2307
1198;1746
1199;1184
1200;708
1201;400
1202;307
1203;267
1204;245
1205;225
1206;222
1207;228
1208;189
1209;192
1210;207
1211;213
1212;204
1213;228
1214;213
1215;203
1216;222
1217;212
1218;190
1219;172
1220;186
1221;209
1222;185
1223;211
1224;194
1225;198
1226;195
1227;185
1228;213
1229;197
1230;232
1231;229
1232;229
1233;206
1234;215
1235;197
1236;204
1237;183
1238;207
1239;218
1240;194
1241;187
1242;204
1243;179
1244;200
1245;181
1246;176
1247;183
1248;181
1249;193
1250;179
1251;192
1252;206
1253;203
1254;187
1255;163
1256;179
1257;174
1258;199
1259;191
1260;182
1261;206
1262;197
1263;184
1264;185
1265;225
1266;189
1267;184
1268;191
1269;173
1270;179
1271;196
1272;179
1273;194
1274;158
1275;188
1276;210
1277;171
1278;190
1279;173
1280;190
1281;176
1282;193
1283;172
1284;182
1285;187
1286;187
1287;187
1288;162
1289;164
1290;170
1291;176
1292;172
1293;165
1294;173
1295;167
1296;164
1297;171
1298;160
1299;186
1300;176
1301;184
1302;173
1303;160
1304;149
1305;173
1306;177
1307;152
1308;180
1309;179
1310;180
1311;172
1312;160
1313;202
1314;181
1315;197
1316;173
1317;176
1318;193
1319;192
1320;192
1321;175
1322;171
1323;181
1324;178
1325;169
1326;205
1327;169
1328;204
1329;188
1330;165
1331;172
1332;189
1333;160
1334;195
1335;169
1336;161
1337;163
1338;170
1339;169
1340;161
1341;148
1342;152
1343;181
1344;184
1345;193
1346;170
1347;191
1348;169
1349;178
1350;165
1351;172
1352;183
1353;153
1354;170
1355;167
1356;176
1357;183
1358;177
1359;190
1360;172
1361;135
1362;162
1363;172
1364;174
1365;151
1366;152
1367;182
1368;167
1369;191
1370;159
1371;155
1372;170
1373;190
1374;164
1375;150
1376;147
1377;157
1378;156
1379;177
1380;157
1381;159
1382;157
1383;158
1384;175
1385;150
1386;157
1387;159
1388;150
1389;166
1390;157
1391;157
1392;158
1393;158
1394;130
1395;182
1396;143
1397;160
1398;161
1399;146
1400;158
1401;139
1402;160
1403;181
1404;140
1405;141
1406;133
1407;159
1408;168
1409;133
1410;144
1411;155
1412;157
1413;140
1414;137
1415;146
1416;146
1417;158
1418;136
1419;169
1420;154
1421;138
1422;149
1423;164
1424;148
1425;161
1426;135
1427;146
1428;111
1429;150
1430;176
1431;151
1432;165
1433;156
1434;142
1435;168
1436;154
1437;146
1438;146
1439;150
1440;156
1441;166
1442;167
1443;174
1444;192
1445;182
1446;200
1447;185
1448;233
1449;246
1450;269
1451;257
1452;216
1453;201
1454;174
1455;165
1456;148
1457;142
1458;139
1459;158
1460;132
1461;130
1462;146
1463;139
1464;163
1465;133
1466;143
1467;137
1468;152
1469;150
1470;142
1471;155
1472;156
1473;125
1474;142
1475;138
1476;147
1477;140
1478;137
1479;145
1480;142
1481;135
1482;136
1483;145
1484;121
1485;118
1486;130
1487;129
1488;134
1489;133
1490;109
1491;118
1492;152
1493;147
1494;133
1495;102
1496;141
1497;148
1498;148
1499;147
1500;145
1501;134
1502;144
1503;120
1504;138
1505;143
1506;135
1507;134
1508;122
1509;109
1510;141
1511;134
1512;135
1513;121
1514;139
1515;141
1516;152
1517;148
1518;112
1519;124
1520;114
1521;126
1522;142
1523;119
1524;142
1525;149
1526;152
1527;117
1528;123
1529;139
1530;130
1531;155
1532;137
1533;123
1534;134
1535;136
1536;134
1537;129
1538;118
1539;132
1540;144
1541;136
1542;162
1543;132
1544;141
1545;157
1546;142
1547;118
1548;146
1549;111
1550;133
1551;128
1552;124
1553;116
1554;138
1555;119
1556;152
1557;127
1558;121
1559;121
1560;134
1561;109
1562;123
1563;103
1564;109
1565;107
1566;113
1567;142
1568;123
1569;127
1570;126
1571;138
1572;105
1573;128
1574;125
1575;128
1576;112
1577;124
1578;123
1579;113
1580;117
1581;139
1582;115
1583;137
1584;122
1585;127
1586;135
1587;109
1588;134
1589;107
1590;126
1591;129
1592;156
1593;129
1594;135
1595;127
1596;153
1597;119
1598;122
1599;100
1600;121
1601;134
1602;109
1603;115
1604;121
1605;114
1606;130
1607;124
1608;119
1609;120
1610;117
1611;127
1612;109
1613;125
1614;139
1615;165
1616;150
1617;136
1618;168
1619;141
1620;126
1621;125
1622;117
1623;105
1624;127
1625;103
1626;128
1627;90
1628;119
1629;123
1630;112
1631;128
1632;130
1633;127
1634;130
1635;131
1636;115
1637;111
1638;156
1639;118
1640;101
1641;127
1642;126
1643;128
1644;103
1645;95
1646;126
1647;136
1648;101
1649;102
1650;112
1651;104
1652;122
1653;115
1654;132
1655;137
1656;111
1657;108
1658;136
1659;130
1660;141
1661;128
1662;131
1663;121
1664;125
1665;120
1666;114
1667;127
1668;105
1669;126
1670;139
1671;133
1672;147
1673;154
1674;138
1675;124
1676;126
1677;177
1678;163
1679;193
1680;231
1681;318
1682;411
1683;683
1684;1024
1685;1751
1686;2532
1687;3834
1688;4675
1689;5137
1690;5216
1691;4366
1692;3096
1693;1968
1694;1146
1695;593
1696;327
1697;197
1698;178
1699;162
1700;127
1701;140
1702;111
1703;112
1704;131
1705;116
1706;121
1707;111
1708;98
1709;99
1710;82
1711;118
1712;98
1713;109
1714;88
1715;100
1716;117
1717;106
1718;103
1719;100
1720;88
1721;95
1722;106
1723;115
1724;109
1725;110
1726;118
1727;111
1728;110
1729;112
1730;96
1731;77
1732;89
1733;81
1734;70
1735;105
1736;82
1737;97
1738;89
1739;97
1740;98
1741;89
1742;87
1743;88
1744;77
1745;84
1746;87
1747;81
1748;96
1749;103
1750;87
1751;106
1752;86
1753;102
1754;79
1755;95
1756;84
1757;94
1758;89
1759;103
1760;97
1761;82
1762;93
1763;94
1764;97
1765;105
1766;94
1767;90
1768;85
1769;98
1770;118
1771;75
1772;93
1773;77
1774;99
1775;102
1776;88
1777;70
1778;88
1779;101
1780;83
1781;99
1782;80
1783;105
1784;89
1785;92
1786;78
1787;100
1788;87
1789;97
1790;99
1791;83
1792;82
1793;95
1794;90
1795;99
1796;101
1797;91
1798;92
1799;92
1800;125
1801;123
1802;146
1803;184
1804;207
1805;229
1806;217
1807;230
1808;191
1809;159
1810;146
1811;128
1812;113
1813;98
1814;88
1815;75
1816;96
1817;79
1818;75
1819;77
1820;60
1821;90
1822;83
1823;95
1824;94
1825;89
1826;86
1827;75
1828;79
1829;76
1830;86
1831;92
1832;77
1833;93
1834;80
1835;87
1836;73
1837;61
1838;83
1839;73
1840;100
1841;80
1842;88
1843;84
1844;84
1845;93
1846;91
1847;78
1848;84
1849;80
1850;70
1851;85
1852;79
1853;76
1854;79
1855;87
1856;72
1857;89
1858;78
1859;87
1860;84
1861;90
1862;73
1863;95
1864;96
1865;64
1866;76
1867;79
1868;87
1869;73
1870;72
1871;79
1872;78
1873;74
1874;90
1875;76
1876;70
1877;70
1878;86
1879;79
1880;102
1881;97
1882;84
1883;81
1884;99
1885;89
1886;102
1887;86
1888;81
1889;78
1890;71
1891;87
1892;85
1893;77
1894;99
1895;91
1896;97
1897;101
1898;79
1899;94
1900;89
1901;75
1902;86
1903;86
1904;65
1905;69
1906;79
1907;83
1908;81
1909;83
1910;75
1911;80
1912;81
1913;63
1914;70
1915;85
1916;68
1917;90
1918;86
1919;78
1920;102
1921;79
1922;86
1923;57
1924;85
1925;61
1926;68
1927;93
1928;75
1929;80
1930;72
1931;83
1932;67
1933;85
1934;96
1935;79
1936;94
1937;82
1938;95
1939;88
1940;86
1941;74
1942;77
1943;85
1944;63
1945;83
1946;87
1947;74
1948;79
1949;85
1950;73
1951;59
1952;69
1953;81
1954;80
1955;87
1956;80
1957;74
1958;82
1959;79
1960;76
1961;78
1962;77
1963;67
1964;79
1965;79
1966;80
1967;75
1968;74
1969;75
1970;68
1971;91
1972;80
1973;77
1974;77
1975;73
1976;86
1977;64
1978;79
1979;77
1980;80
1981;86
1982;80
1983;77
1984;69
1985;86
1986;84
1987;83
1988;90
1989;75
1990;83
1991;64
1992;72
1993;69
1994;55
1995;77
1996;69
1997;77
1998;81
1999;91
2000;78
2001;77
2002;72
2003;83
2004;71
2005;88
2006;76
2007;83
2008;87
2009;92
2010;80
2011;102
2012;83
2013;95
2014;119
2015;140
2016;164
2017;244
2018;301
2019;366
2020;414
2021;407
2022;361
2023;321
2024;246
2025;194
2026;117
2027;100
2028;91
2029;89
2030;61
2031;59
2032;93
2033;68
2034;63
2035;80
2036;86
2037;65
2038;74
2039;82
2040;89
2041;68
2042;78
2043;95
2044;92
2045;86
2046;92
2047;82
2048;88
2049;68
2050;68
2051;76
2052;60
2053;74
2054;70
2055;67
2056;74
2057;74
2058;83
2059;85
2060;71
2061;67
2062;68
2063;80
2064;77
2065;81
2066;75
2067;54
2068;69
2069;83
2070;78
2071;83
2072;84
2073;75
2074;63
2075;73
2076;87
2077;92
2078;72
2079;68
2080;65
2081;60
2082;80
2083;77
2084;86
2085;72
2086;73
2087;64
2088;61
2089;79
2090;74
2091;86
2092;80
2093;96
2094;60
2095;58
2096;54
2097;72
2098;58
2099;68
2100;71
2101;62
2102;75
2103;67
2104;76
2105;78
2106;80
2107;79
2108;86
2109;88
2110;65
2111;69
2112;83
2113;74
2114;72
2115;84
2116;69
2117;71
2118;67
2119;77
2120;73
2121;80
2122;61
2123;72
2124;67
2125;66
2126;74
2127;65
2128;65
2129;65
2130;60
2131;71
2132;74
2133;59
2134;74
2135;75
2136;73
2137;68
2138;77
2139;65
2140;76
2141;78
2142;63
2143;66
2144;73
2145;66
2146;78
2147;59
2148;84
2149;67
2150;68
2151;71
2152;83
2153;83
2154;80
2155;80
2156;53
2157;63
2158;64
2159;70
2160;72
2161;80
2162;92
2163;83
2164;63
2165;74
2166;77
2167;83
2168;78
2169;98
2170;78
2171;88
2172;102
2173;83
2174;80
2175;94
2176;117
2177;141
2178;201
2179;217
2180;278
2181;344
2182;408
2183;439
2184;443
2185;428
2186;366
2187;280
2188;180
2189;152
2190;95
2191;86
2192;80
2193;86
2194;70
2195;73
2196;61
2197;69
2198;74
2199;62
2200;83
2201;88
2202;58
2203;62
2204;63
2205;70
2206;73
2207;60
2208;89
2209;75
2210;60
2211;66
2212;70
2213;77
2214;79
2215;61
2216;50
2217;81
2218;62
2219;66
2220;58
2221;71
2222;67
2223;73
2224;78
2225;75
2226;79
2227;67
2228;69
2229;57
2230;71
2231;84
2232;58
2233;76
2234;71
2235;74
2236;56
2237;67
2238;75
2239;66
2240;84
2241;59
2242;55
2243;71
2244;68
2245;84
2246;69
2247;74
2248;69
2249;66
2250;79
2251;66
2252;74
2253;61
2254;76
2255;88
2256;51
2257;68
2258;62
2259;67
2260;59
2261;67
2262;64
2263;63
2264;85
2265;60
2266;69
2267;64
2268;69
2269;64
2270;52
2271;75
2272;51
2273;67
2274;74
2275;63
2276;66
2277;51
2278;71
2279;75
2280;74
2281;66
2282;50
2283;64
2284;69
2285;64
2286;78
2287;67
2288;73
2289;59
2290;51
2291;63
2292;70
2293;80
2294;59
2295;65
2296;90
2297;65
2298;66
2299;54
2300;62
2301;62
2302;81
2303;77
2304;76
2305;69
2306;72
2307;56
2308;63
2309;87
2310;70
2311;75
2312;61
2313;70
2314;64
2315;74
2316;55
2317;72
2318;75
2319;54
2320;53
2321;63
2322;44
2323;71
2324;57
2325;67
2326;76
2327;56
2328;65
2329;53
2330;64
2331;69
2332;80
2333;77
2334;59
2335;78
2336;54
2337;65
2338;54
2339;74
2340;59
2341;69
2342;64
2343;60
2344;65
2345;65
2346;57
2347;56
2348;56
2349;78
2350;63
2351;79
2352;69
2353;80
2354;70
2355;66
2356;55
2357;55
2358;61
2359;58
2360;67
2361;74
2362;60
2363;58
2364;59
2365;58
2366;77
2367;62
2368;70
2369;65
2370;62
2371;61
2372;54
2373;74
2374;65
2375;86
2376;65
2377;75
2378;80
2379;74
2380;62
2381;79
2382;72
2383;74
2384;60
2385;63
2386;76
2387;62
2388;58
2389;58
2390;82
2391;63
2392;80
2393;73
2394;65
2395;61
2396;67
2397;67
2398;74
2399;71
2400;69
2401;75
2402;103
2403;117
2404;91
2405;121
2406;97
2407;91
2408;91
2409;79
2410;82
2411;57
2412;71
2413;78
2414;58
2415;76
2416;69
2417;82
2418;55
2419;58
2420;63
2421;68
2422;64
2423;81
2424;75
2425;74
2426;52
2427;65
2428;71
2429;70
2430;66
2431;64
2432;65
2433;63
2434;69
2435;79
2436;67
2437;63
2438;59
2439;59
2440;58
2441;73
2442;64
2443;58
2444;75
2445;78
2446;60
2447;51
2448;60
2449;60
2450;78
2451;71
2452;77
2453;67
2454;83
2455;62
2456;62
2457;55
2458;75
2459;68
2460;66
2461;74
2462;76
2463;67
2464;72
2465;66
2466;61
2467;60
2468;52
2469;68
2470;58
2471;54
2472;76
2473;72
2474;68
2475;64
2476;82
2477;67
2478;80
2479;71
2480;85
2481;73
2482;73
2483;62
2484;59
2485;66
2486;63
2487;71
2488;70
2489;76
2490;74
2491;59
2492;52
2493;67
2494;65
2495;69
2496;58
2497;55
2498;64
2499;71
2500;76
2501;46
2502;70
2503;45
2504;78
2505;66
2506;56
2507;65
2508;73
2509;75
2510;67
2511;60
2512;59
2513;63
2514;69
2515;77
2516;68
2517;80
2518;68
2519;54
2520;66
2521;72
2522;49
2523;66
2524;67
2525;78
2526;60
2527;65
2528;69
2529;78
2530;65
2531;57
2532;76
2533;59
2534;65
2535;62
2536;69
2537;60
2538;78
2539;72
2540;46
2541;58
2542;73
2543;63
2544;85
2545;68
2546;56
2547;46
2548;52
2549;63
2550;64
2551;64
2552;59
2553;57
2554;61
2555;63
2556;58
2557;69
2558;72
2559;70
2560;75
2561;61
2562;55
2563;54
2564;61
2565;68
2566;49
2567;64
2568;52
2569;65
2570;73
2571;62
2572;66
2573;68
2574;60
2575;57
2576;80
2577;59
2578;75
2579;62
2580;66
2581;60
2582;52
2583;53
2584;67
2585;54
2586;55
2587;67
2588;69
2589;51
2590;55
2591;66
2592;68
2593;48
2594;64
2595;52
2596;71
2597;57
2598;42
2599;65
2600;62
2601;61
2602;70
2603;56
2604;74
2605;67
2606;51
2607;78
2608;69
2609;72
2610;64
2611;75
2612;59
2613;60
2614;58
2615;60
2616;45
2617;57
2618;72
2619;65
2620;73
2621;57
2622;71
2623;67
2624;49
2625;59
2626;71
2627;56
2628;65
2629;67
2630;52
2631;60
2632;67
2633;70
2634;60
2635;60
2636;66
2637;66
2638;59
2639;43
2640;61
2641;69
2642;59
2643;62
2644;70
2645;59
2646;54
2647;51
2648;57
2649;64
2650;76
2651;64
2652;70
2653;65
2654;48
2655;64
2656;68
2657;63
2658;62
2659;68
2660;62
2661;64
2662;61
2663;69
2664;73
2665;62
2666;63
2667;60
2668;78
2669;67
2670;62
2671;80
2672;66
2673;65
2674;58
2675;55
2676;58
2677;72
2678;49
2679;47
2680;59
2681;85
2682;66
2683;53
2684;63
2685;62
2686;47
2687;45
2688;65
2689;61
2690;68
2691;46
2692;52
2693;71
2694;68
2695;70
2696;55
2697;50
2698;62
2699;77
2700;57
2701;65
2702;71
2703;61
2704;60
2705;67
2706;50
2707;56
2708;70
2709;58
2710;56
2711;66
2712;58
2713;64
2714;62
2715;51
2716;74
2717;61
2718;62
2719;52
2720;58
2721;67
2722;54
2723;70
2724;69
2725;62
2726;62
2727;60
2728;45
2729;68
2730;68
2731;61
2732;64
2733;59
2734;75
2735;48
2736;58
2737;63
2738;56
2739;64
2740;67
2741;72
2742;55
2743;53
2744;56
2745;64
2746;62
2747;68
2748;51
2749;58
2750;71
2751;72
2752;61
2753;63
2754;72
2755;61
2756;60
2757;57
2758;69
2759;60
2760;57
2761;72
2762;69
2763;74
2764;65
2765;77
2766;69
2767;67
2768;62
2769;73
2770;76
2771;67
2772;72
2773;76
2774;93
2775;91
2776;101
2777;104
2778;98
2779;112
2780;100
2781;105
2782;93
2783;76
2784;74
2785;72
2786;67
2787;69
2788;69
2789;84
2790;76
2791;75
2792;73
2793;79
2794;68
2795;74
2796;75
2797;77
2798;73
2799;54
2800;74
2801;61
2802;61
2803;67
2804;64
2805;71
2806;46
2807;74
2808;68
2809;58
2810;64
2811;70
2812;69
2813;55
2814;69
2815;75
2816;67
2817;78
2818;57
2819;60
2820;71
2821;69
2822;55
2823;62
2824;59
2825;74
2826;48
2827;60
2828;58
2829;67
2830;56
2831;42
2832;65
2833;73
2834;57
2835;67
2836;68
2837;44
2838;54
2839;47
2840;59
2841;69
2842;72
2843;67
2844;62
2845;74
2846;53
2847;62
2848;64
2849;68
2850;52
2851;53
2852;76
2853;61
2854;67
2855;52
2856;70
2857;67
2858;84
2859;58
2860;68
2861;46
2862;45
2863;63
2864;49
2865;64
2866;60
2867;78
2868;61
2869;65
2870;79
2871;81
2872;77
2873;59
2874;64
2875;75
2876;69
2877;64
2878;76
2879;71
2880;71
2881;59
2882;53
2883;65
2884;78
2885;76
2886;99
2887;113
2888;86
2889;87
2890;111
2891;95
2892;78
2893;73
2894;59
2895;68
2896;65
2897;50
2898;69
2899;74
2900;49
2901;62
2902;64
2903;74
2904;45
2905;64
2906;65
2907;61
2908;63
2909;61
2910;58
2911;68
2912;62
2913;56
2914;60
2915;66
2916;46
2917;51
2918;53
2919;51
2920;60
2921;48
2922;70
2923;59
2924;43
2925;66
2926;51
2927;47
2928;60
2929;49
2930;51
2931;52
2932;61
2933;55
2934;66
2935;45
2936;54
2937;62
2938;63
2939;56
2940;49
2941;60
2942;43
2943;66
2944;66
2945;65
2946;61
2947;47
2948;53
2949;53
2950;69
2951;60
2952;61
2953;45
2954;51
2955;50
2956;54
2957;66
2958;41
2959;49
2960;67
2961;60
2962;61
2963;42
2964;60
2965;45
2966;61
2967;66
2968;48
2969;56
2970;64
2971;60
2972;58
2973;62
2974;44
2975;54
2976;45
2977;55
2978;45
2979;71
2980;52
2981;49
2982;37
2983;50
2984;55
2985;40
2986;70
2987;47
2988;67
2989;51
2990;58
2991;52
2992;54
2993;44
2994;58
2995;65
2996;53
2997;63
2998;52
2999;68
3000;58
3001;55
3002;63
3003;59
3004;59
3005;56
3006;66
3007;53
3008;61
3009;51
3010;58
3011;45
3012;42
3013;58
3014;64
3015;57
3016;48
3017;54
3018;66
3019;51
3020;48
3021;50
3022;45
3023;57
3024;57
3025;51
3026;47
3027;46
3028;55
3029;52
3030;58
3031;46
3032;55
3033;58
3034;48
3035;60
3036;64
3037;52
3038;75
3039;58
3040;48
3041;39
3042;62
3043;47
3044;60
3045;49
3046;50
3047;55
3048;43
3049;56
3050;52
3051;47
3052;49
3053;52
3054;58
3055;50
3056;58
3057;53
3058;54
3059;51
3060;42
3061;62
3062;57
3063;53
3064;38
3065;62
3066;52
3067;61
3068;57
3069;58
3070;44
3071;45
3072;45
3073;43
3074;55
3075;66
3076;53
3077;45
3078;33
3079;60
3080;61
3081;56
3082;64
3083;42
3084;48
3085;45
3086;40
3087;46
3088;35
3089;44
3090;55
3091;48
3092;54
3093;48
3094;51
3095;58
3096;50
3097;66
3098;52
3099;61
3100;55
3101;55
3102;53
3103;57
3104;48
3105;38
3106;54
3107;46
3108;40
3109;60
3110;55
3111;53
3112;50
3113;55
3114;43
3115;45
3116;40
3117;55
3118;56
3119;50
3120;55
3121;54
3122;55
3123;45
3124;58
3125;48
3126;58
3127;47
3128;44
3129;36
3130;53
3131;53
3132;48
3133;49
3134;53
3135;53
3136;48
3137;38
3138;56
3139;48
3140;55
3141;61
3142;48
3143;57
3144;56
3145;44
3146;48
3147;42
3148;56
3149;56
3150;43
3151;62
3152;48
3153;62
3154;68
3155;47
3156;44
3157;46
3158;49
3159;48
3160;58
3161;46
3162;37
3163;47
3164;57
3165;55
3166;58
3167;47
3168;73
3169;59
3170;53
3171;56
3172;41
3173;54
3174;45
3175;62
3176;63
3177;46
3178;61
3179;51
3180;55
3181;48
3182;49
3183;53
3184;45
3185;65
3186;57
3187;54
3188;49
3189;41
3190;52
3191;59
3192;53
3193;44
3194;50
3195;58
3196;50
3197;65
3198;35
3199;54
3200;48
3201;36
3202;64
3203;44
3204;45
3205;47
3206;49
3207;49
3208;56
3209;42
3210;53
3211;56
3212;44
3213;62
3214;41
3215;42
3216;43
3217;57
3218;59
3219;56
3220;47
3221;44
3222;42
3223;47
3224;54
3225;43
3226;58
3227;59
3228;53
3229;48
3230;50
3231;56
3232;54
3233;59
3234;57
3235;58
3236;58
3237;62
3238;67
3239;64
3240;56
3241;61
3242;77
3243;46
3244;45
3245;52
3246;57
3247;48
3248;55
3249;44
3250;62
3251;53
3252;53
3253;53
3254;44
3255;53
3256;44
3257;51
3258;49
3259;52
3260;46
3261;64
3262;59
3263;61
3264;53
3265;60
3266;62
3267;61
3268;50
3269;49
3270;58
3271;62
3272;42
3273;44
3274;43
3275;59
3276;59
3277;44
3278;60
3279;48
3280;48
3281;56
3282;46
3283;59
3284;50
3285;43
3286;52
3287;37
3288;47
3289;59
3290;43
3291;45
3292;49
3293;56
3294;53
3295;49
3296;56
3297;55
3298;42
3299;48
3300;47
3301;46
3302;36
3303;58
3304;44
3305;59
3306;51
3307;44
3308;45
3309;49
3310;48
3311;56
3312;37
3313;50
3314;47
3315;53
3316;60
3317;36
3318;59
3319;51
3320;47
3321;59
3322;64
3323;44
3324;59
3325;59
3326;73
3327;55
3328;67
3329;61
3330;57
3331;57
3332;52
3333;54
3334;43
3335;46
3336;42
3337;48
3338;53
3339;54
3340;48
3341;49
3342;61
3343;61
3344;73
3345;88
3346;80
3347;77
3348;68
3349;74
3350;71
3351;61
3352;67
3353;51
3354;38
3355;54
3356;61
3357;49
3358;47
3359;40
3360;45
3361;54
3362;53
3363;43
3364;45
3365;42
3366;49
3367;48
3368;48
3369;56
3370;47
3371;55
3372;50
3373;42
3374;46
3375;58
3376;34
3377;55
3378;70
3379;52
3380;52
3381;59
3382;42
3383;46
3384;44
3385;49
3386;48
3387;48
3388;61
3389;54
3390;54
3391;51
3392;55
3393;72
3394;89
3395;75
3396;90
3397;110
3398;94
3399;104
3400;88
3401;67
3402;56
3403;61
3404;60
3405;51
3406;42
3407;58
3408;62
3409;39
3410;55
3411;45
3412;38
3413;45
3414;47
3415;50
3416;32
3417;38
3418;40
3419;42
3420;53
3421;40
3422;57
3423;60
3424;52
3425;51
3426;48
3427;54
3428;36
3429;48
3430;57
3431;44
3432;45
3433;52
3434;65
3435;46
3436;45
3437;49
3438;38
3439;40
3440;47
3441;48
3442;50
3443;51
3444;47
3445;45
3446;49
3447;39
3448;45
3449;39
3450;50
3451;52
3452;45
3453;48
3454;51
3455;48
3456;49
3457;58
3458;40
3459;53
3460;52
3461;47
3462;37
3463;44
3464;48
3465;66
3466;51
3467;44
3468;49
3469;41
3470;50
3471;55
3472;36
3473;38
3474;40
3475;54
3476;41
3477;30
3478;55
3479;48
3480;47
3481;43
3482;55
3483;48
3484;45
3485;40
3486;64
3487;44
3488;46
3489;41
3490;52
3491;48
3492;39
3493;32
3494;41
3495;51
3496;41
3497;45
3498;43
3499;53
3500;48
3501;39
3502;49
3503;47
3504;54
3505;45
3506;55
3507;36
3508;43
3509;42
3510;49
3511;48
3512;45
3513;46
3514;49
3515;46
3516;48
3517;54
3518;45
3519;57
3520;60
3521;43
3522;64
3523;59
3524;53
3525;37
3526;46
3527;41
3528;41
3529;42
3530;43
3531;51
3532;51
3533;58
3534;45
3535;50
3536;45
3537;53
3538;46
3539;61
3540;41
3541;42
3542;52
3543;47
3544;50
3545;60
3546;66
3547;64
3548;77
3549;71
3550;70
3551;58
3552;72
3553;52
3554;56
3555;51
3556;50
3557;47
3558;57
3559;52
3560;42
3561;41
3562;50
3563;45
3564;48
3565;53
3566;41
3567;40
3568;40
3569;56
3570;45
3571;58
3572;62
3573;41
3574;32
3575;42
3576;53
3577;50
3578;50
3579;62
3580;49
3581;53
3582;51
3583;41
3584;50
3585;61
3586;54
3587;53
3588;49
3589;59
3590;49
3591;51
3592;61
3593;55
3594;56
3595;46
3596;49
3597;47
3598;52
3599;48
3600;47
3601;55
3602;47
3603;43
3604;51
3605;33
3606;53
3607;55
3608;31
3609;49
3610;43
3611;55
3612;54
3613;59
3614;50
3615;52
3616;31
3617;56
3618;50
3619;44
3620;59
3621;36
3622;43
3623;53
3624;41
3625;47
3626;51
3627;51
3628;51
3629;53
3630;44
3631;45
3632;45
3633;44
3634;39
3635;52
3636;54
3637;53
3638;54
3639;46
3640;50
3641;55
3642;47
3643;62
3644;52
3645;44
3646;48
3647;40
3648;45
3649;55
3650;50
3651;51
3652;59
3653;42
3654;42
3655;44
3656;53
3657;50
3658;52
3659;38
3660;51
3661;45
3662;46
3663;41
3664;56
3665;43
3666;55
3667;49
3668;52
3669;66
3670;48
3671;57
3672;55
3673;48
3674;58
3675;34
3676;28
3677;38
3678;42
3679;52
3680;57
3681;48
3682;43
3683;56
3684;46
3685;46
3686;47
3687;43
3688;45
3689;42
3690;48
3691;57
3692;49
3693;48
3694;37
3695;43
3696;40
3697;59
3698;47
3699;43
3700;48
3701;51
3702;41
3703;43
3704;46
3705;42
3706;62
3707;52
3708;54
3709;48
3710;51
3711;48
3712;37
3713;48
3714;43
3715;43
3716;45
3717;53
3718;44
3719;41
3720;45
3721;51
3722;53
3723;49
3724;39
3725;49
3726;66
3727;34
3728;49
3729;47
3730;51
3731;40
3732;46
3733;40
3734;56
3735;37
3736;48
3737;54
3738;46
3739;46
3740;54
3741;42
3742;45
3743;31
3744;42
3745;54
3746;44
3747;49
3748;60
3749;56
3750;52
3751;66
3752;40
3753;49
3754;39
3755;45
3756;50
3757;40
3758;45
3759;44
3760;38
3761;41
3762;47
3763;53
3764;45
3765;35
3766;38
3767;53
3768;46
3769;48
3770;56
3771;56
3772;46
3773;54
3774;48
3775;60
3776;61
3777;60
3778;49
3779;49
3780;45
3781;51
3782;38
3783;36
3784;31
3785;49
3786;45
3787;39
3788;43
3789;40
3790;47
3791;66
3792;40
3793;54
3794;55
3795;64
3796;41
3797;43
3798;47
3799;43
3800;47
3801;37
3802;53
3803;53
3804;38
3805;39
3806;29
3807;41
3808;45
3809;44
3810;43
3811;42
3812;45
3813;36
3814;47
3815;41
3816;47
3817;38
3818;47
3819;43
3820;38
3821;49
3822;43
3823;43
3824;43
3825;47
3826;69
3827;38
3828;67
3829;58
3830;64
3831;80
3832;90
3833;106
3834;108
3835;133
3836;176
3837;213
3838;264
3839;305
3840;417
3841;552
3842;600
3843;665
3844;705
3845;712
3846;709
3847;662
3848;567
3849;427
3850;311
3851;215
3852;136
3853;94
3854;82
3855;48
3856;58
3857;55
3858;45
3859;52
3860;49
3861;42
3862;40
3863;31
3864;33
3865;36
3866;42
3867;47
3868;34
3869;48
3870;47
3871;43
3872;49
3873;35
3874;46
3875;35
3876;34
3877;54
3878;43
3879;58
3880;41
3881;44
3882;43
3883;38
3884;37
3885;35
3886;46
3887;41
3888;57
3889;39
3890;41
3891;33
3892;37
3893;42
3894;38
3895;31
3896;39
3897;34
3898;39
3899;34
3900;44
3901;46
3902;46
3903;35
3904;29
3905;38
3906;35
3907;45
3908;39
3909;34
3910;28
3911;45
3912;38
3913;34
3914;37
3915;33
3916;41
3917;32
3918;27
3919;30
3920;53
3921;36
3922;43
3923;41
3924;47
3925;33
3926;47
3927;40
3928;53
3929;32
3930;43
3931;42
3932;39
3933;38
3934;44
3935;40
3936;45
3937;34
3938;41
3939;39
3940;52
3941;48
3942;32
3943;35
3944;42
3945;36
3946;33
3947;31
3948;50
3949;48
3950;51
3951;34
3952;41
3953;42
3954;37
3955;49
3956;39
3957;50
3958;45
3959;34
3960;32
3961;47
3962;35
3963;36
3964;33
3965;29
3966;44
3967;40
3968;31
3969;33
3970;37
3971;31
3972;49
3973;45
3974;35
3975;35
3976;39
3977;50
3978;45
3979;32
3980;37
3981;51
3982;48
3983;34
3984;36
3985;23
3986;31
3987;42
3988;30
3989;49
3990;38
3991;30
3992;32
3993;52
3994;39
3995;45
3996;31
3997;45
3998;52
3999;56
4000;46
4001;60
4002;48
4003;49
4004;48
4005;48
4006;47
4007;32
4008;39
4009;39
4010;39
4011;55
4012;32
4013;36
4014;41
4015;51
4016;34
4017;41
4018;39
4019;41
4020;31
4021;38
4022;32
4023;34
4024;31
4025;27
4026;33
4027;43
4028;36
4029;46
4030;35
4031;38
4032;40
4033;38
4034;29
4035;40
4036;29
4037;29
4038;36
4039;27
4040;45
4041;50
4042;39
4043;36
4044;33
4045;29
4046;38
4047;39
4048;33
4049;38
4050;35
4051;45
4052;43
4053;32
4054;32
4055;35
4056;43
4057;39
4058;47
4059;35
4060;34
4061;37
4062;42
4063;40
4064;41
4065;32
4066;45
4067;45
4068;40
4069;27
4070;42
4071;55
4072;29
4073;39
4074;43
4075;37
4076;39
4077;33
4078;43
4079;56
4080;39
4081;47
4082;44
4083;49
4084;43
4085;33
4086;37
4087;39
4088;28
4089;36
4090;45
4091;44
4092;39
4093;42
4094;29
4095;41
4096;32
4097;39
4098;43
4099;39
4100;27
4101;32
4102;38
4103;34
4104;44
4105;35
4106;33
4107;30
4108;45
4109;37
4110;47
4111;30
4112;32
4113;43
4114;45
4115;32
4116;39
4117;42
4118;49
4119;36
4120;36
4121;38
4122;37
4123;44
4124;36
4125;35
4126;35
4127;49
4128;44
4129;44
4130;32
4131;31
4132;32
4133;29
4134;39
4135;46
4136;30
4137;33
4138;33
4139;36
4140;28
4141;43
4142;46
4143;47
4144;44
4145;37
4146;34
4147;39
4148;43
4149;50
4150;50
4151;33
4152;46
4153;51
4154;34
4155;44
4156;45
4157;53
4158;45
4159;39
4160;40
4161;54
4162;39
4163;34
4164;43
4165;44
4166;53
4167;33
4168;40
4169;41
4170;47
4171;36
4172;44
4173;42
4174;41
4175;37
4176;35
4177;48
4178;43
4179;32
4180;39
4181;25
4182;50
4183;32
4184;45
4185;34
4186;36
4187;43
4188;49
4189;47
4190;36
4191;45
4192;45
4193;41
4194;40
4195;53
4196;41
4197;37
4198;40
4199;48
4200;37
4201;35
4202;43
4203;39
4204;35
4205;34
4206;33
4207;40
4208;37
4209;32
4210;43
4211;38
4212;40
4213;45
4214;30
4215;36
4216;36
4217;38
4218;39
4219;37
4220;38
4221;35
4222;36
4223;34
4224;31
4225;35
4226;32
4227;30
4228;36
4229;39
4230;38
4231;29
4232;35
4233;38
4234;34
4235;34
4236;41
4237;33
4238;40
4239;44
4240;46
4241;42
4242;44
4243;43
4244;28
4245;33
4246;37
4247;38
4248;48
4249;40
4250;48
4251;44
4252;47
4253;41
4254;37
4255;55
4256;31
4257;55
4258;30
4259;41
4260;37
4261;45
4262;52
4263;48
4264;39
4265;54
4266;43
4267;49
4268;48
4269;48
4270;59
4271;57
4272;56
4273;45
4274;62
4275;78
4276;88
4277;128
4278;128
4279;142
4280;169
4281;184
4282;219
4283;227
4284;231
4285;204
4286;238
4287;225
4288;140
4289;122
4290;82
4291;68
4292;58
4293;55
4294;58
4295;34
4296;47
4297;44
4298;45
4299;36
4300;40
4301;42
4302;36
4303;34
4304;41
4305;41
4306;43
4307;40
4308;47
4309;38
4310;44
4311;41
4312;36
4313;32
4314;45
4315;49
4316;42
4317;37
4318;55
4319;37
4320;36
4321;47
4322;30
4323;34
4324;41
4325;36
4326;34
4327;34
4328;43
4329;31
4330;44
4331;43
4332;22
4333;39
4334;29
4335;42
4336;31
4337;36
4338;35
4339;31
4340;48
4341;28
4342;40
4343;40
4344;40
4345;57
4346;35
4347;24
4348;36
4349;38
4350;32
4351;34
4352;36
4353;35
4354;39
4355;33
4356;35
4357;45
4358;31
4359;39
4360;31
4361;33
4362;37
4363;33
4364;40
4365;35
4366;38
4367;32
4368;33
4369;34
4370;28
4371;36
4372;38
4373;27
4374;30
4375;37
4376;34
4377;43
4378;28
4379;26
4380;35
4381;31
4382;34
4383;34
4384;27
4385;53
4386;40
4387;38
4388;32
4389;30
4390;31
4391;33
4392;41
4393;40
4394;30
4395;35
4396;31
4397;35
4398;39
4399;33
4400;24
4401;35
4402;27
4403;33
4404;28
4405;34
4406;38
4407;39
4408;34
4409;36
4410;27
4411;44
4412;39
4413;38
4414;37
4415;35
4416;38
4417;43
4418;43
4419;35
4420;37
4421;29
4422;37
4423;35
4424;27
4425;37
4426;38
4427;29
4428;35
4429;34
4430;45
4431;38
4432;30
4433;29
4434;28
4435;38
4436;30
4437;42
4438;28
4439;42
4440;39
4441;26
4442;35
4443;42
4444;30
4445;30
4446;30
4447;30
4448;31
4449;35
4450;26
4451;30
4452;26
4453;41
4454;38
4455;26
4456;39
4457;41
4458;38
4459;31
4460;32
4461;31
4462;27
4463;43
4464;35
4465;37
4466;29
4467;29
4468;37
4469;23
4470;34
4471;42
4472;34
4473;36
4474;28
4475;40
4476;32
4477;34
4478;26
4479;23
4480;20
4481;25
4482;39
4483;38
4484;29
4485;27
4486;24
4487;32
4488;28
4489;29
4490;30
4491;33
4492;26
4493;34
4494;33
4495;39
4496;27
4497;32
4498;37
4499;33
4500;42
4501;29
4502;31
4503;27
4504;39
4505;36
4506;31
4507;38
4508;24
4509;32
4510;26
4511;29
4512;27
4513;35
4514;22
4515;40
4516;29
4517;27
4518;23
4519;24
4520;20
4521;36
4522;29
4523;28
4524;34
4525;23
4526;35
4527;25
4528;29
4529;29
4530;33
4531;25
4532;25
4533;30
4534;35
4535;29
4536;39
4537;33
4538;41
4539;40
4540;35
4541;47
4542;35
4543;35
4544;34
4545;48
4546;39
4547;34
4548;31
4549;33
4550;21
4551;30
4552;23
4553;22
4554;22
4555;16
4556;30
4557;27
4558;19
4559;23
4560;26
4561;26
4562;27
4563;21
4564;23
4565;28
4566;28
4567;34
4568;31
4569;26
4570;31
4571;31
4572;25
4573;39
4574;28
4575;37
4576;37
4577;45
4578;39
4579;34
4580;35
4581;35
4582;36
4583;27
4584;25
4585;34
4586;18
4587;36
4588;25
4589;30
4590;28
4591;31
4592;18
4593;28
4594;23
4595;39
4596;26
4597;22
4598;25
4599;31
4600;28
4601;29
4602;33
4603;21
4604;22
4605;25
4606;24
4607;23
4608;20
4609;14
4610;25
4611;29
4612;23
4613;31
4614;22
4615;22
4616;24
4617;30
4618;30
4619;29
4620;21
4621;24
4622;23
4623;26
4624;15
4625;22
4626;21
4627;27
4628;16
4629;28
4630;24
4631;21
4632;24
4633;18
4634;24
4635;19
4636;30
4637;20
4638;20
4639;24
4640;21
4641;34
4642;14
4643;23
4644;30
4645;25
4646;23
4647;23
4648;17
4649;27
4650;26
4651;21
4652;26
4653;27
4654;22
4655;31
4656;22
4657;24
4658;17
4659;28
4660;28
4661;21
4662;24
4663;25
4664;20
4665;22
4666;26
4667;16
4668;32
4669;21
4670;20
4671;28
4672;20
4673;23
4674;24
4675;20
4676;27
4677;16
4678;23
4679;27
4680;21
4681;29
4682;17
4683;17
4684;16
4685;31
4686;26
4687;23
4688;24
4689;21
4690;30
4691;28
4692;15
4693;25
4694;25
4695;25
4696;23
4697;23
4698;26
4699;25
4700;21
4701;26
4702;20
4703;25
4704;18
4705;23
4706;21
4707;26
4708;17
4709;23
4710;22
4711;25
4712;24
4713;32
4714;27
4715;23
4716;22
4717;18
4718;31
4719;22
4720;33
4721;18
4722;24
4723;24
4724;30
4725;24
4726;30
4727;35
4728;30
4729;29
4730;34
4731;24
4732;27
4733;32
4734;23
4735;23
4736;23
4737;31
4738;27
4739;31
4740;34
4741;33
4742;45
4743;39
4744;47
4745;43
4746;39
4747;57
4748;64
4749;64
4750;91
4751;78
4752;105
4753;104
4754;159
4755;177
4756;213
4757;262
4758;320
4759;376
4760;488
4761;485
4762;587
4763;544
4764;655
4765;609
4766;514
4767;465
4768;405
4769;256
4770;218
4771;141
4772;99
4773;72
4774;51
4775;27
4776;26
4777;23
4778;34
4779;18
4780;19
4781;23
4782;20
4783;27
4784;23
4785;22
4786;28
4787;31
4788;24
4789;22
4790;34
4791;23
4792;30
4793;16
4794;17
4795;21
4796;21
4797;27
4798;14
4799;25
4800;14
4801;23
4802;26
4803;18
4804;22
4805;16
4806;26
4807;22
4808;27
4809;18
4810;32
4811;17
4812;23
4813;18
4814;17
4815;16
4816;13
4817;18
4818;23
4819;19
4820;27
4821;26
4822;27
4823;18
4824;17
4825;21
4826;15
4827;15
4828;16
4829;14
4830;18
4831;26
4832;19
4833;14
4834;15
4835;25
4836;16
4837;18
4838;20
4839;24
4840;25
4841;18
4842;17
4843;20
4844;21
4845;16
4846;23
4847;20
4848;25
4849;8
4850;19
4851;21
4852;21
4853;20
4854;21
4855;17
4856;23
4857;22
4858;19
4859;19
4860;18
4861;26
4862;17
4863;22
4864;22
4865;20
4866;25
4867;18
4868;16
4869;16
4870;17
4871;16
4872;19
4873;17
4874;13
4875;17
4876;15
4877;19
4878;28
4879;17
4880;14
4881;19
4882;12
4883;14
4884;25
4885;19
4886;15
4887;20
4888;21
4889;18
4890;17
4891;27
4892;21
4893;20
4894;20
4895;25
4896;23
4897;17
4898;16
4899;14
4900;15
4901;19
4902;22
4903;14
4904;13
4905;12
4906;16
4907;19
4908;18
4909;17
4910;19
4911;8
4912;19
4913;15
4914;17
4915;23
4916;19
4917;18
4918;12
4919;25
4920;16
4921;19
4922;21
4923;25
4924;14
4925;21
4926;14
4927;21
4928;18
4929;12
4930;14
4931;19
4932;21
4933;9
4934;25
4935;15
4936;15
4937;28
4938;15
4939;19
4940;17
4941;20
4942;20
4943;26
4944;10
4945;14
4946;17
4947;23
4948;15
4949;19
4950;21
4951;14
4952;24
4953;22
4954;20
4955;22
4956;17
4957;28
4958;18
4959;21
4960;30
4961;19
4962;27
4963;31
4964;35
4965;36
4966;35
4967;40
4968;44
4969;36
4970;37
4971;31
4972;26
4973;31
4974;27
4975;19
4976;15
4977;24
4978;17
4979;23
4980;22
4981;17
4982;13
4983;15
4984;22
4985;21
4986;10
4987;18
4988;17
4989;24
4990;18
4991;23
4992;18
4993;10
4994;12
4995;15
4996;19
4997;13
4998;16
4999;27
5000;12
5001;26
5002;17
5003;19
5004;23
5005;18
5006;17
5007;13
5008;17
5009;14
5010;16
5011;15
5012;18
5013;20
5014;22
5015;21
5016;17
5017;16
5018;19
5019;28
5020;14
5021;22
5022;25
5023;14
5024;9
5025;20
5026;22
5027;16
5028;23
5029;15
5030;19
5031;17
5032;22
5033;18
5034;13
5035;13
5036;18
5037;20
5038;15
5039;23
5040;16
5041;14
5042;20
5043;22
5044;16
5045;17
5046;18
5047;13
5048;15
5049;21
5050;12
5051;26
5052;11
5053;14
5054;18
5055;17
5056;20
5057;12
5058;19
5059;16
5060;27
5061;17
5062;12
5063;26
5064;19
5065;14
5066;19
5067;20
5068;16
5069;16
5070;9
5071;15
5072;18
5073;14
5074;14
5075;12
5076;19
5077;11
5078;19
5079;19
5080;28
5081;12
5082;24
5083;8
5084;16
5085;19
5086;17
5087;13
5088;14
5089;18
5090;20
5091;13
5092;15
5093;14
5094;16
5095;18
5096;17
5097;24
5098;11
5099;13
5100;17
5101;15
5102;20
5103;12
5104;12
5105;15
5106;16
5107;16
5108;14
5109;17
5110;15
5111;10
5112;17
5113;12
5114;13
5115;10
5116;17
5117;12
5118;12
5119;16
5120;19
5121;18
5122;29
5123;20
5124;13
5125;13
5126;17
5127;12
5128;15
5129;21
5130;15
5131;17
5132;18
5133;15
5134;17
5135;19
5136;22
5137;17
5138;17
5139;20
5140;26
5141;20
5142;17
5143;22
5144;24
5145;12
5146;17
5147;18
5148;16
5149;11
5150;8
5151;17
5152;14
5153;14
5154;17
5155;19
5156;12
5157;20
5158;17
5159;19
5160;17
5161;11
5162;24
5163;17
5164;19
5165;23
5166;14
5167;10
5168;17
5169;7
5170;13
5171;14
5172;10
5173;16
5174;22
5175;16
5176;15
5177;12
5178;17
5179;13
5180;15
5181;18
5182;14
5183;12
5184;22
5185;27
5186;22
5187;18
5188;13
5189;16
5190;11
5191;18
5192;17
5193;16
5194;18
5195;16
5196;13
5197;19
5198;18
5199;16
5200;18
5201;11
5202;11
5203;14
5204;16
5205;24
5206;13
5207;22
5208;15
5209;19
5210;12
5211;14
5212;16
5213;12
5214;16
5215;27
5216;21
5217;20
5218;21
5219;14
5220;16
5221;16
5222;10
5223;26
5224;16
5225;13
5226;17
5227;19
5228;16
5229;16
5230;12
5231;10
5232;26
5233;17
5234;21
5235;20
5236;11
5237;19
5238;24
5239;13
5240;20
5241;22
5242;17
5243;23
5244;21
5245;17
5246;20
5247;9
5248;16
5249;14
5250;14
5251;12
5252;20
5253;14
5254;12
5255;15
5256;14
5257;19
5258;27
5259;13
5260;22
5261;16
5262;16
5263;18
5264;24
5265;24
5266;15
5267;19
5268;22
5269;14
5270;21
5271;15
5272;18
5273;21
5274;21
5275;17
5276;17
5277;19
5278;18
5279;16
5280;17
5281;24
5282;14
5283;21
5284;13
5285;19
5286;19
5287;12
5288;20
5289;16
5290;14
5291;20
5292;17
5293;22
5294;19
5295;20
5296;18
5297;19
5298;17
5299;19
5300;13
5301;15
5302;22
5303;19
5304;17
5305;11
5306;14
5307;17
5308;18
5309;17
5310;18
5311;18
5312;12
5313;22
5314;19
5315;17
5316;23
5317;18
5318;18
5319;13
5320;17
5321;23
5322;26
5323;15
5324;19
5325;16
5326;16
5327;21
5328;16
5329;15
5330;23
5331;17
5332;13
5333;19
5334;28
5335;27
5336;17
5337;18
5338;22
5339;20
5340;22
5341;21
5342;30
5343;24
5344;27
5345;21
5346;23
5347;26
5348;26
5349;33
5350;34
5351;34
5352;38
5353;47
5354;52
5355;42
5356;69
5357;76
5358;108
5359;110
5360;112
5361;181
5362;181
5363;212
5364;243
5365;273
5366;337
5367;355
5368;356
5369;376
5370;297
5371;311
5372;240
5373;208
5374;147
5375;121
5376;94
5377;88
5378;77
5379;39
5380;51
5381;65
5382;50
5383;59
5384;61
5385;55
5386;66
5387;67
5388;69
5389;76
5390;63
5391;57
5392;47
5393;37
5394;31
5395;40
5396;21
5397;21
5398;25
5399;20
5400;18
5401;16
5402;12
5403;14
5404;16
5405;11
5406;21
5407;21
5408;26
5409;14
5410;17
5411;21
5412;19
5413;13
5414;13
5415;13
5416;17
5417;17
5418;19
5419;13
5420;20
5421;18
5422;13
5423;9
5424;17
5425;23
5426;19
5427;11
5428;21
5429;25
5430;14
5431;16
5432;15
5433;16
5434;15
5435;17
5436;19
5437;19
5438;21
5439;20
5440;23
5441;18
5442;17
5443;16
5444;20
5445;22
5446;21
5447;15
5448;20
5449;20
5450;18
5451;16
5452;16
5453;22
5454;24
5455;19
5456;15
5457;21
5458;18
5459;27
5460;19
5461;18
5462;18
5463;20
5464;25
5465;23
5466;20
5467;29
5468;17
5469;28
5470;26
5471;27
5472;29
5473;25
5474;21
5475;26
5476;30
5477;38
5478;38
5479;50
5480;40
5481;50
5482;43
5483;63
5484;65
5485;72
5486;90
5487;100
5488;108
5489;136
5490;174
5491;207
5492;221
5493;299
5494;299
5495;373
5496;384
5497;461
5498;443
5499;423
5500;468
5501;360
5502;313
5503;261
5504;204
5505;150
5506;116
5507;81
5508;55
5509;46
5510;39
5511;28
5512;18
5513;30
5514;27
5515;17
5516;19
5517;18
5518;15
5519;21
5520;18
5521;11
5522;15
5523;21
5524;17
5525;13
5526;21
5527;16
5528;20
5529;14
5530;18
5531;19
5532;21
5533;23
5534;12
5535;25
5536;10
5537;16
5538;17
5539;20
5540;27
5541;17
5542;19
5543;16
5544;26
5545;22
5546;20
5547;16
5548;11
5549;17
5550;9
5551;20
5552;12
5553;14
5554;15
5555;27
5556;17
5557;22
5558;8
5559;14
5560;17
5561;23
5562;21
5563;20
5564;15
5565;13
5566;5
5567;15
5568;10
5569;19
5570;15
5571;21
5572;13
5573;14
5574;13
5575;14
5576;13
5577;14
5578;22
5579;20
5580;16
5581;16
5582;12
5583;13
5584;14
5585;14
5586;13
5587;13
5588;16
5589;19
5590;17
5591;20
5592;13
5593;19
5594;10
5595;17
5596;17
5597;19
5598;15
5599;13
5600;16
5601;16
5602;12
5603;18
5604;22
5605;18
5606;17
5607;18
5608;19
5609;14
5610;21
5611;18
5612;10
5613;23
5614;15
5615;19
5616;12
5617;12
5618;13
5619;17
5620;14
5621;14
5622;16
5623;27
5624;21
5625;12
5626;20
5627;18
5628;20
5629;17
5630;20
5631;18
5632;15
5633;17
5634;13
5635;19
5636;19
5637;15
5638;11
5639;19
5640;17
5641;15
5642;13
5643;18
5644;18
5645;17
5646;11
5647;11
5648;13
5649;15
5650;16
5651;16
5652;18
5653;20
5654;18
5655;24
5656;17
5657;14
5658;11
5659;12
5660;19
5661;15
5662;12
5663;13
5664;16
5665;16
5666;17
5667;11
5668;23
5669;11
5670;13
5671;22
5672;22
5673;14
5674;10
5675;16
5676;12
5677;17
5678;21
5679;14
5680;20
5681;18
5682;21
5683;18
5684;26
5685;14
5686;18
5687;14
5688;18
5689;13
5690;20
5691;10
5692;17
5693;23
5694;17
5695;20
5696;18
5697;30
5698;18
5699;22
5700;16
5701;22
5702;13
5703;11
5704;25
5705;21
5706;24
5707;17
5708;18
5709;18
5710;19
5711;10
5712;21
5713;20
5714;21
5715;20
5716;19
5717;19
5718;13
5719;20
5720;18
5721;17
5722;26
5723;15
5724;22
5725;21
5726;20
5727;10
5728;21
5729;18
5730;15
5731;26
5732;28
5733;14
5734;20
5735;20
5736;17
5737;15
5738;31
5739;23
5740;21
5741;16
5742;18
5743;19
5744;20
5745;17
5746;18
5747;12
5748;25
5749;26
5750;24
5751;13
5752;18
5753;16
5754;21
5755;19
5756;22
5757;27
5758;18
5759;26
5760;17
5761;8
5762;22
5763;17
5764;21
5765;20
5766;13
5767;29
5768;22
5769;13
5770;18
5771;14
5772;13
5773;14
5774;14
5775;17
5776;15
5777;20
5778;15
5779;23
5780;19
5781;10
5782;19
5783;22
5784;15
5785;11
5786;20
5787;23
5788;24
5789;11
5790;24
5791;19
5792;20
5793;17
5794;18
5795;22
5796;18
5797;22
5798;24
5799;21
5800;18
5801;18
5802;19
5803;21
5804;29
5805;24
5806;19
5807;20
5808;21
5809;14
5810;15
5811;30
5812;14
5813;18
5814;16
5815;17
5816;21
5817;15
5818;14
5819;19
5820;15
5821;24
5822;34
5823;21
5824;20
5825;20
5826;20
5827;33
5828;22
5829;16
5830;19
5831;21
5832;14
5833;22
5834;19
5835;17
5836;16
5837;22
5838;17
5839;18
5840;24
5841;21
5842;27
5843;15
5844;11
5845;19
5846;15
5847;22
5848;22
5849;15
5850;22
5851;27
5852;20
5853;19
5854;23
5855;20
5856;13
5857;11
5858;19
5859;14
5860;19
5861;22
5862;19
5863;21
5864;18
5865;25
5866;15
5867;13
5868;17
5869;14
5870;15
5871;18
5872;23
5873;17
5874;15
5875;21
5876;18
5877;14
5878;24
5879;13
5880;22
5881;16
5882;17
5883;13
5884;14
5885;15
5886;21
5887;20
5888;9
5889;13
5890;19
5891;18
5892;11
5893;20
5894;9
5895;14
5896;14
5897;17
5898;14
5899;15
5900;18
5901;18
5902;12
5903;15
5904;21
5905;14
5906;13
5907;17
5908;11
5909;16
5910;11
5911;20
5912;18
5913;12
5914;12
5915;17
5916;6
5917;16
5918;21
5919;15
5920;19
5921;20
5922;18
5923;9
5924;12
5925;20
5926;12
5927;15
5928;13
5929;11
5930;12
5931;15
5932;11
5933;11
5934;12
5935;15
5936;13
5937;16
5938;10
5939;10
5940;12
5941;15
5942;11
5943;17
5944;12
5945;15
5946;13
5947;14
5948;11
5949;17
5950;16
5951;11
5952;12
5953;17
5954;9
5955;17
5956;13
5957;12
5958;12
5959;18
5960;11
5961;15
5962;11
5963;19
5964;10
5965;15
5966;16
5967;14
5968;13
5969;11
5970;12
5971;10
5972;11
5973;18
5974;9
5975;15
5976;14
5977;17
5978;16
5979;20
5980;15
5981;15
5982;19
5983;6
5984;9
5985;14
5986;21
5987;16
5988;27
5989;18
5990;21
5991;22
5992;21
5993;38
5994;36
5995;52
5996;39
5997;40
5998;49
5999;57
6000;34
6001;59
6002;36
6003;42
6004;20
6005;28
6006;26
6007;18
6008;17
6009;16
6010;13
6011;12
6012;10
6013;12
6014;7
6015;13
6016;14
6017;11
6018;10
6019;9
6020;9
6021;6
6022;3
6023;19
6024;7
6025;13
6026;15
6027;11
6028;15
6029;13
6030;9
6031;9
6032;12
6033;17
6034;10
6035;6
6036;14
6037;14
6038;14
6039;15
6040;8
6041;10
6042;4
6043;10
6044;8
6045;5
6046;8
6047;9
6048;9
6049;11
6050;8
6051;7
6052;9
6053;8
6054;9
6055;6
6056;11
6057;18
6058;11
6059;7
6060;8
6061;8
6062;14
6063;13
6064;11
6065;9
6066;10
6067;12
6068;6
6069;17
6070;10
6071;8
6072;14
6073;10
6074;7
6075;9
6076;9
6077;6
6078;10
6079;12
6080;6
6081;10
6082;7
6083;8
6084;14
6085;9
6086;11
6087;7
6088;10
6089;14
6090;3
6091;10
6092;13
6093;14
6094;12
6095;9
6096;8
6097;10
6098;18
6099;4
6100;5
6101;10
6102;4
6103;13
6104;6
6105;11
6106;3
6107;11
6108;12
6109;13
6110;7
6111;9
6112;4
6113;10
6114;6
6115;9
6116;10
6117;13
6118;6
6119;6
6120;10
6121;8
6122;8
6123;8
6124;14
6125;16
6126;11
6127;10
6128;12
6129;10
6130;14
6131;12
6132;6
6133;6
6134;6
6135;14
6136;6
6137;7
6138;10
6139;11
6140;9
6141;8
6142;4
6143;7
6144;10
6145;9
6146;16
6147;8
6148;5
6149;6
6150;7
6151;14
6152;9
6153;7
6154;9
6155;5
6156;11
6157;17
6158;8
6159;6
6160;10
6161;12
6162;7
6163;4
6164;13
6165;6
6166;8
6167;7
6168;12
6169;9
6170;10
6171;10
6172;9
6173;9
6174;11
6175;4
6176;16
6177;12
6178;16
6179;15
6180;10
6181;13
6182;13
6183;15
6184;11
6185;11
6186;18
6187;15
6188;14
6189;8
6190;4
6191;11
6192;12
6193;11
6194;12
6195;11
6196;5
6197;4
6198;10
6199;9
6200;2
6201;4
6202;10
6203;4
6204;9
6205;7
6206;8
6207;12
6208;4
6209;4
6210;13
6211;6
6212;9
6213;4
6214;11
6215;9
6216;5
6217;6
6218;8
6219;9
6220;12
6221;8
6222;8
6223;9
6224;8
6225;6
6226;8
6227;7
6228;6
6229;9
6230;7
6231;9
6232;7
6233;4
6234;8
6235;10
6236;9
6237;12
6238;5
6239;11
6240;9
6241;10
6242;12
6243;12
6244;11
6245;1
6246;13
6247;9
6248;3
6249;10
6250;7
6251;11
6252;6
6253;4
6254;4
6255;9
6256;6
6257;7
6258;9
6259;7
6260;11
6261;7
6262;9
6263;7
6264;5
6265;8
6266;6
6267;5
6268;6
6269;12
6270;4
6271;3
6272;6
6273;3
6274;13
6275;7
6276;5
6277;7
6278;10
6279;11
6280;14
6281;6
6282;5
6283;6
6284;5
6285;5
6286;12
6287;4
6288;10
6289;7
6290;7
6291;7
6292;7
6293;9
6294;3
6295;11
6296;6
6297;6
6298;11
6299;8
6300;5
6301;7
6302;6
6303;7
6304;9
6305;4
6306;11
6307;0
6308;6
6309;6
6310;7
6311;6
6312;8
6313;3
6314;5
6315;6
6316;7
6317;10
6318;5
6319;9
6320;9
6321;9
6322;4
6323;11
6324;3
6325;5
6326;9
6327;3
6328;6
6329;2
6330;5
6331;9
6332;6
6333;6
6334;5
6335;6
6336;5
6337;4
6338;6
6339;11
6340;4
6341;8
6342;6
6343;6
6344;6
6345;4
6346;7
6347;0
6348;1
6349;4
6350;7
6351;10
6352;5
6353;3
6354;7
6355;3
6356;6
6357;5
6358;5
6359;5
6360;4
6361;4
6362;8
6363;6
6364;8
6365;6
6366;8
6367;5
6368;5
6369;4
6370;4
6371;2
6372;2
6373;5
6374;9
6375;6
6376;6
6377;8
6378;7
6379;6
6380;5
6381;3
6382;7
6383;7
6384;3
6385;9
6386;5
6387;4
6388;3
6389;4
6390;6
6391;7
6392;10
6393;7
6394;9
6395;6
6396;9
6397;4
6398;9
6399;5
6400;6
6401;4
6402;5
6403;6
6404;6
6405;6
6406;8
6407;9
6408;8
6409;18
6410;9
6411;4
6412;12
6413;11
6414;13
6415;10
6416;15
6417;15
6418;20
6419;20
6420;33
6421;28
6422;23
6423;33
6424;31
6425;36
6426;54
6427;53
6428;46
6429;41
6430;30
6431;25
6432;41
6433;18
6434;11
6435;11
6436;10
6437;6
6438;4
6439;9
6440;1
6441;4
6442;6
6443;5
6444;9
6445;5
6446;5
6447;3
6448;8
6449;9
6450;4
6451;7
6452;1
6453;8
6454;1
6455;8
6456;4
6457;7
6458;4
6459;2
6460;4
6461;8
6462;5
6463;1
6464;4
6465;6
6466;4
6467;3
6468;4
6469;3
6470;2
6471;6
6472;1
6473;3
6474;3
6475;5
6476;4
6477;7
6478;2
6479;4
6480;2
6481;4
6482;11
6483;4
6484;3
6485;3
6486;3
6487;3
6488;2
6489;6
6490;4
6491;4
6492;4
6493;7
6494;5
6495;2
6496;4
6497;7
6498;3
6499;6
6500;4
6501;5
6502;2
6503;6
6504;0
6505;5
6506;6
6507;3
6508;5
6509;7
6510;5
6511;5
6512;5
6513;2
6514;6
6515;5
6516;6
6517;1
6518;0
6519;3
6520;3
6521;0
6522;3
6523;2
6524;4
6525;4
6526;2
6527;2
6528;4
6529;6
6530;2
6531;5
6532;4
6533;2
6534;0
6535;3
6536;2
6537;2
6538;5
6539;5
6540;4
6541;3
6542;3
6543;6
6544;3
6545;2
6546;3
6547;7
6548;5
6549;1
6550;9
6551;2
6552;1
6553;7
6554;4
6555;3
6556;3
6557;3
6558;7
6559;1
6560;5
6561;4
6562;3
6563;4
6564;5
6565;5
6566;6
6567;5
6568;0
6569;5
6570;3
6571;1
6572;1
6573;2
6574;4
6575;2
6576;3
6577;0
6578;2
6579;1
6580;4
6581;3
6582;9
6583;5
6584;3
6585;2
6586;7
6587;3
6588;3
6589;3
6590;3
6591;3
6592;4
6593;4
6594;5
6595;7
6596;1
6597;5
6598;2
6599;1
6600;3
6601;1
6602;4
6603;3
6604;2
6605;4
6606;3
6607;6
6608;3
6609;7
6610;6
6611;2
6612;1
6613;5
6614;8
6615;7
6616;5
6617;2
6618;4
6619;2
6620;3
6621;1
6622;0
6623;8
6624;4
6625;2
6626;1
6627;3
6628;2
6629;4
6630;3
6631;3
6632;7
6633;7
6634;5
6635;1
6636;2
6637;2
6638;7
6639;5
6640;3
6641;1
6642;3
6643;0
6644;5
6645;3
6646;2
6647;5
6648;3
6649;4
6650;4
6651;3
6652;4
6653;4
6654;3
6655;2
6656;3
6657;2
6658;2
6659;1
6660;4
6661;3
6662;1
6663;2
6664;2
6665;3
6666;2
6667;1
6668;3
6669;0
6670;3
6671;4
6672;1
6673;4
6674;2
6675;2
6676;1
6677;2
6678;5
6679;4
6680;0
6681;4
6682;2
6683;5
6684;3
6685;1
6686;1
6687;3
6688;4
6689;3
6690;1
6691;3
6692;2
6693;0
6694;0
6695;0
6696;4
6697;0
6698;2
6699;0
6700;1
6701;2
6702;3
6703;6
6704;3
6705;3
6706;5
6707;2
6708;2
6709;0
6710;5
6711;7
6712;4
6713;3
6714;2
6715;2
6716;5
6717;0
6718;4
6719;3
6720;5
6721;4
6722;4
6723;5
6724;3
6725;3
6726;4
6727;2
6728;1
6729;2
6730;3
6731;4
6732;1
6733;3
6734;3
6735;2
6736;6
6737;5
6738;1
6739;0
6740;4
6741;6
6742;1
6743;2
6744;4
6745;1
6746;4
6747;4
6748;4
6749;4
6750;6
6751;5
6752;5
6753;3
6754;4
6755;3
6756;2
6757;2
6758;6
6759;1
6760;2
6761;3
6762;0
6763;3
6764;1
6765;2
6766;4
6767;2
6768;3
6769;3
6770;2
6771;3
6772;3
6773;0
6774;3
6775;2
6776;2
6777;1
6778;2
6779;5
6780;2
6781;2
6782;2
6783;3
6784;3
6785;2
6786;6
6787;0
6788;5
6789;0
6790;4
6791;3
6792;0
6793;1
6794;0
6795;6
6796;3
6797;2
6798;1
6799;0
6800;1
6801;4
6802;4
6803;1
6804;0
6805;3
6806;0
6807;4
6808;0
6809;1
6810;2
6811;2
6812;2
6813;5
6814;6
6815;3
6816;1
6817;2
6818;5
6819;5
6820;3
6821;2
6822;2
6823;3
6824;1
6825;1
6826;5
6827;2
6828;2
6829;0
6830;0
6831;3
6832;1
6833;2
6834;3
6835;1
6836;4
6837;2
6838;6
6839;2
6840;1
6841;3
6842;2
6843;1
6844;3
6845;5
6846;3
6847;1
6848;2
6849;2
6850;2
6851;1
6852;0
6853;2
6854;4
6855;0
6856;2
6857;1
6858;1
6859;7
6860;4
6861;3
6862;4
6863;2
6864;3
6865;2
6866;3
6867;3
6868;2
6869;2
6870;2
6871;3
6872;4
6873;4
6874;1
6875;2
6876;5
6877;3
6878;0
6879;1
6880;2
6881;3
6882;2
6883;3
6884;1
6885;3
6886;0
6887;8
6888;0
6889;1
6890;1
6891;3
6892;4
6893;8
6894;6
6895;2
6896;2
6897;2
6898;3
6899;3
6900;3
6901;2
6902;5
6903;2
6904;4
6905;5
6906;2
6907;3
6908;3
6909;3
6910;2
6911;4
6912;3
6913;1
6914;0
6915;7
6916;3
6917;3
6918;2
6919;3
6920;6
6921;5
6922;5
6923;4
6924;4
6925;9
6926;6
6927;9
6928;8
6929;5
6930;8
6931;8
6932;11
6933;12
6934;6
6935;9
6936;14
6937;11
6938;12
6939;9
6940;17
6941;12
6942;22
6943;19
6944;16
6945;23
6946;23
6947;34
6948;32
6949;37
6950;46
6951;56
6952;59
6953;65
6954;95
6955;103
6956;136
6957;144
6958;175
6959;185
6960;249
6961;257
6962;302
6963;323
6964;354
6965;395
6966;420
6967;438
6968;439
6969;452
6970;431
6971;366
6972;341
6973;264
6974;187
6975;178
6976;109
6977;66
6978;45
6979;35
6980;18
6981;14
6982;8
6983;5
6984;6
6985;3
6986;4
6987;2
6988;3
6989;2
6990;2
6991;1
6992;1
6993;2
6994;2
6995;0
6996;3
6997;1
6998;0
6999;2
7000;3
7001;1
7002;1
7003;0
7004;3
7005;6
7006;3
7007;3
7008;0
7009;1
7010;2
7011;2
7012;1
7013;3
7014;1
7015;2
7016;0
7017;0
7018;3
7019;1
7020;4
7021;0
7022;2
7023;0
7024;0
7025;1
7026;2
7027;2
7028;1
7029;0
7030;1
7031;2
7032;0
7033;2
7034;0
7035;1
7036;0
7037;2
7038;0
7039;3
7040;0
7041;0
7042;1
7043;0
7044;2
7045;1
7046;1
7047;0
7048;0
7049;3
7050;1
7051;0
7052;1
7053;0
7054;1
7055;2
7056;1
7057;0
7058;1
7059;1
7060;1
7061;0
7062;0
7063;0
7064;0
7065;2
7066;0
7067;3
7068;1
7069;0
7070;1
7071;0
7072;0
7073;1
7074;2
7075;0
7076;1
7077;1
7078;2
7079;1
7080;0
7081;0
7082;1
7083;1
7084;1
7085;0
7086;1
7087;1
7088;1
7089;0
7090;3
7091;2
7092;2
7093;0
7094;0
7095;0
7096;0
7097;2
7098;1
7099;2
7100;0
7101;0
7102;2
7103;0
7104;1
7105;1
7106;0
7107;1
7108;0
7109;1
7110;0
7111;0
7112;1
7113;0
7114;0
7115;0
7116;0
7117;1
7118;1
7119;1
7120;1
7121;0
7122;0
7123;0
7124;0
7125;0
7126;1
7127;0
7128;1
7129;0
7130;2
7131;1
7132;0
7133;0
7134;1
7135;0
7136;0
7137;0
7138;1
7139;2
7140;0
7141;0
7142;1
7143;2
7144;2
7145;0
7146;1
7147;0
7148;1
7149;0
7150;1
7151;1
7152;0
7153;0
7154;1
7155;2
7156;1
7157;1
7158;0
7159;0
7160;1
7161;2
7162;1
7163;1
7164;0
7165;1
7166;0
7167;0
7168;1
7169;1
7170;1
7171;0
7172;1
7173;2
7174;1
7175;2
7176;1
7177;0
7178;0
7179;1
7180;2
7181;3
7182;1
7183;0
7184;0
7185;1
7186;2
7187;1
7188;3
7189;0
7190;0
7191;2
7192;2
7193;1
7194;1
7195;1
7196;2
7197;1
7198;5
7199;4
7200;4
7201;8
7202;6
7203;5
7204;8
7205;6
7206;8
7207;8
7208;10
7209;12
7210;12
7211;20
7212;14
7213;12
7214;13
7215;19
7216;18
7217;10
7218;15
7219;20
7220;19
7221;16
7222;18
7223;24
7224;20
7225;29
7226;28
7227;21
7228;20
7229;42
7230;30
7231;24
7232;18
7233;23
7234;22
7235;14
7236;9
7237;9
7238;6
7239;4
7240;1
7241;3
7242;2
7243;2
7244;1
7245;0
7246;1
7247;2
7248;0
7249;2
7250;0
7251;2
7252;0
7253;0
7254;0
7255;1
7256;0
7257;2
7258;0
7259;3
7260;1
7261;2
7262;1
7263;0
7264;0
7265;0
7266;0
7267;0
7268;4
7269;0
7270;0
7271;0
7272;0
7273;1
7274;0
7275;0
7276;0
7277;0
7278;0
7279;0
7280;2
7281;0
7282;1
7283;0
7284;0
7285;0
7286;0
7287;0
7288;0
7289;1
7290;2
7291;1
7292;1
7293;0
7294;0
7295;0
7296;0
7297;0
7298;1
7299;0
7300;3
7301;0
7302;1
7303;1
7304;0
7305;0
7306;0
7307;0
7308;0
7309;0
7310;1
7311;0
7312;1
7313;1
7314;0
7315;0
7316;0
7317;1
7318;0
7319;1
7320;0
7321;0
7322;0
7323;0
7324;0
7325;0
7326;1
7327;1
7328;1
7329;1
7330;0
7331;1
7332;0
7333;0
7334;0
7335;0
7336;0
7337;1
7338;0
7339;1
7340;0
7341;0
7342;0
7343;0
7344;1
7345;0
7346;0
7347;2
7348;0
7349;0
7350;1
7351;0
7352;1
7353;0
7354;0
7355;0
7356;0
7357;0
7358;0
7359;1
7360;0
7361;0
7362;0
7363;0
7364;1
7365;1
7366;0
7367;0
7368;0
7369;0
7370;0
7371;1
7372;0
7373;0
7374;0
7375;0
7376;1
7377;0
7378;0
7379;1
7380;0
7381;0
7382;0
7383;0
7384;0
7385;0
7386;0
7387;0
7388;1
7389;0
7390;1
7391;0
7392;0
7393;2
7394;0
7395;0
7396;1
7397;1
7398;0
7399;1
7400;0
7401;0
7402;0
7403;0
7404;1
7405;0
7406;1
7407;1
7408;0
7409;0
7410;0
7411;0
7412;1
7413;1
7414;0
7415;0
7416;0
7417;1
7418;0
7419;0
7420;0
7421;2
7422;0
7423;0
7424;0
7425;0
7426;1
7427;2
7428;0
7429;1
7430;0
7431;0
7432;1
7433;0
7434;0
7435;0
7436;0
7437;0
7438;0
7439;0
7440;2
7441;0
7442;0
7443;2
7444;1
7445;0
7446;0
7447;0
7448;0
7449;0
7450;1
7451;2
7452;0
7453;0
7454;1
7455;1
7456;0
7457;0
7458;0
7459;0
7460;1
7461;0
7462;0
7463;0
7464;2
7465;0
7466;1
7467;0
7468;0
7469;0
7470;2
7471;1
7472;2
7473;0
7474;1
7475;1
7476;0
7477;2
7478;1
7479;0
7480;1
7481;1
7482;0
7483;0
7484;2
7485;1
7486;0
7487;1
7488;0
7489;1
7490;0
7491;1
7492;0
7493;1
7494;0
7495;0
7496;0
7497;0
7498;0
7499;1
7500;1
7501;0
7502;0
7503;0
7504;0
7505;2
7506;0
7507;0
7508;1
7509;0
7510;0
7511;0
7512;0
7513;0
7514;1
7515;0
7516;0
7517;0
7518;1
7519;1
7520;0
7521;0
7522;0
7523;1
7524;2
7525;0
7526;1
7527;0
7528;0
7529;0
7530;0
7531;1
7532;2
7533;2
7534;1
7535;0
7536;1
7537;0
7538;0
7539;0
7540;0
7541;1
7542;0
7543;1
7544;0
7545;1
7546;2
7547;2
7548;2
7549;1
7550;0
7551;0
7552;3
7553;2
7554;3
7555;1
7556;4
7557;1
7558;4
7559;2
7560;8
7561;9
7562;8
7563;5
7564;7
7565;8
7566;4
7567;4
7568;5
7569;2
7570;4
7571;1
7572;1
7573;1
7574;2
7575;0
7576;0
7577;1
7578;1
7579;0
7580;1
7581;0
7582;0
7583;0
7584;1
7585;0
7586;0
7587;0
7588;0
7589;0
7590;0
7591;1
7592;0
7593;1
7594;1
7595;1
7596;0
7597;0
7598;0
7599;0
7600;2
7601;0
7602;0
7603;1
7604;0
7605;0
7606;1
7607;1
7608;1
7609;1
7610;2
7611;0
7612;1
7613;0
7614;0
7615;0
7616;0
7617;0
7618;2
7619;0
7620;0
7621;0
7622;0
7623;1
7624;0
7625;0
7626;3
7627;1
7628;0
7629;1
7630;1
7631;0
7632;1
7633;0
7634;0
7635;0
7636;1
7637;1
7638;1
7639;0
7640;0
7641;0
7642;0
7643;0
7644;2
7645;0
7646;1
7647;0
7648;0
7649;0
7650;1
7651;0
7652;1
7653;0
7654;0
7655;0
7656;0
7657;0
7658;0
7659;0
7660;0
7661;0
7662;1
7663;0
7664;0
7665;0
7666;0
7667;1
7668;0
7669;1
7670;1
7671;0
7672;0
7673;0
7674;1
7675;0
7676;0
7677;0
7678;0
7679;0
7680;1
7681;1
7682;0
7683;1
7684;0
7685;0
7686;1
7687;0
7688;1
7689;0
7690;0
7691;0
7692;1
7693;1
7694;1
7695;0
7696;0
7697;1
7698;2
7699;0
7700;0
7701;0
7702;0
7703;1
7704;0
7705;0
7706;0
7707;0
7708;0
7709;1
7710;1
7711;0
7712;0
7713;1
7714;0
7715;1
7716;0
7717;0
7718;0
7719;1
7720;1
7721;0
7722;0
7723;0
7724;0
7725;1
7726;0
7727;0
7728;1
7729;0
7730;0
7731;0
7732;0
7733;0
7734;1
7735;0
7736;0
7737;0
7738;0
7739;1
7740;0
7741;0
7742;0
7743;0
7744;2
7745;1
7746;0
7747;1
7748;0
7749;0
7750;0
7751;1
7752;1
7753;0
7754;0
7755;0
7756;1
7757;1
7758;0
7759;1
7760;0
7761;0
7762;0
7763;0
7764;0
7765;1
7766;0
7767;0
7768;1
7769;0
7770;0
7771;0
7772;2
7773;1
7774;0
7775;0
7776;0
7777;1
7778;0
7779;0
7780;0
7781;0
7782;0
7783;0
7784;0
7785;1
7786;0
7787;1
7788;1
7789;0
7790;0
7791;0
7792;0
7793;0
7794;0
7795;0
7796;0
7797;0
7798;0
7799;2
7800;0
7801;0
7802;1
7803;0
7804;0
7805;0
7806;2
7807;0
7808;0
7809;0
7810;1
7811;0
7812;0
7813;1
7814;1
7815;0
7816;0
7817;1
7818;0
7819;0
7820;0
7821;0
7822;0
7823;0
7824;1
7825;0
7826;0
7827;0
7828;0
7829;0
7830;0
7831;0
7832;0
7833;1
7834;0
7835;0
7836;0
7837;0
7838;0
7839;1
7840;0
7841;0
7842;1
7843;0
7844;1
7845;0
7846;1
7847;0
7848;1
7849;1
7850;0
7851;0
7852;3
7853;1
7854;1
7855;0
7856;0
7857;0
7858;1
7859;0
7860;0
7861;0
7862;0
7863;2
7864;0
7865;0
7866;0
7867;0
7868;1
7869;1
7870;1
7871;0
7872;0
7873;2
7874;0
7875;1
7876;1
7877;2
7878;0
7879;1
7880;1
7881;0
7882;2
7883;1
7884;0
7885;1
7886;3
7887;1
7888;0
7889;1
7890;1
7891;0
7892;1
7893;0
7894;0
7895;0
7896;0
7897;0
7898;0
7899;0
7900;0
7901;1
7902;0
7903;0
7904;0
7905;1
7906;0
7907;0
7908;0
7909;1
7910;0
7911;2
7912;1
7913;0
7914;0
7915;2
7916;0
7917;0
7918;0
7919;1
7920;0
7921;0
7922;1
7923;0
7924;1
7925;0
7926;0
7927;1
7928;0
7929;0
7930;0
7931;0
7932;0
7933;0
7934;1
7935;1
7936;0
7937;0
7938;0
7939;0
7940;0
7941;1
7942;2
7943;2
7944;0
7945;0
7946;0
7947;0
7948;0
7949;0
7950;0
7951;1
7952;0
7953;0
7954;2
7955;0
7956;0
7957;0
7958;1
7959;0
7960;0
7961;2
7962;0
7963;0
7964;0
7965;0
7966;2
7967;0
7968;0
7969;0
7970;0
7971;1
7972;0
7973;1
7974;0
7975;0
7976;0
7977;0
7978;1
7979;0
7980;0
7981;1
7982;0
7983;1
7984;0
7985;1
7986;0
7987;0
7988;1
7989;0
7990;0
7991;0
7992;1
7993;0
7994;0
7995;0
7996;0
7997;0
7998;0
7999;0
8000;0
8001;0
8002;0
8003;0
8004;1
8005;1
8006;0
8007;0
8008;0
8009;1
8010;0
8011;0
8012;0
8013;1
8014;0
8015;0
8016;2
8017;0
8018;2
8019;0
8020;0
8021;0
8022;0
8023;0
8024;0
8025;0
8026;1
8027;1
8028;2
8029;0
8030;0
8031;1
8032;0
8033;0
8034;0
8035;1
8036;0
8037;1
8038;1
8039;0
8040;0
8041;0
8042;0
8043;0
8044;0
8045;0
8046;1
8047;1
8048;0
8049;1
8050;0
8051;0
8052;0
8053;0
8054;0
8055;0
8056;0
8057;0
8058;0
8059;0
8060;0
8061;1
8062;1
8063;2
8064;1
8065;1
8066;0
8067;1
8068;1
8069;1
8070;0
8071;0
8072;0
8073;0
8074;1
8075;1
8076;1
8077;1
8078;0
8079;1
8080;0
8081;0
8082;0
8083;0
8084;0
8085;0
8086;1
8087;1
8088;1
8089;0
8090;0
8091;1
8092;0
8093;0
8094;0
8095;1
8096;1
8097;0
8098;0
8099;0
8100;1
8101;0
8102;0
8103;0
8104;1
8105;0
8106;1
8107;0
8108;1
8109;0
8110;0
8111;0
8112;0
8113;0
8114;0
8115;0
8116;0
8117;0
8118;0
8119;1
8120;0
8121;0
8122;1
8123;0
8124;2
8125;0
8126;0
8127;0
8128;0
8129;1
8130;0
8131;1
8132;0
8133;0
8134;1
8135;1
8136;0
8137;0
8138;0
8139;0
8140;0
8141;0
8142;0
8143;0
8144;1
8145;0
8146;0
8147;0
8148;0
8149;0
8150;0
8151;0
8152;0
8153;0
8154;0
8155;0
8156;0
8157;0
8158;0
8159;0
8160;0
8161;0
8162;0
8163;0
8164;0
8165;0
8166;0
8167;0
8168;0
8169;0
8170;0
8171;0
8172;0
8173;0
8174;0
8175;0
8176;0
8177;0
8178;0
8179;0
8180;0
8181;0
8182;0
8183;0
8184;0
8185;0
8186;0
8187;0
8188;0
8189;0
8190;0
8191;0
