0;1
1;0
2;0
3;0
4;1
5;0
6;0
7;0
8;0
9;0
10;0
11;1
12;0
13;0
14;0
15;0
16;0
17;0
18;0
19;1
20;0
21;0
22;0
23;0
24;1
25;1
26;0
27;0
28;0
29;1
30;1
31;0
32;0
33;0
34;0
35;0
36;0
37;0
38;0
39;0
40;0
41;1
42;0
43;1
44;0
45;0
46;3
47;0
48;2
49;2
50;4
51;2
52;1
53;1
54;3
55;0
56;1
57;2
58;1
59;2
60;2
61;2
62;2
63;2
64;2
65;2
66;2
67;2
68;2
69;1
70;3
71;1
72;6
73;1
74;4
75;9
76;4
77;12
78;112
79;237
80;316
81;304
82;339
83;319
84;323
85;316
86;274
87;278
88;273
89;261
90;259
91;273
92;261
93;259
94;237
95;238
96;220
97;229
98;217
99;200
100;220
101;203
102;216
103;214
104;204
105;218
106;233
107;205
108;273
109;213
110;214
111;238
112;228
113;250
114;264
115;256
116;261
117;302
118;286
119;315
120;290
121;354
122;371
123;369
124;371
125;388
126;391
127;452
128;469
129;479
130;483
131;502
132;530
133;568
134;520
135;585
136;622
137;627
138;639
139;678
140;660
141;694
142;720
143;745
144;809
145;767
146;777
147;856
148;838
149;925
150;908
151;945
152;984
153;1039
154;1001
155;1060
156;1079
157;1197
158;1197
159;1225
160;1374
161;1308
162;1466
163;1490
164;1518
165;1590
166;1681
167;1738
168;1850
169;1910
170;1946
171;2085
172;2216
173;2258
174;2281
175;2382
176;2491
177;2522
178;2675
179;2659
180;2765
181;2710
182;2755
183;2888
184;3071
185;2989
186;2907
187;3037
188;2952
189;3034
190;3103
191;2986
192;3046
193;2905
194;2944
195;2870
196;2755
197;2773
198;2717
199;2695
200;2590
201;2604
202;2485
203;2376
204;2337
205;2222
206;2262
207;2063
208;2064
209;1931
210;2037
211;1909
212;1846
213;1669
214;1669
215;1656
216;1511
217;1547
218;1456
219;1471
220;1337
221;1297
222;1248
223;1190
224;1140
225;1103
226;1112
227;1098
228;954
229;989
230;926
231;928
232;849
233;835
234;886
235;826
236;792
237;729
238;716
239;680
240;618
241;637
242;665
243;565
244;632
245;593
246;582
247;590
248;510
249;561
250;514
251;517
252;511
253;519
254;491
255;507
256;495
257;495
258;498
259;461
260;498
261;463
262;453
263;474
264;520
265;453
266;441
267;459
268;494
269;470
270;486
271;520
272;519
273;500
274;496
275;490
276;509
277;474
278;515
279;527
280;505
281;525
282;523
283;515
284;548
285;507
286;542
287;563
288;569
289;561
290;570
291;570
292;569
293;567
294;576
295;555
296;608
297;580
298;589
299;630
300;604
301;612
302;618
303;628
304;641
305;605
306;629
307;597
308;661
309;615
310;672
311;670
312;617
313;638
314;673
315;681
316;669
317;650
318;689
319;718
320;711
321;676
322;728
323;677
324;740
325;750
326;705
327;774
328;718
329;749
330;725
331;717
332;791
333;775
334;782
335;743
336;794
337;770
338;777
339;804
340;788
341;854
342;796
343;801
344;789
345;788
346;831
347;778
348;764
349;802
350;818
351;803
352;816
353;826
354;880
355;848
356;791
357;806
358;750
359;846
360;876
361;857
362;879
363;828
364;838
365;876
366;897
367;879
368;864
369;913
370;924
371;915
372;898
373;881
374;894
375;911
376;903
377;945
378;954
379;922
380;955
381;946
382;986
383;950
384;935
385;933
386;953
387;920
388;896
389;914
390;938
391;882
392;949
393;972
394;934
395;949
396;922
397;949
398;962
399;948
400;1014
401;1001
402;943
403;1004
404;970
405;979
406;1020
407;1011
408;1024
409;1024
410;1054
411;990
412;977
413;1014
414;1034
415;1032
416;1008
417;1032
418;978
419;1059
420;920
421;1033
422;967
423;1016
424;982
425;940
426;971
427;1103
428;1041
429;946
430;1002
431;966
432;1020
433;998
434;974
435;1003
436;965
437;987
438;977
439;994
440;982
441;1014
442;972
443;1006
444;1023
445;989
446;1050
447;1025
448;1031
449;977
450;972
451;1017
452;990
453;997
454;975
455;1006
456;992
457;1025
458;1007
459;968
460;988
461;959
462;1011
463;996
464;982
465;1048
466;1005
467;1022
468;1059
469;1019
470;997
471;969
472;964
473;985
474;927
475;976
476;1028
477;1022
478;988
479;1019
480;1009
481;1012
482;950
483;1058
484;963
485;936
486;999
487;966
488;996
489;989
490;1000
491;1038
492;1023
493;1051
494;1013
495;1013
496;1078
497;1035
498;1042
499;1071
500;1050
501;1083
502;1027
503;1088
504;1081
505;1080
506;1122
507;1113
508;1132
509;1082
510;1125
511;1205
512;1179
513;1152
514;1217
515;1184
516;1233
517;1212
518;1189
519;1232
520;1204
521;1295
522;1337
523;1355
524;1300
525;1287
526;1322
527;1438
528;1399
529;1424
530;1424
531;1393
532;1461
533;1505
534;1495
535;1520
536;1538
537;1569
538;1491
539;1574
540;1507
541;1581
542;1563
543;1592
544;1598
545;1575
546;1664
547;1705
548;1691
549;1679
550;1709
551;1688
552;1746
553;1735
554;1704
555;1758
556;1703
557;1700
558;1728
559;1726
560;1764
561;1765
562;1755
563;1743
564;1703
565;1758
566;1623
567;1782
568;1628
569;1663
570;1652
571;1704
572;1667
573;1694
574;1646
575;1623
576;1566
577;1595
578;1599
579;1544
580;1529
581;1542
582;1412
583;1404
584;1450
585;1418
586;1450
587;1392
588;1321
589;1333
590;1261
591;1280
592;1240
593;1272
594;1210
595;1187
596;1175
597;1187
598;1108
599;1093
600;1169
601;1102
602;1095
603;1015
604;1062
605;1102
606;993
607;1008
608;963
609;943
610;942
611;913
612;927
613;846
614;885
615;887
616;871
617;821
618;833
619;874
620;806
621;799
622;826
623;739
624;831
625;783
626;769
627;707
628;751
629;725
630;701
631;688
632;690
633;707
634;658
635;721
636;710
637;709
638;671
639;642
640;641
641;605
642;662
643;669
644;624
645;666
646;633
647;612
648;640
649;652
650;604
651;597
652;606
653;596
654;641
655;648
656;605
657;627
658;608
659;592
660;620
661;617
662;631
663;645
664;590
665;594
666;579
667;590
668;620
669;639
670;600
671;607
672;576
673;584
674;621
675;600
676;603
677;582
678;605
679;612
680;568
681;583
682;601
683;574
684;610
685;573
686;588
687;592
688;606
689;587
690;578
691;583
692;608
693;595
694;607
695;569
696;589
697;608
698;594
699;587
700;583
701;585
702;595
703;574
704;568
705;579
706;566
707;560
708;608
709;565
710;589
711;598
712;585
713;563
714;548
715;540
716;579
717;546
718;568
719;503
720;533
721;564
722;542
723;598
724;526
725;576
726;568
727;604
728;565
729;587
730;558
731;569
732;570
733;534
734;563
735;565
736;547
737;556
738;562
739;528
740;568
741;582
742;521
743;542
744;547
745;541
746;575
747;593
748;541
749;583
750;511
751;540
752;563
753;582
754;476
755;504
756;497
757;516
758;536
759;538
760;533
761;525
762;547
763;514
764;497
765;537
766;553
767;523
768;509
769;523
770;552
771;542
772;537
773;499
774;527
775;523
776;547
777;497
778;510
779;497
780;527
781;548
782;526
783;495
784;552
785;521
786;537
787;511
788;552
789;518
790;528
791;540
792;515
793;496
794;474
795;504
796;496
797;526
798;498
799;480
800;512
801;513
802;500
803;498
804;470
805;482
806;479
807;533
808;528
809;523
810;460
811;496
812;454
813;512
814;516
815;496
816;503
817;505
818;457
819;513
820;473
821;465
822;530
823;512
824;461
825;490
826;475
827;457
828;455
829;511
830;476
831;487
832;464
833;449
834;465
835;448
836;505
837;453
838;479
839;480
840;461
841;438
842;483
843;458
844;437
845;479
846;426
847;458
848;464
849;476
850;433
851;445
852;502
853;457
854;459
855;467
856;417
857;465
858;467
859;485
860;466
861;491
862;456
863;459
864;449
865;433
866;444
867;485
868;449
869;444
870;471
871;435
872;474
873;424
874;460
875;483
876;425
877;465
878;451
879;472
880;470
881;430
882;416
883;424
884;451
885;468
886;424
887;415
888;430
889;451
890;440
891;461
892;427
893;446
894;438
895;467
896;469
897;459
898;444
899;428
900;439
901;450
902;410
903;456
904;451
905;431
906;446
907;421
908;470
909;459
910;420
911;432
912;456
913;390
914;412
915;429
916;444
917;443
918;454
919;415
920;440
921;419
922;393
923;444
924;433
925;461
926;424
927;401
928;413
929;447
930;454
931;434
932;470
933;464
934;417
935;451
936;459
937;409
938;389
939;402
940;431
941;404
942;399
943;424
944;430
945;437
946;426
947;449
948;430
949;425
950;431
951;433
952;455
953;425
954;441
955;399
956;343
957;381
958;409
959;386
960;400
961;411
962;403
963;409
964;384
965;414
966;406
967;400
968;409
969;440
970;401
971;405
972;413
973;410
974;386
975;428
976;384
977;396
978;404
979;454
980;426
981;384
982;402
983;412
984;389
985;406
986;384
987;410
988;440
989;398
990;389
991;427
992;431
993;387
994;404
995;415
996;457
997;403
998;391
999;411
1000;411
1001;395
1002;385
1003;414
1004;400
1005;384
1006;417
1007;361
1008;398
1009;408
1010;401
1011;452
1012;412
1013;424
1014;410
1015;443
1016;413
1017;390
1018;367
1019;408
1020;405
1021;425
1022;406
1023;418
1024;390
1025;411
1026;375
1027;405
1028;404
1029;428
1030;397
1031;404
1032;437
1033;437
1034;434
1035;454
1036;510
1037;433
1038;435
1039;399
1040;439
1041;394
1042;377
1043;436
1044;440
1045;431
1046;401
1047;426
1048;484
1049;423
1050;426
1051;407
1052;424
1053;438
1054;472
1055;461
1056;466
1057;406
1058;492
1059;439
1060;454
1061;435
1062;466
1063;491
1064;473
1065;450
1066;474
1067;440
1068;445
1069;483
1070;476
1071;437
1072;419
1073;478
1074;459
1075;474
1076;435
1077;473
1078;499
1079;433
1080;481
1081;400
1082;457
1083;447
1084;455
1085;471
1086;483
1087;443
1088;503
1089;471
1090;476
1091;459
1092;433
1093;443
1094;457
1095;455
1096;438
1097;473
1098;442
1099;446
1100;450
1101;479
1102;466
1103;411
1104;450
1105;437
1106;446
1107;458
1108;459
1109;459
1110;440
1111;474
1112;447
1113;439
1114;395
1115;471
1116;454
1117;427
1118;430
1119;405
1120;427
1121;443
1122;448
1123;424
1124;434
1125;409
1126;409
1127;428
1128;432
1129;411
1130;412
1131;402
1132;424
1133;441
1134;397
1135;415
1136;398
1137;382
1138;392
1139;417
1140;400
1141;390
1142;368
1143;386
1144;360
1145;359
1146;393
1147;381
1148;401
1149;398
1150;377
1151;381
1152;370
1153;369
1154;348
1155;361
1156;377
1157;360
1158;373
1159;379
1160;353
1161;367
1162;342
1163;326
1164;337
1165;337
1166;330
1167;349
1168;345
1169;344
1170;337
1171;336
1172;330
1173;352
1174;316
1175;329
1176;344
1177;315
1178;300
1179;297
1180;304
1181;332
1182;298
1183;311
1184;318
1185;326
1186;297
1187;298
1188;307
1189;294
1190;291
1191;299
1192;303
1193;306
1194;307
1195;288
1196;274
1197;273
1198;286
1199;293
1200;281
1201;282
1202;274
1203;288
1204;307
1205;298
1206;263
1207;267
1208;257
1209;269
1210;268
1211;268
1212;268
1213;268
1214;239
1215;263
1216;252
1217;282
1218;264
1219;260
1220;230
1221;253
1222;257
1223;269
1224;231
1225;260
1226;258
1227;247
1228;267
1229;255
1230;271
1231;245
1232;252
1233;258
1234;249
1235;275
1236;255
1237;276
1238;223
1239;244
1240;264
1241;268
1242;246
1243;237
1244;281
1245;254
1246;243
1247;240
1248;257
1249;240
1250;224
1251;247
1252;242
1253;227
1254;231
1255;242
1256;243
1257;256
1258;248
1259;233
1260;216
1261;244
1262;237
1263;223
1264;236
1265;228
1266;232
1267;243
1268;235
1269;233
1270;246
1271;225
1272;224
1273;248
1274;267
1275;232
1276;232
1277;215
1278;272
1279;222
1280;236
1281;232
1282;245
1283;246
1284;235
1285;261
1286;244
1287;240
1288;221
1289;245
1290;232
1291;231
1292;242
1293;222
1294;251
1295;239
1296;238
1297;252
1298;259
1299;219
1300;223
1301;244
1302;267
1303;229
1304;249
1305;207
1306;223
1307;237
1308;211
1309;222
1310;236
1311;216
1312;219
1313;232
1314;233
1315;227
1316;250
1317;219
1318;246
1319;219
1320;223
1321;234
1322;239
1323;237
1324;242
1325;257
1326;237
1327;224
1328;250
1329;222
1330;221
1331;208
1332;233
1333;213
1334;240
1335;243
1336;230
1337;250
1338;243
1339;225
1340;233
1341;212
1342;211
1343;230
1344;237
1345;235
1346;230
1347;258
1348;246
1349;217
1350;220
1351;181
1352;226
1353;235
1354;203
1355;204
1356;222
1357;247
1358;221
1359;224
1360;223
1361;227
1362;210
1363;216
1364;229
1365;238
1366;213
1367;224
1368;234
1369;220
1370;241
1371;203
1372;209
1373;225
1374;228
1375;208
1376;238
1377;218
1378;224
1379;221
1380;226
1381;219
1382;231
1383;213
1384;222
1385;226
1386;237
1387;217
1388;207
1389;238
1390;234
1391;217
1392;224
1393;201
1394;261
1395;207
1396;213
1397;231
1398;227
1399;204
1400;241
1401;240
1402;229
1403;228
1404;260
1405;234
1406;218
1407;226
1408;225
1409;228
1410;233
1411;254
1412;240
1413;247
1414;246
1415;218
1416;226
1417;270
1418;238
1419;266
1420;240
1421;231
1422;239
1423;258
1424;271
1425;235
1426;245
1427;241
1428;254
1429;252
1430;264
1431;256
1432;281
1433;252
1434;248
1435;232
1436;286
1437;292
1438;269
1439;300
1440;302
1441;293
1442;286
1443;287
1444;292
1445;278
1446;275
1447;264
1448;265
1449;282
1450;295
1451;307
1452;316
1453;317
1454;278
1455;295
1456;306
1457;306
1458;310
1459;334
1460;341
1461;307
1462;329
1463;297
1464;309
1465;353
1466;326
1467;329
1468;326
1469;344
1470;362
1471;362
1472;352
1473;326
1474;357
1475;414
1476;359
1477;363
1478;351
1479;353
1480;333
1481;347
1482;367
1483;396
1484;384
1485;409
1486;413
1487;411
1488;402
1489;371
1490;387
1491;385
1492;378
1493;417
1494;388
1495;362
1496;415
1497;422
1498;417
1499;448
1500;429
1501;440
1502;461
1503;434
1504;445
1505;447
1506;435
1507;466
1508;473
1509;464
1510;449
1511;445
1512;437
1513;424
1514;470
1515;452
1516;452
1517;463
1518;458
1519;476
1520;433
1521;481
1522;456
1523;474
1524;476
1525;500
1526;525
1527;469
1528;504
1529;486
1530;455
1531;464
1532;473
1533;506
1534;489
1535;500
1536;504
1537;499
1538;508
1539;494
1540;510
1541;491
1542;476
1543;465
1544;482
1545;483
1546;498
1547;492
1548;533
1549;492
1550;505
1551;487
1552;513
1553;486
1554;457
1555;455
1556;518
1557;466
1558;492
1559;481
1560;478
1561;494
1562;511
1563;467
1564;477
1565;471
1566;456
1567;473
1568;441
1569;491
1570;515
1571;472
1572;482
1573;496
1574;477
1575;454
1576;469
1577;467
1578;471
1579;475
1580;491
1581;452
1582;469
1583;443
1584;438
1585;442
1586;471
1587;401
1588;421
1589;412
1590;455
1591;379
1592;449
1593;407
1594;436
1595;380
1596;411
1597;426
1598;392
1599;404
1600;412
1601;395
1602;419
1603;404
1604;427
1605;389
1606;376
1607;376
1608;398
1609;399
1610;350
1611;361
1612;360
1613;363
1614;363
1615;390
1616;361
1617;373
1618;367
1619;337
1620;357
1621;344
1622;350
1623;320
1624;330
1625;302
1626;312
1627;322
1628;310
1629;331
1630;313
1631;301
1632;274
1633;301
1634;334
1635;298
1636;307
1637;296
1638;274
1639;259
1640;283
1641;299
1642;265
1643;288
1644;243
1645;284
1646;266
1647;258
1648;226
1649;259
1650;259
1651;263
1652;216
1653;217
1654;271
1655;229
1656;258
1657;220
1658;194
1659;216
1660;221
1661;196
1662;241
1663;204
1664;218
1665;195
1666;213
1667;183
1668;182
1669;212
1670;195
1671;197
1672;184
1673;205
1674;201
1675;191
1676;190
1677;170
1678;188
1679;206
1680;196
1681;198
1682;160
1683;198
1684;188
1685;195
1686;172
1687;178
1688;192
1689;155
1690;147
1691;164
1692;164
1693;144
1694;168
1695;176
1696;167
1697;159
1698;151
1699;148
1700;155
1701;146
1702;156
1703;157
1704;139
1705;146
1706;147
1707;138
1708;139
1709;145
1710;129
1711;135
1712;135
1713;131
1714;148
1715;119
1716;137
1717;137
1718;147
1719;135
1720;154
1721;111
1722;124
1723;132
1724;122
1725;122
1726;150
1727;134
1728;131
1729;139
1730;137
1731;146
1732;123
1733;140
1734;124
1735;140
1736;127
1737;101
1738;135
1739;128
1740;136
1741;137
1742;103
1743;137
1744;116
1745;110
1746;137
1747;123
1748;123
1749;128
1750;114
1751;137
1752;140
1753;122
1754;107
1755;134
1756;110
1757;132
1758;119
1759;116
1760;130
1761;116
1762;117
1763;134
1764;99
1765;100
1766;120
1767;109
1768;116
1769;122
1770;119
1771;136
1772;109
1773;121
1774;128
1775;127
1776;116
1777;103
1778;111
1779;114
1780;106
1781;114
1782;113
1783;112
1784;132
1785;122
1786;117
1787;129
1788;113
1789;126
1790;117
1791;127
1792;138
1793;119
1794;115
1795;109
1796;115
1797;114
1798;105
1799;115
1800;106
1801;125
1802;119
1803;119
1804;118
1805;106
1806;114
1807;113
1808;126
1809;125
1810;138
1811;128
1812;106
1813;106
1814;124
1815;124
1816;121
1817;105
1818;128
1819;100
1820;118
1821;101
1822;122
1823;127
1824;98
1825;130
1826;128
1827;111
1828;107
1829;130
1830;129
1831;112
1832;133
1833;122
1834;102
1835;118
1836;116
1837;121
1838;143
1839;130
1840;127
1841;116
1842;112
1843;123
1844;124
1845;127
1846;117
1847;124
1848;133
1849;108
1850;135
1851;133
1852;116
1853;119
1854;131
1855;129
1856;140
1857;106
1858;120
1859;129
1860;109
1861;126
1862;120
1863;124
1864;122
1865;120
1866;128
1867;126
1868;127
1869;134
1870;112
1871;127
1872;138
1873;115
1874;136
1875;99
1876;124
1877;127
1878;126
1879;122
1880;111
1881;117
1882;143
1883;125
1884;127
1885;103
1886;127
1887;139
1888;122
1889;111
1890;124
1891;130
1892;104
1893;138
1894;118
1895;135
1896;112
1897;116
1898;99
1899;144
1900;116
1901;118
1902;127
1903;128
1904;147
1905;112
1906;91
1907;111
1908;121
1909;127
1910;117
1911;127
1912;121
1913;108
1914;129
1915;108
1916;105
1917;121
1918;125
1919;124
1920;136
1921;133
1922;97
1923;110
1924;119
1925;107
1926;120
1927;115
1928;112
1929;116
1930;113
1931;114
1932;127
1933;131
1934;123
1935;113
1936;102
1937;104
1938;127
1939;106
1940;129
1941;121
1942;113
1943;109
1944;116
1945;120
1946;121
1947;110
1948;110
1949;107
1950;102
1951;110
1952;114
1953;132
1954;121
1955;140
1956;117
1957;120
1958;117
1959;130
1960;118
1961;128
1962;122
1963;127
1964;117
1965;116
1966;109
1967;126
1968;114
1969;126
1970;121
1971;128
1972;126
1973;114
1974;129
1975;117
1976;116
1977;135
1978;127
1979;111
1980;118
1981;110
1982;95
1983;123
1984;120
1985;103
1986;134
1987;120
1988;121
1989;102
1990;110
1991;106
1992;106
1993;109
1994;113
1995;90
1996;111
1997;107
1998;110
1999;114
2000;105
2001;116
2002;115
2003;118
2004;100
2005;118
2006;112
2007;122
2008;109
2009;84
2010;98
2011;103
2012;121
2013;117
2014;110
2015;112
2016;92
2017;105
2018;96
2019;108
2020;124
2021;104
2022;113
2023;119
2024;96
2025;91
2026;96
2027;100
2028;110
2029;96
2030;116
2031;109
2032;114
2033;98
2034;86
2035;103
2036;114
2037;113
2038;119
2039;92
2040;88
2041;98
2042;86
2043;94
2044;97
2045;108
2046;100
2047;106
2048;97
2049;104
2050;111
2051;88
2052;103
2053;94
2054;87
2055;106
2056;97
2057;86
2058;100
2059;91
2060;104
2061;75
2062;96
2063;99
2064;91
2065;104
2066;85
2067;73
2068;98
2069;126
2070;88
2071;85
2072;96
2073;80
2074;94
2075;95
2076;98
2077;84
2078;93
2079;93
2080;84
2081;102
2082;110
2083;83
2084;94
2085;83
2086;93
2087;66
2088;102
2089;90
2090;78
2091;88
2092;99
2093;82
2094;91
2095;86
2096;102
2097;87
2098;86
2099;83
2100;79
2101;104
2102;82
2103;93
2104;84
2105;79
2106;73
2107;93
2108;85
2109;79
2110;108
2111;87
2112;109
2113;97
2114;86
2115;79
2116;96
2117;92
2118;88
2119;84
2120;78
2121;83
2122;99
2123;87
2124;89
2125;68
2126;78
2127;77
2128;104
2129;81
2130;76
2131;85
2132;76
2133;95
2134;85
2135;92
2136;65
2137;94
2138;89
2139;86
2140;84
2141;91
2142;89
2143;109
2144;73
2145;74
2146;81
2147;96
2148;75
2149;87
2150;83
2151;91
2152;88
2153;85
2154;61
2155;78
2156;87
2157;68
2158;68
2159;83
2160;72
2161;82
2162;86
2163;92
2164;100
2165;84
2166;77
2167;90
2168;96
2169;75
2170;84
2171;67
2172;84
2173;61
2174;71
2175;66
2176;79
2177;81
2178;77
2179;85
2180;79
2181;75
2182;68
2183;76
2184;76
2185;87
2186;74
2187;72
2188;67
2189;78
2190;79
2191;85
2192;74
2193;84
2194;74
2195;79
2196;83
2197;78
2198;64
2199;88
2200;88
2201;57
2202;79
2203;77
2204;71
2205;77
2206;60
2207;74
2208;78
2209;68
2210;85
2211;68
2212;79
2213;81
2214;81
2215;75
2216;76
2217;83
2218;71
2219;59
2220;66
2221;73
2222;79
2223;86
2224;71
2225;71
2226;72
2227;72
2228;75
2229;65
2230;84
2231;73
2232;79
2233;65
2234;78
2235;75
2236;71
2237;61
2238;61
2239;72
2240;71
2241;64
2242;80
2243;66
2244;85
2245;78
2246;81
2247;89
2248;72
2249;74
2250;68
2251;78
2252;67
2253;83
2254;77
2255;74
2256;84
2257;70
2258;78
2259;65
2260;75
2261;65
2262;73
2263;73
2264;75
2265;80
2266;85
2267;61
2268;72
2269;65
2270;67
2271;74
2272;90
2273;77
2274;65
2275;76
2276;70
2277;82
2278;87
2279;67
2280;81
2281;60
2282;74
2283;66
2284;64
2285;61
2286;82
2287;58
2288;68
2289;66
2290;63
2291;76
2292;60
2293;79
2294;78
2295;81
2296;81
2297;69
2298;61
2299;83
2300;76
2301;70
2302;71
2303;67
2304;69
2305;77
2306;66
2307;71
2308;69
2309;68
2310;54
2311;82
2312;73
2313;68
2314;65
2315;71
2316;65
2317;56
2318;69
2319;85
2320;71
2321;68
2322;54
2323;61
2324;79
2325;71
2326;59
2327;77
2328;81
2329;74
2330;82
2331;63
2332;64
2333;74
2334;75
2335;65
2336;76
2337;73
2338;60
2339;62
2340;57
2341;67
2342;77
2343;87
2344;79
2345;62
2346;62
2347;75
2348;55
2349;53
2350;61
2351;73
2352;77
2353;56
2354;75
2355;75
2356;65
2357;75
2358;70
2359;68
2360;67
2361;71
2362;83
2363;60
2364;73
2365;73
2366;81
2367;78
2368;64
2369;74
2370;61
2371;73
2372;67
2373;71
2374;84
2375;50
2376;78
2377;76
2378;63
2379;82
2380;78
2381;61
2382;71
2383;62
2384;69
2385;77
2386;65
2387;60
2388;73
2389;70
2390;61
2391;91
2392;63
2393;71
2394;71
2395;69
2396;67
2397;72
2398;63
2399;76
2400;57
2401;84
2402;56
2403;78
2404;63
2405;71
2406;74
2407;60
2408;72
2409;76
2410;67
2411;71
2412;80
2413;70
2414;72
2415;73
2416;74
2417;79
2418;64
2419;68
2420;66
2421;76
2422;74
2423;65
2424;53
2425;67
2426;58
2427;55
2428;71
2429;70
2430;60
2431;71
2432;79
2433;55
2434;76
2435;69
2436;72
2437;63
2438;62
2439;62
2440;77
2441;53
2442;69
2443;63
2444;65
2445;66
2446;71
2447;55
2448;61
2449;78
2450;57
2451;69
2452;50
2453;72
2454;61
2455;70
2456;75
2457;76
2458;53
2459;75
2460;68
2461;69
2462;70
2463;64
2464;69
2465;71
2466;78
2467;63
2468;68
2469;67
2470;63
2471;62
2472;69
2473;65
2474;69
2475;78
2476;55
2477;58
2478;53
2479;63
2480;68
2481;74
2482;62
2483;57
2484;73
2485;64
2486;66
2487;66
2488;68
2489;58
2490;60
2491;61
2492;84
2493;62
2494;71
2495;65
2496;77
2497;67
2498;57
2499;71
2500;63
2501;63
2502;61
2503;75
2504;63
2505;74
2506;68
2507;54
2508;66
2509;57
2510;69
2511;84
2512;65
2513;86
2514;70
2515;73
2516;75
2517;64
2518;60
2519;71
2520;73
2521;61
2522;52
2523;66
2524;75
2525;79
2526;60
2527;87
2528;66
2529;87
2530;65
2531;80
2532;86
2533;75
2534;60
2535;59
2536;63
2537;81
2538;74
2539;72
2540;74
2541;65
2542;71
2543;79
2544;74
2545;68
2546;72
2547;60
2548;70
2549;59
2550;53
2551;78
2552;72
2553;72
2554;68
2555;59
2556;89
2557;75
2558;71
2559;60
2560;81
2561;84
2562;62
2563;68
2564;68
2565;64
2566;75
2567;64
2568;72
2569;68
2570;73
2571;73
2572;70
2573;60
2574;66
2575;67
2576;81
2577;70
2578;75
2579;66
2580;74
2581;71
2582;59
2583;73
2584;58
2585;70
2586;72
2587;67
2588;73
2589;96
2590;71
2591;83
2592;71
2593;68
2594;80
2595;54
2596;63
2597;82
2598;80
2599;67
2600;64
2601;63
2602;66
2603;92
2604;72
2605;72
2606;67
2607;64
2608;79
2609;64
2610;76
2611;69
2612;78
2613;74
2614;63
2615;64
2616;73
2617;58
2618;64
2619;56
2620;78
2621;70
2622;70
2623;72
2624;68
2625;59
2626;66
2627;55
2628;95
2629;55
2630;74
2631;73
2632;67
2633;69
2634;83
2635;75
2636;67
2637;67
2638;71
2639;64
2640;71
2641;64
2642;79
2643;64
2644;66
2645;52
2646;56
2647;65
2648;68
2649;73
2650;70
2651;63
2652;62
2653;70
2654;82
2655;73
2656;61
2657;65
2658;66
2659;81
2660;67
2661;65
2662;67
2663;64
2664;60
2665;54
2666;57
2667;58
2668;74
2669;66
2670;50
2671;78
2672;63
2673;87
2674;63
2675;80
2676;74
2677;59
2678;71
2679;57
2680;61
2681;64
2682;67
2683;64
2684;59
2685;56
2686;65
2687;55
2688;78
2689;57
2690;65
2691;61
2692;77
2693;56
2694;74
2695;65
2696;62
2697;66
2698;66
2699;63
2700;64
2701;65
2702;84
2703;75
2704;54
2705;56
2706;60
2707;77
2708;57
2709;55
2710;63
2711;59
2712;51
2713;60
2714;73
2715;58
2716;64
2717;59
2718;64
2719;52
2720;62
2721;59
2722;66
2723;74
2724;53
2725;61
2726;61
2727;56
2728;61
2729;69
2730;48
2731;67
2732;64
2733;70
2734;66
2735;69
2736;54
2737;68
2738;45
2739;62
2740;51
2741;51
2742;65
2743;58
2744;61
2745;57
2746;58
2747;58
2748;58
2749;55
2750;45
2751;56
2752;55
2753;55
2754;58
2755;61
2756;52
2757;60
2758;66
2759;66
2760;55
2761;57
2762;61
2763;67
2764;55
2765;58
2766;69
2767;59
2768;50
2769;70
2770;48
2771;67
2772;58
2773;43
2774;59
2775;59
2776;66
2777;57
2778;44
2779;37
2780;59
2781;65
2782;47
2783;52
2784;62
2785;46
2786;63
2787;62
2788;48
2789;65
2790;53
2791;47
2792;60
2793;64
2794;51
2795;60
2796;51
2797;57
2798;72
2799;63
2800;58
2801;62
2802;58
2803;46
2804;65
2805;53
2806;48
2807;71
2808;55
2809;64
2810;56
2811;61
2812;53
2813;50
2814;51
2815;54
2816;61
2817;53
2818;46
2819;62
2820;54
2821;46
2822;61
2823;56
2824;60
2825;41
2826;49
2827;57
2828;61
2829;70
2830;67
2831;49
2832;43
2833;47
2834;61
2835;58
2836;45
2837;65
2838;47
2839;56
2840;57
2841;55
2842;48
2843;55
2844;48
2845;51
2846;52
2847;47
2848;45
2849;69
2850;53
2851;51
2852;55
2853;55
2854;56
2855;42
2856;65
2857;56
2858;45
2859;48
2860;64
2861;49
2862;54
2863;45
2864;51
2865;51
2866;57
2867;53
2868;57
2869;65
2870;64
2871;56
2872;45
2873;57
2874;53
2875;47
2876;42
2877;55
2878;44
2879;70
2880;41
2881;51
2882;63
2883;46
2884;57
2885;59
2886;72
2887;59
2888;44
2889;46
2890;71
2891;59
2892;51
2893;50
2894;63
2895;40
2896;55
2897;58
2898;53
2899;65
2900;45
2901;53
2902;50
2903;65
2904;58
2905;55
2906;53
2907;52
2908;57
2909;55
2910;53
2911;41
2912;48
2913;49
2914;42
2915;44
2916;50
2917;65
2918;46
2919;52
2920;54
2921;59
2922;53
2923;60
2924;67
2925;56
2926;59
2927;45
2928;49
2929;60
2930;65
2931;46
2932;45
2933;59
2934;50
2935;60
2936;40
2937;60
2938;66
2939;70
2940;49
2941;50
2942;57
2943;58
2944;42
2945;43
2946;52
2947;59
2948;69
2949;69
2950;63
2951;56
2952;52
2953;55
2954;51
2955;50
2956;52
2957;50
2958;61
2959;49
2960;59
2961;57
2962;51
2963;54
2964;42
2965;47
2966;50
2967;55
2968;45
2969;60
2970;59
2971;61
2972;56
2973;57
2974;48
2975;61
2976;39
2977;60
2978;65
2979;66
2980;56
2981;62
2982;52
2983;50
2984;54
2985;58
2986;56
2987;64
2988;79
2989;47
2990;62
2991;51
2992;73
2993;61
2994;55
2995;59
2996;50
2997;57
2998;62
2999;67
3000;51
3001;51
3002;51
3003;60
3004;49
3005;65
3006;73
3007;67
3008;41
3009;71
3010;53
3011;66
3012;66
3013;63
3014;46
3015;54
3016;58
3017;39
3018;58
3019;58
3020;56
3021;48
3022;59
3023;56
3024;46
3025;52
3026;54
3027;61
3028;48
3029;65
3030;57
3031;60
3032;56
3033;60
3034;62
3035;44
3036;67
3037;60
3038;50
3039;48
3040;58
3041;55
3042;61
3043;52
3044;56
3045;62
3046;57
3047;53
3048;45
3049;66
3050;52
3051;56
3052;61
3053;56
3054;69
3055;53
3056;51
3057;49
3058;60
3059;43
3060;56
3061;46
3062;62
3063;49
3064;47
3065;66
3066;59
3067;67
3068;47
3069;59
3070;55
3071;54
3072;67
3073;64
3074;57
3075;57
3076;59
3077;53
3078;50
3079;54
3080;53
3081;58
3082;50
3083;59
3084;55
3085;62
3086;55
3087;55
3088;41
3089;68
3090;56
3091;65
3092;54
3093;45
3094;70
3095;49
3096;42
3097;54
3098;55
3099;70
3100;57
3101;68
3102;64
3103;65
3104;60
3105;57
3106;69
3107;56
3108;50
3109;47
3110;47
3111;54
3112;54
3113;48
3114;47
3115;58
3116;67
3117;73
3118;62
3119;52
3120;51
3121;64
3122;66
3123;57
3124;48
3125;46
3126;60
3127;50
3128;61
3129;52
3130;55
3131;66
3132;60
3133;48
3134;43
3135;61
3136;57
3137;39
3138;44
3139;47
3140;43
3141;59
3142;47
3143;52
3144;58
3145;58
3146;50
3147;62
3148;57
3149;64
3150;53
3151;42
3152;40
3153;56
3154;53
3155;56
3156;56
3157;49
3158;46
3159;42
3160;58
3161;48
3162;59
3163;44
3164;61
3165;41
3166;60
3167;61
3168;49
3169;46
3170;54
3171;57
3172;57
3173;60
3174;47
3175;48
3176;55
3177;53
3178;59
3179;43
3180;51
3181;67
3182;41
3183;53
3184;50
3185;57
3186;48
3187;42
3188;60
3189;64
3190;59
3191;42
3192;54
3193;59
3194;56
3195;53
3196;55
3197;65
3198;54
3199;60
3200;49
3201;47
3202;38
3203;55
3204;56
3205;53
3206;53
3207;40
3208;48
3209;60
3210;54
3211;52
3212;56
3213;44
3214;55
3215;53
3216;49
3217;50
3218;54
3219;72
3220;60
3221;59
3222;52
3223;63
3224;45
3225;69
3226;58
3227;53
3228;46
3229;59
3230;53
3231;43
3232;45
3233;46
3234;59
3235;43
3236;41
3237;50
3238;56
3239;53
3240;44
3241;52
3242;57
3243;54
3244;69
3245;48
3246;47
3247;53
3248;54
3249;45
3250;64
3251;57
3252;64
3253;63
3254;50
3255;41
3256;47
3257;46
3258;47
3259;50
3260;61
3261;49
3262;59
3263;56
3264;50
3265;64
3266;57
3267;55
3268;48
3269;49
3270;49
3271;60
3272;62
3273;53
3274;64
3275;47
3276;43
3277;52
3278;52
3279;52
3280;47
3281;57
3282;66
3283;60
3284;67
3285;42
3286;62
3287;53
3288;52
3289;52
3290;68
3291;52
3292;65
3293;61
3294;48
3295;55
3296;52
3297;60
3298;56
3299;57
3300;66
3301;55
3302;58
3303;59
3304;49
3305;55
3306;68
3307;65
3308;62
3309;66
3310;53
3311;65
3312;71
3313;66
3314;66
3315;57
3316;69
3317;57
3318;68
3319;57
3320;55
3321;55
3322;60
3323;53
3324;82
3325;60
3326;61
3327;80
3328;77
3329;54
3330;61
3331;73
3332;55
3333;50
3334;56
3335;61
3336;59
3337;70
3338;69
3339;79
3340;69
3341;69
3342;69
3343;70
3344;71
3345;76
3346;80
3347;68
3348;72
3349;68
3350;79
3351;61
3352;85
3353;62
3354;69
3355;73
3356;75
3357;91
3358;69
3359;64
3360;76
3361;73
3362;84
3363;75
3364;72
3365;82
3366;67
3367;81
3368;85
3369;70
3370;71
3371;77
3372;76
3373;90
3374;70
3375;90
3376;89
3377;79
3378;87
3379;90
3380;70
3381;75
3382;70
3383;76
3384;68
3385;76
3386;69
3387;88
3388;81
3389;90
3390;76
3391;80
3392;83
3393;84
3394;68
3395;84
3396;73
3397;76
3398;87
3399;69
3400;82
3401;99
3402;87
3403;77
3404;87
3405;97
3406;85
3407;89
3408;96
3409;73
3410;96
3411;75
3412;105
3413;96
3414;99
3415;88
3416;97
3417;87
3418;91
3419;84
3420;88
3421;84
3422;78
3423;95
3424;82
3425;87
3426;85
3427;93
3428;94
3429;109
3430;94
3431;89
3432;84
3433;78
3434;95
3435;93
3436;101
3437;84
3438;83
3439;80
3440;100
3441;93
3442;76
3443;100
3444;86
3445;92
3446;93
3447;98
3448;115
3449;98
3450;90
3451;92
3452;85
3453;89
3454;90
3455;80
3456;83
3457;103
3458;91
3459;101
3460;89
3461;91
3462;90
3463;88
3464;95
3465;83
3466;97
3467;92
3468;102
3469;112
3470;106
3471;118
3472;101
3473;96
3474;93
3475;84
3476;101
3477;109
3478;86
3479;79
3480;78
3481;93
3482;93
3483;88
3484;90
3485;95
3486;98
3487;88
3488;92
3489;99
3490;103
3491;92
3492;98
3493;93
3494;93
3495;96
3496;103
3497;89
3498;81
3499;87
3500;92
3501;97
3502;96
3503;91
3504;115
3505;85
3506;76
3507;99
3508;83
3509;93
3510;81
3511;108
3512;96
3513;77
3514;86
3515;93
3516;86
3517;73
3518;85
3519;101
3520;88
3521;68
3522;101
3523;93
3524;80
3525;92
3526;87
3527;95
3528;105
3529;98
3530;91
3531;98
3532;85
3533;85
3534;96
3535;87
3536;108
3537;70
3538;79
3539;102
3540;78
3541;88
3542;79
3543;91
3544;81
3545;99
3546;71
3547;90
3548;72
3549;68
3550;80
3551;98
3552;79
3553;82
3554;86
3555;81
3556;83
3557;93
3558;79
3559;80
3560;83
3561;88
3562;76
3563;93
3564;67
3565;82
3566;84
3567;85
3568;86
3569;77
3570;66
3571;78
3572;76
3573;80
3574;66
3575;71
3576;76
3577;61
3578;80
3579;79
3580;79
3581;77
3582;74
3583;70
3584;58
3585;65
3586;66
3587;73
3588;75
3589;92
3590;66
3591;63
3592;73
3593;72
3594;70
3595;68
3596;68
3597;65
3598;73
3599;72
3600;62
3601;58
3602;76
3603;59
3604;85
3605;79
3606;64
3607;60
3608;71
3609;62
3610;53
3611;67
3612;64
3613;60
3614;61
3615;65
3616;67
3617;62
3618;67
3619;52
3620;55
3621;62
3622;54
3623;61
3624;51
3625;54
3626;76
3627;66
3628;54
3629;67
3630;66
3631;59
3632;73
3633;57
3634;66
3635;55
3636;59
3637;42
3638;49
3639;67
3640;57
3641;63
3642;59
3643;68
3644;58
3645;46
3646;59
3647;49
3648;60
3649;59
3650;63
3651;49
3652;55
3653;65
3654;55
3655;56
3656;60
3657;66
3658;48
3659;54
3660;49
3661;53
3662;48
3663;54
3664;56
3665;53
3666;54
3667;58
3668;47
3669;71
3670;53
3671;50
3672;51
3673;45
3674;55
3675;45
3676;40
3677;63
3678;44
3679;45
3680;34
3681;63
3682;58
3683;46
3684;45
3685;57
3686;51
3687;48
3688;53
3689;58
3690;41
3691;55
3692;53
3693;39
3694;57
3695;49
3696;60
3697;45
3698;46
3699;64
3700;44
3701;50
3702;47
3703;43
3704;40
3705;67
3706;43
3707;58
3708;51
3709;55
3710;48
3711;67
3712;37
3713;57
3714;43
3715;42
3716;46
3717;44
3718;56
3719;42
3720;47
3721;30
3722;54
3723;57
3724;38
3725;56
3726;57
3727;49
3728;45
3729;42
3730;39
3731;59
3732;47
3733;38
3734;51
3735;40
3736;47
3737;31
3738;41
3739;58
3740;42
3741;47
3742;52
3743;48
3744;47
3745;47
3746;41
3747;48
3748;34
3749;43
3750;33
3751;43
3752;36
3753;53
3754;45
3755;46
3756;47
3757;44
3758;51
3759;52
3760;37
3761;57
3762;53
3763;46
3764;39
3765;45
3766;51
3767;51
3768;53
3769;50
3770;50
3771;48
3772;56
3773;46
3774;39
3775;50
3776;60
3777;49
3778;41
3779;46
3780;45
3781;52
3782;40
3783;39
3784;60
3785;45
3786;40
3787;48
3788;56
3789;45
3790;34
3791;47
3792;40
3793;46
3794;45
3795;43
3796;41
3797;39
3798;37
3799;62
3800;46
3801;48
3802;41
3803;47
3804;42
3805;53
3806;54
3807;51
3808;39
3809;52
3810;36
3811;42
3812;41
3813;60
3814;50
3815;50
3816;41
3817;41
3818;50
3819;36
3820;52
3821;50
3822;37
3823;48
3824;52
3825;54
3826;47
3827;52
3828;55
3829;47
3830;43
3831;44
3832;52
3833;54
3834;55
3835;49
3836;52
3837;51
3838;52
3839;45
3840;52
3841;32
3842;54
3843;52
3844;42
3845;50
3846;47
3847;44
3848;49
3849;77
3850;45
3851;49
3852;47
3853;43
3854;53
3855;47
3856;63
3857;49
3858;30
3859;58
3860;42
3861;40
3862;45
3863;52
3864;44
3865;46
3866;52
3867;51
3868;43
3869;41
3870;50
3871;46
3872;60
3873;57
3874;47
3875;42
3876;43
3877;44
3878;44
3879;48
3880;43
3881;51
3882;52
3883;51
3884;42
3885;52
3886;40
3887;63
3888;42
3889;53
3890;40
3891;44
3892;39
3893;39
3894;44
3895;39
3896;49
3897;48
3898;43
3899;54
3900;56
3901;48
3902;59
3903;44
3904;55
3905;36
3906;45
3907;41
3908;49
3909;51
3910;55
3911;55
3912;43
3913;51
3914;54
3915;48
3916;40
3917;54
3918;33
3919;39
3920;47
3921;47
3922;35
3923;47
3924;43
3925;44
3926;56
3927;41
3928;47
3929;47
3930;45
3931;38
3932;47
3933;41
3934;41
3935;34
3936;42
3937;33
3938;37
3939;53
3940;38
3941;41
3942;45
3943;33
3944;45
3945;55
3946;36
3947;38
3948;40
3949;52
3950;56
3951;39
3952;39
3953;47
3954;49
3955;48
3956;50
3957;37
3958;32
3959;35
3960;35
3961;43
3962;35
3963;31
3964;48
3965;36
3966;53
3967;45
3968;40
3969;51
3970;42
3971;39
3972;36
3973;52
3974;53
3975;42
3976;43
3977;33
3978;48
3979;42
3980;42
3981;39
3982;43
3983;49
3984;32
3985;35
3986;47
3987;43
3988;42
3989;25
3990;34
3991;40
3992;39
3993;38
3994;45
3995;40
3996;30
3997;36
3998;43
3999;35
4000;43
4001;34
4002;43
4003;40
4004;31
4005;49
4006;37
4007;48
4008;44
4009;35
4010;40
4011;44
4012;43
4013;32
4014;38
4015;47
4016;35
4017;46
4018;37
4019;35
4020;41
4021;36
4022;43
4023;42
4024;42
4025;54
4026;46
4027;40
4028;48
4029;40
4030;29
4031;34
4032;44
4033;29
4034;45
4035;38
4036;39
4037;40
4038;40
4039;42
4040;44
4041;47
4042;39
4043;43
4044;33
4045;37
4046;34
4047;51
4048;35
4049;41
4050;41
4051;41
4052;42
4053;43
4054;40
4055;37
4056;48
4057;44
4058;36
4059;35
4060;32
4061;36
4062;38
4063;48
4064;49
4065;35
4066;42
4067;43
4068;40
4069;32
4070;36
4071;55
4072;49
4073;53
4074;42
4075;28
4076;48
4077;45
4078;37
4079;47
4080;46
4081;32
4082;37
4083;24
4084;37
4085;39
4086;45
4087;49
4088;44
4089;39
4090;41
4091;34
4092;57
4093;52
4094;39
4095;42
4096;47
4097;58
4098;45
4099;44
4100;46
4101;40
4102;54
4103;47
4104;41
4105;41
4106;40
4107;38
4108;39
4109;40
4110;38
4111;51
4112;44
4113;39
4114;32
4115;54
4116;46
4117;47
4118;46
4119;45
4120;36
4121;51
4122;43
4123;49
4124;56
4125;57
4126;45
4127;44
4128;47
4129;53
4130;49
4131;50
4132;61
4133;49
4134;46
4135;48
4136;39
4137;45
4138;60
4139;44
4140;51
4141;52
4142;42
4143;51
4144;47
4145;52
4146;52
4147;42
4148;53
4149;45
4150;40
4151;48
4152;46
4153;48
4154;48
4155;46
4156;51
4157;50
4158;57
4159;46
4160;66
4161;51
4162;70
4163;62
4164;49
4165;69
4166;56
4167;49
4168;63
4169;56
4170;54
4171;53
4172;52
4173;65
4174;43
4175;67
4176;54
4177;60
4178;52
4179;68
4180;54
4181;60
4182;56
4183;78
4184;49
4185;62
4186;55
4187;61
4188;67
4189;57
4190;69
4191;58
4192;54
4193;47
4194;60
4195;56
4196;55
4197;59
4198;58
4199;56
4200;66
4201;64
4202;44
4203;48
4204;64
4205;61
4206;67
4207;68
4208;68
4209;49
4210;56
4211;62
4212;56
4213;61
4214;68
4215;59
4216;58
4217;75
4218;67
4219;63
4220;83
4221;82
4222;52
4223;64
4224;58
4225;64
4226;70
4227;75
4228;50
4229;48
4230;73
4231;60
4232;58
4233;63
4234;63
4235;62
4236;61
4237;74
4238;62
4239;64
4240;61
4241;72
4242;62
4243;75
4244;52
4245;65
4246;66
4247;60
4248;72
4249;73
4250;65
4251;67
4252;79
4253;76
4254;74
4255;69
4256;68
4257;68
4258;77
4259;66
4260;77
4261;61
4262;64
4263;62
4264;67
4265;74
4266;85
4267;70
4268;70
4269;76
4270;70
4271;71
4272;56
4273;72
4274;68
4275;62
4276;67
4277;73
4278;76
4279;65
4280;78
4281;85
4282;73
4283;59
4284;63
4285;73
4286;72
4287;67
4288;68
4289;80
4290;70
4291;56
4292;80
4293;62
4294;87
4295;59
4296;78
4297;67
4298;73
4299;69
4300;60
4301;77
4302;74
4303;62
4304;51
4305;65
4306;57
4307;77
4308;68
4309;83
4310;68
4311;68
4312;67
4313;76
4314;60
4315;68
4316;81
4317;72
4318;78
4319;67
4320;67
4321;64
4322;57
4323;69
4324;59
4325;76
4326;72
4327;76
4328;78
4329;72
4330;65
4331;66
4332;56
4333;45
4334;78
4335;73
4336;69
4337;62
4338;60
4339;78
4340;72
4341;74
4342;63
4343;56
4344;68
4345;58
4346;78
4347;66
4348;68
4349;43
4350;50
4351;61
4352;61
4353;73
4354;68
4355;59
4356;61
4357;55
4358;54
4359;64
4360;59
4361;65
4362;74
4363;69
4364;61
4365;55
4366;59
4367;67
4368;67
4369;57
4370;57
4371;70
4372;42
4373;64
4374;56
4375;55
4376;59
4377;56
4378;55
4379;59
4380;77
4381;45
4382;54
4383;56
4384;76
4385;67
4386;61
4387;54
4388;62
4389;52
4390;62
4391;61
4392;72
4393;61
4394;60
4395;57
4396;53
4397;55
4398;59
4399;44
4400;50
4401;68
4402;59
4403;69
4404;58
4405;52
4406;43
4407;61
4408;42
4409;50
4410;43
4411;51
4412;49
4413;54
4414;46
4415;70
4416;67
4417;44
4418;47
4419;49
4420;53
4421;44
4422;52
4423;53
4424;56
4425;51
4426;38
4427;41
4428;47
4429;58
4430;53
4431;59
4432;44
4433;42
4434;49
4435;46
4436;60
4437;48
4438;34
4439;38
4440;46
4441;46
4442;48
4443;42
4444;44
4445;41
4446;51
4447;54
4448;48
4449;41
4450;46
4451;41
4452;48
4453;43
4454;38
4455;41
4456;35
4457;45
4458;37
4459;41
4460;43
4461;33
4462;55
4463;41
4464;51
4465;39
4466;43
4467;38
4468;35
4469;49
4470;26
4471;40
4472;35
4473;38
4474;45
4475;39
4476;47
4477;49
4478;43
4479;33
4480;35
4481;29
4482;35
4483;27
4484;42
4485;41
4486;38
4487;39
4488;31
4489;32
4490;28
4491;44
4492;42
4493;34
4494;30
4495;35
4496;34
4497;39
4498;36
4499;39
4500;39
4501;35
4502;40
4503;35
4504;17
4505;48
4506;29
4507;30
4508;39
4509;39
4510;39
4511;39
4512;28
4513;29
4514;34
4515;31
4516;22
4517;33
4518;33
4519;43
4520;41
4521;29
4522;15
4523;36
4524;27
4525;27
4526;33
4527;34
4528;34
4529;30
4530;27
4531;40
4532;28
4533;31
4534;40
4535;26
4536;19
4537;28
4538;28
4539;32
4540;35
4541;35
4542;33
4543;30
4544;29
4545;22
4546;23
4547;26
4548;37
4549;35
4550;26
4551;35
4552;33
4553;25
4554;26
4555;28
4556;25
4557;33
4558;29
4559;29
4560;36
4561;29
4562;33
4563;49
4564;31
4565;28
4566;34
4567;28
4568;26
4569;21
4570;22
4571;32
4572;27
4573;25
4574;31
4575;27
4576;36
4577;33
4578;21
4579;30
4580;27
4581;21
4582;32
4583;30
4584;32
4585;37
4586;30
4587;25
4588;28
4589;22
4590;31
4591;31
4592;44
4593;25
4594;33
4595;19
4596;20
4597;28
4598;34
4599;40
4600;23
4601;36
4602;34
4603;38
4604;27
4605;28
4606;40
4607;34
4608;33
4609;30
4610;30
4611;27
4612;29
4613;30
4614;31
4615;51
4616;45
4617;31
4618;31
4619;33
4620;31
4621;38
4622;23
4623;38
4624;32
4625;36
4626;32
4627;38
4628;36
4629;22
4630;32
4631;35
4632;32
4633;27
4634;38
4635;37
4636;28
4637;27
4638;42
4639;27
4640;32
4641;29
4642;30
4643;42
4644;38
4645;35
4646;35
4647;31
4648;30
4649;37
4650;35
4651;30
4652;29
4653;31
4654;29
4655;44
4656;38
4657;40
4658;32
4659;26
4660;34
4661;30
4662;33
4663;30
4664;33
4665;42
4666;42
4667;35
4668;29
4669;33
4670;46
4671;40
4672;29
4673;41
4674;41
4675;42
4676;30
4677;44
4678;44
4679;23
4680;42
4681;35
4682;47
4683;46
4684;46
4685;34
4686;52
4687;46
4688;41
4689;38
4690;35
4691;51
4692;46
4693;40
4694;43
4695;48
4696;40
4697;40
4698;55
4699;46
4700;43
4701;43
4702;37
4703;47
4704;46
4705;38
4706;57
4707;51
4708;43
4709;62
4710;51
4711;38
4712;35
4713;47
4714;54
4715;45
4716;39
4717;47
4718;42
4719;42
4720;64
4721;51
4722;40
4723;49
4724;43
4725;54
4726;60
4727;55
4728;43
4729;54
4730;57
4731;52
4732;52
4733;57
4734;49
4735;43
4736;52
4737;55
4738;57
4739;53
4740;46
4741;53
4742;53
4743;66
4744;55
4745;54
4746;57
4747;55
4748;64
4749;61
4750;47
4751;45
4752;62
4753;78
4754;45
4755;58
4756;57
4757;52
4758;56
4759;56
4760;53
4761;56
4762;50
4763;55
4764;64
4765;60
4766;64
4767;56
4768;60
4769;61
4770;72
4771;55
4772;58
4773;67
4774;55
4775;65
4776;50
4777;61
4778;42
4779;51
4780;56
4781;80
4782;57
4783;64
4784;64
4785;51
4786;65
4787;72
4788;66
4789;62
4790;60
4791;53
4792;64
4793;57
4794;59
4795;59
4796;71
4797;73
4798;65
4799;81
4800;76
4801;72
4802;91
4803;76
4804;63
4805;73
4806;78
4807;66
4808;65
4809;56
4810;65
4811;50
4812;74
4813;67
4814;65
4815;82
4816;88
4817;77
4818;77
4819;70
4820;62
4821;66
4822;69
4823;79
4824;68
4825;84
4826;74
4827;71
4828;64
4829;70
4830;76
4831;72
4832;62
4833;76
4834;76
4835;88
4836;67
4837;73
4838;77
4839;95
4840;59
4841;85
4842;64
4843;65
4844;61
4845;77
4846;81
4847;65
4848;73
4849;62
4850;72
4851;65
4852;83
4853;89
4854;65
4855;83
4856;60
4857;67
4858;85
4859;78
4860;72
4861;85
4862;76
4863;68
4864;80
4865;78
4866;61
4867;73
4868;69
4869;66
4870;66
4871;66
4872;73
4873;78
4874;94
4875;82
4876;76
4877;84
4878;85
4879;62
4880;77
4881;79
4882;79
4883;74
4884;68
4885;80
4886;91
4887;62
4888;77
4889;69
4890;71
4891;73
4892;70
4893;81
4894;71
4895;74
4896;82
4897;70
4898;80
4899;80
4900;73
4901;72
4902;72
4903;85
4904;76
4905;80
4906;79
4907;80
4908;96
4909;77
4910;75
4911;86
4912;80
4913;71
4914;74
4915;76
4916;91
4917;68
4918;60
4919;81
4920;72
4921;70
4922;75
4923;74
4924;80
4925;76
4926;55
4927;81
4928;78
4929;87
4930;76
4931;65
4932;93
4933;88
4934;86
4935;65
4936;50
4937;76
4938;75
4939;93
4940;90
4941;81
4942;77
4943;78
4944;76
4945;82
4946;77
4947;68
4948;77
4949;67
4950;69
4951;71
4952;73
4953;69
4954;54
4955;78
4956;70
4957;64
4958;56
4959;52
4960;87
4961;65
4962;58
4963;64
4964;83
4965;67
4966;66
4967;68
4968;70
4969;85
4970;90
4971;69
4972;68
4973;79
4974;61
4975;72
4976;64
4977;70
4978;67
4979;61
4980;63
4981;64
4982;80
4983;64
4984;57
4985;59
4986;60
4987;71
4988;57
4989;68
4990;68
4991;69
4992;67
4993;62
4994;66
4995;66
4996;63
4997;57
4998;64
4999;61
5000;56
5001;65
5002;67
5003;81
5004;70
5005;57
5006;67
5007;41
5008;62
5009;74
5010;63
5011;59
5012;59
5013;58
5014;36
5015;68
5016;62
5017;70
5018;55
5019;69
5020;72
5021;47
5022;50
5023;56
5024;60
5025;52
5026;53
5027;49
5028;46
5029;73
5030;51
5031;59
5032;49
5033;72
5034;47
5035;67
5036;53
5037;73
5038;52
5039;54
5040;57
5041;50
5042;46
5043;53
5044;54
5045;62
5046;53
5047;36
5048;64
5049;49
5050;48
5051;51
5052;43
5053;66
5054;43
5055;42
5056;33
5057;44
5058;53
5059;53
5060;53
5061;47
5062;46
5063;50
5064;54
5065;55
5066;57
5067;47
5068;60
5069;34
5070;46
5071;43
5072;37
5073;42
5074;50
5075;45
5076;45
5077;37
5078;33
5079;45
5080;52
5081;53
5082;44
5083;43
5084;62
5085;49
5086;40
5087;33
5088;33
5089;40
5090;45
5091;38
5092;33
5093;31
5094;37
5095;46
5096;41
5097;36
5098;36
5099;37
5100;26
5101;43
5102;36
5103;44
5104;52
5105;38
5106;35
5107;49
5108;33
5109;35
5110;46
5111;35
5112;23
5113;32
5114;50
5115;47
5116;35
5117;45
5118;35
5119;25
5120;23
5121;28
5122;40
5123;23
5124;39
5125;30
5126;30
5127;34
5128;35
5129;28
5130;25
5131;32
5132;38
5133;35
5134;37
5135;35
5136;34
5137;18
5138;38
5139;34
5140;28
5141;36
5142;31
5143;23
5144;28
5145;37
5146;30
5147;32
5148;23
5149;28
5150;18
5151;29
5152;26
5153;35
5154;25
5155;42
5156;33
5157;23
5158;30
5159;32
5160;24
5161;28
5162;24
5163;27
5164;23
5165;28
5166;27
5167;24
5168;29
5169;27
5170;27
5171;33
5172;17
5173;27
5174;24
5175;31
5176;24
5177;27
5178;28
5179;28
5180;21
5181;29
5182;16
5183;20
5184;44
5185;26
5186;20
5187;15
5188;22
5189;18
5190;18
5191;23
5192;29
5193;23
5194;16
5195;15
5196;19
5197;19
5198;26
5199;22
5200;20
5201;23
5202;13
5203;22
5204;11
5205;24
5206;18
5207;18
5208;19
5209;22
5210;29
5211;28
5212;20
5213;17
5214;21
5215;23
5216;24
5217;19
5218;17
5219;13
5220;23
5221;16
5222;15
5223;14
5224;16
5225;17
5226;18
5227;20
5228;26
5229;25
5230;18
5231;19
5232;16
5233;13
5234;19
5235;23
5236;16
5237;21
5238;17
5239;24
5240;21
5241;20
5242;18
5243;25
5244;27
5245;9
5246;22
5247;7
5248;17
5249;16
5250;21
5251;21
5252;18
5253;15
5254;23
5255;12
5256;17
5257;21
5258;12
5259;22
5260;13
5261;19
5262;21
5263;19
5264;20
5265;19
5266;10
5267;15
5268;19
5269;17
5270;15
5271;14
5272;20
5273;15
5274;19
5275;22
5276;16
5277;18
5278;20
5279;16
5280;13
5281;13
5282;13
5283;14
5284;26
5285;12
5286;22
5287;13
5288;14
5289;8
5290;12
5291;13
5292;17
5293;11
5294;11
5295;17
5296;13
5297;14
5298;13
5299;16
5300;16
5301;23
5302;9
5303;13
5304;22
5305;18
5306;13
5307;11
5308;10
5309;14
5310;11
5311;17
5312;10
5313;10
5314;16
5315;15
5316;23
5317;12
5318;25
5319;11
5320;16
5321;14
5322;9
5323;17
5324;14
5325;16
5326;12
5327;11
5328;12
5329;15
5330;13
5331;15
5332;15
5333;17
5334;23
5335;15
5336;15
5337;8
5338;6
5339;16
5340;22
5341;13
5342;7
5343;14
5344;19
5345;12
5346;13
5347;6
5348;16
5349;10
5350;8
5351;7
5352;12
5353;12
5354;9
5355;10
5356;10
5357;12
5358;10
5359;12
5360;7
5361;11
5362;12
5363;21
5364;13
5365;13
5366;15
5367;14
5368;13
5369;25
5370;22
5371;13
5372;12
5373;21
5374;16
5375;15
5376;14
5377;13
5378;9
5379;12
5380;15
5381;13
5382;10
5383;17
5384;9
5385;10
5386;10
5387;8
5388;14
5389;16
5390;13
5391;5
5392;12
5393;9
5394;9
5395;8
5396;12
5397;18
5398;17
5399;10
5400;15
5401;11
5402;8
5403;8
5404;11
5405;11
5406;12
5407;17
5408;13
5409;7
5410;7
5411;15
5412;7
5413;14
5414;13
5415;15
5416;13
5417;24
5418;13
5419;16
5420;14
5421;8
5422;18
5423;11
5424;7
5425;10
5426;16
5427;11
5428;19
5429;14
5430;7
5431;10
5432;10
5433;16
5434;19
5435;15
5436;6
5437;9
5438;16
5439;10
5440;13
5441;10
5442;17
5443;13
5444;16
5445;11
5446;9
5447;12
5448;8
5449;14
5450;18
5451;10
5452;9
5453;5
5454;5
5455;20
5456;15
5457;12
5458;16
5459;13
5460;12
5461;11
5462;6
5463;15
5464;7
5465;15
5466;14
5467;13
5468;11
5469;11
5470;12
5471;14
5472;12
5473;10
5474;7
5475;11
5476;8
5477;6
5478;11
5479;5
5480;8
5481;12
5482;13
5483;12
5484;10
5485;11
5486;10
5487;10
5488;6
5489;9
5490;14
5491;5
5492;10
5493;9
5494;11
5495;6
5496;12
5497;12
5498;13
5499;8
5500;16
5501;15
5502;14
5503;9
5504;8
5505;12
5506;12
5507;12
5508;12
5509;16
5510;8
5511;7
5512;4
5513;7
5514;10
5515;13
5516;10
5517;12
5518;15
5519;12
5520;7
5521;6
5522;7
5523;8
5524;13
5525;10
5526;11
5527;6
5528;8
5529;14
5530;10
5531;10
5532;8
5533;5
5534;5
5535;6
5536;10
5537;12
5538;11
5539;7
5540;13
5541;13
5542;9
5543;12
5544;8
5545;9
5546;5
5547;11
5548;14
5549;11
5550;5
5551;13
5552;11
5553;11
5554;13
5555;5
5556;13
5557;9
5558;11
5559;10
5560;8
5561;6
5562;11
5563;10
5564;9
5565;8
5566;14
5567;10
5568;8
5569;8
5570;12
5571;7
5572;7
5573;12
5574;2
5575;11
5576;8
5577;8
5578;20
5579;11
5580;11
5581;7
5582;7
5583;14
5584;6
5585;9
5586;7
5587;7
5588;6
5589;13
5590;6
5591;11
5592;14
5593;14
5594;13
5595;10
5596;8
5597;11
5598;4
5599;9
5600;7
5601;8
5602;17
5603;12
5604;2
5605;8
5606;15
5607;8
5608;9
5609;7
5610;11
5611;6
5612;6
5613;9
5614;7
5615;8
5616;4
5617;10
5618;9
5619;14
5620;8
5621;13
5622;11
5623;13
5624;14
5625;8
5626;5
5627;10
5628;6
5629;7
5630;9
5631;9
5632;6
5633;6
5634;9
5635;8
5636;8
5637;7
5638;7
5639;10
5640;9
5641;7
5642;4
5643;9
5644;7
5645;7
5646;8
5647;8
5648;14
5649;9
5650;7
5651;6
5652;6
5653;10
5654;10
5655;8
5656;6
5657;16
5658;7
5659;13
5660;9
5661;12
5662;10
5663;11
5664;11
5665;9
5666;10
5667;10
5668;14
5669;10
5670;8
5671;7
5672;10
5673;9
5674;13
5675;11
5676;8
5677;11
5678;9
5679;16
5680;5
5681;6
5682;8
5683;16
5684;9
5685;8
5686;14
5687;9
5688;6
5689;7
5690;11
5691;6
5692;17
5693;12
5694;4
5695;11
5696;9
5697;8
5698;9
5699;11
5700;8
5701;11
5702;7
5703;12
5704;13
5705;15
5706;7
5707;8
5708;10
5709;8
5710;5
5711;7
5712;10
5713;4
5714;6
5715;10
5716;9
5717;16
5718;11
5719;3
5720;7
5721;6
5722;18
5723;10
5724;11
5725;11
5726;13
5727;9
5728;7
5729;10
5730;15
5731;10
5732;11
5733;8
5734;4
5735;10
5736;8
5737;10
5738;7
5739;9
5740;11
5741;9
5742;8
5743;6
5744;8
5745;10
5746;7
5747;5
5748;9
5749;10
5750;11
5751;9
5752;11
5753;11
5754;8
5755;11
5756;4
5757;10
5758;9
5759;13
5760;13
5761;8
5762;10
5763;11
5764;7
5765;12
5766;6
5767;10
5768;10
5769;9
5770;3
5771;8
5772;10
5773;8
5774;8
5775;6
5776;12
5777;9
5778;9
5779;9
5780;14
5781;12
5782;13
5783;6
5784;8
5785;14
5786;8
5787;12
5788;8
5789;6
5790;5
5791;5
5792;15
5793;9
5794;9
5795;11
5796;7
5797;8
5798;1
5799;11
5800;12
5801;10
5802;17
5803;8
5804;5
5805;8
5806;16
5807;11
5808;13
5809;8
5810;16
5811;8
5812;8
5813;9
5814;11
5815;17
5816;7
5817;8
5818;10
5819;17
5820;6
5821;6
5822;9
5823;7
5824;10
5825;6
5826;7
5827;6
5828;13
5829;9
5830;8
5831;8
5832;7
5833;8
5834;17
5835;8
5836;6
5837;12
5838;15
5839;11
5840;5
5841;8
5842;4
5843;4
5844;12
5845;7
5846;12
5847;8
5848;10
5849;6
5850;5
5851;10
5852;8
5853;11
5854;11
5855;8
5856;8
5857;8
5858;15
5859;10
5860;6
5861;7
5862;8
5863;10
5864;5
5865;10
5866;11
5867;11
5868;10
5869;5
5870;14
5871;12
5872;12
5873;7
5874;8
5875;7
5876;10
5877;4
5878;6
5879;13
5880;7
5881;8
5882;13
5883;13
5884;12
5885;13
5886;12
5887;9
5888;9
5889;13
5890;7
5891;10
5892;16
5893;6
5894;13
5895;9
5896;16
5897;8
5898;8
5899;12
5900;10
5901;12
5902;11
5903;8
5904;15
5905;12
5906;6
5907;8
5908;10
5909;4
5910;9
5911;11
5912;12
5913;15
5914;9
5915;13
5916;8
5917;9
5918;11
5919;12
5920;15
5921;10
5922;11
5923;8
5924;17
5925;8
5926;10
5927;3
5928;10
5929;9
5930;12
5931;7
5932;10
5933;13
5934;17
5935;12
5936;10
5937;13
5938;12
5939;13
5940;12
5941;19
5942;8
5943;8
5944;11
5945;11
5946;15
5947;12
5948;13
5949;14
5950;12
5951;15
5952;16
5953;14
5954;12
5955;18
5956;17
5957;10
5958;17
5959;8
5960;12
5961;22
5962;10
5963;13
5964;6
5965;9
5966;13
5967;10
5968;10
5969;10
5970;11
5971;16
5972;11
5973;20
5974;7
5975;15
5976;14
5977;10
5978;17
5979;10
5980;10
5981;19
5982;11
5983;20
5984;11
5985;18
5986;16
5987;14
5988;16
5989;18
5990;12
5991;17
5992;16
5993;24
5994;16
5995;12
5996;23
5997;10
5998;19
5999;23
6000;24
6001;24
6002;12
6003;15
6004;15
6005;14
6006;18
6007;17
6008;21
6009;18
6010;14
6011;19
6012;13
6013;20
6014;10
6015;15
6016;13
6017;14
6018;33
6019;13
6020;19
6021;18
6022;16
6023;14
6024;17
6025;15
6026;14
6027;21
6028;20
6029;17
6030;18
6031;26
6032;23
6033;28
6034;22
6035;23
6036;34
6037;21
6038;15
6039;27
6040;13
6041;24
6042;31
6043;14
6044;18
6045;25
6046;23
6047;18
6048;24
6049;18
6050;24
6051;15
6052;21
6053;24
6054;23
6055;16
6056;19
6057;30
6058;28
6059;25
6060;30
6061;26
6062;21
6063;39
6064;34
6065;30
6066;24
6067;24
6068;21
6069;25
6070;26
6071;21
6072;20
6073;24
6074;32
6075;22
6076;31
6077;28
6078;15
6079;23
6080;26
6081;24
6082;26
6083;21
6084;30
6085;21
6086;25
6087;31
6088;20
6089;23
6090;34
6091;26
6092;26
6093;30
6094;21
6095;24
6096;38
6097;24
6098;36
6099;44
6100;30
6101;30
6102;20
6103;24
6104;24
6105;32
6106;35
6107;39
6108;32
6109;23
6110;29
6111;44
6112;24
6113;27
6114;25
6115;35
6116;41
6117;34
6118;25
6119;38
6120;31
6121;34
6122;31
6123;29
6124;45
6125;36
6126;35
6127;39
6128;26
6129;33
6130;30
6131;40
6132;32
6133;48
6134;42
6135;34
6136;39
6137;45
6138;37
6139;32
6140;35
6141;29
6142;36
6143;37
6144;36
6145;30
6146;32
6147;37
6148;38
6149;41
6150;35
6151;44
6152;41
6153;38
6154;32
6155;46
6156;41
6157;35
6158;36
6159;24
6160;30
6161;42
6162;35
6163;46
6164;43
6165;38
6166;44
6167;30
6168;34
6169;40
6170;43
6171;42
6172;44
6173;38
6174;45
6175;51
6176;41
6177;41
6178;50
6179;36
6180;41
6181;50
6182;43
6183;46
6184;52
6185;48
6186;41
6187;43
6188;47
6189;32
6190;51
6191;37
6192;45
6193;34
6194;41
6195;32
6196;54
6197;37
6198;45
6199;43
6200;40
6201;46
6202;52
6203;53
6204;42
6205;43
6206;38
6207;44
6208;38
6209;38
6210;45
6211;37
6212;40
6213;42
6214;45
6215;41
6216;37
6217;37
6218;36
6219;37
6220;38
6221;49
6222;43
6223;47
6224;37
6225;36
6226;38
6227;44
6228;47
6229;54
6230;49
6231;43
6232;50
6233;46
6234;35
6235;53
6236;50
6237;50
6238;47
6239;43
6240;48
6241;52
6242;43
6243;45
6244;51
6245;45
6246;49
6247;48
6248;45
6249;47
6250;49
6251;61
6252;53
6253;42
6254;42
6255;41
6256;43
6257;42
6258;41
6259;36
6260;45
6261;59
6262;48
6263;45
6264;37
6265;41
6266;38
6267;39
6268;60
6269;38
6270;44
6271;41
6272;43
6273;48
6274;41
6275;43
6276;37
6277;51
6278;36
6279;34
6280;33
6281;46
6282;64
6283;56
6284;44
6285;55
6286;38
6287;52
6288;44
6289;41
6290;49
6291;46
6292;39
6293;44
6294;59
6295;48
6296;43
6297;46
6298;47
6299;31
6300;44
6301;45
6302;52
6303;51
6304;44
6305;49
6306;52
6307;53
6308;44
6309;53
6310;54
6311;47
6312;39
6313;47
6314;41
6315;30
6316;52
6317;39
6318;41
6319;43
6320;41
6321;45
6322;42
6323;48
6324;49
6325;53
6326;51
6327;46
6328;43
6329;32
6330;58
6331;43
6332;51
6333;44
6334;41
6335;38
6336;50
6337;48
6338;46
6339;43
6340;34
6341;44
6342;45
6343;35
6344;41
6345;35
6346;52
6347;38
6348;47
6349;47
6350;54
6351;50
6352;52
6353;48
6354;26
6355;36
6356;45
6357;42
6358;39
6359;36
6360;46
6361;30
6362;42
6363;33
6364;52
6365;39
6366;44
6367;53
6368;56
6369;44
6370;51
6371;38
6372;42
6373;40
6374;32
6375;31
6376;46
6377;42
6378;38
6379;36
6380;51
6381;39
6382;35
6383;29
6384;35
6385;42
6386;33
6387;29
6388;44
6389;44
6390;38
6391;52
6392;36
6393;31
6394;31
6395;35
6396;41
6397;36
6398;41
6399;35
6400;42
6401;38
6402;45
6403;26
6404;29
6405;23
6406;34
6407;48
6408;39
6409;41
6410;37
6411;43
6412;42
6413;49
6414;32
6415;32
6416;27
6417;28
6418;40
6419;34
6420;36
6421;36
6422;38
6423;25
6424;36
6425;35
6426;45
6427;33
6428;27
6429;32
6430;38
6431;25
6432;33
6433;38
6434;31
6435;42
6436;26
6437;31
6438;34
6439;40
6440;38
6441;29
6442;27
6443;23
6444;32
6445;27
6446;27
6447;34
6448;28
6449;29
6450;28
6451;33
6452;27
6453;34
6454;29
6455;36
6456;31
6457;36
6458;28
6459;30
6460;34
6461;32
6462;22
6463;25
6464;29
6465;20
6466;29
6467;28
6468;26
6469;22
6470;27
6471;23
6472;33
6473;34
6474;21
6475;29
6476;24
6477;26
6478;29
6479;25
6480;25
6481;24
6482;22
6483;25
6484;22
6485;26
6486;25
6487;24
6488;27
6489;24
6490;26
6491;29
6492;27
6493;28
6494;16
6495;28
6496;28
6497;28
6498;25
6499;18
6500;22
6501;17
6502;25
6503;25
6504;22
6505;22
6506;24
6507;21
6508;22
6509;18
6510;23
6511;20
6512;27
6513;20
6514;29
6515;24
6516;22
6517;31
6518;22
6519;25
6520;21
6521;28
6522;21
6523;22
6524;23
6525;24
6526;25
6527;16
6528;24
6529;15
6530;21
6531;22
6532;18
6533;16
6534;16
6535;23
6536;18
6537;20
6538;17
6539;22
6540;27
6541;27
6542;21
6543;16
6544;13
6545;17
6546;21
6547;20
6548;11
6549;21
6550;19
6551;19
6552;21
6553;15
6554;18
6555;12
6556;17
6557;19
6558;21
6559;18
6560;21
6561;15
6562;20
6563;25
6564;30
6565;15
6566;12
6567;23
6568;23
6569;21
6570;16
6571;19
6572;20
6573;16
6574;17
6575;15
6576;15
6577;8
6578;17
6579;23
6580;16
6581;18
6582;17
6583;21
6584;24
6585;17
6586;17
6587;16
6588;12
6589;7
6590;16
6591;16
6592;17
6593;10
6594;7
6595;15
6596;18
6597;8
6598;15
6599;12
6600;11
6601;15
6602;14
6603;10
6604;10
6605;14
6606;15
6607;17
6608;12
6609;19
6610;14
6611;11
6612;18
6613;10
6614;17
6615;10
6616;15
6617;12
6618;21
6619;13
6620;15
6621;12
6622;12
6623;6
6624;16
6625;20
6626;15
6627;13
6628;18
6629;7
6630;12
6631;10
6632;8
6633;13
6634;12
6635;13
6636;13
6637;9
6638;13
6639;13
6640;7
6641;12
6642;12
6643;16
6644;13
6645;8
6646;14
6647;9
6648;11
6649;10
6650;11
6651;8
6652;12
6653;8
6654;11
6655;11
6656;9
6657;10
6658;16
6659;9
6660;6
6661;4
6662;8
6663;5
6664;9
6665;10
6666;10
6667;10
6668;10
6669;14
6670;8
6671;10
6672;5
6673;12
6674;8
6675;10
6676;12
6677;9
6678;10
6679;7
6680;9
6681;9
6682;6
6683;5
6684;1
6685;8
6686;5
6687;10
6688;5
6689;7
6690;13
6691;11
6692;6
6693;6
6694;5
6695;6
6696;7
6697;6
6698;7
6699;10
6700;9
6701;9
6702;8
6703;6
6704;11
6705;5
6706;9
6707;4
6708;10
6709;4
6710;12
6711;11
6712;6
6713;6
6714;8
6715;11
6716;6
6717;6
6718;4
6719;8
6720;3
6721;8
6722;7
6723;4
6724;6
6725;7
6726;4
6727;9
6728;5
6729;6
6730;8
6731;7
6732;5
6733;4
6734;3
6735;5
6736;7
6737;4
6738;4
6739;2
6740;3
6741;8
6742;3
6743;3
6744;7
6745;5
6746;4
6747;5
6748;3
6749;6
6750;8
6751;2
6752;3
6753;5
6754;6
6755;6
6756;2
6757;5
6758;4
6759;7
6760;3
6761;7
6762;1
6763;3
6764;3
6765;5
6766;2
6767;3
6768;1
6769;2
6770;5
6771;6
6772;3
6773;4
6774;4
6775;3
6776;5
6777;4
6778;1
6779;5
6780;7
6781;4
6782;5
6783;2
6784;3
6785;4
6786;5
6787;4
6788;1
6789;4
6790;4
6791;0
6792;4
6793;2
6794;6
6795;2
6796;6
6797;7
6798;6
6799;5
6800;3
6801;4
6802;9
6803;2
6804;8
6805;3
6806;1
6807;2
6808;3
6809;5
6810;4
6811;5
6812;2
6813;3
6814;3
6815;2
6816;2
6817;6
6818;5
6819;4
6820;1
6821;5
6822;1
6823;3
6824;4
6825;2
6826;5
6827;3
6828;4
6829;6
6830;4
6831;7
6832;3
6833;7
6834;6
6835;5
6836;4
6837;1
6838;4
6839;2
6840;0
6841;2
6842;4
6843;2
6844;6
6845;5
6846;7
6847;3
6848;2
6849;0
6850;0
6851;3
6852;0
6853;5
6854;4
6855;2
6856;3
6857;4
6858;3
6859;3
6860;1
6861;0
6862;4
6863;1
6864;7
6865;2
6866;3
6867;4
6868;2
6869;0
6870;3
6871;1
6872;3
6873;1
6874;0
6875;4
6876;3
6877;2
6878;4
6879;5
6880;4
6881;1
6882;6
6883;2
6884;1
6885;3
6886;2
6887;5
6888;2
6889;2
6890;2
6891;2
6892;3
6893;2
6894;1
6895;1
6896;1
6897;3
6898;4
6899;2
6900;5
6901;5
6902;3
6903;1
6904;1
6905;1
6906;3
6907;1
6908;3
6909;0
6910;2
6911;3
6912;1
6913;1
6914;2
6915;4
6916;2
6917;2
6918;1
6919;3
6920;1
6921;4
6922;1
6923;5
6924;1
6925;0
6926;0
6927;1
6928;1
6929;1
6930;2
6931;0
6932;3
6933;3
6934;2
6935;2
6936;3
6937;2
6938;3
6939;3
6940;1
6941;1
6942;1
6943;2
6944;2
6945;4
6946;0
6947;3
6948;2
6949;3
6950;1
6951;4
6952;3
6953;2
6954;1
6955;3
6956;2
6957;3
6958;2
6959;2
6960;0
6961;3
6962;0
6963;1
6964;2
6965;1
6966;1
6967;4
6968;3
6969;0
6970;1
6971;3
6972;1
6973;2
6974;1
6975;2
6976;2
6977;1
6978;2
6979;2
6980;0
6981;1
6982;1
6983;1
6984;1
6985;1
6986;1
6987;0
6988;1
6989;1
6990;0
6991;4
6992;1
6993;1
6994;1
6995;1
6996;6
6997;3
6998;0
6999;3
7000;1
7001;0
7002;0
7003;2
7004;2
7005;1
7006;4
7007;1
7008;1
7009;1
7010;3
7011;2
7012;0
7013;1
7014;3
7015;0
7016;0
7017;0
7018;5
7019;1
7020;2
7021;2
7022;2
7023;1
7024;2
7025;3
7026;3
7027;3
7028;0
7029;2
7030;3
7031;1
7032;1
7033;2
7034;3
7035;2
7036;3
7037;0
7038;2
7039;5
7040;1
7041;2
7042;1
7043;1
7044;3
7045;1
7046;5
7047;2
7048;1
7049;2
7050;2
7051;3
7052;1
7053;1
7054;1
7055;2
7056;1
7057;5
7058;3
7059;0
7060;1
7061;4
7062;1
7063;1
7064;0
7065;4
7066;0
7067;2
7068;1
7069;1
7070;0
7071;3
7072;1
7073;2
7074;2
7075;2
7076;1
7077;0
7078;3
7079;0
7080;2
7081;3
7082;6
7083;2
7084;2
7085;0
7086;2
7087;0
7088;4
7089;2
7090;1
7091;1
7092;2
7093;4
7094;3
7095;1
7096;3
7097;5
7098;1
7099;2
7100;0
7101;1
7102;1
7103;0
7104;0
7105;3
7106;5
7107;1
7108;0
7109;2
7110;2
7111;1
7112;1
7113;2
7114;0
7115;0
7116;1
7117;1
7118;4
7119;5
7120;5
7121;3
7122;0
7123;0
7124;1
7125;2
7126;3
7127;3
7128;1
7129;0
7130;0
7131;0
7132;3
7133;2
7134;1
7135;2
7136;3
7137;0
7138;2
7139;0
7140;1
7141;1
7142;0
7143;3
7144;1
7145;1
7146;1
7147;3
7148;0
7149;3
7150;1
7151;2
7152;1
7153;3
7154;2
7155;0
7156;3
7157;1
7158;0
7159;1
7160;0
7161;1
7162;3
7163;2
7164;2
7165;0
7166;3
7167;1
7168;0
7169;0
7170;2
7171;1
7172;1
7173;2
7174;1
7175;1
7176;0
7177;1
7178;1
7179;2
7180;3
7181;3
7182;4
7183;3
7184;1
7185;1
7186;2
7187;0
7188;1
7189;1
7190;2
7191;1
7192;2
7193;3
7194;1
7195;0
7196;0
7197;2
7198;1
7199;2
7200;1
7201;1
7202;5
7203;0
7204;1
7205;1
7206;0
7207;1
7208;1
7209;3
7210;1
7211;2
7212;1
7213;1
7214;1
7215;0
7216;1
7217;1
7218;2
7219;2
7220;4
7221;2
7222;0
7223;2
7224;4
7225;2
7226;2
7227;2
7228;1
7229;1
7230;2
7231;1
7232;0
7233;1
7234;2
7235;3
7236;1
7237;2
7238;0
7239;2
7240;1
7241;0
7242;2
7243;2
7244;3
7245;1
7246;3
7247;0
7248;2
7249;1
7250;1
7251;3
7252;5
7253;1
7254;1
7255;1
7256;1
7257;3
7258;0
7259;1
7260;3
7261;2
7262;0
7263;1
7264;2
7265;1
7266;2
7267;0
7268;2
7269;1
7270;1
7271;5
7272;0
7273;3
7274;1
7275;0
7276;0
7277;0
7278;0
7279;2
7280;1
7281;1
7282;2
7283;0
7284;1
7285;2
7286;1
7287;2
7288;2
7289;1
7290;2
7291;2
7292;3
7293;1
7294;1
7295;2
7296;2
7297;0
7298;1
7299;0
7300;2
7301;0
7302;1
7303;1
7304;1
7305;1
7306;2
7307;0
7308;2
7309;1
7310;1
7311;2
7312;0
7313;0
7314;0
7315;4
7316;1
7317;0
7318;1
7319;3
7320;0
7321;0
7322;4
7323;1
7324;1
7325;0
7326;2
7327;0
7328;3
7329;0
7330;1
7331;1
7332;0
7333;2
7334;1
7335;2
7336;0
7337;1
7338;1
7339;0
7340;2
7341;0
7342;2
7343;2
7344;1
7345;1
7346;1
7347;0
7348;0
7349;0
7350;0
7351;2
7352;0
7353;0
7354;0
7355;0
7356;2
7357;3
7358;0
7359;1
7360;1
7361;0
7362;0
7363;0
7364;0
7365;2
7366;0
7367;0
7368;0
7369;0
7370;0
7371;1
7372;0
7373;0
7374;0
7375;0
7376;0
7377;0
7378;0
7379;0
7380;0
7381;0
7382;0
7383;0
7384;0
7385;0
7386;0
7387;0
7388;0
7389;0
7390;0
7391;0
7392;0
7393;0
7394;0
7395;0
7396;0
7397;0
7398;0
7399;0
7400;0
7401;0
7402;0
7403;0
7404;0
7405;0
7406;0
7407;0
7408;0
7409;0
7410;0
7411;0
7412;0
7413;0
7414;0
7415;0
7416;0
7417;0
7418;0
7419;0
7420;0
7421;0
7422;0
7423;0
7424;0
7425;0
7426;0
7427;0
7428;0
7429;0
7430;0
7431;0
7432;0
7433;0
7434;0
7435;0
7436;0
7437;0
7438;0
7439;0
7440;0
7441;0
7442;0
7443;0
7444;0
7445;0
7446;0
7447;0
7448;0
7449;0
7450;0
7451;0
7452;0
7453;0
7454;0
7455;0
7456;0
7457;0
7458;0
7459;0
7460;0
7461;0
7462;0
7463;0
7464;0
7465;0
7466;0
7467;0
7468;0
7469;0
7470;0
7471;0
7472;0
7473;0
7474;0
7475;0
7476;0
7477;0
7478;0
7479;0
7480;0
7481;0
7482;0
7483;0
7484;0
7485;0
7486;0
7487;0
7488;0
7489;0
7490;0
7491;0
7492;0
7493;0
7494;0
7495;0
7496;0
7497;0
7498;0
7499;0
7500;0
7501;0
7502;0
7503;0
7504;0
7505;0
7506;0
7507;0
7508;0
7509;0
7510;0
7511;0
7512;0
7513;0
7514;0
7515;0
7516;0
7517;0
7518;0
7519;0
7520;0
7521;0
7522;0
7523;0
7524;0
7525;0
7526;0
7527;0
7528;0
7529;0
7530;0
7531;0
7532;0
7533;0
7534;0
7535;0
7536;0
7537;0
7538;0
7539;0
7540;0
7541;0
7542;0
7543;0
7544;0
7545;0
7546;0
7547;0
7548;0
7549;0
7550;0
7551;0
7552;0
7553;0
7554;0
7555;0
7556;0
7557;0
7558;0
7559;0
7560;0
7561;0
7562;0
7563;0
7564;0
7565;0
7566;0
7567;0
7568;0
7569;0
7570;0
7571;0
7572;0
7573;0
7574;0
7575;0
7576;0
7577;0
7578;0
7579;0
7580;0
7581;0
7582;0
7583;0
7584;0
7585;0
7586;0
7587;0
7588;0
7589;0
7590;0
7591;0
7592;0
7593;0
7594;0
7595;0
7596;0
7597;0
7598;0
7599;0
7600;0
7601;0
7602;0
7603;0
7604;0
7605;0
7606;0
7607;0
7608;0
7609;0
7610;0
7611;0
7612;0
7613;0
7614;0
7615;0
7616;0
7617;0
7618;0
7619;0
7620;0
7621;0
7622;0
7623;0
7624;0
7625;0
7626;0
7627;0
7628;0
7629;0
7630;0
7631;0
7632;0
7633;0
7634;0
7635;0
7636;0
7637;0
7638;0
7639;0
7640;0
7641;0
7642;0
7643;0
7644;0
7645;0
7646;0
7647;0
7648;0
7649;0
7650;0
7651;0
7652;0
7653;0
7654;0
7655;0
7656;0
7657;0
7658;0
7659;0
7660;0
7661;0
7662;0
7663;0
7664;0
7665;0
7666;0
7667;0
7668;0
7669;0
7670;0
7671;0
7672;0
7673;0
7674;0
7675;0
7676;0
7677;0
7678;0
7679;0
7680;0
7681;0
7682;0
7683;0
7684;0
7685;0
7686;0
7687;0
7688;0
7689;0
7690;0
7691;0
7692;0
7693;0
7694;0
7695;0
7696;0
7697;0
7698;0
7699;0
7700;0
7701;0
7702;0
7703;0
7704;0
7705;0
7706;0
7707;0
7708;0
7709;0
7710;0
7711;0
7712;0
7713;0
7714;0
7715;0
7716;0
7717;0
7718;0
7719;0
7720;0
7721;0
7722;0
7723;0
7724;0
7725;0
7726;0
7727;0
7728;0
7729;0
7730;0
7731;0
7732;0
7733;0
7734;0
7735;0
7736;0
7737;0
7738;0
7739;0
7740;0
7741;0
7742;0
7743;0
7744;0
7745;0
7746;0
7747;0
7748;0
7749;0
7750;0
7751;0
7752;0
7753;0
7754;0
7755;0
7756;0
7757;0
7758;0
7759;0
7760;0
7761;0
7762;0
7763;0
7764;0
7765;0
7766;0
7767;0
7768;0
7769;0
7770;0
7771;0
7772;0
7773;0
7774;0
7775;0
7776;0
7777;0
7778;0
7779;0
7780;0
7781;0
7782;0
7783;0
7784;0
7785;0
7786;0
7787;0
7788;0
7789;0
7790;0
7791;0
7792;0
7793;0
7794;0
7795;0
7796;0
7797;0
7798;0
7799;0
7800;0
7801;0
7802;0
7803;0
7804;0
7805;0
7806;0
7807;0
7808;0
7809;0
7810;0
7811;0
7812;0
7813;0
7814;0
7815;0
7816;0
7817;0
7818;0
7819;0
7820;0
7821;0
7822;0
7823;0
7824;0
7825;0
7826;0
7827;0
7828;0
7829;0
7830;0
7831;0
7832;0
7833;0
7834;0
7835;0
7836;0
7837;0
7838;0
7839;0
7840;0
7841;0
7842;0
7843;0
7844;0
7845;0
7846;0
7847;0
7848;0
7849;0
7850;0
7851;0
7852;0
7853;0
7854;0
7855;0
7856;0
7857;0
7858;0
7859;0
7860;0
7861;0
7862;0
7863;0
7864;0
7865;0
7866;0
7867;0
7868;0
7869;0
7870;0
7871;0
7872;0
7873;0
7874;0
7875;0
7876;0
7877;0
7878;0
7879;0
7880;0
7881;0
7882;0
7883;0
7884;0
7885;0
7886;0
7887;0
7888;0
7889;0
7890;0
7891;0
7892;0
7893;0
7894;0
7895;0
7896;0
7897;0
7898;0
7899;0
7900;0
7901;0
7902;0
7903;0
7904;0
7905;0
7906;0
7907;0
7908;0
7909;0
7910;0
7911;0
7912;0
7913;0
7914;0
7915;0
7916;0
7917;0
7918;0
7919;0
7920;0
7921;0
7922;0
7923;0
7924;0
7925;0
7926;0
7927;0
7928;0
7929;0
7930;0
7931;0
7932;0
7933;0
7934;0
7935;0
7936;0
7937;0
7938;0
7939;0
7940;0
7941;0
7942;0
7943;0
7944;0
7945;0
7946;0
7947;0
7948;0
7949;0
7950;0
7951;0
7952;0
7953;0
7954;0
7955;0
7956;0
7957;0
7958;0
7959;0
7960;0
7961;0
7962;0
7963;0
7964;0
7965;0
7966;0
7967;0
7968;0
7969;0
7970;0
7971;0
7972;0
7973;0
7974;0
7975;0
7976;0
7977;0
7978;0
7979;0
7980;0
7981;0
7982;0
7983;0
7984;0
7985;0
7986;0
7987;0
7988;0
7989;0
7990;0
7991;0
7992;0
7993;0
7994;0
7995;0
7996;0
7997;0
7998;0
7999;0
8000;0
8001;0
8002;0
8003;0
8004;0
8005;0
8006;0
8007;0
8008;0
8009;0
8010;0
8011;0
8012;0
8013;0
8014;0
8015;0
8016;0
8017;0
8018;0
8019;0
8020;0
8021;0
8022;0
8023;0
8024;0
8025;0
8026;0
8027;0
8028;0
8029;0
8030;0
8031;0
8032;0
8033;0
8034;0
8035;0
8036;0
8037;0
8038;0
8039;0
8040;0
8041;0
8042;0
8043;0
8044;0
8045;0
8046;0
8047;0
8048;0
8049;0
8050;0
8051;0
8052;0
8053;0
8054;0
8055;0
8056;0
8057;0
8058;0
8059;0
8060;0
8061;0
8062;0
8063;0
8064;0
8065;0
8066;0
8067;0
8068;0
8069;0
8070;0
8071;0
8072;0
8073;0
8074;0
8075;0
8076;0
8077;0
8078;0
8079;0
8080;0
8081;0
8082;0
8083;0
8084;0
8085;0
8086;0
8087;0
8088;0
8089;0
8090;0
8091;0
8092;0
8093;0
8094;0
8095;0
8096;0
8097;0
8098;0
8099;0
8100;0
8101;0
8102;0
8103;0
8104;0
8105;0
8106;0
8107;0
8108;0
8109;0
8110;0
8111;0
8112;0
8113;0
8114;0
8115;0
8116;0
8117;0
8118;0
8119;0
8120;0
8121;0
8122;0
8123;0
8124;0
8125;0
8126;0
8127;0
8128;0
8129;0
8130;0
8131;0
8132;0
8133;0
8134;0
8135;0
8136;0
8137;0
8138;0
8139;0
8140;0
8141;0
8142;0
8143;0
8144;0
8145;0
8146;0
8147;0
8148;0
8149;0
8150;0
8151;0
8152;0
8153;0
8154;0
8155;0
8156;0
8157;0
8158;0
8159;0
8160;0
8161;0
8162;0
8163;0
8164;0
8165;0
8166;0
8167;0
8168;0
8169;0
8170;0
8171;0
8172;0
8173;0
8174;0
8175;0
8176;0
8177;0
8178;0
8179;0
8180;0
8181;0
8182;0
8183;0
8184;0
8185;0
8186;0
8187;0
8188;0
8189;0
8190;0
8191;0
