0;0
1;0
2;0
3;0
4;0
5;0
6;0
7;0
8;0
9;0
10;0
11;0
12;0
13;0
14;0
15;0
16;0
17;0
18;0
19;0
20;0
21;0
22;0
23;0
24;0
25;0
26;0
27;0
28;0
29;0
30;0
31;0
32;0
33;0
34;0
35;0
36;0
37;0
38;0
39;0
40;0
41;0
42;0
43;0
44;0
45;0
46;0
47;0
48;0
49;0
50;0
51;0
52;0
53;0
54;0
55;0
56;0
57;0
58;0
59;0
60;0
61;0
62;0
63;0
64;0
65;0
66;0
67;0
68;0
69;0
70;0
71;0
72;0
73;0
74;0
75;0
76;0
77;0
78;0
79;0
80;0
81;0
82;0
83;0
84;0
85;0
86;0
87;0
88;0
89;0
90;0
91;0
92;0
93;0
94;0
95;0
96;0
97;2
98;10
99;62
100;93
101;115
102;93
103;95
104;102
105;91
106;105
107;100
108;105
109;94
110;87
111;87
112;104
113;86
114;73
115;101
116;92
117;67
118;89
119;106
120;75
121;90
122;89
123;87
124;88
125;94
126;92
127;75
128;104
129;86
130;86
131;113
132;81
133;94
134;96
135;92
136;90
137;99
138;84
139;95
140;101
141;90
142;75
143;89
144;94
145;97
146;92
147;87
148;80
149;90
150;74
151;81
152;89
153;87
154;91
155;74
156;85
157;95
158;88
159;82
160;76
161;73
162;85
163;91
164;82
165;84
166;84
167;85
168;80
169;72
170;68
171;67
172;81
173;80
174;75
175;82
176;76
177;88
178;85
179;74
180;83
181;58
182;56
183;86
184;78
185;73
186;67
187;71
188;57
189;64
190;85
191;78
192;95
193;61
194;64
195;73
196;71
197;49
198;69
199;58
200;75
201;79
202;70
203;58
204;72
205;72
206;65
207;63
208;48
209;66
210;69
211;67
212;59
213;69
214;73
215;70
216;49
217;67
218;51
219;76
220;66
221;54
222;71
223;62
224;57
225;69
226;65
227;47
228;65
229;51
230;63
231;68
232;61
233;57
234;55
235;56
236;65
237;61
238;59
239;57
240;63
241;60
242;53
243;60
244;56
245;59
246;49
247;66
248;57
249;61
250;53
251;57
252;61
253;48
254;58
255;58
256;48
257;43
258;65
259;44
260;60
261;51
262;58
263;61
264;51
265;41
266;47
267;53
268;61
269;71
270;47
271;55
272;56
273;44
274;45
275;48
276;63
277;50
278;54
279;55
280;65
281;43
282;40
283;61
284;54
285;68
286;56
287;45
288;54
289;69
290;43
291;52
292;38
293;46
294;59
295;64
296;40
297;47
298;54
299;45
300;59
301;37
302;55
303;59
304;51
305;39
306;64
307;41
308;50
309;49
310;45
311;44
312;41
313;52
314;60
315;55
316;56
317;49
318;46
319;45
320;44
321;61
322;47
323;66
324;48
325;60
326;52
327;59
328;49
329;47
330;39
331;40
332;44
333;46
334;47
335;40
336;53
337;51
338;37
339;48
340;47
341;48
342;50
343;45
344;50
345;58
346;45
347;41
348;43
349;63
350;44
351;54
352;52
353;49
354;49
355;52
356;43
357;47
358;56
359;67
360;60
361;48
362;60
363;44
364;51
365;47
366;48
367;44
368;48
369;49
370;49
371;43
372;55
373;63
374;60
375;46
376;49
377;50
378;51
379;60
380;47
381;47
382;49
383;46
384;48
385;53
386;56
387;52
388;53
389;44
390;48
391;58
392;48
393;55
394;46
395;54
396;57
397;49
398;62
399;48
400;50
401;49
402;51
403;59
404;61
405;55
406;62
407;35
408;43
409;57
410;50
411;63
412;46
413;49
414;54
415;67
416;53
417;59
418;44
419;58
420;39
421;46
422;47
423;52
424;60
425;55
426;54
427;65
428;45
429;58
430;60
431;52
432;51
433;49
434;62
435;51
436;53
437;52
438;50
439;47
440;46
441;72
442;56
443;51
444;59
445;68
446;60
447;51
448;58
449;65
450;51
451;49
452;59
453;67
454;65
455;44
456;48
457;49
458;62
459;59
460;40
461;61
462;48
463;62
464;42
465;53
466;50
467;60
468;46
469;64
470;38
471;52
472;55
473;62
474;57
475;66
476;50
477;51
478;47
479;58
480;56
481;48
482;51
483;48
484;55
485;51
486;56
487;54
488;46
489;47
490;59
491;55
492;58
493;50
494;47
495;51
496;65
497;55
498;53
499;52
500;50
501;52
502;67
503;46
504;50
505;46
506;54
507;74
508;55
509;54
510;54
511;43
512;66
513;59
514;54
515;57
516;53
517;59
518;50
519;60
520;59
521;57
522;55
523;54
524;45
525;49
526;54
527;55
528;72
529;57
530;59
531;53
532;69
533;65
534;57
535;63
536;51
537;46
538;51
539;55
540;53
541;53
542;54
543;61
544;59
545;60
546;60
547;54
548;52
549;53
550;51
551;55
552;55
553;58
554;65
555;55
556;58
557;54
558;49
559;50
560;47
561;50
562;45
563;37
564;59
565;54
566;52
567;55
568;56
569;57
570;51
571;47
572;55
573;67
574;47
575;60
576;57
577;64
578;50
579;45
580;59
581;56
582;45
583;53
584;43
585;60
586;62
587;64
588;48
589;46
590;52
591;56
592;40
593;53
594;42
595;47
596;50
597;65
598;55
599;68
600;50
601;48
602;67
603;45
604;46
605;48
606;56
607;46
608;44
609;50
610;64
611;50
612;51
613;41
614;56
615;57
616;44
617;39
618;65
619;48
620;51
621;48
622;54
623;47
624;50
625;62
626;58
627;52
628;59
629;49
630;46
631;66
632;52
633;52
634;47
635;46
636;44
637;54
638;50
639;42
640;50
641;52
642;44
643;53
644;42
645;43
646;46
647;56
648;52
649;49
650;48
651;51
652;48
653;46
654;57
655;42
656;57
657;40
658;46
659;52
660;47
661;52
662;41
663;43
664;48
665;39
666;40
667;44
668;42
669;44
670;37
671;53
672;51
673;53
674;46
675;47
676;57
677;53
678;61
679;44
680;65
681;43
682;51
683;52
684;47
685;49
686;38
687;50
688;43
689;50
690;43
691;40
692;48
693;47
694;37
695;44
696;52
697;39
698;52
699;48
700;33
701;39
702;30
703;41
704;41
705;48
706;38
707;44
708;45
709;38
710;42
711;40
712;51
713;44
714;42
715;44
716;43
717;38
718;39
719;59
720;27
721;39
722;51
723;67
724;43
725;48
726;47
727;38
728;31
729;48
730;42
731;36
732;50
733;35
734;53
735;45
736;29
737;59
738;34
739;42
740;38
741;34
742;48
743;42
744;48
745;44
746;41
747;49
748;44
749;48
750;46
751;38
752;46
753;35
754;42
755;50
756;31
757;48
758;25
759;34
760;41
761;34
762;26
763;27
764;31
765;37
766;36
767;42
768;41
769;46
770;28
771;42
772;35
773;32
774;25
775;35
776;49
777;39
778;41
779;45
780;36
781;48
782;43
783;36
784;34
785;43
786;45
787;45
788;40
789;27
790;53
791;40
792;39
793;38
794;38
795;44
796;45
797;40
798;29
799;40
800;35
801;37
802;45
803;36
804;37
805;44
806;40
807;34
808;39
809;44
810;44
811;39
812;39
813;33
814;42
815;29
816;34
817;32
818;35
819;40
820;41
821;39
822;42
823;35
824;40
825;50
826;35
827;43
828;42
829;50
830;40
831;38
832;43
833;46
834;40
835;47
836;47
837;28
838;40
839;36
840;35
841;47
842;37
843;28
844;31
845;39
846;35
847;31
848;50
849;29
850;33
851;37
852;36
853;41
854;49
855;42
856;40
857;38
858;28
859;30
860;37
861;33
862;31
863;33
864;30
865;35
866;22
867;36
868;44
869;41
870;37
871;34
872;33
873;30
874;40
875;35
876;42
877;45
878;31
879;33
880;36
881;32
882;33
883;34
884;33
885;31
886;37
887;32
888;32
889;38
890;36
891;25
892;33
893;34
894;32
895;31
896;26
897;24
898;31
899;37
900;34
901;38
902;28
903;32
904;42
905;29
906;29
907;32
908;42
909;29
910;29
911;34
912;23
913;29
914;34
915;31
916;33
917;35
918;28
919;24
920;31
921;31
922;37
923;48
924;34
925;44
926;25
927;33
928;27
929;31
930;38
931;34
932;32
933;38
934;32
935;26
936;26
937;32
938;30
939;39
940;37
941;37
942;37
943;31
944;27
945;39
946;19
947;33
948;33
949;26
950;38
951;26
952;31
953;31
954;27
955;34
956;30
957;37
958;27
959;33
960;25
961;25
962;39
963;21
964;19
965;29
966;32
967;27
968;30
969;34
970;30
971;35
972;36
973;23
974;29
975;39
976;32
977;30
978;33
979;33
980;27
981;15
982;29
983;31
984;24
985;31
986;27
987;31
988;36
989;21
990;30
991;26
992;28
993;33
994;23
995;28
996;32
997;25
998;30
999;28
1000;27
1001;27
1002;24
1003;32
1004;24
1005;25
1006;28
1007;22
1008;21
1009;33
1010;31
1011;29
1012;29
1013;23
1014;24
1015;39
1016;23
1017;29
1018;32
1019;29
1020;38
1021;30
1022;26
1023;31
1024;21
1025;21
1026;36
1027;25
1028;20
1029;15
1030;24
1031;19
1032;32
1033;25
1034;25
1035;29
1036;24
1037;26
1038;27
1039;26
1040;25
1041;28
1042;19
1043;29
1044;28
1045;16
1046;24
1047;27
1048;22
1049;21
1050;32
1051;17
1052;31
1053;30
1054;22
1055;34
1056;25
1057;26
1058;33
1059;27
1060;19
1061;21
1062;32
1063;22
1064;32
1065;21
1066;26
1067;23
1068;22
1069;27
1070;31
1071;24
1072;26
1073;17
1074;28
1075;19
1076;22
1077;23
1078;24
1079;26
1080;21
1081;24
1082;25
1083;29
1084;21
1085;20
1086;19
1087;28
1088;26
1089;27
1090;18
1091;21
1092;29
1093;24
1094;30
1095;33
1096;35
1097;26
1098;22
1099;29
1100;23
1101;34
1102;14
1103;28
1104;32
1105;26
1106;22
1107;21
1108;26
1109;30
1110;23
1111;27
1112;27
1113;20
1114;31
1115;24
1116;25
1117;25
1118;27
1119;23
1120;23
1121;34
1122;24
1123;26
1124;29
1125;25
1126;32
1127;27
1128;24
1129;22
1130;29
1131;32
1132;21
1133;23
1134;19
1135;18
1136;27
1137;22
1138;23
1139;23
1140;18
1141;18
1142;18
1143;20
1144;30
1145;18
1146;22
1147;23
1148;23
1149;26
1150;20
1151;22
1152;26
1153;28
1154;13
1155;25
1156;20
1157;19
1158;21
1159;19
1160;23
1161;24
1162;34
1163;30
1164;49
1165;44
1166;51
1167;44
1168;50
1169;35
1170;20
1171;15
1172;17
1173;20
1174;23
1175;15
1176;19
1177;27
1178;28
1179;28
1180;27
1181;29
1182;18
1183;21
1184;25
1185;24
1186;17
1187;22
1188;22
1189;19
1190;20
1191;23
1192;26
1193;22
1194;20
1195;26
1196;25
1197;17
1198;25
1199;10
1200;19
1201;18
1202;16
1203;22
1204;18
1205;22
1206;24
1207;20
1208;18
1209;13
1210;18
1211;14
1212;18
1213;15
1214;25
1215;18
1216;20
1217;24
1218;18
1219;11
1220;13
1221;19
1222;26
1223;21
1224;16
1225;21
1226;17
1227;19
1228;15
1229;16
1230;21
1231;13
1232;21
1233;12
1234;13
1235;22
1236;14
1237;16
1238;18
1239;20
1240;20
1241;17
1242;16
1243;20
1244;17
1245;16
1246;19
1247;14
1248;21
1249;17
1250;12
1251;22
1252;14
1253;21
1254;17
1255;13
1256;15
1257;12
1258;22
1259;14
1260;11
1261;17
1262;29
1263;13
1264;11
1265;16
1266;18
1267;16
1268;15
1269;13
1270;26
1271;10
1272;18
1273;13
1274;17
1275;12
1276;10
1277;18
1278;19
1279;13
1280;22
1281;23
1282;10
1283;16
1284;15
1285;21
1286;20
1287;16
1288;10
1289;14
1290;13
1291;9
1292;16
1293;19
1294;23
1295;17
1296;19
1297;25
1298;24
1299;10
1300;15
1301;28
1302;22
1303;20
1304;18
1305;13
1306;26
1307;18
1308;19
1309;13
1310;17
1311;11
1312;16
1313;21
1314;20
1315;21
1316;16
1317;17
1318;13
1319;15
1320;14
1321;10
1322;21
1323;14
1324;14
1325;14
1326;20
1327;10
1328;21
1329;14
1330;11
1331;13
1332;18
1333;23
1334;12
1335;11
1336;17
1337;16
1338;18
1339;19
1340;12
1341;17
1342;16
1343;12
1344;10
1345;21
1346;10
1347;17
1348;18
1349;23
1350;17
1351;12
1352;18
1353;13
1354;17
1355;13
1356;13
1357;10
1358;21
1359;12
1360;23
1361;14
1362;8
1363;19
1364;16
1365;12
1366;7
1367;8
1368;12
1369;16
1370;8
1371;13
1372;17
1373;14
1374;14
1375;13
1376;16
1377;15
1378;11
1379;24
1380;19
1381;13
1382;11
1383;15
1384;12
1385;10
1386;25
1387;9
1388;10
1389;13
1390;14
1391;15
1392;15
1393;18
1394;15
1395;9
1396;13
1397;14
1398;8
1399;17
1400;12
1401;11
1402;16
1403;18
1404;12
1405;10
1406;12
1407;20
1408;16
1409;9
1410;13
1411;10
1412;11
1413;14
1414;18
1415;16
1416;13
1417;16
1418;17
1419;15
1420;9
1421;11
1422;11
1423;13
1424;10
1425;15
1426;21
1427;12
1428;9
1429;22
1430;18
1431;16
1432;14
1433;18
1434;14
1435;15
1436;15
1437;17
1438;13
1439;12
1440;9
1441;7
1442;16
1443;15
1444;15
1445;22
1446;19
1447;16
1448;13
1449;12
1450;16
1451;9
1452;18
1453;19
1454;15
1455;6
1456;7
1457;14
1458;13
1459;17
1460;11
1461;12
1462;13
1463;12
1464;10
1465;15
1466;17
1467;6
1468;11
1469;15
1470;15
1471;11
1472;9
1473;16
1474;13
1475;14
1476;9
1477;17
1478;14
1479;16
1480;14
1481;13
1482;12
1483;8
1484;15
1485;12
1486;12
1487;12
1488;7
1489;8
1490;8
1491;14
1492;10
1493;9
1494;15
1495;14
1496;10
1497;12
1498;16
1499;16
1500;12
1501;13
1502;14
1503;14
1504;10
1505;10
1506;18
1507;9
1508;13
1509;13
1510;13
1511;16
1512;12
1513;11
1514;6
1515;14
1516;17
1517;8
1518;9
1519;10
1520;13
1521;18
1522;20
1523;10
1524;14
1525;16
1526;14
1527;8
1528;17
1529;11
1530;13
1531;15
1532;16
1533;12
1534;16
1535;11
1536;11
1537;11
1538;9
1539;11
1540;11
1541;3
1542;14
1543;13
1544;5
1545;9
1546;18
1547;17
1548;9
1549;12
1550;8
1551;16
1552;16
1553;10
1554;8
1555;8
1556;12
1557;5
1558;11
1559;11
1560;12
1561;17
1562;10
1563;21
1564;6
1565;10
1566;10
1567;12
1568;9
1569;10
1570;17
1571;12
1572;16
1573;11
1574;9
1575;9
1576;9
1577;10
1578;5
1579;9
1580;12
1581;14
1582;5
1583;9
1584;9
1585;8
1586;12
1587;18
1588;10
1589;5
1590;8
1591;8
1592;14
1593;10
1594;9
1595;6
1596;13
1597;9
1598;8
1599;3
1600;7
1601;12
1602;12
1603;3
1604;11
1605;17
1606;8
1607;10
1608;18
1609;17
1610;13
1611;5
1612;13
1613;8
1614;16
1615;13
1616;12
1617;10
1618;8
1619;12
1620;10
1621;6
1622;12
1623;17
1624;9
1625;12
1626;7
1627;11
1628;15
1629;9
1630;16
1631;15
1632;12
1633;14
1634;6
1635;11
1636;10
1637;11
1638;10
1639;12
1640;10
1641;10
1642;11
1643;10
1644;18
1645;11
1646;9
1647;16
1648;6
1649;14
1650;15
1651;10
1652;10
1653;15
1654;7
1655;17
1656;13
1657;8
1658;8
1659;17
1660;25
1661;15
1662;19
1663;9
1664;8
1665;13
1666;9
1667;11
1668;8
1669;12
1670;11
1671;6
1672;10
1673;10
1674;12
1675;13
1676;8
1677;9
1678;9
1679;11
1680;9
1681;13
1682;12
1683;15
1684;15
1685;14
1686;10
1687;13
1688;9
1689;16
1690;12
1691;18
1692;17
1693;6
1694;11
1695;6
1696;16
1697;6
1698;13
1699;12
1700;9
1701;10
1702;7
1703;20
1704;7
1705;11
1706;11
1707;3
1708;9
1709;5
1710;7
1711;11
1712;12
1713;15
1714;15
1715;8
1716;10
1717;18
1718;13
1719;8
1720;9
1721;10
1722;11
1723;22
1724;24
1725;21
1726;24
1727;28
1728;17
1729;29
1730;17
1731;20
1732;20
1733;13
1734;12
1735;10
1736;9
1737;11
1738;9
1739;11
1740;7
1741;8
1742;7
1743;10
1744;7
1745;7
1746;8
1747;10
1748;7
1749;11
1750;8
1751;8
1752;12
1753;6
1754;16
1755;12
1756;8
1757;7
1758;10
1759;9
1760;11
1761;8
1762;6
1763;15
1764;4
1765;6
1766;3
1767;9
1768;11
1769;5
1770;8
1771;8
1772;8
1773;11
1774;6
1775;7
1776;6
1777;11
1778;10
1779;10
1780;10
1781;11
1782;9
1783;6
1784;4
1785;9
1786;9
1787;7
1788;12
1789;6
1790;12
1791;9
1792;7
1793;14
1794;5
1795;6
1796;5
1797;8
1798;8
1799;6
1800;9
1801;11
1802;7
1803;7
1804;13
1805;11
1806;3
1807;7
1808;12
1809;12
1810;4
1811;10
1812;8
1813;9
1814;7
1815;5
1816;11
1817;6
1818;7
1819;17
1820;7
1821;9
1822;10
1823;9
1824;8
1825;14
1826;9
1827;9
1828;9
1829;9
1830;9
1831;6
1832;11
1833;13
1834;9
1835;4
1836;7
1837;12
1838;7
1839;3
1840;8
1841;9
1842;10
1843;9
1844;8
1845;10
1846;9
1847;1
1848;9
1849;2
1850;8
1851;6
1852;3
1853;5
1854;12
1855;5
1856;12
1857;11
1858;3
1859;7
1860;6
1861;13
1862;3
1863;9
1864;10
1865;12
1866;10
1867;8
1868;14
1869;8
1870;4
1871;10
1872;6
1873;8
1874;11
1875;4
1876;4
1877;8
1878;8
1879;6
1880;8
1881;6
1882;6
1883;5
1884;8
1885;5
1886;17
1887;11
1888;7
1889;10
1890;7
1891;8
1892;4
1893;8
1894;13
1895;6
1896;10
1897;7
1898;7
1899;6
1900;4
1901;8
1902;4
1903;7
1904;7
1905;5
1906;7
1907;8
1908;8
1909;3
1910;7
1911;4
1912;9
1913;9
1914;8
1915;10
1916;7
1917;9
1918;10
1919;11
1920;7
1921;6
1922;8
1923;6
1924;10
1925;7
1926;5
1927;4
1928;6
1929;5
1930;7
1931;1
1932;5
1933;8
1934;5
1935;9
1936;10
1937;3
1938;9
1939;3
1940;7
1941;7
1942;7
1943;7
1944;9
1945;6
1946;9
1947;8
1948;6
1949;8
1950;7
1951;6
1952;6
1953;6
1954;10
1955;5
1956;5
1957;4
1958;8
1959;5
1960;9
1961;4
1962;5
1963;8
1964;5
1965;8
1966;4
1967;3
1968;8
1969;7
1970;4
1971;5
1972;5
1973;8
1974;8
1975;7
1976;7
1977;7
1978;7
1979;4
1980;6
1981;6
1982;8
1983;5
1984;5
1985;8
1986;9
1987;7
1988;3
1989;5
1990;10
1991;10
1992;5
1993;4
1994;3
1995;10
1996;10
1997;8
1998;8
1999;7
2000;3
2001;8
2002;5
2003;5
2004;13
2005;3
2006;5
2007;5
2008;9
2009;5
2010;3
2011;8
2012;11
2013;15
2014;11
2015;14
2016;12
2017;9
2018;6
2019;12
2020;6
2021;9
2022;10
2023;8
2024;9
2025;5
2026;5
2027;8
2028;7
2029;5
2030;8
2031;3
2032;4
2033;7
2034;7
2035;11
2036;5
2037;6
2038;9
2039;4
2040;7
2041;10
2042;6
2043;4
2044;5
2045;7
2046;8
2047;6
2048;4
2049;4
2050;3
2051;6
2052;4
2053;8
2054;5
2055;7
2056;1
2057;8
2058;6
2059;8
2060;6
2061;5
2062;10
2063;3
2064;10
2065;11
2066;7
2067;6
2068;6
2069;7
2070;7
2071;10
2072;3
2073;6
2074;4
2075;10
2076;6
2077;7
2078;6
2079;9
2080;9
2081;7
2082;7
2083;7
2084;6
2085;2
2086;13
2087;6
2088;5
2089;2
2090;8
2091;4
2092;4
2093;3
2094;2
2095;6
2096;11
2097;7
2098;6
2099;3
2100;7
2101;3
2102;6
2103;5
2104;10
2105;7
2106;7
2107;7
2108;7
2109;3
2110;5
2111;4
2112;4
2113;8
2114;10
2115;7
2116;6
2117;4
2118;8
2119;5
2120;4
2121;1
2122;8
2123;2
2124;5
2125;9
2126;2
2127;8
2128;6
2129;7
2130;11
2131;6
2132;7
2133;4
2134;3
2135;5
2136;4
2137;4
2138;1
2139;6
2140;9
2141;4
2142;3
2143;9
2144;4
2145;2
2146;5
2147;6
2148;4
2149;4
2150;9
2151;8
2152;4
2153;4
2154;8
2155;4
2156;7
2157;8
2158;6
2159;9
2160;6
2161;6
2162;5
2163;5
2164;7
2165;5
2166;4
2167;2
2168;3
2169;1
2170;7
2171;5
2172;7
2173;3
2174;5
2175;4
2176;5
2177;6
2178;8
2179;3
2180;6
2181;9
2182;7
2183;2
2184;4
2185;7
2186;5
2187;5
2188;13
2189;8
2190;1
2191;4
2192;9
2193;7
2194;6
2195;8
2196;4
2197;7
2198;7
2199;5
2200;4
2201;2
2202;6
2203;9
2204;6
2205;7
2206;4
2207;4
2208;5
2209;2
2210;6
2211;5
2212;8
2213;8
2214;5
2215;2
2216;3
2217;5
2218;10
2219;4
2220;9
2221;7
2222;6
2223;4
2224;4
2225;6
2226;4
2227;7
2228;6
2229;4
2230;5
2231;3
2232;9
2233;7
2234;8
2235;3
2236;6
2237;5
2238;7
2239;4
2240;7
2241;10
2242;8
2243;9
2244;6
2245;7
2246;9
2247;8
2248;5
2249;1
2250;6
2251;8
2252;11
2253;6
2254;11
2255;2
2256;6
2257;5
2258;10
2259;2
2260;2
2261;3
2262;7
2263;3
2264;7
2265;8
2266;5
2267;3
2268;7
2269;2
2270;6
2271;7
2272;6
2273;2
2274;8
2275;4
2276;6
2277;4
2278;13
2279;10
2280;8
2281;2
2282;8
2283;9
2284;5
2285;6
2286;5
2287;4
2288;11
2289;3
2290;5
2291;5
2292;4
2293;8
2294;6
2295;2
2296;6
2297;11
2298;5
2299;8
2300;5
2301;8
2302;4
2303;6
2304;5
2305;6
2306;3
2307;4
2308;5
2309;4
2310;8
2311;2
2312;1
2313;6
2314;2
2315;3
2316;3
2317;3
2318;5
2319;3
2320;2
2321;8
2322;7
2323;7
2324;6
2325;4
2326;2
2327;6
2328;9
2329;2
2330;2
2331;8
2332;6
2333;3
2334;3
2335;9
2336;3
2337;12
2338;3
2339;5
2340;7
2341;4
2342;4
2343;3
2344;6
2345;4
2346;6
2347;6
2348;5
2349;8
2350;7
2351;5
2352;5
2353;5
2354;4
2355;0
2356;5
2357;4
2358;9
2359;5
2360;6
2361;6
2362;2
2363;9
2364;9
2365;5
2366;4
2367;4
2368;3
2369;4
2370;7
2371;3
2372;3
2373;6
2374;5
2375;4
2376;4
2377;5
2378;5
2379;4
2380;3
2381;7
2382;6
2383;7
2384;3
2385;6
2386;4
2387;10
2388;2
2389;3
2390;4
2391;4
2392;6
2393;3
2394;4
2395;7
2396;3
2397;10
2398;4
2399;4
2400;6
2401;1
2402;10
2403;5
2404;7
2405;5
2406;7
2407;2
2408;5
2409;5
2410;3
2411;6
2412;2
2413;8
2414;4
2415;3
2416;3
2417;6
2418;3
2419;4
2420;4
2421;4
2422;3
2423;5
2424;2
2425;3
2426;5
2427;6
2428;3
2429;4
2430;3
2431;3
2432;6
2433;4
2434;2
2435;5
2436;1
2437;6
2438;5
2439;3
2440;4
2441;1
2442;4
2443;4
2444;5
2445;3
2446;6
2447;3
2448;3
2449;5
2450;3
2451;4
2452;6
2453;6
2454;3
2455;5
2456;8
2457;6
2458;0
2459;2
2460;6
2461;1
2462;7
2463;2
2464;11
2465;6
2466;2
2467;3
2468;4
2469;7
2470;3
2471;2
2472;3
2473;3
2474;4
2475;3
2476;2
2477;3
2478;4
2479;3
2480;4
2481;1
2482;5
2483;5
2484;6
2485;2
2486;5
2487;4
2488;9
2489;7
2490;10
2491;4
2492;10
2493;3
2494;5
2495;5
2496;4
2497;7
2498;5
2499;6
2500;1
2501;5
2502;2
2503;2
2504;3
2505;5
2506;2
2507;3
2508;4
2509;7
2510;4
2511;5
2512;9
2513;3
2514;8
2515;6
2516;12
2517;7
2518;8
2519;8
2520;2
2521;8
2522;9
2523;2
2524;1
2525;10
2526;6
2527;4
2528;5
2529;7
2530;6
2531;6
2532;3
2533;6
2534;4
2535;3
2536;4
2537;3
2538;8
2539;4
2540;2
2541;4
2542;7
2543;6
2544;5
2545;7
2546;6
2547;1
2548;4
2549;1
2550;0
2551;3
2552;2
2553;8
2554;9
2555;4
2556;3
2557;1
2558;5
2559;6
2560;2
2561;2
2562;5
2563;2
2564;1
2565;4
2566;1
2567;7
2568;3
2569;1
2570;6
2571;5
2572;0
2573;5
2574;2
2575;7
2576;3
2577;7
2578;1
2579;2
2580;9
2581;3
2582;5
2583;4
2584;5
2585;4
2586;3
2587;2
2588;7
2589;7
2590;2
2591;4
2592;5
2593;2
2594;6
2595;4
2596;5
2597;5
2598;1
2599;2
2600;4
2601;8
2602;4
2603;7
2604;4
2605;3
2606;5
2607;5
2608;7
2609;2
2610;10
2611;5
2612;7
2613;5
2614;4
2615;2
2616;5
2617;7
2618;6
2619;4
2620;5
2621;2
2622;4
2623;1
2624;3
2625;5
2626;5
2627;1
2628;2
2629;7
2630;3
2631;6
2632;5
2633;5
2634;5
2635;4
2636;9
2637;3
2638;3
2639;5
2640;1
2641;5
2642;4
2643;3
2644;6
2645;6
2646;6
2647;0
2648;5
2649;6
2650;3
2651;8
2652;5
2653;6
2654;6
2655;5
2656;4
2657;5
2658;5
2659;6
2660;2
2661;3
2662;2
2663;4
2664;4
2665;7
2666;6
2667;4
2668;5
2669;5
2670;5
2671;5
2672;3
2673;1
2674;6
2675;2
2676;1
2677;1
2678;2
2679;6
2680;4
2681;4
2682;3
2683;5
2684;4
2685;5
2686;4
2687;6
2688;5
2689;4
2690;4
2691;2
2692;6
2693;5
2694;3
2695;1
2696;7
2697;3
2698;2
2699;4
2700;2
2701;5
2702;3
2703;2
2704;1
2705;3
2706;3
2707;4
2708;4
2709;4
2710;4
2711;6
2712;7
2713;5
2714;5
2715;5
2716;3
2717;3
2718;2
2719;5
2720;4
2721;5
2722;4
2723;4
2724;1
2725;6
2726;5
2727;3
2728;3
2729;3
2730;3
2731;4
2732;5
2733;3
2734;2
2735;2
2736;3
2737;5
2738;4
2739;2
2740;3
2741;3
2742;4
2743;6
2744;5
2745;4
2746;3
2747;1
2748;8
2749;3
2750;5
2751;4
2752;0
2753;4
2754;5
2755;6
2756;3
2757;3
2758;5
2759;4
2760;4
2761;0
2762;1
2763;3
2764;3
2765;7
2766;6
2767;6
2768;2
2769;4
2770;2
2771;3
2772;3
2773;3
2774;3
2775;5
2776;5
2777;4
2778;2
2779;4
2780;7
2781;5
2782;5
2783;5
2784;6
2785;8
2786;4
2787;5
2788;6
2789;2
2790;7
2791;1
2792;2
2793;6
2794;4
2795;4
2796;5
2797;3
2798;6
2799;5
2800;4
2801;5
2802;4
2803;4
2804;6
2805;4
2806;3
2807;4
2808;9
2809;6
2810;2
2811;5
2812;5
2813;4
2814;3
2815;5
2816;5
2817;4
2818;5
2819;3
2820;1
2821;2
2822;7
2823;6
2824;7
2825;4
2826;0
2827;4
2828;4
2829;2
2830;5
2831;6
2832;6
2833;2
2834;1
2835;5
2836;4
2837;4
2838;1
2839;5
2840;5
2841;4
2842;7
2843;6
2844;2
2845;4
2846;6
2847;3
2848;2
2849;5
2850;4
2851;3
2852;3
2853;3
2854;4
2855;8
2856;4
2857;5
2858;5
2859;3
2860;5
2861;4
2862;5
2863;6
2864;4
2865;2
2866;4
2867;4
2868;6
2869;7
2870;12
2871;5
2872;15
2873;20
2874;18
2875;12
2876;19
2877;10
2878;12
2879;8
2880;3
2881;3
2882;3
2883;5
2884;2
2885;4
2886;2
2887;4
2888;5
2889;4
2890;4
2891;4
2892;5
2893;1
2894;3
2895;2
2896;5
2897;3
2898;3
2899;3
2900;4
2901;3
2902;3
2903;2
2904;3
2905;3
2906;5
2907;7
2908;4
2909;6
2910;4
2911;1
2912;4
2913;4
2914;3
2915;3
2916;4
2917;2
2918;3
2919;4
2920;5
2921;4
2922;5
2923;5
2924;1
2925;5
2926;5
2927;3
2928;2
2929;3
2930;1
2931;4
2932;6
2933;3
2934;2
2935;4
2936;2
2937;5
2938;2
2939;4
2940;0
2941;5
2942;2
2943;6
2944;2
2945;2
2946;5
2947;1
2948;1
2949;2
2950;4
2951;2
2952;2
2953;3
2954;3
2955;2
2956;4
2957;4
2958;2
2959;5
2960;3
2961;3
2962;6
2963;2
2964;10
2965;3
2966;1
2967;6
2968;3
2969;4
2970;4
2971;3
2972;5
2973;3
2974;4
2975;2
2976;4
2977;2
2978;3
2979;3
2980;2
2981;2
2982;3
2983;3
2984;5
2985;1
2986;3
2987;3
2988;5
2989;4
2990;2
2991;5
2992;5
2993;5
2994;4
2995;4
2996;6
2997;7
2998;8
2999;8
3000;11
3001;12
3002;17
3003;14
3004;23
3005;11
3006;16
3007;5
3008;4
3009;10
3010;12
3011;4
3012;4
3013;4
3014;2
3015;4
3016;5
3017;3
3018;1
3019;8
3020;6
3021;2
3022;1
3023;2
3024;6
3025;1
3026;2
3027;2
3028;3
3029;2
3030;5
3031;0
3032;1
3033;7
3034;5
3035;2
3036;3
3037;1
3038;2
3039;5
3040;3
3041;9
3042;2
3043;0
3044;0
3045;3
3046;5
3047;3
3048;3
3049;2
3050;1
3051;7
3052;4
3053;2
3054;3
3055;7
3056;3
3057;2
3058;2
3059;4
3060;2
3061;7
3062;3
3063;2
3064;2
3065;6
3066;4
3067;5
3068;3
3069;4
3070;3
3071;3
3072;3
3073;4
3074;2
3075;2
3076;2
3077;4
3078;3
3079;0
3080;3
3081;2
3082;10
3083;5
3084;1
3085;7
3086;2
3087;5
3088;2
3089;2
3090;3
3091;8
3092;6
3093;3
3094;2
3095;3
3096;1
3097;7
3098;2
3099;3
3100;2
3101;3
3102;6
3103;2
3104;6
3105;2
3106;7
3107;7
3108;1
3109;5
3110;3
3111;3
3112;3
3113;3
3114;5
3115;5
3116;2
3117;2
3118;0
3119;5
3120;5
3121;4
3122;3
3123;0
3124;1
3125;5
3126;2
3127;1
3128;2
3129;3
3130;2
3131;4
3132;4
3133;2
3134;1
3135;6
3136;6
3137;1
3138;3
3139;0
3140;2
3141;1
3142;2
3143;3
3144;7
3145;3
3146;2
3147;3
3148;3
3149;4
3150;2
3151;7
3152;3
3153;2
3154;3
3155;5
3156;4
3157;2
3158;3
3159;0
3160;6
3161;6
3162;3
3163;1
3164;5
3165;11
3166;6
3167;5
3168;5
3169;4
3170;0
3171;2
3172;7
3173;2
3174;4
3175;1
3176;3
3177;3
3178;2
3179;4
3180;4
3181;1
3182;1
3183;2
3184;3
3185;5
3186;1
3187;5
3188;4
3189;2
3190;2
3191;4
3192;0
3193;7
3194;3
3195;0
3196;4
3197;2
3198;3
3199;3
3200;2
3201;5
3202;2
3203;4
3204;2
3205;0
3206;2
3207;5
3208;8
3209;5
3210;3
3211;1
3212;1
3213;4
3214;2
3215;3
3216;3
3217;4
3218;2
3219;3
3220;3
3221;1
3222;4
3223;1
3224;2
3225;1
3226;1
3227;1
3228;5
3229;3
3230;4
3231;5
3232;5
3233;7
3234;5
3235;4
3236;1
3237;5
3238;3
3239;2
3240;0
3241;5
3242;2
3243;6
3244;2
3245;3
3246;5
3247;1
3248;2
3249;3
3250;1
3251;2
3252;1
3253;1
3254;4
3255;2
3256;9
3257;3
3258;3
3259;5
3260;1
3261;2
3262;7
3263;1
3264;2
3265;2
3266;5
3267;3
3268;3
3269;5
3270;2
3271;3
3272;3
3273;2
3274;6
3275;5
3276;4
3277;4
3278;2
3279;3
3280;3
3281;5
3282;1
3283;4
3284;3
3285;2
3286;3
3287;4
3288;3
3289;1
3290;5
3291;6
3292;7
3293;0
3294;2
3295;3
3296;3
3297;2
3298;2
3299;6
3300;2
3301;3
3302;2
3303;0
3304;8
3305;2
3306;2
3307;1
3308;6
3309;5
3310;3
3311;3
3312;2
3313;2
3314;2
3315;2
3316;2
3317;2
3318;0
3319;1
3320;4
3321;0
3322;3
3323;4
3324;3
3325;2
3326;2
3327;4
3328;3
3329;1
3330;4
3331;0
3332;3
3333;0
3334;4
3335;1
3336;4
3337;1
3338;4
3339;4
3340;6
3341;5
3342;1
3343;2
3344;2
3345;2
3346;5
3347;1
3348;4
3349;2
3350;5
3351;0
3352;2
3353;1
3354;3
3355;6
3356;3
3357;0
3358;2
3359;9
3360;1
3361;2
3362;2
3363;3
3364;5
3365;1
3366;1
3367;3
3368;4
3369;3
3370;2
3371;4
3372;3
3373;2
3374;2
3375;2
3376;1
3377;0
3378;5
3379;4
3380;2
3381;2
3382;1
3383;3
3384;5
3385;4
3386;3
3387;1
3388;3
3389;1
3390;2
3391;0
3392;1
3393;1
3394;4
3395;3
3396;3
3397;2
3398;3
3399;2
3400;2
3401;3
3402;4
3403;2
3404;3
3405;3
3406;3
3407;1
3408;3
3409;4
3410;4
3411;3
3412;3
3413;0
3414;1
3415;2
3416;3
3417;2
3418;1
3419;3
3420;3
3421;1
3422;3
3423;3
3424;1
3425;1
3426;2
3427;2
3428;4
3429;2
3430;2
3431;2
3432;2
3433;1
3434;2
3435;1
3436;2
3437;2
3438;8
3439;2
3440;2
3441;2
3442;6
3443;1
3444;3
3445;2
3446;1
3447;1
3448;1
3449;2
3450;5
3451;1
3452;4
3453;2
3454;1
3455;6
3456;5
3457;4
3458;3
3459;3
3460;3
3461;0
3462;3
3463;2
3464;6
3465;3
3466;1
3467;2
3468;7
3469;3
3470;5
3471;3
3472;5
3473;6
3474;3
3475;1
3476;2
3477;1
3478;1
3479;0
3480;2
3481;1
3482;5
3483;4
3484;1
3485;2
3486;4
3487;1
3488;3
3489;2
3490;1
3491;4
3492;5
3493;2
3494;3
3495;5
3496;3
3497;1
3498;0
3499;2
3500;2
3501;3
3502;2
3503;1
3504;3
3505;3
3506;0
3507;4
3508;1
3509;1
3510;1
3511;2
3512;2
3513;5
3514;2
3515;3
3516;1
3517;0
3518;0
3519;7
3520;2
3521;1
3522;1
3523;1
3524;1
3525;5
3526;3
3527;2
3528;2
3529;4
3530;1
3531;3
3532;2
3533;4
3534;1
3535;1
3536;3
3537;5
3538;3
3539;5
3540;2
3541;1
3542;1
3543;2
3544;4
3545;2
3546;3
3547;0
3548;2
3549;1
3550;4
3551;2
3552;7
3553;2
3554;5
3555;2
3556;4
3557;7
3558;1
3559;1
3560;3
3561;6
3562;4
3563;2
3564;5
3565;2
3566;3
3567;1
3568;2
3569;3
3570;1
3571;1
3572;0
3573;6
3574;4
3575;4
3576;2
3577;2
3578;2
3579;2
3580;4
3581;4
3582;0
3583;4
3584;4
3585;2
3586;4
3587;5
3588;1
3589;4
3590;4
3591;7
3592;6
3593;2
3594;6
3595;7
3596;2
3597;2
3598;4
3599;3
3600;1
3601;4
3602;3
3603;3
3604;3
3605;4
3606;2
3607;1
3608;4
3609;3
3610;3
3611;1
3612;3
3613;3
3614;7
3615;4
3616;1
3617;0
3618;1
3619;1
3620;1
3621;4
3622;4
3623;3
3624;2
3625;3
3626;3
3627;1
3628;6
3629;4
3630;2
3631;1
3632;2
3633;2
3634;2
3635;0
3636;5
3637;1
3638;1
3639;1
3640;0
3641;1
3642;2
3643;4
3644;5
3645;0
3646;2
3647;2
3648;4
3649;3
3650;1
3651;1
3652;2
3653;3
3654;4
3655;2
3656;2
3657;6
3658;4
3659;5
3660;2
3661;1
3662;5
3663;3
3664;5
3665;2
3666;2
3667;1
3668;4
3669;0
3670;3
3671;3
3672;0
3673;4
3674;2
3675;1
3676;3
3677;1
3678;2
3679;7
3680;3
3681;1
3682;1
3683;2
3684;2
3685;1
3686;2
3687;0
3688;6
3689;1
3690;2
3691;2
3692;3
3693;4
3694;1
3695;2
3696;5
3697;1
3698;1
3699;4
3700;1
3701;3
3702;5
3703;2
3704;5
3705;1
3706;2
3707;2
3708;4
3709;5
3710;1
3711;3
3712;3
3713;3
3714;2
3715;1
3716;3
3717;4
3718;1
3719;5
3720;4
3721;0
3722;1
3723;0
3724;1
3725;4
3726;1
3727;5
3728;0
3729;7
3730;5
3731;4
3732;3
3733;6
3734;2
3735;2
3736;1
3737;0
3738;3
3739;2
3740;5
3741;1
3742;5
3743;3
3744;5
3745;3
3746;2
3747;3
3748;3
3749;2
3750;3
3751;1
3752;6
3753;0
3754;3
3755;4
3756;1
3757;3
3758;5
3759;6
3760;2
3761;1
3762;0
3763;2
3764;3
3765;5
3766;2
3767;2
3768;1
3769;1
3770;2
3771;0
3772;3
3773;5
3774;2
3775;2
3776;2
3777;2
3778;4
3779;3
3780;1
3781;3
3782;1
3783;0
3784;3
3785;2
3786;1
3787;3
3788;6
3789;1
3790;4
3791;1
3792;3
3793;2
3794;8
3795;5
3796;1
3797;5
3798;4
3799;1
3800;6
3801;2
3802;2
3803;4
3804;3
3805;5
3806;0
3807;1
3808;1
3809;1
3810;2
3811;4
3812;2
3813;4
3814;2
3815;4
3816;3
3817;1
3818;4
3819;4
3820;3
3821;2
3822;2
3823;5
3824;2
3825;1
3826;2
3827;3
3828;3
3829;4
3830;6
3831;2
3832;4
3833;2
3834;1
3835;2
3836;2
3837;2
3838;3
3839;3
3840;0
3841;2
3842;0
3843;3
3844;6
3845;7
3846;1
3847;3
3848;2
3849;3
3850;3
3851;7
3852;3
3853;3
3854;4
3855;2
3856;3
3857;5
3858;3
3859;0
3860;3
3861;2
3862;8
3863;1
3864;3
3865;1
3866;1
3867;1
3868;3
3869;3
3870;0
3871;2
3872;3
3873;4
3874;3
3875;2
3876;2
3877;4
3878;0
3879;2
3880;3
3881;2
3882;1
3883;1
3884;0
3885;3
3886;2
3887;2
3888;0
3889;2
3890;4
3891;2
3892;4
3893;1
3894;2
3895;0
3896;3
3897;0
3898;0
3899;2
3900;3
3901;3
3902;3
3903;3
3904;3
3905;6
3906;2
3907;4
3908;2
3909;2
3910;3
3911;4
3912;2
3913;2
3914;2
3915;4
3916;2
3917;2
3918;4
3919;1
3920;2
3921;4
3922;1
3923;4
3924;1
3925;3
3926;2
3927;2
3928;4
3929;4
3930;2
3931;2
3932;0
3933;3
3934;4
3935;3
3936;1
3937;3
3938;4
3939;3
3940;5
3941;2
3942;4
3943;3
3944;2
3945;1
3946;2
3947;4
3948;1
3949;2
3950;1
3951;3
3952;4
3953;2
3954;2
3955;2
3956;1
3957;2
3958;1
3959;1
3960;1
3961;3
3962;1
3963;0
3964;1
3965;3
3966;0
3967;3
3968;1
3969;4
3970;2
3971;0
3972;0
3973;2
3974;2
3975;5
3976;2
3977;1
3978;4
3979;4
3980;4
3981;0
3982;2
3983;1
3984;3
3985;2
3986;2
3987;1
3988;1
3989;1
3990;2
3991;3
3992;0
3993;1
3994;2
3995;1
3996;1
3997;0
3998;2
3999;2
4000;1
4001;0
4002;1
4003;2
4004;1
4005;2
4006;2
4007;4
4008;1
4009;2
4010;1
4011;2
4012;2
4013;2
4014;2
4015;3
4016;0
4017;2
4018;1
4019;4
4020;2
4021;4
4022;3
4023;1
4024;0
4025;2
4026;2
4027;1
4028;1
4029;0
4030;3
4031;1
4032;3
4033;2
4034;3
4035;2
4036;2
4037;1
4038;3
4039;1
4040;0
4041;0
4042;4
4043;1
4044;3
4045;1
4046;1
4047;2
4048;1
4049;3
4050;3
4051;0
4052;2
4053;3
4054;2
4055;1
4056;2
4057;0
4058;3
4059;2
4060;1
4061;3
4062;3
4063;5
4064;1
4065;4
4066;2
4067;1
4068;2
4069;1
4070;3
4071;3
4072;3
4073;5
4074;2
4075;3
4076;3
4077;0
4078;4
4079;1
4080;2
4081;3
4082;2
4083;4
4084;2
4085;1
4086;1
4087;4
4088;5
4089;0
4090;4
4091;0
4092;1
4093;3
4094;2
4095;1
4096;2
4097;1
4098;2
4099;1
4100;1
4101;4
4102;3
4103;2
4104;2
4105;1
4106;2
4107;1
4108;0
4109;3
4110;1
4111;5
4112;3
4113;5
4114;3
4115;2
4116;5
4117;2
4118;3
4119;3
4120;0
4121;0
4122;3
4123;2
4124;1
4125;1
4126;1
4127;2
4128;4
4129;6
4130;2
4131;2
4132;4
4133;6
4134;3
4135;2
4136;1
4137;2
4138;4
4139;4
4140;2
4141;3
4142;1
4143;2
4144;3
4145;1
4146;1
4147;5
4148;0
4149;2
4150;2
4151;2
4152;3
4153;6
4154;3
4155;2
4156;1
4157;0
4158;0
4159;5
4160;4
4161;0
4162;1
4163;1
4164;2
4165;2
4166;4
4167;2
4168;1
4169;1
4170;1
4171;2
4172;1
4173;1
4174;0
4175;4
4176;3
4177;0
4178;2
4179;1
4180;0
4181;4
4182;1
4183;0
4184;1
4185;4
4186;0
4187;1
4188;4
4189;0
4190;3
4191;1
4192;0
4193;1
4194;4
4195;2
4196;1
4197;2
4198;0
4199;5
4200;2
4201;1
4202;0
4203;2
4204;2
4205;1
4206;4
4207;2
4208;1
4209;0
4210;3
4211;2
4212;7
4213;3
4214;0
4215;0
4216;1
4217;2
4218;2
4219;3
4220;4
4221;0
4222;1
4223;2
4224;3
4225;0
4226;2
4227;0
4228;0
4229;3
4230;5
4231;2
4232;0
4233;2
4234;1
4235;1
4236;2
4237;0
4238;0
4239;0
4240;1
4241;3
4242;5
4243;3
4244;3
4245;4
4246;1
4247;4
4248;1
4249;4
4250;1
4251;1
4252;3
4253;4
4254;5
4255;1
4256;3
4257;3
4258;2
4259;2
4260;3
4261;2
4262;3
4263;3
4264;0
4265;1
4266;1
4267;1
4268;4
4269;1
4270;3
4271;2
4272;1
4273;3
4274;2
4275;2
4276;2
4277;1
4278;3
4279;1
4280;3
4281;3
4282;3
4283;3
4284;1
4285;1
4286;3
4287;1
4288;0
4289;2
4290;3
4291;1
4292;1
4293;4
4294;1
4295;0
4296;1
4297;1
4298;0
4299;1
4300;1
4301;0
4302;0
4303;1
4304;0
4305;3
4306;1
4307;2
4308;3
4309;1
4310;3
4311;1
4312;1
4313;3
4314;2
4315;2
4316;1
4317;1
4318;2
4319;2
4320;2
4321;2
4322;0
4323;1
4324;2
4325;0
4326;2
4327;0
4328;4
4329;1
4330;2
4331;1
4332;1
4333;1
4334;2
4335;1
4336;2
4337;2
4338;4
4339;3
4340;1
4341;2
4342;1
4343;1
4344;3
4345;0
4346;1
4347;2
4348;1
4349;2
4350;2
4351;3
4352;3
4353;2
4354;2
4355;4
4356;1
4357;1
4358;2
4359;1
4360;2
4361;0
4362;2
4363;3
4364;1
4365;0
4366;3
4367;0
4368;1
4369;0
4370;1
4371;1
4372;3
4373;0
4374;3
4375;2
4376;2
4377;2
4378;2
4379;1
4380;3
4381;1
4382;1
4383;1
4384;3
4385;0
4386;2
4387;1
4388;0
4389;1
4390;2
4391;0
4392;0
4393;1
4394;1
4395;2
4396;0
4397;1
4398;2
4399;0
4400;0
4401;4
4402;0
4403;1
4404;3
4405;0
4406;0
4407;2
4408;3
4409;1
4410;2
4411;0
4412;1
4413;1
4414;4
4415;2
4416;0
4417;1
4418;0
4419;4
4420;2
4421;2
4422;2
4423;2
4424;3
4425;0
4426;1
4427;1
4428;1
4429;1
4430;3
4431;1
4432;2
4433;1
4434;4
4435;3
4436;1
4437;3
4438;1
4439;3
4440;3
4441;1
4442;2
4443;2
4444;0
4445;2
4446;0
4447;0
4448;0
4449;1
4450;1
4451;1
4452;2
4453;1
4454;2
4455;0
4456;1
4457;2
4458;1
4459;0
4460;2
4461;3
4462;2
4463;1
4464;2
4465;2
4466;0
4467;1
4468;2
4469;4
4470;1
4471;1
4472;0
4473;4
4474;1
4475;0
4476;1
4477;2
4478;0
4479;2
4480;1
4481;1
4482;1
4483;2
4484;2
4485;1
4486;5
4487;1
4488;7
4489;2
4490;0
4491;0
4492;2
4493;6
4494;3
4495;6
4496;3
4497;5
4498;7
4499;6
4500;6
4501;8
4502;9
4503;8
4504;9
4505;8
4506;5
4507;4
4508;2
4509;2
4510;2
4511;1
4512;3
4513;2
4514;1
4515;3
4516;1
4517;0
4518;3
4519;2
4520;4
4521;3
4522;1
4523;1
4524;2
4525;3
4526;1
4527;2
4528;1
4529;3
4530;2
4531;1
4532;0
4533;1
4534;4
4535;1
4536;1
4537;6
4538;2
4539;1
4540;0
4541;4
4542;2
4543;1
4544;3
4545;2
4546;3
4547;1
4548;1
4549;3
4550;3
4551;3
4552;0
4553;3
4554;4
4555;3
4556;1
4557;2
4558;1
4559;2
4560;1
4561;1
4562;1
4563;2
4564;2
4565;3
4566;0
4567;1
4568;1
4569;2
4570;1
4571;1
4572;1
4573;2
4574;0
4575;1
4576;2
4577;3
4578;1
4579;1
4580;2
4581;3
4582;2
4583;2
4584;1
4585;1
4586;0
4587;1
4588;4
4589;1
4590;4
4591;1
4592;2
4593;4
4594;3
4595;0
4596;2
4597;4
4598;0
4599;2
4600;5
4601;5
4602;0
4603;3
4604;2
4605;0
4606;3
4607;0
4608;3
4609;2
4610;2
4611;0
4612;0
4613;1
4614;1
4615;0
4616;2
4617;0
4618;2
4619;4
4620;3
4621;0
4622;2
4623;3
4624;5
4625;1
4626;0
4627;0
4628;2
4629;1
4630;1
4631;0
4632;1
4633;1
4634;1
4635;2
4636;1
4637;3
4638;1
4639;2
4640;6
4641;0
4642;2
4643;1
4644;2
4645;1
4646;2
4647;1
4648;1
4649;0
4650;0
4651;3
4652;2
4653;2
4654;0
4655;0
4656;1
4657;2
4658;0
4659;0
4660;1
4661;0
4662;2
4663;0
4664;0
4665;1
4666;0
4667;1
4668;3
4669;1
4670;3
4671;1
4672;2
4673;1
4674;1
4675;2
4676;2
4677;0
4678;2
4679;0
4680;4
4681;3
4682;2
4683;2
4684;0
4685;2
4686;4
4687;1
4688;1
4689;2
4690;2
4691;2
4692;3
4693;1
4694;3
4695;1
4696;3
4697;2
4698;2
4699;1
4700;1
4701;2
4702;2
4703;2
4704;0
4705;1
4706;2
4707;0
4708;0
4709;2
4710;3
4711;1
4712;0
4713;3
4714;1
4715;2
4716;1
4717;1
4718;0
4719;0
4720;1
4721;2
4722;2
4723;2
4724;1
4725;2
4726;1
4727;0
4728;2
4729;4
4730;0
4731;2
4732;1
4733;0
4734;4
4735;3
4736;4
4737;1
4738;1
4739;4
4740;0
4741;0
4742;0
4743;4
4744;0
4745;2
4746;1
4747;1
4748;0
4749;0
4750;1
4751;3
4752;2
4753;3
4754;2
4755;0
4756;3
4757;3
4758;3
4759;2
4760;1
4761;3
4762;4
4763;5
4764;4
4765;4
4766;1
4767;8
4768;5
4769;6
4770;2
4771;1
4772;1
4773;3
4774;0
4775;3
4776;4
4777;2
4778;1
4779;3
4780;4
4781;3
4782;2
4783;3
4784;4
4785;5
4786;5
4787;2
4788;3
4789;4
4790;9
4791;4
4792;2
4793;3
4794;7
4795;2
4796;1
4797;3
4798;0
4799;0
4800;4
4801;3
4802;1
4803;2
4804;1
4805;3
4806;0
4807;3
4808;3
4809;3
4810;1
4811;1
4812;0
4813;1
4814;0
4815;2
4816;0
4817;1
4818;2
4819;3
4820;0
4821;0
4822;0
4823;2
4824;2
4825;2
4826;2
4827;0
4828;3
4829;0
4830;4
4831;3
4832;2
4833;2
4834;0
4835;0
4836;1
4837;1
4838;0
4839;0
4840;2
4841;2
4842;0
4843;1
4844;0
4845;1
4846;0
4847;2
4848;0
4849;3
4850;2
4851;0
4852;1
4853;1
4854;2
4855;1
4856;6
4857;1
4858;1
4859;0
4860;2
4861;1
4862;1
4863;1
4864;0
4865;5
4866;1
4867;0
4868;0
4869;2
4870;2
4871;4
4872;2
4873;1
4874;2
4875;0
4876;2
4877;0
4878;1
4879;1
4880;3
4881;2
4882;1
4883;0
4884;0
4885;2
4886;3
4887;0
4888;1
4889;1
4890;0
4891;2
4892;2
4893;2
4894;3
4895;0
4896;1
4897;1
4898;0
4899;1
4900;3
4901;2
4902;1
4903;4
4904;2
4905;2
4906;1
4907;2
4908;2
4909;0
4910;0
4911;5
4912;4
4913;2
4914;0
4915;2
4916;2
4917;3
4918;1
4919;0
4920;0
4921;3
4922;1
4923;1
4924;1
4925;4
4926;2
4927;1
4928;1
4929;1
4930;4
4931;1
4932;3
4933;3
4934;3
4935;2
4936;4
4937;1
4938;1
4939;1
4940;3
4941;1
4942;0
4943;0
4944;1
4945;3
4946;3
4947;2
4948;2
4949;2
4950;1
4951;0
4952;3
4953;2
4954;0
4955;2
4956;1
4957;2
4958;2
4959;1
4960;4
4961;2
4962;3
4963;0
4964;2
4965;1
4966;1
4967;0
4968;1
4969;1
4970;0
4971;1
4972;0
4973;1
4974;0
4975;2
4976;1
4977;2
4978;1
4979;2
4980;1
4981;0
4982;1
4983;2
4984;2
4985;1
4986;0
4987;2
4988;1
4989;2
4990;1
4991;3
4992;1
4993;0
4994;2
4995;1
4996;1
4997;3
4998;0
4999;1
5000;0
5001;3
5002;0
5003;0
5004;3
5005;0
5006;1
5007;1
5008;5
5009;1
5010;1
5011;2
5012;0
5013;0
5014;2
5015;1
5016;1
5017;1
5018;3
5019;2
5020;2
5021;4
5022;1
5023;0
5024;1
5025;2
5026;1
5027;3
5028;3
5029;1
5030;0
5031;1
5032;5
5033;2
5034;2
5035;1
5036;2
5037;0
5038;0
5039;0
5040;0
5041;2
5042;1
5043;0
5044;2
5045;2
5046;0
5047;3
5048;2
5049;1
5050;1
5051;3
5052;3
5053;2
5054;1
5055;1
5056;1
5057;3
5058;2
5059;2
5060;1
5061;1
5062;1
5063;2
5064;4
5065;2
5066;3
5067;2
5068;2
5069;0
5070;1
5071;1
5072;1
5073;2
5074;1
5075;1
5076;1
5077;0
5078;2
5079;0
5080;2
5081;2
5082;3
5083;2
5084;2
5085;1
5086;1
5087;3
5088;3
5089;2
5090;2
5091;1
5092;0
5093;1
5094;0
5095;0
5096;2
5097;0
5098;2
5099;3
5100;1
5101;1
5102;3
5103;2
5104;0
5105;1
5106;3
5107;2
5108;1
5109;2
5110;1
5111;1
5112;5
5113;2
5114;0
5115;1
5116;3
5117;0
5118;1
5119;1
5120;0
5121;2
5122;2
5123;1
5124;3
5125;0
5126;1
5127;0
5128;2
5129;1
5130;0
5131;1
5132;1
5133;0
5134;2
5135;2
5136;0
5137;0
5138;1
5139;0
5140;2
5141;1
5142;5
5143;1
5144;2
5145;3
5146;1
5147;0
5148;2
5149;2
5150;0
5151;0
5152;2
5153;2
5154;0
5155;1
5156;1
5157;0
5158;1
5159;1
5160;2
5161;1
5162;1
5163;1
5164;1
5165;2
5166;0
5167;3
5168;1
5169;1
5170;1
5171;1
5172;0
5173;2
5174;4
5175;0
5176;0
5177;1
5178;0
5179;1
5180;1
5181;2
5182;1
5183;1
5184;0
5185;1
5186;1
5187;2
5188;0
5189;1
5190;1
5191;1
5192;2
5193;1
5194;1
5195;1
5196;2
5197;3
5198;2
5199;3
5200;2
5201;1
5202;0
5203;0
5204;0
5205;0
5206;1
5207;1
5208;1
5209;3
5210;1
5211;1
5212;1
5213;1
5214;3
5215;0
5216;0
5217;1
5218;1
5219;1
5220;2
5221;1
5222;0
5223;0
5224;2
5225;1
5226;1
5227;0
5228;1
5229;1
5230;2
5231;2
5232;1
5233;1
5234;0
5235;0
5236;1
5237;4
5238;0
5239;1
5240;2
5241;0
5242;2
5243;1
5244;0
5245;0
5246;1
5247;2
5248;0
5249;1
5250;2
5251;1
5252;1
5253;2
5254;2
5255;1
5256;1
5257;0
5258;3
5259;1
5260;4
5261;0
5262;4
5263;1
5264;0
5265;1
5266;0
5267;2
5268;0
5269;2
5270;2
5271;2
5272;1
5273;3
5274;3
5275;1
5276;4
5277;2
5278;1
5279;0
5280;1
5281;3
5282;2
5283;1
5284;1
5285;0
5286;1
5287;1
5288;0
5289;3
5290;0
5291;1
5292;0
5293;2
5294;1
5295;0
5296;1
5297;2
5298;1
5299;1
5300;0
5301;0
5302;2
5303;1
5304;1
5305;3
5306;1
5307;1
5308;1
5309;0
5310;0
5311;1
5312;1
5313;3
5314;2
5315;0
5316;2
5317;3
5318;1
5319;2
5320;3
5321;1
5322;1
5323;2
5324;1
5325;0
5326;1
5327;1
5328;2
5329;0
5330;1
5331;1
5332;2
5333;1
5334;1
5335;3
5336;1
5337;1
5338;3
5339;1
5340;0
5341;4
5342;0
5343;1
5344;3
5345;1
5346;0
5347;1
5348;1
5349;1
5350;3
5351;4
5352;1
5353;2
5354;2
5355;2
5356;0
5357;0
5358;0
5359;1
5360;1
5361;3
5362;5
5363;2
5364;2
5365;1
5366;1
5367;2
5368;1
5369;1
5370;0
5371;2
5372;2
5373;2
5374;1
5375;1
5376;0
5377;3
5378;1
5379;3
5380;1
5381;1
5382;1
5383;4
5384;3
5385;0
5386;4
5387;0
5388;3
5389;2
5390;0
5391;4
5392;1
5393;1
5394;0
5395;2
5396;0
5397;1
5398;2
5399;1
5400;4
5401;1
5402;2
5403;3
5404;0
5405;2
5406;3
5407;0
5408;2
5409;1
5410;1
5411;1
5412;4
5413;2
5414;0
5415;2
5416;2
5417;2
5418;0
5419;1
5420;2
5421;1
5422;1
5423;2
5424;1
5425;3
5426;0
5427;3
5428;0
5429;2
5430;1
5431;0
5432;3
5433;3
5434;2
5435;2
5436;1
5437;1
5438;2
5439;1
5440;3
5441;0
5442;2
5443;5
5444;0
5445;1
5446;0
5447;1
5448;0
5449;3
5450;1
5451;0
5452;3
5453;1
5454;2
5455;1
5456;1
5457;3
5458;2
5459;2
5460;2
5461;0
5462;0
5463;5
5464;1
5465;2
5466;2
5467;1
5468;1
5469;0
5470;1
5471;5
5472;0
5473;0
5474;3
5475;0
5476;3
5477;1
5478;1
5479;2
5480;1
5481;3
5482;2
5483;4
5484;3
5485;1
5486;1
5487;5
5488;0
5489;6
5490;1
5491;1
5492;1
5493;2
5494;2
5495;0
5496;2
5497;4
5498;2
5499;1
5500;5
5501;5
5502;2
5503;4
5504;1
5505;0
5506;1
5507;2
5508;0
5509;1
5510;1
5511;1
5512;1
5513;1
5514;1
5515;0
5516;0
5517;0
5518;1
5519;1
5520;3
5521;0
5522;1
5523;1
5524;1
5525;5
5526;2
5527;4
5528;2
5529;3
5530;0
5531;3
5532;0
5533;5
5534;4
5535;3
5536;2
5537;7
5538;2
5539;4
5540;4
5541;2
5542;8
5543;3
5544;5
5545;3
5546;3
5547;0
5548;0
5549;1
5550;2
5551;1
5552;3
5553;1
5554;0
5555;2
5556;1
5557;2
5558;2
5559;3
5560;1
5561;2
5562;4
5563;1
5564;1
5565;2
5566;1
5567;4
5568;2
5569;1
5570;2
5571;2
5572;0
5573;1
5574;0
5575;1
5576;0
5577;2
5578;1
5579;1
5580;1
5581;0
5582;1
5583;0
5584;2
5585;1
5586;3
5587;0
5588;0
5589;1
5590;0
5591;1
5592;3
5593;2
5594;2
5595;0
5596;0
5597;1
5598;0
5599;2
5600;2
5601;2
5602;2
5603;0
5604;2
5605;2
5606;1
5607;3
5608;0
5609;0
5610;2
5611;2
5612;3
5613;2
5614;1
5615;2
5616;2
5617;2
5618;1
5619;3
5620;2
5621;1
5622;3
5623;1
5624;3
5625;1
5626;2
5627;1
5628;0
5629;2
5630;2
5631;0
5632;2
5633;2
5634;0
5635;0
5636;2
5637;0
5638;2
5639;1
5640;0
5641;4
5642;2
5643;1
5644;2
5645;2
5646;0
5647;2
5648;0
5649;1
5650;4
5651;0
5652;3
5653;1
5654;1
5655;0
5656;2
5657;2
5658;1
5659;1
5660;1
5661;0
5662;0
5663;2
5664;0
5665;1
5666;3
5667;1
5668;0
5669;2
5670;1
5671;0
5672;1
5673;1
5674;1
5675;0
5676;1
5677;2
5678;1
5679;0
5680;3
5681;2
5682;1
5683;1
5684;1
5685;1
5686;1
5687;0
5688;2
5689;0
5690;1
5691;1
5692;0
5693;0
5694;2
5695;0
5696;2
5697;1
5698;1
5699;0
5700;0
5701;0
5702;1
5703;0
5704;1
5705;3
5706;3
5707;0
5708;3
5709;1
5710;4
5711;2
5712;0
5713;4
5714;1
5715;1
5716;0
5717;0
5718;2
5719;2
5720;1
5721;1
5722;1
5723;3
5724;0
5725;0
5726;1
5727;2
5728;1
5729;2
5730;1
5731;1
5732;0
5733;2
5734;3
5735;1
5736;1
5737;1
5738;0
5739;4
5740;2
5741;0
5742;1
5743;4
5744;0
5745;3
5746;5
5747;1
5748;2
5749;0
5750;2
5751;2
5752;6
5753;1
5754;1
5755;2
5756;2
5757;0
5758;2
5759;3
5760;1
5761;1
5762;2
5763;3
5764;1
5765;1
5766;2
5767;2
5768;2
5769;2
5770;2
5771;1
5772;1
5773;0
5774;1
5775;1
5776;0
5777;1
5778;0
5779;2
5780;1
5781;0
5782;0
5783;1
5784;3
5785;0
5786;1
5787;4
5788;1
5789;0
5790;3
5791;3
5792;1
5793;0
5794;1
5795;1
5796;3
5797;1
5798;1
5799;0
5800;4
5801;1
5802;0
5803;3
5804;1
5805;2
5806;3
5807;1
5808;0
5809;0
5810;0
5811;2
5812;2
5813;1
5814;3
5815;3
5816;0
5817;1
5818;0
5819;1
5820;0
5821;1
5822;1
5823;2
5824;4
5825;4
5826;2
5827;2
5828;1
5829;3
5830;4
5831;1
5832;2
5833;0
5834;1
5835;1
5836;1
5837;2
5838;1
5839;1
5840;1
5841;0
5842;1
5843;0
5844;1
5845;0
5846;2
5847;1
5848;2
5849;0
5850;1
5851;1
5852;0
5853;1
5854;2
5855;2
5856;0
5857;1
5858;1
5859;0
5860;0
5861;3
5862;1
5863;0
5864;2
5865;2
5866;1
5867;2
5868;2
5869;2
5870;5
5871;3
5872;0
5873;2
5874;2
5875;2
5876;1
5877;0
5878;3
5879;1
5880;2
5881;1
5882;1
5883;4
5884;2
5885;2
5886;0
5887;2
5888;2
5889;3
5890;2
5891;3
5892;1
5893;0
5894;7
5895;0
5896;1
5897;1
5898;0
5899;1
5900;2
5901;2
5902;4
5903;1
5904;0
5905;0
5906;1
5907;0
5908;4
5909;0
5910;0
5911;1
5912;4
5913;0
5914;0
5915;1
5916;1
5917;2
5918;3
5919;1
5920;1
5921;1
5922;3
5923;0
5924;2
5925;3
5926;2
5927;1
5928;1
5929;3
5930;2
5931;1
5932;0
5933;1
5934;1
5935;4
5936;0
5937;3
5938;0
5939;2
5940;1
5941;4
5942;2
5943;0
5944;3
5945;0
5946;0
5947;0
5948;5
5949;1
5950;0
5951;0
5952;1
5953;3
5954;0
5955;3
5956;1
5957;3
5958;2
5959;1
5960;0
5961;1
5962;2
5963;0
5964;2
5965;1
5966;1
5967;1
5968;2
5969;2
5970;1
5971;0
5972;0
5973;2
5974;2
5975;0
5976;0
5977;2
5978;2
5979;2
5980;2
5981;1
5982;3
5983;3
5984;2
5985;1
5986;0
5987;3
5988;4
5989;4
5990;2
5991;2
5992;3
5993;1
5994;1
5995;2
5996;4
5997;2
5998;2
5999;3
6000;1
6001;3
6002;0
6003;1
6004;2
6005;5
6006;5
6007;2
6008;1
6009;2
6010;3
6011;1
6012;0
6013;4
6014;3
6015;2
6016;2
6017;1
6018;2
6019;1
6020;0
6021;2
6022;0
6023;1
6024;2
6025;1
6026;3
6027;3
6028;0
6029;0
6030;4
6031;1
6032;2
6033;2
6034;6
6035;1
6036;1
6037;1
6038;2
6039;3
6040;5
6041;1
6042;1
6043;1
6044;1
6045;2
6046;1
6047;2
6048;3
6049;2
6050;0
6051;0
6052;2
6053;2
6054;2
6055;1
6056;3
6057;2
6058;3
6059;1
6060;2
6061;3
6062;1
6063;2
6064;2
6065;0
6066;1
6067;1
6068;1
6069;0
6070;5
6071;3
6072;2
6073;1
6074;2
6075;3
6076;0
6077;6
6078;2
6079;4
6080;3
6081;4
6082;3
6083;1
6084;0
6085;1
6086;3
6087;2
6088;6
6089;0
6090;5
6091;2
6092;4
6093;2
6094;1
6095;0
6096;2
6097;2
6098;2
6099;0
6100;2
6101;4
6102;1
6103;1
6104;1
6105;1
6106;1
6107;3
6108;3
6109;3
6110;1
6111;2
6112;1
6113;0
6114;2
6115;1
6116;1
6117;0
6118;4
6119;2
6120;1
6121;1
6122;2
6123;1
6124;1
6125;1
6126;0
6127;4
6128;4
6129;4
6130;5
6131;1
6132;2
6133;2
6134;3
6135;1
6136;1
6137;1
6138;2
6139;0
6140;2
6141;0
6142;2
6143;0
6144;0
6145;2
6146;2
6147;5
6148;0
6149;2
6150;1
6151;4
6152;1
6153;0
6154;1
6155;1
6156;1
6157;1
6158;4
6159;0
6160;2
6161;4
6162;1
6163;0
6164;0
6165;1
6166;0
6167;2
6168;3
6169;0
6170;1
6171;2
6172;0
6173;4
6174;1
6175;0
6176;0
6177;0
6178;2
6179;1
6180;1
6181;0
6182;1
6183;0
6184;1
6185;0
6186;2
6187;0
6188;0
6189;2
6190;2
6191;1
6192;0
6193;0
6194;1
6195;2
6196;0
6197;0
6198;1
6199;1
6200;2
6201;2
6202;1
6203;4
6204;2
6205;0
6206;0
6207;2
6208;0
6209;1
6210;1
6211;2
6212;0
6213;1
6214;1
6215;0
6216;2
6217;0
6218;0
6219;0
6220;1
6221;1
6222;0
6223;3
6224;1
6225;2
6226;1
6227;0
6228;2
6229;1
6230;2
6231;1
6232;0
6233;1
6234;1
6235;2
6236;0
6237;0
6238;1
6239;1
6240;2
6241;0
6242;2
6243;0
6244;0
6245;0
6246;0
6247;2
6248;1
6249;1
6250;0
6251;1
6252;1
6253;0
6254;1
6255;2
6256;0
6257;0
6258;3
6259;0
6260;1
6261;2
6262;1
6263;2
6264;1
6265;0
6266;2
6267;0
6268;1
6269;0
6270;1
6271;0
6272;2
6273;0
6274;2
6275;1
6276;2
6277;1
6278;2
6279;0
6280;1
6281;1
6282;0
6283;1
6284;2
6285;1
6286;1
6287;1
6288;0
6289;0
6290;3
6291;1
6292;1
6293;1
6294;0
6295;2
6296;0
6297;2
6298;0
6299;0
6300;2
6301;0
6302;0
6303;0
6304;1
6305;1
6306;0
6307;1
6308;0
6309;1
6310;0
6311;2
6312;1
6313;5
6314;2
6315;0
6316;3
6317;0
6318;3
6319;1
6320;0
6321;2
6322;0
6323;2
6324;3
6325;1
6326;1
6327;1
6328;3
6329;0
6330;1
6331;1
6332;1
6333;1
6334;2
6335;0
6336;3
6337;0
6338;3
6339;1
6340;0
6341;1
6342;0
6343;0
6344;3
6345;1
6346;0
6347;0
6348;0
6349;1
6350;0
6351;2
6352;0
6353;0
6354;0
6355;0
6356;0
6357;1
6358;1
6359;0
6360;1
6361;2
6362;3
6363;1
6364;0
6365;0
6366;0
6367;0
6368;1
6369;0
6370;2
6371;1
6372;0
6373;1
6374;0
6375;1
6376;0
6377;0
6378;1
6379;1
6380;1
6381;0
6382;1
6383;0
6384;1
6385;0
6386;0
6387;0
6388;3
6389;0
6390;1
6391;2
6392;0
6393;2
6394;0
6395;2
6396;2
6397;0
6398;1
6399;0
6400;0
6401;0
6402;1
6403;3
6404;0
6405;2
6406;1
6407;3
6408;0
6409;1
6410;2
6411;2
6412;0
6413;0
6414;2
6415;3
6416;0
6417;1
6418;0
6419;2
6420;1
6421;1
6422;1
6423;2
6424;1
6425;0
6426;1
6427;1
6428;0
6429;2
6430;0
6431;1
6432;0
6433;0
6434;0
6435;0
6436;0
6437;0
6438;0
6439;1
6440;1
6441;1
6442;0
6443;1
6444;4
6445;1
6446;3
6447;0
6448;0
6449;0
6450;0
6451;1
6452;3
6453;2
6454;0
6455;0
6456;1
6457;1
6458;0
6459;1
6460;3
6461;1
6462;0
6463;0
6464;1
6465;0
6466;2
6467;1
6468;2
6469;0
6470;1
6471;2
6472;0
6473;2
6474;2
6475;0
6476;2
6477;0
6478;0
6479;3
6480;0
6481;0
6482;0
6483;1
6484;1
6485;0
6486;0
6487;2
6488;0
6489;1
6490;1
6491;0
6492;1
6493;3
6494;0
6495;1
6496;1
6497;0
6498;0
6499;0
6500;0
6501;2
6502;1
6503;0
6504;0
6505;0
6506;1
6507;0
6508;0
6509;2
6510;0
6511;0
6512;1
6513;2
6514;1
6515;1
6516;0
6517;0
6518;0
6519;2
6520;2
6521;0
6522;1
6523;3
6524;0
6525;1
6526;1
6527;1
6528;1
6529;1
6530;1
6531;2
6532;0
6533;3
6534;1
6535;0
6536;2
6537;1
6538;0
6539;0
6540;0
6541;1
6542;1
6543;0
6544;2
6545;1
6546;2
6547;0
6548;1
6549;0
6550;1
6551;1
6552;2
6553;0
6554;1
6555;0
6556;1
6557;2
6558;1
6559;3
6560;0
6561;0
6562;0
6563;0
6564;0
6565;0
6566;0
6567;0
6568;0
6569;0
6570;1
6571;1
6572;0
6573;0
6574;0
6575;1
6576;0
6577;1
6578;0
6579;1
6580;0
6581;2
6582;2
6583;5
6584;3
6585;0
6586;2
6587;1
6588;2
6589;2
6590;0
6591;2
6592;1
6593;1
6594;0
6595;2
6596;0
6597;1
6598;1
6599;0
6600;3
6601;1
6602;1
6603;3
6604;1
6605;0
6606;2
6607;0
6608;0
6609;0
6610;0
6611;0
6612;1
6613;2
6614;0
6615;0
6616;0
6617;2
6618;0
6619;1
6620;0
6621;3
6622;1
6623;0
6624;0
6625;0
6626;1
6627;0
6628;2
6629;1
6630;2
6631;0
6632;1
6633;0
6634;0
6635;1
6636;1
6637;2
6638;0
6639;1
6640;0
6641;1
6642;0
6643;0
6644;0
6645;0
6646;0
6647;2
6648;0
6649;0
6650;2
6651;0
6652;3
6653;0
6654;0
6655;2
6656;0
6657;2
6658;2
6659;0
6660;1
6661;0
6662;0
6663;0
6664;0
6665;1
6666;1
6667;0
6668;0
6669;0
6670;0
6671;0
6672;1
6673;0
6674;0
6675;1
6676;0
6677;0
6678;1
6679;0
6680;0
6681;0
6682;0
6683;1
6684;1
6685;1
6686;2
6687;1
6688;0
6689;0
6690;0
6691;0
6692;1
6693;1
6694;1
6695;1
6696;0
6697;2
6698;1
6699;0
6700;1
6701;1
6702;0
6703;0
6704;0
6705;1
6706;0
6707;1
6708;1
6709;0
6710;0
6711;0
6712;0
6713;0
6714;0
6715;2
6716;1
6717;1
6718;0
6719;1
6720;1
6721;0
6722;0
6723;1
6724;1
6725;0
6726;1
6727;1
6728;0
6729;2
6730;0
6731;0
6732;1
6733;1
6734;1
6735;2
6736;1
6737;2
6738;0
6739;0
6740;1
6741;0
6742;0
6743;0
6744;0
6745;0
6746;1
6747;0
6748;1
6749;1
6750;1
6751;1
6752;0
6753;0
6754;1
6755;0
6756;0
6757;0
6758;2
6759;1
6760;0
6761;0
6762;0
6763;0
6764;0
6765;0
6766;0
6767;1
6768;0
6769;0
6770;1
6771;1
6772;0
6773;1
6774;3
6775;1
6776;1
6777;0
6778;0
6779;0
6780;1
6781;1
6782;1
6783;0
6784;0
6785;0
6786;1
6787;0
6788;0
6789;1
6790;2
6791;1
6792;0
6793;0
6794;0
6795;0
6796;0
6797;2
6798;0
6799;0
6800;0
6801;0
6802;0
6803;0
6804;1
6805;0
6806;0
6807;1
6808;3
6809;0
6810;0
6811;2
6812;0
6813;0
6814;1
6815;0
6816;2
6817;0
6818;0
6819;0
6820;2
6821;0
6822;2
6823;2
6824;0
6825;0
6826;0
6827;0
6828;0
6829;2
6830;1
6831;0
6832;2
6833;1
6834;0
6835;1
6836;0
6837;1
6838;1
6839;0
6840;0
6841;1
6842;1
6843;1
6844;0
6845;1
6846;1
6847;0
6848;1
6849;1
6850;3
6851;2
6852;1
6853;2
6854;1
6855;0
6856;0
6857;1
6858;2
6859;0
6860;0
6861;0
6862;0
6863;0
6864;0
6865;0
6866;4
6867;0
6868;1
6869;2
6870;1
6871;2
6872;2
6873;2
6874;2
6875;2
6876;0
6877;0
6878;0
6879;0
6880;1
6881;1
6882;0
6883;1
6884;0
6885;0
6886;0
6887;0
6888;0
6889;0
6890;0
6891;4
6892;0
6893;0
6894;0
6895;1
6896;1
6897;0
6898;0
6899;0
6900;2
6901;0
6902;2
6903;1
6904;0
6905;1
6906;0
6907;1
6908;0
6909;0
6910;1
6911;0
6912;1
6913;0
6914;1
6915;0
6916;1
6917;0
6918;0
6919;1
6920;0
6921;1
6922;1
6923;0
6924;0
6925;0
6926;0
6927;0
6928;1
6929;0
6930;0
6931;0
6932;1
6933;1
6934;3
6935;1
6936;0
6937;1
6938;0
6939;0
6940;1
6941;1
6942;0
6943;2
6944;0
6945;1
6946;0
6947;0
6948;0
6949;0
6950;0
6951;0
6952;0
6953;0
6954;1
6955;0
6956;3
6957;1
6958;0
6959;2
6960;0
6961;0
6962;1
6963;1
6964;2
6965;1
6966;2
6967;2
6968;2
6969;2
6970;1
6971;7
6972;0
6973;3
6974;1
6975;0
6976;1
6977;0
6978;0
6979;0
6980;0
6981;0
6982;0
6983;0
6984;0
6985;1
6986;1
6987;0
6988;0
6989;0
6990;0
6991;0
6992;0
6993;1
6994;0
6995;0
6996;1
6997;1
6998;1
6999;0
7000;0
7001;0
7002;1
7003;0
7004;0
7005;1
7006;0
7007;0
7008;0
7009;3
7010;0
7011;0
7012;1
7013;0
7014;0
7015;2
7016;0
7017;0
7018;0
7019;1
7020;1
7021;0
7022;0
7023;1
7024;0
7025;1
7026;0
7027;1
7028;0
7029;1
7030;2
7031;0
7032;2
7033;0
7034;0
7035;2
7036;0
7037;1
7038;0
7039;0
7040;1
7041;0
7042;0
7043;1
7044;0
7045;1
7046;0
7047;0
7048;1
7049;0
7050;2
7051;0
7052;0
7053;0
7054;1
7055;2
7056;0
7057;0
7058;2
7059;0
7060;0
7061;0
7062;0
7063;1
7064;0
7065;0
7066;1
7067;0
7068;0
7069;1
7070;0
7071;0
7072;1
7073;0
7074;0
7075;1
7076;3
7077;0
7078;1
7079;0
7080;1
7081;0
7082;0
7083;0
7084;0
7085;0
7086;1
7087;1
7088;0
7089;0
7090;0
7091;0
7092;2
7093;0
7094;1
7095;0
7096;0
7097;1
7098;1
7099;0
7100;1
7101;0
7102;0
7103;0
7104;1
7105;0
7106;0
7107;1
7108;0
7109;0
7110;1
7111;0
7112;0
7113;0
7114;0
7115;0
7116;0
7117;1
7118;0
7119;1
7120;1
7121;1
7122;1
7123;1
7124;0
7125;0
7126;1
7127;2
7128;0
7129;1
7130;1
7131;1
7132;0
7133;1
7134;0
7135;1
7136;0
7137;0
7138;0
7139;0
7140;0
7141;0
7142;0
7143;0
7144;0
7145;1
7146;0
7147;1
7148;1
7149;0
7150;1
7151;0
7152;0
7153;2
7154;0
7155;1
7156;0
7157;0
7158;0
7159;1
7160;0
7161;0
7162;1
7163;0
7164;0
7165;2
7166;2
7167;0
7168;1
7169;1
7170;1
7171;1
7172;0
7173;2
7174;0
7175;0
7176;0
7177;0
7178;0
7179;0
7180;0
7181;0
7182;0
7183;1
7184;1
7185;1
7186;0
7187;1
7188;2
7189;2
7190;1
7191;2
7192;0
7193;1
7194;1
7195;0
7196;0
7197;0
7198;0
7199;1
7200;0
7201;0
7202;2
7203;2
7204;2
7205;2
7206;4
7207;0
7208;3
7209;2
7210;3
7211;4
7212;5
7213;4
7214;1
7215;5
7216;4
7217;3
7218;8
7219;15
7220;6
7221;11
7222;13
7223;15
7224;13
7225;20
7226;25
7227;36
7228;20
7229;30
7230;26
7231;26
7232;36
7233;37
7234;23
7235;21
7236;14
7237;11
7238;9
7239;4
7240;4
7241;5
7242;2
7243;0
7244;0
7245;0
7246;0
7247;0
7248;0
7249;0
7250;0
7251;0
7252;0
7253;0
7254;0
7255;0
7256;0
7257;2
7258;0
7259;0
7260;0
7261;0
7262;0
7263;1
7264;0
7265;0
7266;0
7267;0
7268;0
7269;0
7270;0
7271;1
7272;0
7273;0
7274;0
7275;0
7276;0
7277;1
7278;0
7279;0
7280;0
7281;1
7282;0
7283;1
7284;0
7285;0
7286;0
7287;0
7288;1
7289;0
7290;2
7291;0
7292;1
7293;0
7294;0
7295;0
7296;1
7297;1
7298;0
7299;0
7300;0
7301;1
7302;0
7303;0
7304;0
7305;0
7306;1
7307;1
7308;0
7309;0
7310;0
7311;1
7312;1
7313;0
7314;1
7315;0
7316;0
7317;0
7318;0
7319;1
7320;0
7321;0
7322;1
7323;0
7324;0
7325;1
7326;1
7327;0
7328;0
7329;0
7330;0
7331;1
7332;0
7333;0
7334;0
7335;0
7336;0
7337;0
7338;0
7339;0
7340;0
7341;0
7342;1
7343;0
7344;1
7345;1
7346;0
7347;0
7348;0
7349;0
7350;1
7351;0
7352;0
7353;0
7354;0
7355;1
7356;0
7357;0
7358;0
7359;0
7360;0
7361;0
7362;1
7363;0
7364;1
7365;0
7366;0
7367;1
7368;0
7369;0
7370;0
7371;0
7372;0
7373;1
7374;0
7375;0
7376;0
7377;2
7378;2
7379;0
7380;0
7381;0
7382;0
7383;1
7384;1
7385;1
7386;0
7387;1
7388;0
7389;0
7390;0
7391;0
7392;0
7393;2
7394;0
7395;0
7396;0
7397;0
7398;0
7399;0
7400;1
7401;1
7402;1
7403;0
7404;0
7405;1
7406;0
7407;0
7408;0
7409;0
7410;1
7411;0
7412;0
7413;0
7414;1
7415;0
7416;1
7417;0
7418;0
7419;0
7420;0
7421;0
7422;0
7423;0
7424;0
7425;0
7426;0
7427;0
7428;0
7429;1
7430;3
7431;1
7432;1
7433;3
7434;0
7435;0
7436;2
7437;0
7438;1
7439;0
7440;0
7441;1
7442;0
7443;0
7444;0
7445;0
7446;0
7447;1
7448;1
7449;0
7450;1
7451;1
7452;0
7453;4
7454;0
7455;0
7456;0
7457;0
7458;0
7459;0
7460;0
7461;0
7462;0
7463;1
7464;0
7465;0
7466;0
7467;1
7468;0
7469;1
7470;1
7471;0
7472;2
7473;0
7474;1
7475;0
7476;2
7477;0
7478;0
7479;0
7480;1
7481;0
7482;0
7483;1
7484;0
7485;1
7486;0
7487;0
7488;0
7489;0
7490;0
7491;0
7492;1
7493;0
7494;1
7495;0
7496;0
7497;0
7498;0
7499;0
7500;0
7501;0
7502;1
7503;2
7504;0
7505;0
7506;0
7507;0
7508;0
7509;0
7510;0
7511;0
7512;0
7513;0
7514;0
7515;0
7516;0
7517;0
7518;1
7519;0
7520;0
7521;0
7522;0
7523;0
7524;1
7525;0
7526;2
7527;1
7528;0
7529;1
7530;0
7531;0
7532;0
7533;0
7534;0
7535;0
7536;0
7537;0
7538;1
7539;0
7540;0
7541;0
7542;0
7543;0
7544;0
7545;2
7546;0
7547;1
7548;0
7549;0
7550;0
7551;0
7552;0
7553;0
7554;0
7555;0
7556;1
7557;0
7558;0
7559;1
7560;1
7561;0
7562;1
7563;1
7564;0
7565;0
7566;0
7567;1
7568;0
7569;0
7570;1
7571;0
7572;0
7573;0
7574;1
7575;0
7576;0
7577;0
7578;0
7579;0
7580;0
7581;0
7582;0
7583;0
7584;0
7585;0
7586;0
7587;0
7588;0
7589;0
7590;0
7591;0
7592;1
7593;0
7594;0
7595;1
7596;0
7597;0
7598;0
7599;0
7600;0
7601;1
7602;0
7603;0
7604;0
7605;0
7606;0
7607;1
7608;0
7609;0
7610;0
7611;0
7612;0
7613;0
7614;0
7615;0
7616;1
7617;0
7618;0
7619;0
7620;0
7621;0
7622;1
7623;0
7624;1
7625;0
7626;0
7627;0
7628;0
7629;0
7630;0
7631;0
7632;1
7633;0
7634;1
7635;0
7636;1
7637;1
7638;0
7639;0
7640;0
7641;1
7642;0
7643;1
7644;0
7645;0
7646;0
7647;0
7648;0
7649;0
7650;0
7651;1
7652;0
7653;0
7654;0
7655;1
7656;0
7657;1
7658;2
7659;0
7660;0
7661;0
7662;0
7663;0
7664;0
7665;1
7666;0
7667;0
7668;0
7669;0
7670;0
7671;0
7672;0
7673;0
7674;0
7675;0
7676;0
7677;0
7678;0
7679;0
7680;1
7681;0
7682;1
7683;0
7684;0
7685;0
7686;1
7687;0
7688;0
7689;0
7690;0
7691;0
7692;2
7693;0
7694;0
7695;0
7696;0
7697;0
7698;0
7699;0
7700;0
7701;2
7702;1
7703;0
7704;1
7705;0
7706;0
7707;0
7708;1
7709;1
7710;0
7711;0
7712;0
7713;0
7714;0
7715;0
7716;1
7717;0
7718;0
7719;0
7720;0
7721;0
7722;0
7723;0
7724;0
7725;0
7726;0
7727;0
7728;0
7729;0
7730;0
7731;0
7732;0
7733;2
7734;1
7735;0
7736;1
7737;0
7738;0
7739;0
7740;1
7741;0
7742;0
7743;0
7744;0
7745;0
7746;0
7747;2
7748;1
7749;0
7750;0
7751;0
7752;0
7753;1
7754;0
7755;0
7756;0
7757;1
7758;0
7759;0
7760;1
7761;0
7762;0
7763;0
7764;0
7765;0
7766;0
7767;0
7768;0
7769;0
7770;0
7771;0
7772;0
7773;0
7774;0
7775;0
7776;0
7777;0
7778;0
7779;0
7780;0
7781;0
7782;0
7783;0
7784;0
7785;0
7786;1
7787;0
7788;1
7789;0
7790;0
7791;0
7792;1
7793;1
7794;0
7795;0
7796;0
7797;0
7798;0
7799;0
7800;0
7801;1
7802;0
7803;0
7804;1
7805;0
7806;0
7807;0
7808;0
7809;0
7810;0
7811;0
7812;0
7813;0
7814;0
7815;0
7816;0
7817;0
7818;1
7819;0
7820;1
7821;1
7822;3
7823;0
7824;0
7825;1
7826;0
7827;1
7828;0
7829;0
7830;0
7831;0
7832;0
7833;0
7834;1
7835;0
7836;0
7837;0
7838;0
7839;0
7840;0
7841;0
7842;1
7843;0
7844;0
7845;1
7846;0
7847;0
7848;1
7849;0
7850;0
7851;0
7852;0
7853;0
7854;0
7855;0
7856;0
7857;1
7858;2
7859;0
7860;0
7861;0
7862;2
7863;1
7864;0
7865;0
7866;0
7867;0
7868;2
7869;0
7870;0
7871;0
7872;1
7873;1
7874;0
7875;1
7876;1
7877;0
7878;0
7879;1
7880;1
7881;1
7882;3
7883;2
7884;0
7885;2
7886;0
7887;0
7888;0
7889;3
7890;0
7891;2
7892;0
7893;0
7894;0
7895;1
7896;1
7897;0
7898;1
7899;2
7900;0
7901;0
7902;0
7903;0
7904;1
7905;0
7906;0
7907;0
7908;1
7909;0
7910;0
7911;0
7912;0
7913;0
7914;0
7915;1
7916;0
7917;2
7918;0
7919;0
7920;1
7921;0
7922;0
7923;0
7924;0
7925;0
7926;0
7927;0
7928;0
7929;0
7930;0
7931;0
7932;1
7933;0
7934;0
7935;0
7936;0
7937;0
7938;0
7939;0
7940;0
7941;0
7942;0
7943;0
7944;0
7945;0
7946;0
7947;0
7948;0
7949;1
7950;1
7951;0
7952;0
7953;1
7954;1
7955;0
7956;0
7957;1
7958;1
7959;0
7960;1
7961;0
7962;0
7963;1
7964;0
7965;0
7966;0
7967;0
7968;0
7969;1
7970;0
7971;0
7972;0
7973;0
7974;0
7975;0
7976;1
7977;0
7978;0
7979;0
7980;0
7981;1
7982;0
7983;0
7984;1
7985;0
7986;0
7987;0
7988;0
7989;0
7990;0
7991;0
7992;0
7993;0
7994;0
7995;0
7996;0
7997;1
7998;1
7999;0
8000;1
8001;1
8002;0
8003;0
8004;0
8005;0
8006;1
8007;1
8008;1
8009;0
8010;0
8011;0
8012;0
8013;1
8014;0
8015;2
8016;0
8017;1
8018;1
8019;0
8020;0
8021;0
8022;0
8023;0
8024;0
8025;0
8026;0
8027;0
8028;0
8029;0
8030;2
8031;1
8032;1
8033;2
8034;0
8035;0
8036;0
8037;0
8038;0
8039;1
8040;0
8041;0
8042;0
8043;0
8044;0
8045;1
8046;0
8047;0
8048;0
8049;0
8050;1
8051;0
8052;0
8053;1
8054;0
8055;1
8056;0
8057;0
8058;0
8059;0
8060;0
8061;0
8062;0
8063;0
8064;1
8065;0
8066;0
8067;0
8068;0
8069;1
8070;0
8071;1
8072;0
8073;1
8074;0
8075;0
8076;0
8077;0
8078;0
8079;2
8080;0
8081;2
8082;0
8083;1
8084;0
8085;0
8086;0
8087;0
8088;0
8089;0
8090;1
8091;2
8092;0
8093;0
8094;0
8095;0
8096;0
8097;1
8098;0
8099;0
8100;0
8101;1
8102;0
8103;0
8104;0
8105;0
8106;1
8107;0
8108;0
8109;2
8110;0
8111;0
8112;0
8113;2
8114;0
8115;0
8116;1
8117;0
8118;1
8119;0
8120;0
8121;0
8122;2
8123;1
8124;0
8125;0
8126;0
8127;1
8128;1
8129;0
8130;1
8131;1
8132;0
8133;0
8134;0
8135;0
8136;0
8137;0
8138;0
8139;0
8140;2
8141;0
8142;0
8143;1
8144;0
8145;0
8146;0
8147;0
8148;0
8149;0
8150;0
8151;0
8152;0
8153;0
8154;0
8155;0
8156;0
8157;0
8158;0
8159;0
8160;0
8161;0
8162;0
8163;0
8164;0
8165;0
8166;0
8167;0
8168;0
8169;0
8170;0
8171;0
8172;0
8173;0
8174;0
8175;0
8176;0
8177;0
8178;0
8179;0
8180;0
8181;0
8182;0
8183;0
8184;0
8185;0
8186;0
8187;0
8188;0
8189;0
8190;0
8191;0
