0;0
1;0
2;0
3;0
4;0
5;0
6;0
7;0
8;0
9;0
10;0
11;0
12;0
13;0
14;0
15;0
16;0
17;0
18;0
19;0
20;0
21;0
22;0
23;0
24;0
25;0
26;0
27;0
28;0
29;0
30;0
31;0
32;0
33;1
34;0
35;0
36;0
37;0
38;0
39;0
40;0
41;0
42;0
43;0
44;0
45;0
46;0
47;0
48;1
49;1
50;0
51;0
52;0
53;1
54;0
55;0
56;1
57;0
58;0
59;1
60;1
61;1
62;1
63;0
64;0
65;0
66;1
67;2
68;0
69;3
70;0
71;0
72;1
73;2
74;1
75;1
76;0
77;1
78;8
79;16
80;31
81;36
82;33
83;40
84;45
85;58
86;47
87;42
88;47
89;53
90;41
91;46
92;56
93;51
94;40
95;49
96;55
97;50
98;43
99;47
100;45
101;49
102;52
103;59
104;45
105;57
106;47
107;46
108;39
109;53
110;44
111;59
112;49
113;59
114;57
115;55
116;49
117;51
118;56
119;49
120;63
121;63
122;52
123;61
124;61
125;66
126;54
127;59
128;60
129;76
130;59
131;68
132;71
133;52
134;73
135;73
136;72
137;66
138;69
139;74
140;80
141;78
142;69
143;66
144;67
145;67
146;87
147;70
148;67
149;62
150;64
151;70
152;68
153;82
154;60
155;76
156;75
157;61
158;79
159;90
160;89
161;73
162;80
163;76
164;77
165;68
166;72
167;63
168;69
169;73
170;74
171;73
172;70
173;56
174;68
175;71
176;71
177;65
178;74
179;74
180;67
181;71
182;72
183;71
184;87
185;55
186;72
187;68
188;62
189;62
190;75
191;65
192;69
193;72
194;87
195;72
196;58
197;68
198;81
199;63
200;69
201;78
202;86
203;73
204;89
205;81
206;82
207;83
208;77
209;87
210;76
211;84
212;72
213;85
214;107
215;80
216;99
217;95
218;70
219;74
220;80
221;97
222;78
223;95
224;99
225;92
226;87
227;93
228;75
229;89
230;85
231;104
232;123
233;101
234;107
235;113
236;106
237;102
238;110
239;118
240;94
241;113
242;106
243;116
244;110
245;112
246;105
247;103
248;110
249;121
250;119
251;120
252;128
253;119
254;146
255;122
256;128
257;149
258;120
259;137
260;122
261;148
262;142
263;126
264;126
265;151
266;154
267;140
268;149
269;145
270;148
271;139
272;135
273;162
274;149
275;177
276;164
277;162
278;150
279;152
280;160
281;160
282;146
283;185
284;141
285;168
286;169
287;174
288;154
289;162
290;180
291;171
292;172
293;177
294;184
295;171
296;171
297;163
298;172
299;185
300;197
301;163
302;192
303;195
304;168
305;211
306;197
307;203
308;203
309;194
310;183
311;217
312;190
313;216
314;203
315;208
316;198
317;217
318;217
319;227
320;203
321;202
322;200
323;233
324;236
325;226
326;210
327;214
328;233
329;227
330;229
331;184
332;241
333;248
334;230
335;229
336;243
337;248
338;268
339;242
340;249
341;216
342;257
343;234
344;257
345;269
346;238
347;219
348;252
349;253
350;221
351;248
352;234
353;264
354;241
355;257
356;271
357;226
358;263
359;277
360;275
361;293
362;210
363;273
364;255
365;254
366;257
367;288
368;255
369;252
370;247
371;251
372;251
373;266
374;274
375;255
376;253
377;259
378;267
379;284
380;282
381;255
382;257
383;263
384;236
385;292
386;302
387;259
388;297
389;282
390;270
391;261
392;279
393;268
394;273
395;266
396;282
397;282
398;267
399;283
400;270
401;261
402;297
403;261
404;245
405;257
406;279
407;300
408;315
409;276
410;272
411;261
412;277
413;275
414;269
415;269
416;269
417;274
418;254
419;273
420;287
421;287
422;276
423;277
424;299
425;293
426;276
427;267
428;275
429;270
430;274
431;290
432;246
433;253
434;272
435;295
436;272
437;278
438;255
439;255
440;278
441;273
442;270
443;272
444;266
445;271
446;282
447;264
448;297
449;264
450;278
451;302
452;268
453;273
454;303
455;273
456;259
457;251
458;274
459;287
460;264
461;288
462;265
463;266
464;259
465;269
466;275
467;259
468;273
469;261
470;281
471;278
472;239
473;240
474;270
475;278
476;258
477;282
478;273
479;255
480;271
481;295
482;283
483;257
484;270
485;266
486;274
487;258
488;259
489;245
490;290
491;272
492;248
493;270
494;261
495;294
496;272
497;273
498;255
499;282
500;254
501;280
502;250
503;287
504;269
505;258
506;260
507;261
508;251
509;262
510;285
511;266
512;262
513;281
514;270
515;272
516;238
517;257
518;245
519;272
520;263
521;253
522;282
523;234
524;255
525;258
526;243
527;268
528;239
529;245
530;243
531;234
532;269
533;213
534;256
535;242
536;265
537;271
538;237
539;267
540;225
541;282
542;253
543;234
544;218
545;269
546;240
547;267
548;224
549;251
550;249
551;239
552;231
553;277
554;268
555;228
556;227
557;249
558;241
559;244
560;245
561;237
562;255
563;253
564;250
565;227
566;261
567;234
568;224
569;234
570;230
571;225
572;263
573;271
574;242
575;211
576;247
577;267
578;245
579;251
580;246
581;276
582;234
583;250
584;240
585;222
586;273
587;246
588;235
589;236
590;229
591;237
592;254
593;234
594;234
595;246
596;248
597;239
598;228
599;244
600;249
601;262
602;243
603;211
604;240
605;237
606;243
607;235
608;217
609;234
610;226
611;209
612;209
613;218
614;226
615;235
616;223
617;235
618;239
619;221
620;235
621;220
622;243
623;226
624;226
625;223
626;227
627;232
628;229
629;229
630;225
631;214
632;244
633;193
634;223
635;205
636;224
637;223
638;208
639;210
640;203
641;216
642;198
643;213
644;220
645;216
646;218
647;198
648;212
649;208
650;193
651;221
652;202
653;218
654;197
655;179
656;207
657;216
658;201
659;211
660;208
661;229
662;162
663;222
664;216
665;207
666;233
667;211
668;220
669;209
670;217
671;214
672;220
673;213
674;221
675;184
676;198
677;203
678;199
679;195
680;190
681;204
682;212
683;215
684;201
685;223
686;211
687;175
688;201
689;207
690;232
691;215
692;205
693;162
694;176
695;210
696;197
697;202
698;176
699;195
700;182
701;220
702;155
703;175
704;204
705;181
706;204
707;212
708;203
709;179
710;206
711;187
712;167
713;192
714;186
715;184
716;185
717;212
718;189
719;187
720;165
721;173
722;165
723;219
724;168
725;193
726;187
727;198
728;188
729;194
730;203
731;202
732;201
733;198
734;168
735;171
736;159
737;180
738;192
739;184
740;167
741;168
742;179
743;157
744;179
745;177
746;165
747;171
748;168
749;155
750;171
751;197
752;190
753;183
754;167
755;187
756;170
757;154
758;168
759;176
760;184
761;127
762;173
763;157
764;188
765;173
766;152
767;172
768;162
769;177
770;170
771;164
772;161
773;166
774;174
775;178
776;152
777;166
778;175
779;168
780;157
781;164
782;145
783;168
784;147
785;153
786;160
787;174
788;149
789;161
790;172
791;167
792;177
793;132
794;160
795;141
796;187
797;144
798;181
799;143
800;143
801;147
802;158
803;168
804;145
805;153
806;174
807;175
808;159
809;143
810;136
811;147
812;154
813;181
814;134
815;161
816;153
817;143
818;177
819;154
820;159
821;166
822;169
823;132
824;161
825;143
826;146
827;141
828;166
829;139
830;136
831;147
832;149
833;128
834;153
835;157
836;149
837;157
838;172
839;156
840;141
841;152
842;171
843;147
844;153
845;170
846;168
847;151
848;154
849;132
850;126
851;130
852;138
853;179
854;160
855;140
856;157
857;147
858;133
859;145
860;161
861;152
862;149
863;156
864;146
865;136
866;158
867;135
868;149
869;134
870;148
871;140
872;134
873;155
874;171
875;142
876;150
877;149
878;125
879;131
880;139
881;150
882;133
883;124
884;127
885;138
886;137
887;146
888;140
889;142
890;151
891;123
892;143
893;130
894;141
895;141
896;137
897;165
898;106
899;141
900;121
901;130
902;142
903;128
904;137
905;136
906;136
907;139
908;139
909;117
910;142
911;131
912;126
913;151
914;126
915;121
916;144
917;125
918;137
919;136
920;129
921;143
922;107
923;139
924;131
925;120
926;145
927;133
928;141
929;140
930;134
931;127
932;125
933;128
934;121
935;120
936;118
937;126
938;114
939;111
940;131
941;137
942;137
943;131
944;138
945;131
946;119
947;133
948;120
949;120
950;145
951;121
952;123
953;115
954;128
955;130
956;139
957;123
958;120
959;127
960;128
961;115
962;141
963;122
964;118
965;124
966;113
967;126
968;144
969;128
970;130
971;128
972;116
973;129
974;113
975;116
976;141
977;114
978;126
979;105
980;120
981;110
982;115
983;124
984;119
985;133
986;115
987;123
988;124
989;132
990;115
991;106
992;125
993;122
994;137
995;115
996;137
997;122
998;112
999;128
1000;119
1001;146
1002;126
1003;105
1004;136
1005;104
1006;130
1007;136
1008;100
1009;101
1010;104
1011;127
1012;111
1013;128
1014;99
1015;125
1016;131
1017;145
1018;126
1019;118
1020;120
1021;107
1022;130
1023;136
1024;124
1025;125
1026;120
1027;140
1028;137
1029;120
1030;128
1031;129
1032;94
1033;110
1034;105
1035;127
1036;122
1037;130
1038;134
1039;104
1040;126
1041;103
1042;120
1043;137
1044;113
1045;128
1046;120
1047;122
1048;118
1049;108
1050;109
1051;112
1052;113
1053;126
1054;122
1055;118
1056;103
1057;104
1058;126
1059;126
1060;111
1061;114
1062;111
1063;123
1064;116
1065;110
1066;119
1067;110
1068;102
1069;105
1070;111
1071;119
1072;117
1073;115
1074;98
1075;113
1076;105
1077;110
1078;122
1079;91
1080;106
1081;83
1082;121
1083;107
1084;121
1085;110
1086;108
1087;106
1088;107
1089;100
1090;112
1091;96
1092;130
1093;111
1094;94
1095;109
1096;114
1097;97
1098;104
1099;110
1100;95
1101;93
1102;112
1103;115
1104;102
1105;90
1106;119
1107;106
1108;88
1109;103
1110;95
1111;101
1112;107
1113;94
1114;120
1115;102
1116;84
1117;107
1118;109
1119;98
1120;97
1121;106
1122;119
1123;105
1124;101
1125;96
1126;108
1127;91
1128;112
1129;106
1130;90
1131;92
1132;86
1133;99
1134;101
1135;96
1136;95
1137;104
1138;114
1139;102
1140;92
1141;85
1142;93
1143;70
1144;81
1145;88
1146;92
1147;98
1148;88
1149;101
1150;91
1151;96
1152;89
1153;87
1154;103
1155;75
1156;90
1157;86
1158;78
1159;90
1160;81
1161;88
1162;78
1163;93
1164;76
1165;77
1166;83
1167;83
1168;75
1169;86
1170;63
1171;94
1172;96
1173;92
1174;91
1175;97
1176;87
1177;75
1178;86
1179;81
1180;106
1181;102
1182;84
1183;76
1184;99
1185;94
1186;73
1187;82
1188;99
1189;73
1190;86
1191;76
1192;67
1193;94
1194;75
1195;75
1196;96
1197;60
1198;73
1199;76
1200;85
1201;74
1202;67
1203;87
1204;68
1205;71
1206;78
1207;82
1208;71
1209;83
1210;92
1211;79
1212;64
1213;80
1214;74
1215;84
1216;83
1217;85
1218;73
1219;66
1220;91
1221;60
1222;89
1223;68
1224;75
1225;66
1226;69
1227;78
1228;78
1229;78
1230;78
1231;70
1232;67
1233;75
1234;83
1235;83
1236;62
1237;74
1238;58
1239;80
1240;61
1241;71
1242;66
1243;68
1244;62
1245;70
1246;78
1247;74
1248;81
1249;67
1250;82
1251;65
1252;73
1253;79
1254;51
1255;70
1256;73
1257;64
1258;66
1259;70
1260;67
1261;77
1262;66
1263;75
1264;66
1265;70
1266;66
1267;63
1268;67
1269;86
1270;59
1271;77
1272;52
1273;67
1274;62
1275;75
1276;63
1277;62
1278;81
1279;64
1280;71
1281;60
1282;65
1283;59
1284;67
1285;67
1286;55
1287;65
1288;76
1289;75
1290;73
1291;81
1292;73
1293;68
1294;78
1295;60
1296;73
1297;80
1298;65
1299;73
1300;63
1301;61
1302;64
1303;60
1304;71
1305;69
1306;70
1307;67
1308;59
1309;66
1310;76
1311;55
1312;67
1313;58
1314;74
1315;68
1316;66
1317;63
1318;68
1319;58
1320;52
1321;54
1322;60
1323;60
1324;51
1325;59
1326;66
1327;56
1328;71
1329;59
1330;65
1331;75
1332;60
1333;57
1334;68
1335;72
1336;65
1337;79
1338;61
1339;60
1340;49
1341;72
1342;72
1343;67
1344;62
1345;67
1346;61
1347;80
1348;57
1349;71
1350;57
1351;76
1352;63
1353;67
1354;74
1355;62
1356;57
1357;64
1358;70
1359;59
1360;64
1361;45
1362;77
1363;65
1364;70
1365;51
1366;54
1367;54
1368;77
1369;51
1370;62
1371;63
1372;63
1373;64
1374;59
1375;69
1376;63
1377;38
1378;53
1379;60
1380;63
1381;51
1382;57
1383;59
1384;58
1385;58
1386;55
1387;42
1388;45
1389;64
1390;60
1391;58
1392;57
1393;71
1394;41
1395;61
1396;49
1397;55
1398;58
1399;65
1400;57
1401;70
1402;58
1403;64
1404;60
1405;56
1406;52
1407;47
1408;46
1409;53
1410;52
1411;60
1412;59
1413;63
1414;60
1415;57
1416;53
1417;60
1418;48
1419;72
1420;57
1421;42
1422;59
1423;54
1424;56
1425;83
1426;69
1427;65
1428;59
1429;61
1430;42
1431;55
1432;46
1433;43
1434;65
1435;54
1436;47
1437;48
1438;54
1439;52
1440;55
1441;47
1442;47
1443;62
1444;61
1445;52
1446;52
1447;51
1448;70
1449;47
1450;43
1451;57
1452;48
1453;48
1454;54
1455;57
1456;42
1457;42
1458;49
1459;39
1460;50
1461;52
1462;64
1463;63
1464;47
1465;57
1466;62
1467;42
1468;38
1469;50
1470;60
1471;52
1472;53
1473;56
1474;53
1475;44
1476;56
1477;56
1478;44
1479;65
1480;53
1481;49
1482;60
1483;48
1484;51
1485;59
1486;50
1487;58
1488;49
1489;48
1490;57
1491;59
1492;43
1493;47
1494;43
1495;59
1496;45
1497;53
1498;60
1499;61
1500;45
1501;53
1502;47
1503;45
1504;64
1505;47
1506;59
1507;49
1508;47
1509;56
1510;49
1511;39
1512;58
1513;60
1514;46
1515;53
1516;51
1517;53
1518;51
1519;56
1520;54
1521;47
1522;49
1523;45
1524;47
1525;45
1526;64
1527;51
1528;56
1529;45
1530;53
1531;47
1532;55
1533;48
1534;39
1535;64
1536;56
1537;51
1538;44
1539;51
1540;53
1541;63
1542;48
1543;44
1544;40
1545;48
1546;53
1547;54
1548;52
1549;53
1550;55
1551;68
1552;49
1553;55
1554;60
1555;55
1556;55
1557;57
1558;54
1559;35
1560;37
1561;40
1562;48
1563;54
1564;53
1565;54
1566;46
1567;59
1568;46
1569;50
1570;41
1571;34
1572;45
1573;37
1574;49
1575;47
1576;42
1577;63
1578;55
1579;64
1580;43
1581;52
1582;52
1583;45
1584;42
1585;44
1586;53
1587;52
1588;54
1589;55
1590;41
1591;61
1592;41
1593;55
1594;46
1595;39
1596;43
1597;56
1598;47
1599;46
1600;51
1601;50
1602;53
1603;37
1604;56
1605;28
1606;39
1607;41
1608;40
1609;34
1610;49
1611;44
1612;46
1613;49
1614;42
1615;40
1616;48
1617;37
1618;50
1619;51
1620;59
1621;52
1622;44
1623;51
1624;36
1625;40
1626;50
1627;34
1628;38
1629;44
1630;42
1631;55
1632;34
1633;45
1634;45
1635;48
1636;49
1637;48
1638;36
1639;30
1640;40
1641;54
1642;31
1643;33
1644;45
1645;40
1646;37
1647;58
1648;28
1649;33
1650;41
1651;45
1652;39
1653;43
1654;46
1655;41
1656;45
1657;59
1658;43
1659;33
1660;38
1661;36
1662;43
1663;41
1664;37
1665;48
1666;39
1667;44
1668;36
1669;38
1670;32
1671;35
1672;43
1673;43
1674;37
1675;26
1676;45
1677;43
1678;38
1679;37
1680;33
1681;32
1682;40
1683;47
1684;35
1685;36
1686;29
1687;30
1688;32
1689;37
1690;33
1691;41
1692;32
1693;51
1694;31
1695;42
1696;28
1697;37
1698;34
1699;39
1700;37
1701;31
1702;40
1703;31
1704;42
1705;47
1706;44
1707;30
1708;36
1709;38
1710;36
1711;33
1712;34
1713;41
1714;36
1715;39
1716;28
1717;37
1718;37
1719;36
1720;35
1721;33
1722;32
1723;45
1724;26
1725;24
1726;41
1727;33
1728;33
1729;41
1730;31
1731;29
1732;28
1733;35
1734;30
1735;32
1736;29
1737;32
1738;35
1739;35
1740;41
1741;50
1742;28
1743;32
1744;29
1745;33
1746;35
1747;31
1748;30
1749;29
1750;42
1751;39
1752;32
1753;29
1754;43
1755;33
1756;29
1757;35
1758;39
1759;24
1760;45
1761;34
1762;29
1763;37
1764;30
1765;35
1766;27
1767;40
1768;29
1769;32
1770;44
1771;28
1772;28
1773;29
1774;42
1775;23
1776;31
1777;25
1778;26
1779;35
1780;34
1781;35
1782;30
1783;37
1784;32
1785;27
1786;34
1787;30
1788;19
1789;25
1790;35
1791;27
1792;36
1793;34
1794;36
1795;37
1796;27
1797;27
1798;28
1799;24
1800;29
1801;40
1802;39
1803;23
1804;29
1805;41
1806;42
1807;28
1808;27
1809;38
1810;23
1811;31
1812;30
1813;30
1814;37
1815;38
1816;28
1817;41
1818;21
1819;28
1820;26
1821;34
1822;28
1823;28
1824;28
1825;33
1826;27
1827;38
1828;35
1829;24
1830;41
1831;33
1832;29
1833;27
1834;26
1835;36
1836;47
1837;37
1838;34
1839;27
1840;33
1841;42
1842;33
1843;27
1844;35
1845;29
1846;34
1847;26
1848;36
1849;28
1850;27
1851;40
1852;28
1853;31
1854;27
1855;24
1856;25
1857;22
1858;23
1859;28
1860;28
1861;29
1862;25
1863;38
1864;20
1865;23
1866;26
1867;26
1868;28
1869;24
1870;27
1871;23
1872;27
1873;37
1874;34
1875;35
1876;25
1877;29
1878;26
1879;26
1880;29
1881;30
1882;31
1883;37
1884;37
1885;35
1886;31
1887;30
1888;26
1889;42
1890;23
1891;32
1892;30
1893;20
1894;34
1895;19
1896;43
1897;33
1898;23
1899;29
1900;27
1901;29
1902;33
1903;25
1904;23
1905;33
1906;29
1907;23
1908;23
1909;22
1910;42
1911;26
1912;28
1913;22
1914;23
1915;38
1916;24
1917;22
1918;35
1919;30
1920;30
1921;25
1922;30
1923;20
1924;26
1925;24
1926;26
1927;26
1928;30
1929;30
1930;37
1931;30
1932;30
1933;33
1934;32
1935;38
1936;25
1937;24
1938;31
1939;23
1940;34
1941;28
1942;28
1943;39
1944;34
1945;24
1946;25
1947;34
1948;37
1949;23
1950;29
1951;21
1952;32
1953;22
1954;31
1955;11
1956;25
1957;25
1958;21
1959;24
1960;20
1961;31
1962;28
1963;27
1964;26
1965;20
1966;21
1967;32
1968;28
1969;30
1970;18
1971;20
1972;34
1973;22
1974;16
1975;29
1976;24
1977;21
1978;21
1979;25
1980;24
1981;31
1982;32
1983;27
1984;23
1985;33
1986;23
1987;29
1988;25
1989;19
1990;27
1991;23
1992;23
1993;18
1994;19
1995;30
1996;27
1997;13
1998;18
1999;23
2000;17
2001;36
2002;18
2003;24
2004;30
2005;31
2006;27
2007;21
2008;26
2009;31
2010;26
2011;28
2012;31
2013;29
2014;28
2015;25
2016;17
2017;32
2018;28
2019;23
2020;29
2021;27
2022;33
2023;14
2024;14
2025;24
2026;24
2027;16
2028;27
2029;22
2030;33
2031;27
2032;32
2033;29
2034;33
2035;22
2036;25
2037;31
2038;21
2039;23
2040;22
2041;21
2042;32
2043;27
2044;21
2045;24
2046;26
2047;27
2048;17
2049;29
2050;19
2051;34
2052;16
2053;19
2054;30
2055;19
2056;29
2057;26
2058;29
2059;21
2060;18
2061;22
2062;22
2063;19
2064;27
2065;21
2066;30
2067;26
2068;20
2069;25
2070;14
2071;24
2072;15
2073;22
2074;14
2075;23
2076;26
2077;35
2078;24
2079;30
2080;22
2081;22
2082;30
2083;24
2084;37
2085;27
2086;27
2087;21
2088;26
2089;23
2090;31
2091;23
2092;26
2093;26
2094;15
2095;27
2096;18
2097;25
2098;28
2099;24
2100;18
2101;23
2102;26
2103;25
2104;28
2105;20
2106;19
2107;23
2108;17
2109;25
2110;20
2111;22
2112;21
2113;21
2114;21
2115;25
2116;27
2117;22
2118;12
2119;20
2120;27
2121;21
2122;34
2123;23
2124;25
2125;23
2126;29
2127;31
2128;21
2129;21
2130;22
2131;17
2132;20
2133;25
2134;32
2135;24
2136;25
2137;21
2138;22
2139;28
2140;29
2141;21
2142;18
2143;31
2144;20
2145;32
2146;27
2147;23
2148;31
2149;23
2150;24
2151;21
2152;18
2153;21
2154;28
2155;28
2156;30
2157;26
2158;21
2159;17
2160;28
2161;33
2162;18
2163;28
2164;18
2165;26
2166;26
2167;25
2168;26
2169;18
2170;27
2171;29
2172;25
2173;27
2174;27
2175;24
2176;27
2177;32
2178;17
2179;28
2180;28
2181;29
2182;21
2183;22
2184;18
2185;20
2186;22
2187;22
2188;24
2189;13
2190;26
2191;21
2192;18
2193;26
2194;24
2195;18
2196;30
2197;24
2198;19
2199;20
2200;22
2201;19
2202;28
2203;34
2204;36
2205;19
2206;23
2207;19
2208;22
2209;21
2210;19
2211;32
2212;22
2213;21
2214;23
2215;19
2216;20
2217;23
2218;20
2219;28
2220;24
2221;26
2222;18
2223;16
2224;25
2225;24
2226;19
2227;25
2228;17
2229;11
2230;25
2231;23
2232;21
2233;28
2234;24
2235;18
2236;19
2237;15
2238;26
2239;18
2240;31
2241;23
2242;17
2243;20
2244;27
2245;26
2246;19
2247;21
2248;21
2249;23
2250;23
2251;20
2252;22
2253;21
2254;21
2255;22
2256;26
2257;16
2258;23
2259;22
2260;21
2261;17
2262;19
2263;23
2264;22
2265;20
2266;21
2267;18
2268;20
2269;23
2270;20
2271;28
2272;31
2273;14
2274;31
2275;30
2276;27
2277;27
2278;14
2279;24
2280;25
2281;10
2282;24
2283;21
2284;29
2285;13
2286;20
2287;16
2288;18
2289;24
2290;19
2291;29
2292;19
2293;11
2294;20
2295;20
2296;20
2297;27
2298;21
2299;33
2300;26
2301;19
2302;18
2303;15
2304;18
2305;20
2306;21
2307;23
2308;19
2309;17
2310;19
2311;18
2312;19
2313;15
2314;26
2315;16
2316;19
2317;18
2318;31
2319;24
2320;19
2321;26
2322;18
2323;25
2324;24
2325;23
2326;16
2327;21
2328;20
2329;26
2330;32
2331;22
2332;30
2333;27
2334;17
2335;18
2336;27
2337;21
2338;17
2339;25
2340;19
2341;19
2342;19
2343;22
2344;20
2345;18
2346;16
2347;31
2348;9
2349;22
2350;25
2351;22
2352;36
2353;27
2354;22
2355;20
2356;13
2357;20
2358;25
2359;20
2360;23
2361;20
2362;20
2363;30
2364;23
2365;25
2366;28
2367;13
2368;16
2369;18
2370;24
2371;15
2372;27
2373;23
2374;24
2375;11
2376;19
2377;23
2378;15
2379;19
2380;22
2381;19
2382;18
2383;25
2384;24
2385;23
2386;13
2387;23
2388;19
2389;18
2390;19
2391;17
2392;22
2393;23
2394;12
2395;15
2396;18
2397;24
2398;14
2399;27
2400;22
2401;22
2402;18
2403;20
2404;24
2405;19
2406;24
2407;17
2408;21
2409;15
2410;18
2411;20
2412;16
2413;18
2414;22
2415;17
2416;25
2417;9
2418;25
2419;21
2420;17
2421;18
2422;20
2423;22
2424;16
2425;17
2426;16
2427;18
2428;14
2429;18
2430;18
2431;23
2432;24
2433;21
2434;17
2435;17
2436;17
2437;11
2438;20
2439;24
2440;23
2441;17
2442;22
2443;23
2444;24
2445;20
2446;17
2447;17
2448;16
2449;24
2450;16
2451;16
2452;20
2453;21
2454;19
2455;12
2456;19
2457;15
2458;17
2459;21
2460;23
2461;13
2462;14
2463;17
2464;21
2465;22
2466;22
2467;16
2468;17
2469;17
2470;19
2471;20
2472;11
2473;21
2474;17
2475;23
2476;15
2477;16
2478;26
2479;23
2480;20
2481;16
2482;14
2483;18
2484;18
2485;23
2486;29
2487;22
2488;22
2489;24
2490;20
2491;25
2492;18
2493;21
2494;17
2495;16
2496;20
2497;22
2498;22
2499;17
2500;16
2501;14
2502;16
2503;21
2504;22
2505;31
2506;17
2507;15
2508;14
2509;25
2510;24
2511;18
2512;19
2513;23
2514;29
2515;22
2516;25
2517;16
2518;21
2519;22
2520;20
2521;17
2522;16
2523;19
2524;18
2525;18
2526;22
2527;21
2528;28
2529;16
2530;15
2531;13
2532;23
2533;21
2534;15
2535;20
2536;32
2537;16
2538;20
2539;22
2540;26
2541;25
2542;18
2543;27
2544;28
2545;18
2546;23
2547;27
2548;30
2549;22
2550;19
2551;15
2552;26
2553;18
2554;23
2555;29
2556;13
2557;21
2558;29
2559;15
2560;20
2561;25
2562;28
2563;31
2564;24
2565;23
2566;24
2567;21
2568;12
2569;23
2570;23
2571;22
2572;18
2573;16
2574;18
2575;27
2576;15
2577;29
2578;25
2579;21
2580;21
2581;22
2582;22
2583;28
2584;26
2585;21
2586;19
2587;27
2588;21
2589;22
2590;24
2591;23
2592;16
2593;23
2594;20
2595;17
2596;24
2597;26
2598;13
2599;27
2600;19
2601;16
2602;18
2603;16
2604;12
2605;24
2606;19
2607;13
2608;16
2609;19
2610;18
2611;30
2612;17
2613;26
2614;24
2615;11
2616;19
2617;19
2618;22
2619;26
2620;11
2621;20
2622;20
2623;19
2624;24
2625;30
2626;17
2627;18
2628;22
2629;18
2630;23
2631;23
2632;23
2633;24
2634;30
2635;33
2636;17
2637;21
2638;27
2639;20
2640;18
2641;14
2642;17
2643;23
2644;21
2645;20
2646;13
2647;13
2648;21
2649;20
2650;25
2651;26
2652;22
2653;17
2654;30
2655;24
2656;22
2657;14
2658;25
2659;20
2660;18
2661;19
2662;16
2663;24
2664;23
2665;23
2666;22
2667;24
2668;23
2669;26
2670;25
2671;18
2672;21
2673;24
2674;21
2675;20
2676;15
2677;26
2678;21
2679;21
2680;19
2681;20
2682;17
2683;21
2684;19
2685;19
2686;18
2687;20
2688;34
2689;24
2690;19
2691;17
2692;17
2693;21
2694;23
2695;26
2696;17
2697;28
2698;23
2699;31
2700;18
2701;21
2702;17
2703;18
2704;14
2705;23
2706;20
2707;23
2708;23
2709;27
2710;17
2711;19
2712;23
2713;24
2714;19
2715;20
2716;18
2717;22
2718;23
2719;19
2720;23
2721;18
2722;24
2723;18
2724;21
2725;30
2726;19
2727;28
2728;24
2729;23
2730;21
2731;24
2732;14
2733;30
2734;20
2735;14
2736;18
2737;26
2738;20
2739;18
2740;16
2741;17
2742;24
2743;13
2744;22
2745;24
2746;11
2747;19
2748;19
2749;19
2750;20
2751;26
2752;19
2753;19
2754;12
2755;20
2756;20
2757;20
2758;19
2759;16
2760;16
2761;20
2762;10
2763;20
2764;13
2765;13
2766;23
2767;27
2768;24
2769;15
2770;20
2771;23
2772;18
2773;19
2774;14
2775;11
2776;8
2777;10
2778;14
2779;20
2780;18
2781;21
2782;20
2783;19
2784;17
2785;23
2786;21
2787;19
2788;15
2789;28
2790;14
2791;19
2792;17
2793;20
2794;26
2795;15
2796;25
2797;11
2798;21
2799;18
2800;27
2801;17
2802;14
2803;16
2804;15
2805;14
2806;10
2807;22
2808;18
2809;28
2810;15
2811;16
2812;20
2813;20
2814;19
2815;28
2816;16
2817;17
2818;14
2819;14
2820;17
2821;15
2822;16
2823;14
2824;15
2825;28
2826;21
2827;17
2828;10
2829;13
2830;28
2831;14
2832;8
2833;13
2834;10
2835;25
2836;11
2837;12
2838;18
2839;14
2840;16
2841;21
2842;18
2843;14
2844;12
2845;18
2846;11
2847;16
2848;14
2849;17
2850;19
2851;18
2852;15
2853;8
2854;15
2855;22
2856;20
2857;16
2858;15
2859;16
2860;15
2861;16
2862;14
2863;21
2864;15
2865;12
2866;17
2867;16
2868;11
2869;13
2870;14
2871;14
2872;17
2873;11
2874;6
2875;11
2876;20
2877;14
2878;15
2879;14
2880;13
2881;9
2882;12
2883;24
2884;17
2885;15
2886;15
2887;12
2888;11
2889;8
2890;12
2891;13
2892;15
2893;11
2894;24
2895;5
2896;15
2897;11
2898;17
2899;12
2900;11
2901;7
2902;12
2903;11
2904;20
2905;12
2906;26
2907;11
2908;9
2909;13
2910;15
2911;10
2912;14
2913;15
2914;10
2915;10
2916;7
2917;17
2918;20
2919;5
2920;12
2921;19
2922;11
2923;10
2924;14
2925;13
2926;21
2927;13
2928;14
2929;13
2930;17
2931;24
2932;13
2933;20
2934;19
2935;12
2936;16
2937;14
2938;13
2939;6
2940;17
2941;10
2942;8
2943;11
2944;13
2945;12
2946;15
2947;8
2948;11
2949;10
2950;22
2951;14
2952;13
2953;13
2954;10
2955;13
2956;8
2957;11
2958;14
2959;12
2960;12
2961;14
2962;15
2963;11
2964;12
2965;16
2966;10
2967;10
2968;14
2969;11
2970;7
2971;13
2972;12
2973;12
2974;13
2975;11
2976;11
2977;10
2978;9
2979;11
2980;13
2981;12
2982;9
2983;17
2984;9
2985;10
2986;23
2987;14
2988;15
2989;13
2990;14
2991;8
2992;15
2993;11
2994;10
2995;12
2996;17
2997;9
2998;11
2999;9
3000;16
3001;15
3002;11
3003;9
3004;20
3005;8
3006;16
3007;10
3008;10
3009;9
3010;6
3011;5
3012;4
3013;11
3014;14
3015;11
3016;18
3017;11
3018;7
3019;11
3020;10
3021;12
3022;15
3023;15
3024;13
3025;14
3026;13
3027;10
3028;11
3029;7
3030;9
3031;16
3032;11
3033;12
3034;15
3035;16
3036;9
3037;13
3038;20
3039;12
3040;17
3041;11
3042;8
3043;6
3044;10
3045;10
3046;15
3047;14
3048;13
3049;19
3050;11
3051;14
3052;22
3053;13
3054;14
3055;9
3056;17
3057;11
3058;11
3059;12
3060;13
3061;19
3062;13
3063;17
3064;14
3065;11
3066;13
3067;13
3068;9
3069;7
3070;14
3071;13
3072;12
3073;14
3074;13
3075;13
3076;11
3077;22
3078;19
3079;15
3080;14
3081;12
3082;10
3083;11
3084;9
3085;14
3086;9
3087;11
3088;5
3089;26
3090;15
3091;12
3092;15
3093;11
3094;14
3095;15
3096;14
3097;12
3098;13
3099;15
3100;14
3101;12
3102;9
3103;13
3104;4
3105;13
3106;13
3107;9
3108;12
3109;10
3110;14
3111;15
3112;16
3113;15
3114;15
3115;21
3116;9
3117;9
3118;17
3119;14
3120;11
3121;15
3122;7
3123;8
3124;9
3125;9
3126;13
3127;13
3128;8
3129;10
3130;18
3131;12
3132;7
3133;6
3134;12
3135;13
3136;11
3137;16
3138;14
3139;5
3140;9
3141;10
3142;11
3143;14
3144;9
3145;8
3146;16
3147;13
3148;19
3149;7
3150;9
3151;11
3152;8
3153;10
3154;5
3155;8
3156;14
3157;10
3158;15
3159;10
3160;10
3161;17
3162;8
3163;19
3164;15
3165;10
3166;12
3167;12
3168;15
3169;12
3170;13
3171;11
3172;14
3173;8
3174;17
3175;7
3176;12
3177;9
3178;12
3179;10
3180;14
3181;10
3182;12
3183;12
3184;16
3185;15
3186;11
3187;8
3188;12
3189;8
3190;9
3191;12
3192;9
3193;15
3194;12
3195;14
3196;11
3197;8
3198;16
3199;10
3200;11
3201;12
3202;15
3203;8
3204;9
3205;13
3206;8
3207;12
3208;11
3209;14
3210;15
3211;14
3212;12
3213;11
3214;12
3215;9
3216;11
3217;8
3218;10
3219;13
3220;16
3221;11
3222;15
3223;7
3224;9
3225;14
3226;16
3227;11
3228;15
3229;11
3230;6
3231;11
3232;13
3233;12
3234;14
3235;10
3236;15
3237;12
3238;14
3239;10
3240;9
3241;12
3242;22
3243;15
3244;4
3245;3
3246;11
3247;16
3248;12
3249;12
3250;11
3251;16
3252;7
3253;20
3254;6
3255;11
3256;9
3257;11
3258;13
3259;12
3260;13
3261;9
3262;13
3263;15
3264;12
3265;7
3266;5
3267;11
3268;14
3269;9
3270;11
3271;7
3272;12
3273;6
3274;5
3275;13
3276;10
3277;14
3278;12
3279;10
3280;8
3281;9
3282;11
3283;16
3284;8
3285;11
3286;14
3287;3
3288;12
3289;12
3290;8
3291;15
3292;12
3293;6
3294;7
3295;13
3296;10
3297;10
3298;11
3299;10
3300;8
3301;8
3302;12
3303;8
3304;15
3305;21
3306;8
3307;14
3308;11
3309;8
3310;9
3311;13
3312;10
3313;8
3314;5
3315;9
3316;10
3317;17
3318;15
3319;9
3320;9
3321;13
3322;10
3323;11
3324;13
3325;13
3326;13
3327;10
3328;12
3329;17
3330;8
3331;6
3332;13
3333;13
3334;5
3335;8
3336;9
3337;6
3338;7
3339;8
3340;17
3341;9
3342;13
3343;14
3344;13
3345;13
3346;17
3347;17
3348;12
3349;10
3350;10
3351;16
3352;9
3353;9
3354;9
3355;17
3356;5
3357;7
3358;13
3359;14
3360;8
3361;13
3362;11
3363;13
3364;11
3365;7
3366;18
3367;12
3368;11
3369;17
3370;11
3371;15
3372;8
3373;8
3374;14
3375;17
3376;16
3377;9
3378;11
3379;10
3380;11
3381;13
3382;16
3383;7
3384;14
3385;17
3386;11
3387;10
3388;13
3389;12
3390;12
3391;14
3392;13
3393;12
3394;10
3395;14
3396;7
3397;13
3398;5
3399;8
3400;14
3401;5
3402;7
3403;12
3404;7
3405;14
3406;8
3407;6
3408;8
3409;9
3410;8
3411;11
3412;7
3413;13
3414;10
3415;12
3416;11
3417;9
3418;13
3419;20
3420;9
3421;12
3422;10
3423;9
3424;12
3425;15
3426;10
3427;4
3428;7
3429;11
3430;8
3431;10
3432;8
3433;10
3434;6
3435;10
3436;7
3437;5
3438;7
3439;13
3440;12
3441;12
3442;15
3443;5
3444;3
3445;14
3446;9
3447;11
3448;6
3449;10
3450;9
3451;15
3452;12
3453;14
3454;16
3455;8
3456;14
3457;10
3458;11
3459;7
3460;7
3461;7
3462;9
3463;14
3464;7
3465;13
3466;5
3467;12
3468;7
3469;9
3470;7
3471;9
3472;9
3473;11
3474;11
3475;14
3476;17
3477;18
3478;9
3479;9
3480;5
3481;14
3482;16
3483;9
3484;15
3485;7
3486;6
3487;8
3488;10
3489;11
3490;10
3491;8
3492;10
3493;9
3494;12
3495;13
3496;10
3497;18
3498;11
3499;6
3500;8
3501;7
3502;11
3503;14
3504;8
3505;10
3506;10
3507;13
3508;16
3509;6
3510;8
3511;15
3512;11
3513;13
3514;10
3515;8
3516;6
3517;8
3518;10
3519;16
3520;13
3521;8
3522;15
3523;10
3524;14
3525;13
3526;8
3527;12
3528;13
3529;14
3530;10
3531;12
3532;6
3533;4
3534;20
3535;18
3536;11
3537;11
3538;12
3539;11
3540;9
3541;10
3542;11
3543;5
3544;8
3545;8
3546;5
3547;8
3548;7
3549;8
3550;13
3551;9
3552;12
3553;8
3554;9
3555;16
3556;8
3557;15
3558;5
3559;14
3560;7
3561;7
3562;6
3563;11
3564;13
3565;8
3566;10
3567;5
3568;9
3569;12
3570;7
3571;11
3572;8
3573;10
3574;6
3575;9
3576;12
3577;6
3578;12
3579;12
3580;13
3581;15
3582;9
3583;8
3584;10
3585;10
3586;16
3587;8
3588;14
3589;13
3590;8
3591;14
3592;10
3593;9
3594;9
3595;7
3596;6
3597;10
3598;10
3599;11
3600;12
3601;6
3602;9
3603;6
3604;12
3605;8
3606;7
3607;7
3608;11
3609;9
3610;15
3611;13
3612;12
3613;7
3614;5
3615;10
3616;5
3617;9
3618;5
3619;9
3620;10
3621;16
3622;5
3623;7
3624;6
3625;10
3626;5
3627;8
3628;13
3629;5
3630;11
3631;14
3632;8
3633;8
3634;8
3635;8
3636;17
3637;7
3638;11
3639;9
3640;15
3641;6
3642;8
3643;9
3644;8
3645;10
3646;8
3647;8
3648;6
3649;5
3650;5
3651;6
3652;8
3653;9
3654;9
3655;12
3656;14
3657;11
3658;14
3659;11
3660;10
3661;10
3662;6
3663;6
3664;5
3665;6
3666;8
3667;12
3668;10
3669;13
3670;2
3671;2
3672;10
3673;8
3674;8
3675;9
3676;11
3677;8
3678;12
3679;14
3680;9
3681;7
3682;13
3683;7
3684;10
3685;8
3686;9
3687;9
3688;8
3689;11
3690;7
3691;8
3692;11
3693;8
3694;5
3695;7
3696;10
3697;9
3698;9
3699;9
3700;14
3701;5
3702;8
3703;5
3704;9
3705;12
3706;6
3707;11
3708;8
3709;13
3710;5
3711;7
3712;12
3713;13
3714;4
3715;11
3716;8
3717;7
3718;10
3719;5
3720;9
3721;5
3722;11
3723;6
3724;7
3725;7
3726;8
3727;7
3728;6
3729;9
3730;8
3731;9
3732;12
3733;11
3734;15
3735;7
3736;8
3737;7
3738;10
3739;12
3740;8
3741;9
3742;9
3743;12
3744;8
3745;6
3746;6
3747;7
3748;6
3749;12
3750;6
3751;6
3752;9
3753;10
3754;9
3755;9
3756;9
3757;7
3758;13
3759;9
3760;4
3761;5
3762;7
3763;8
3764;15
3765;7
3766;7
3767;6
3768;4
3769;2
3770;11
3771;8
3772;17
3773;10
3774;4
3775;15
3776;11
3777;13
3778;6
3779;13
3780;9
3781;7
3782;14
3783;13
3784;7
3785;11
3786;6
3787;11
3788;17
3789;6
3790;5
3791;11
3792;11
3793;8
3794;14
3795;9
3796;8
3797;5
3798;7
3799;5
3800;11
3801;11
3802;9
3803;6
3804;8
3805;14
3806;1
3807;11
3808;5
3809;8
3810;14
3811;10
3812;13
3813;13
3814;6
3815;5
3816;6
3817;11
3818;8
3819;8
3820;7
3821;9
3822;11
3823;14
3824;10
3825;5
3826;4
3827;10
3828;6
3829;16
3830;6
3831;9
3832;6
3833;12
3834;8
3835;12
3836;5
3837;9
3838;8
3839;8
3840;9
3841;12
3842;8
3843;10
3844;9
3845;10
3846;12
3847;8
3848;11
3849;11
3850;5
3851;10
3852;9
3853;9
3854;10
3855;12
3856;10
3857;13
3858;14
3859;9
3860;7
3861;8
3862;18
3863;9
3864;9
3865;11
3866;5
3867;4
3868;10
3869;7
3870;14
3871;6
3872;9
3873;8
3874;10
3875;7
3876;13
3877;10
3878;8
3879;6
3880;6
3881;13
3882;9
3883;6
3884;12
3885;9
3886;12
3887;6
3888;10
3889;6
3890;4
3891;13
3892;12
3893;8
3894;9
3895;8
3896;11
3897;15
3898;10
3899;5
3900;7
3901;6
3902;6
3903;9
3904;7
3905;7
3906;7
3907;7
3908;7
3909;15
3910;9
3911;7
3912;14
3913;9
3914;13
3915;6
3916;7
3917;14
3918;6
3919;5
3920;11
3921;9
3922;5
3923;7
3924;5
3925;11
3926;6
3927;13
3928;12
3929;9
3930;8
3931;5
3932;6
3933;7
3934;13
3935;16
3936;11
3937;11
3938;8
3939;8
3940;6
3941;4
3942;10
3943;11
3944;10
3945;11
3946;11
3947;11
3948;18
3949;7
3950;8
3951;6
3952;10
3953;12
3954;13
3955;9
3956;11
3957;9
3958;14
3959;6
3960;15
3961;8
3962;12
3963;12
3964;6
3965;13
3966;9
3967;12
3968;9
3969;6
3970;6
3971;18
3972;13
3973;11
3974;13
3975;13
3976;9
3977;13
3978;13
3979;13
3980;10
3981;13
3982;13
3983;16
3984;12
3985;8
3986;8
3987;16
3988;12
3989;12
3990;10
3991;10
3992;9
3993;9
3994;6
3995;5
3996;9
3997;8
3998;7
3999;9
4000;11
4001;14
4002;6
4003;9
4004;10
4005;10
4006;4
4007;7
4008;4
4009;12
4010;6
4011;14
4012;6
4013;12
4014;8
4015;14
4016;11
4017;6
4018;6
4019;6
4020;11
4021;8
4022;13
4023;7
4024;8
4025;4
4026;13
4027;5
4028;9
4029;13
4030;8
4031;12
4032;9
4033;11
4034;4
4035;13
4036;6
4037;7
4038;12
4039;6
4040;14
4041;8
4042;4
4043;10
4044;12
4045;5
4046;11
4047;11
4048;11
4049;6
4050;12
4051;15
4052;11
4053;10
4054;8
4055;12
4056;15
4057;11
4058;9
4059;7
4060;8
4061;7
4062;7
4063;7
4064;12
4065;10
4066;11
4067;10
4068;8
4069;10
4070;8
4071;7
4072;8
4073;15
4074;11
4075;9
4076;16
4077;10
4078;9
4079;7
4080;5
4081;9
4082;11
4083;6
4084;9
4085;4
4086;14
4087;13
4088;12
4089;10
4090;10
4091;5
4092;12
4093;11
4094;9
4095;8
4096;12
4097;5
4098;7
4099;9
4100;7
4101;7
4102;5
4103;9
4104;10
4105;11
4106;10
4107;9
4108;9
4109;8
4110;13
4111;10
4112;12
4113;10
4114;7
4115;14
4116;15
4117;10
4118;14
4119;10
4120;10
4121;12
4122;11
4123;14
4124;11
4125;6
4126;6
4127;17
4128;13
4129;9
4130;12
4131;11
4132;6
4133;5
4134;11
4135;3
4136;9
4137;7
4138;12
4139;13
4140;10
4141;11
4142;10
4143;9
4144;13
4145;15
4146;13
4147;7
4148;9
4149;8
4150;13
4151;9
4152;9
4153;9
4154;10
4155;6
4156;8
4157;10
4158;10
4159;7
4160;8
4161;14
4162;7
4163;11
4164;11
4165;8
4166;14
4167;3
4168;9
4169;5
4170;11
4171;5
4172;6
4173;9
4174;6
4175;10
4176;13
4177;10
4178;14
4179;7
4180;9
4181;11
4182;13
4183;11
4184;7
4185;10
4186;11
4187;4
4188;6
4189;10
4190;11
4191;12
4192;4
4193;7
4194;12
4195;7
4196;8
4197;9
4198;14
4199;8
4200;13
4201;10
4202;7
4203;9
4204;11
4205;9
4206;8
4207;12
4208;4
4209;6
4210;7
4211;14
4212;12
4213;12
4214;11
4215;10
4216;10
4217;7
4218;6
4219;10
4220;13
4221;12
4222;5
4223;12
4224;9
4225;10
4226;9
4227;8
4228;10
4229;9
4230;10
4231;10
4232;8
4233;9
4234;7
4235;18
4236;9
4237;11
4238;10
4239;4
4240;11
4241;12
4242;8
4243;11
4244;9
4245;7
4246;10
4247;8
4248;11
4249;4
4250;7
4251;8
4252;8
4253;10
4254;14
4255;8
4256;8
4257;5
4258;11
4259;7
4260;3
4261;12
4262;9
4263;12
4264;6
4265;6
4266;8
4267;10
4268;8
4269;11
4270;7
4271;10
4272;11
4273;6
4274;11
4275;8
4276;3
4277;7
4278;8
4279;12
4280;7
4281;11
4282;6
4283;6
4284;8
4285;9
4286;10
4287;8
4288;11
4289;8
4290;12
4291;6
4292;6
4293;6
4294;15
4295;9
4296;8
4297;10
4298;5
4299;8
4300;6
4301;11
4302;8
4303;13
4304;12
4305;16
4306;3
4307;6
4308;9
4309;14
4310;9
4311;11
4312;6
4313;8
4314;5
4315;6
4316;6
4317;4
4318;11
4319;7
4320;9
4321;6
4322;11
4323;13
4324;7
4325;14
4326;8
4327;9
4328;8
4329;6
4330;7
4331;14
4332;10
4333;8
4334;9
4335;10
4336;12
4337;7
4338;6
4339;5
4340;7
4341;13
4342;9
4343;12
4344;5
4345;9
4346;4
4347;12
4348;10
4349;12
4350;8
4351;10
4352;6
4353;9
4354;6
4355;12
4356;7
4357;5
4358;12
4359;10
4360;5
4361;10
4362;9
4363;11
4364;12
4365;7
4366;10
4367;4
4368;9
4369;5
4370;7
4371;12
4372;10
4373;8
4374;8
4375;10
4376;6
4377;9
4378;8
4379;7
4380;9
4381;7
4382;8
4383;12
4384;4
4385;9
4386;11
4387;5
4388;7
4389;7
4390;10
4391;7
4392;9
4393;10
4394;5
4395;11
4396;4
4397;8
4398;8
4399;8
4400;3
4401;11
4402;4
4403;11
4404;8
4405;10
4406;9
4407;9
4408;10
4409;2
4410;8
4411;8
4412;12
4413;8
4414;7
4415;13
4416;10
4417;10
4418;9
4419;9
4420;3
4421;8
4422;5
4423;4
4424;13
4425;7
4426;7
4427;8
4428;5
4429;6
4430;16
4431;4
4432;9
4433;4
4434;15
4435;7
4436;9
4437;6
4438;4
4439;3
4440;9
4441;8
4442;11
4443;7
4444;6
4445;5
4446;5
4447;9
4448;8
4449;4
4450;6
4451;9
4452;3
4453;4
4454;4
4455;4
4456;9
4457;9
4458;9
4459;8
4460;6
4461;6
4462;12
4463;7
4464;6
4465;16
4466;9
4467;4
4468;9
4469;7
4470;6
4471;5
4472;10
4473;4
4474;8
4475;6
4476;8
4477;7
4478;6
4479;8
4480;8
4481;6
4482;7
4483;9
4484;7
4485;3
4486;7
4487;12
4488;4
4489;6
4490;5
4491;9
4492;14
4493;4
4494;2
4495;4
4496;5
4497;6
4498;8
4499;9
4500;8
4501;8
4502;7
4503;11
4504;6
4505;8
4506;6
4507;3
4508;8
4509;5
4510;5
4511;10
4512;9
4513;6
4514;3
4515;1
4516;4
4517;15
4518;5
4519;7
4520;2
4521;4
4522;6
4523;7
4524;8
4525;3
4526;5
4527;6
4528;6
4529;4
4530;13
4531;4
4532;11
4533;6
4534;6
4535;6
4536;4
4537;4
4538;7
4539;4
4540;3
4541;6
4542;14
4543;9
4544;8
4545;8
4546;2
4547;7
4548;4
4549;5
4550;0
4551;8
4552;4
4553;9
4554;7
4555;6
4556;7
4557;12
4558;8
4559;5
4560;7
4561;5
4562;4
4563;2
4564;10
4565;4
4566;6
4567;8
4568;7
4569;9
4570;12
4571;1
4572;11
4573;5
4574;4
4575;9
4576;6
4577;8
4578;9
4579;3
4580;10
4581;4
4582;5
4583;7
4584;3
4585;10
4586;5
4587;6
4588;5
4589;6
4590;3
4591;9
4592;8
4593;7
4594;5
4595;7
4596;6
4597;7
4598;8
4599;6
4600;6
4601;4
4602;6
4603;10
4604;8
4605;8
4606;8
4607;5
4608;2
4609;5
4610;3
4611;5
4612;11
4613;7
4614;4
4615;6
4616;7
4617;2
4618;9
4619;5
4620;11
4621;7
4622;6
4623;6
4624;2
4625;7
4626;10
4627;5
4628;8
4629;7
4630;3
4631;7
4632;6
4633;6
4634;4
4635;4
4636;8
4637;7
4638;5
4639;4
4640;8
4641;5
4642;9
4643;1
4644;10
4645;10
4646;4
4647;3
4648;8
4649;7
4650;2
4651;5
4652;8
4653;5
4654;7
4655;4
4656;8
4657;10
4658;7
4659;4
4660;8
4661;3
4662;6
4663;7
4664;4
4665;4
4666;2
4667;5
4668;5
4669;9
4670;6
4671;7
4672;6
4673;4
4674;7
4675;6
4676;9
4677;11
4678;5
4679;2
4680;7
4681;5
4682;4
4683;10
4684;5
4685;6
4686;6
4687;3
4688;2
4689;8
4690;6
4691;8
4692;3
4693;4
4694;8
4695;8
4696;4
4697;4
4698;4
4699;3
4700;5
4701;3
4702;6
4703;7
4704;3
4705;4
4706;9
4707;12
4708;7
4709;7
4710;6
4711;6
4712;6
4713;7
4714;8
4715;6
4716;0
4717;9
4718;2
4719;6
4720;5
4721;5
4722;5
4723;4
4724;9
4725;7
4726;11
4727;5
4728;4
4729;5
4730;6
4731;4
4732;9
4733;7
4734;6
4735;9
4736;2
4737;5
4738;9
4739;7
4740;2
4741;2
4742;9
4743;5
4744;11
4745;7
4746;4
4747;9
4748;5
4749;4
4750;8
4751;5
4752;8
4753;6
4754;6
4755;5
4756;7
4757;10
4758;7
4759;5
4760;6
4761;12
4762;3
4763;4
4764;6
4765;8
4766;3
4767;10
4768;7
4769;11
4770;5
4771;5
4772;5
4773;3
4774;4
4775;5
4776;4
4777;10
4778;7
4779;6
4780;10
4781;13
4782;7
4783;7
4784;4
4785;6
4786;8
4787;7
4788;8
4789;6
4790;5
4791;6
4792;9
4793;10
4794;6
4795;3
4796;5
4797;9
4798;6
4799;5
4800;7
4801;13
4802;9
4803;6
4804;9
4805;1
4806;6
4807;3
4808;6
4809;8
4810;4
4811;5
4812;5
4813;11
4814;11
4815;7
4816;7
4817;10
4818;9
4819;4
4820;7
4821;5
4822;11
4823;6
4824;6
4825;6
4826;6
4827;9
4828;3
4829;5
4830;6
4831;7
4832;9
4833;3
4834;3
4835;3
4836;4
4837;6
4838;7
4839;3
4840;1
4841;6
4842;8
4843;9
4844;7
4845;7
4846;5
4847;5
4848;5
4849;4
4850;10
4851;11
4852;5
4853;3
4854;7
4855;9
4856;3
4857;12
4858;7
4859;10
4860;7
4861;5
4862;6
4863;6
4864;3
4865;5
4866;7
4867;7
4868;5
4869;5
4870;6
4871;6
4872;8
4873;9
4874;8
4875;6
4876;5
4877;3
4878;5
4879;10
4880;11
4881;10
4882;4
4883;7
4884;4
4885;4
4886;4
4887;3
4888;7
4889;6
4890;6
4891;7
4892;6
4893;8
4894;7
4895;5
4896;5
4897;8
4898;11
4899;3
4900;4
4901;6
4902;4
4903;3
4904;4
4905;7
4906;4
4907;10
4908;6
4909;4
4910;8
4911;6
4912;6
4913;5
4914;3
4915;4
4916;6
4917;8
4918;7
4919;9
4920;10
4921;8
4922;8
4923;8
4924;7
4925;12
4926;17
4927;5
4928;4
4929;5
4930;6
4931;9
4932;5
4933;11
4934;8
4935;8
4936;5
4937;7
4938;6
4939;6
4940;6
4941;6
4942;7
4943;5
4944;5
4945;10
4946;6
4947;4
4948;3
4949;5
4950;11
4951;6
4952;5
4953;6
4954;4
4955;10
4956;5
4957;9
4958;9
4959;10
4960;3
4961;7
4962;8
4963;3
4964;7
4965;7
4966;9
4967;6
4968;11
4969;4
4970;5
4971;5
4972;6
4973;11
4974;7
4975;7
4976;7
4977;8
4978;7
4979;6
4980;2
4981;7
4982;7
4983;5
4984;11
4985;8
4986;6
4987;8
4988;12
4989;5
4990;8
4991;3
4992;9
4993;6
4994;4
4995;6
4996;6
4997;6
4998;9
4999;4
5000;7
5001;10
5002;6
5003;10
5004;6
5005;6
5006;3
5007;5
5008;7
5009;3
5010;5
5011;5
5012;0
5013;9
5014;3
5015;4
5016;4
5017;10
5018;8
5019;6
5020;7
5021;5
5022;4
5023;4
5024;8
5025;8
5026;8
5027;11
5028;7
5029;5
5030;8
5031;10
5032;5
5033;6
5034;6
5035;7
5036;6
5037;8
5038;7
5039;8
5040;6
5041;10
5042;3
5043;13
5044;3
5045;8
5046;13
5047;5
5048;12
5049;5
5050;3
5051;10
5052;11
5053;5
5054;8
5055;6
5056;5
5057;6
5058;2
5059;7
5060;6
5061;5
5062;8
5063;8
5064;6
5065;5
5066;9
5067;7
5068;4
5069;3
5070;7
5071;12
5072;8
5073;2
5074;5
5075;10
5076;6
5077;4
5078;6
5079;6
5080;4
5081;6
5082;4
5083;5
5084;7
5085;4
5086;7
5087;7
5088;5
5089;7
5090;7
5091;2
5092;7
5093;6
5094;5
5095;5
5096;3
5097;5
5098;8
5099;4
5100;4
5101;4
5102;10
5103;8
5104;7
5105;6
5106;6
5107;6
5108;7
5109;12
5110;3
5111;7
5112;9
5113;3
5114;2
5115;6
5116;4
5117;1
5118;6
5119;7
5120;8
5121;1
5122;5
5123;8
5124;7
5125;10
5126;6
5127;10
5128;6
5129;7
5130;9
5131;2
5132;5
5133;5
5134;5
5135;1
5136;6
5137;7
5138;8
5139;6
5140;4
5141;8
5142;5
5143;6
5144;3
5145;4
5146;3
5147;13
5148;8
5149;7
5150;2
5151;5
5152;8
5153;6
5154;3
5155;4
5156;4
5157;6
5158;10
5159;10
5160;4
5161;6
5162;1
5163;5
5164;6
5165;7
5166;5
5167;4
5168;8
5169;5
5170;8
5171;8
5172;8
5173;10
5174;4
5175;4
5176;4
5177;5
5178;1
5179;4
5180;4
5181;7
5182;6
5183;3
5184;5
5185;9
5186;4
5187;5
5188;5
5189;2
5190;10
5191;1
5192;1
5193;5
5194;3
5195;8
5196;10
5197;3
5198;1
5199;9
5200;8
5201;3
5202;9
5203;8
5204;3
5205;3
5206;6
5207;8
5208;4
5209;6
5210;7
5211;4
5212;5
5213;4
5214;2
5215;4
5216;10
5217;7
5218;7
5219;11
5220;6
5221;4
5222;6
5223;7
5224;6
5225;9
5226;6
5227;5
5228;7
5229;9
5230;7
5231;6
5232;3
5233;3
5234;4
5235;3
5236;8
5237;7
5238;1
5239;5
5240;5
5241;4
5242;5
5243;9
5244;6
5245;5
5246;7
5247;3
5248;3
5249;12
5250;6
5251;9
5252;4
5253;3
5254;7
5255;4
5256;5
5257;3
5258;5
5259;6
5260;3
5261;7
5262;4
5263;6
5264;4
5265;4
5266;4
5267;3
5268;6
5269;7
5270;4
5271;3
5272;5
5273;5
5274;6
5275;6
5276;4
5277;4
5278;6
5279;12
5280;7
5281;9
5282;3
5283;8
5284;5
5285;4
5286;2
5287;3
5288;7
5289;5
5290;6
5291;8
5292;4
5293;3
5294;5
5295;10
5296;3
5297;5
5298;3
5299;9
5300;7
5301;4
5302;2
5303;9
5304;2
5305;7
5306;7
5307;5
5308;3
5309;6
5310;6
5311;5
5312;10
5313;3
5314;3
5315;2
5316;2
5317;4
5318;6
5319;9
5320;3
5321;9
5322;6
5323;6
5324;4
5325;9
5326;4
5327;10
5328;8
5329;5
5330;3
5331;4
5332;5
5333;4
5334;5
5335;9
5336;7
5337;2
5338;8
5339;4
5340;4
5341;4
5342;0
5343;8
5344;3
5345;3
5346;8
5347;2
5348;6
5349;3
5350;3
5351;3
5352;8
5353;6
5354;3
5355;8
5356;3
5357;11
5358;3
5359;3
5360;5
5361;6
5362;8
5363;4
5364;7
5365;3
5366;3
5367;4
5368;8
5369;11
5370;12
5371;4
5372;4
5373;4
5374;9
5375;5
5376;2
5377;3
5378;2
5379;6
5380;3
5381;4
5382;3
5383;3
5384;2
5385;4
5386;5
5387;6
5388;3
5389;4
5390;5
5391;6
5392;3
5393;5
5394;4
5395;7
5396;5
5397;4
5398;6
5399;6
5400;2
5401;1
5402;2
5403;6
5404;2
5405;0
5406;5
5407;3
5408;4
5409;7
5410;3
5411;4
5412;3
5413;4
5414;5
5415;8
5416;7
5417;4
5418;4
5419;2
5420;4
5421;1
5422;11
5423;3
5424;4
5425;4
5426;1
5427;2
5428;8
5429;6
5430;4
5431;6
5432;6
5433;4
5434;2
5435;10
5436;4
5437;7
5438;4
5439;2
5440;4
5441;3
5442;2
5443;7
5444;2
5445;5
5446;2
5447;5
5448;6
5449;4
5450;4
5451;4
5452;3
5453;8
5454;4
5455;7
5456;3
5457;7
5458;2
5459;5
5460;6
5461;7
5462;3
5463;4
5464;4
5465;3
5466;2
5467;4
5468;2
5469;8
5470;7
5471;3
5472;7
5473;3
5474;2
5475;8
5476;2
5477;9
5478;5
5479;1
5480;4
5481;3
5482;11
5483;5
5484;5
5485;2
5486;5
5487;5
5488;4
5489;2
5490;4
5491;9
5492;4
5493;3
5494;5
5495;5
5496;2
5497;4
5498;8
5499;3
5500;5
5501;5
5502;4
5503;4
5504;6
5505;9
5506;4
5507;5
5508;4
5509;2
5510;1
5511;5
5512;7
5513;8
5514;5
5515;1
5516;11
5517;6
5518;7
5519;3
5520;4
5521;3
5522;4
5523;4
5524;4
5525;4
5526;0
5527;4
5528;3
5529;3
5530;2
5531;8
5532;2
5533;9
5534;4
5535;6
5536;5
5537;4
5538;4
5539;6
5540;3
5541;2
5542;6
5543;5
5544;6
5545;7
5546;5
5547;1
5548;4
5549;7
5550;4
5551;7
5552;6
5553;4
5554;4
5555;3
5556;3
5557;2
5558;3
5559;8
5560;2
5561;2
5562;3
5563;1
5564;5
5565;3
5566;4
5567;3
5568;2
5569;2
5570;1
5571;6
5572;4
5573;3
5574;1
5575;8
5576;1
5577;4
5578;3
5579;4
5580;3
5581;3
5582;4
5583;4
5584;7
5585;6
5586;2
5587;3
5588;3
5589;4
5590;3
5591;2
5592;1
5593;3
5594;4
5595;3
5596;7
5597;6
5598;1
5599;2
5600;1
5601;6
5602;3
5603;4
5604;7
5605;7
5606;5
5607;4
5608;4
5609;5
5610;4
5611;3
5612;3
5613;4
5614;6
5615;3
5616;3
5617;5
5618;5
5619;5
5620;4
5621;3
5622;2
5623;0
5624;4
5625;5
5626;2
5627;1
5628;2
5629;8
5630;5
5631;2
5632;4
5633;1
5634;1
5635;3
5636;2
5637;4
5638;7
5639;2
5640;11
5641;9
5642;1
5643;3
5644;3
5645;3
5646;2
5647;3
5648;3
5649;3
5650;4
5651;3
5652;4
5653;5
5654;3
5655;0
5656;4
5657;0
5658;3
5659;4
5660;4
5661;1
5662;0
5663;8
5664;1
5665;4
5666;3
5667;3
5668;1
5669;5
5670;3
5671;2
5672;5
5673;3
5674;2
5675;3
5676;5
5677;5
5678;4
5679;5
5680;1
5681;3
5682;2
5683;6
5684;2
5685;4
5686;3
5687;6
5688;1
5689;2
5690;4
5691;3
5692;1
5693;1
5694;4
5695;4
5696;3
5697;4
5698;4
5699;1
5700;2
5701;3
5702;3
5703;2
5704;4
5705;2
5706;2
5707;6
5708;4
5709;1
5710;4
5711;3
5712;2
5713;3
5714;2
5715;3
5716;3
5717;7
5718;1
5719;4
5720;2
5721;2
5722;4
5723;1
5724;2
5725;1
5726;5
5727;4
5728;3
5729;2
5730;2
5731;2
5732;3
5733;2
5734;2
5735;2
5736;4
5737;2
5738;1
5739;2
5740;5
5741;5
5742;2
5743;0
5744;3
5745;2
5746;5
5747;2
5748;4
5749;4
5750;2
5751;4
5752;2
5753;4
5754;4
5755;6
5756;2
5757;1
5758;2
5759;4
5760;6
5761;4
5762;7
5763;4
5764;4
5765;5
5766;5
5767;3
5768;3
5769;3
5770;3
5771;1
5772;2
5773;4
5774;1
5775;2
5776;2
5777;3
5778;6
5779;4
5780;4
5781;2
5782;4
5783;2
5784;2
5785;2
5786;3
5787;3
5788;1
5789;8
5790;2
5791;3
5792;3
5793;1
5794;3
5795;2
5796;2
5797;3
5798;4
5799;3
5800;0
5801;4
5802;2
5803;2
5804;1
5805;5
5806;4
5807;0
5808;3
5809;3
5810;2
5811;2
5812;2
5813;2
5814;4
5815;0
5816;3
5817;1
5818;0
5819;2
5820;2
5821;4
5822;1
5823;1
5824;4
5825;2
5826;4
5827;7
5828;6
5829;1
5830;2
5831;2
5832;4
5833;2
5834;1
5835;2
5836;3
5837;1
5838;3
5839;2
5840;5
5841;4
5842;4
5843;2
5844;2
5845;1
5846;3
5847;4
5848;2
5849;2
5850;3
5851;1
5852;1
5853;2
5854;2
5855;2
5856;3
5857;9
5858;3
5859;1
5860;4
5861;0
5862;4
5863;2
5864;2
5865;3
5866;2
5867;2
5868;4
5869;5
5870;5
5871;4
5872;2
5873;3
5874;2
5875;4
5876;7
5877;5
5878;2
5879;6
5880;4
5881;1
5882;3
5883;4
5884;4
5885;2
5886;5
5887;2
5888;2
5889;3
5890;2
5891;2
5892;1
5893;4
5894;4
5895;3
5896;7
5897;2
5898;1
5899;6
5900;3
5901;3
5902;3
5903;5
5904;0
5905;1
5906;6
5907;2
5908;3
5909;4
5910;2
5911;1
5912;5
5913;2
5914;3
5915;1
5916;4
5917;4
5918;4
5919;6
5920;7
5921;0
5922;2
5923;1
5924;2
5925;6
5926;4
5927;2
5928;1
5929;4
5930;1
5931;0
5932;3
5933;1
5934;4
5935;4
5936;2
5937;4
5938;4
5939;4
5940;6
5941;6
5942;6
5943;4
5944;3
5945;1
5946;5
5947;3
5948;1
5949;6
5950;2
5951;1
5952;5
5953;4
5954;3
5955;8
5956;5
5957;2
5958;2
5959;4
5960;1
5961;2
5962;2
5963;4
5964;3
5965;4
5966;3
5967;3
5968;2
5969;3
5970;2
5971;4
5972;3
5973;3
5974;6
5975;4
5976;1
5977;3
5978;2
5979;3
5980;0
5981;4
5982;3
5983;5
5984;1
5985;3
5986;5
5987;4
5988;4
5989;0
5990;1
5991;3
5992;7
5993;3
5994;3
5995;4
5996;1
5997;1
5998;2
5999;3
6000;5
6001;2
6002;2
6003;4
6004;3
6005;3
6006;3
6007;2
6008;2
6009;4
6010;5
6011;2
6012;3
6013;1
6014;5
6015;3
6016;1
6017;1
6018;3
6019;6
6020;5
6021;2
6022;1
6023;4
6024;2
6025;2
6026;4
6027;3
6028;4
6029;1
6030;1
6031;3
6032;3
6033;4
6034;1
6035;2
6036;10
6037;4
6038;3
6039;4
6040;4
6041;3
6042;3
6043;5
6044;3
6045;3
6046;1
6047;4
6048;7
6049;3
6050;6
6051;3
6052;2
6053;6
6054;2
6055;3
6056;5
6057;2
6058;3
6059;6
6060;0
6061;1
6062;2
6063;2
6064;5
6065;3
6066;5
6067;7
6068;3
6069;8
6070;4
6071;6
6072;4
6073;4
6074;4
6075;3
6076;4
6077;1
6078;2
6079;6
6080;3
6081;4
6082;4
6083;4
6084;1
6085;3
6086;1
6087;3
6088;5
6089;7
6090;3
6091;3
6092;1
6093;2
6094;5
6095;4
6096;3
6097;3
6098;2
6099;3
6100;7
6101;3
6102;4
6103;9
6104;0
6105;3
6106;5
6107;3
6108;2
6109;2
6110;3
6111;5
6112;7
6113;6
6114;4
6115;4
6116;4
6117;10
6118;6
6119;1
6120;2
6121;5
6122;2
6123;0
6124;3
6125;3
6126;2
6127;4
6128;5
6129;4
6130;5
6131;1
6132;6
6133;4
6134;4
6135;0
6136;3
6137;2
6138;2
6139;3
6140;6
6141;4
6142;6
6143;3
6144;5
6145;3
6146;3
6147;5
6148;6
6149;3
6150;3
6151;6
6152;2
6153;3
6154;0
6155;3
6156;5
6157;7
6158;3
6159;4
6160;5
6161;3
6162;3
6163;5
6164;7
6165;7
6166;8
6167;3
6168;2
6169;4
6170;4
6171;3
6172;6
6173;2
6174;9
6175;4
6176;12
6177;11
6178;7
6179;4
6180;5
6181;7
6182;3
6183;5
6184;5
6185;5
6186;1
6187;9
6188;9
6189;2
6190;5
6191;2
6192;3
6193;4
6194;4
6195;5
6196;10
6197;2
6198;5
6199;5
6200;10
6201;7
6202;4
6203;5
6204;8
6205;5
6206;3
6207;5
6208;9
6209;6
6210;6
6211;3
6212;1
6213;9
6214;4
6215;1
6216;6
6217;3
6218;7
6219;7
6220;4
6221;6
6222;6
6223;7
6224;4
6225;9
6226;6
6227;7
6228;5
6229;5
6230;6
6231;13
6232;5
6233;4
6234;2
6235;7
6236;2
6237;10
6238;4
6239;7
6240;3
6241;5
6242;3
6243;7
6244;5
6245;3
6246;6
6247;6
6248;3
6249;6
6250;10
6251;8
6252;7
6253;9
6254;4
6255;2
6256;8
6257;9
6258;8
6259;4
6260;5
6261;4
6262;7
6263;6
6264;6
6265;11
6266;3
6267;7
6268;5
6269;7
6270;6
6271;10
6272;7
6273;3
6274;5
6275;5
6276;16
6277;6
6278;7
6279;4
6280;7
6281;3
6282;4
6283;7
6284;4
6285;12
6286;5
6287;6
6288;8
6289;8
6290;12
6291;6
6292;12
6293;5
6294;6
6295;9
6296;7
6297;5
6298;6
6299;12
6300;11
6301;10
6302;11
6303;10
6304;3
6305;6
6306;6
6307;5
6308;5
6309;8
6310;10
6311;8
6312;4
6313;10
6314;12
6315;7
6316;3
6317;11
6318;4
6319;7
6320;4
6321;4
6322;8
6323;8
6324;4
6325;9
6326;10
6327;7
6328;6
6329;10
6330;10
6331;8
6332;11
6333;12
6334;6
6335;2
6336;7
6337;10
6338;8
6339;14
6340;10
6341;11
6342;6
6343;8
6344;10
6345;7
6346;3
6347;9
6348;15
6349;13
6350;9
6351;11
6352;12
6353;10
6354;9
6355;11
6356;18
6357;15
6358;9
6359;16
6360;7
6361;9
6362;15
6363;14
6364;6
6365;9
6366;16
6367;10
6368;11
6369;8
6370;6
6371;10
6372;9
6373;12
6374;8
6375;9
6376;14
6377;9
6378;11
6379;12
6380;8
6381;9
6382;13
6383;14
6384;7
6385;13
6386;9
6387;11
6388;5
6389;12
6390;18
6391;15
6392;12
6393;3
6394;11
6395;14
6396;11
6397;13
6398;7
6399;13
6400;9
6401;13
6402;13
6403;11
6404;11
6405;8
6406;13
6407;8
6408;8
6409;11
6410;6
6411;10
6412;14
6413;6
6414;8
6415;14
6416;18
6417;11
6418;11
6419;17
6420;6
6421;15
6422;13
6423;13
6424;8
6425;8
6426;19
6427;17
6428;12
6429;10
6430;17
6431;16
6432;10
6433;9
6434;9
6435;15
6436;12
6437;11
6438;6
6439;10
6440;10
6441;12
6442;20
6443;11
6444;13
6445;11
6446;10
6447;12
6448;15
6449;14
6450;10
6451;7
6452;9
6453;13
6454;8
6455;8
6456;9
6457;16
6458;13
6459;13
6460;9
6461;14
6462;11
6463;16
6464;16
6465;14
6466;12
6467;13
6468;6
6469;10
6470;9
6471;13
6472;9
6473;15
6474;11
6475;8
6476;12
6477;13
6478;13
6479;10
6480;14
6481;11
6482;15
6483;17
6484;12
6485;11
6486;11
6487;13
6488;11
6489;10
6490;14
6491;11
6492;8
6493;11
6494;11
6495;14
6496;13
6497;24
6498;12
6499;9
6500;12
6501;11
6502;6
6503;15
6504;13
6505;15
6506;14
6507;17
6508;10
6509;16
6510;8
6511;8
6512;12
6513;7
6514;12
6515;8
6516;11
6517;17
6518;13
6519;9
6520;14
6521;12
6522;11
6523;14
6524;8
6525;9
6526;13
6527;13
6528;8
6529;8
6530;12
6531;13
6532;8
6533;5
6534;8
6535;7
6536;16
6537;12
6538;13
6539;15
6540;13
6541;14
6542;5
6543;10
6544;8
6545;6
6546;15
6547;10
6548;13
6549;14
6550;14
6551;11
6552;13
6553;16
6554;15
6555;15
6556;12
6557;13
6558;9
6559;16
6560;8
6561;13
6562;7
6563;11
6564;10
6565;14
6566;8
6567;14
6568;8
6569;10
6570;10
6571;7
6572;7
6573;9
6574;13
6575;9
6576;5
6577;6
6578;9
6579;13
6580;8
6581;6
6582;8
6583;7
6584;11
6585;6
6586;12
6587;13
6588;16
6589;18
6590;8
6591;13
6592;13
6593;8
6594;9
6595;11
6596;10
6597;11
6598;11
6599;13
6600;12
6601;12
6602;6
6603;10
6604;17
6605;4
6606;7
6607;6
6608;14
6609;5
6610;11
6611;7
6612;8
6613;16
6614;10
6615;17
6616;13
6617;4
6618;7
6619;12
6620;13
6621;16
6622;5
6623;13
6624;12
6625;8
6626;8
6627;6
6628;6
6629;10
6630;13
6631;9
6632;6
6633;17
6634;13
6635;6
6636;14
6637;8
6638;10
6639;11
6640;4
6641;11
6642;9
6643;9
6644;7
6645;10
6646;6
6647;6
6648;9
6649;8
6650;4
6651;13
6652;8
6653;11
6654;3
6655;8
6656;4
6657;6
6658;6
6659;6
6660;2
6661;9
6662;5
6663;8
6664;10
6665;7
6666;7
6667;5
6668;10
6669;7
6670;8
6671;3
6672;8
6673;10
6674;10
6675;7
6676;7
6677;9
6678;7
6679;5
6680;13
6681;4
6682;7
6683;7
6684;10
6685;6
6686;8
6687;12
6688;4
6689;2
6690;8
6691;5
6692;4
6693;6
6694;12
6695;4
6696;6
6697;9
6698;8
6699;7
6700;8
6701;1
6702;4
6703;10
6704;8
6705;2
6706;0
6707;7
6708;6
6709;3
6710;3
6711;5
6712;6
6713;6
6714;9
6715;1
6716;7
6717;5
6718;6
6719;5
6720;5
6721;7
6722;9
6723;8
6724;9
6725;5
6726;6
6727;9
6728;1
6729;4
6730;2
6731;5
6732;4
6733;6
6734;5
6735;7
6736;2
6737;2
6738;6
6739;4
6740;7
6741;5
6742;7
6743;4
6744;4
6745;0
6746;6
6747;3
6748;2
6749;8
6750;2
6751;3
6752;6
6753;4
6754;3
6755;6
6756;8
6757;8
6758;2
6759;5
6760;3
6761;1
6762;7
6763;7
6764;6
6765;7
6766;4
6767;1
6768;3
6769;5
6770;4
6771;1
6772;4
6773;6
6774;3
6775;2
6776;4
6777;1
6778;3
6779;5
6780;2
6781;5
6782;4
6783;0
6784;5
6785;3
6786;1
6787;5
6788;4
6789;1
6790;1
6791;7
6792;3
6793;4
6794;4
6795;1
6796;2
6797;5
6798;1
6799;4
6800;2
6801;1
6802;5
6803;3
6804;2
6805;5
6806;1
6807;3
6808;6
6809;5
6810;3
6811;4
6812;0
6813;1
6814;1
6815;2
6816;3
6817;1
6818;1
6819;5
6820;5
6821;3
6822;2
6823;5
6824;2
6825;5
6826;0
6827;4
6828;1
6829;5
6830;1
6831;6
6832;2
6833;1
6834;3
6835;2
6836;1
6837;1
6838;2
6839;2
6840;3
6841;1
6842;2
6843;1
6844;2
6845;4
6846;1
6847;1
6848;0
6849;4
6850;1
6851;1
6852;3
6853;2
6854;2
6855;3
6856;2
6857;1
6858;2
6859;5
6860;3
6861;1
6862;0
6863;1
6864;2
6865;2
6866;3
6867;5
6868;0
6869;4
6870;2
6871;2
6872;4
6873;2
6874;3
6875;1
6876;1
6877;0
6878;0
6879;1
6880;3
6881;4
6882;0
6883;2
6884;6
6885;0
6886;1
6887;4
6888;2
6889;3
6890;6
6891;3
6892;3
6893;1
6894;1
6895;0
6896;3
6897;2
6898;3
6899;5
6900;1
6901;2
6902;8
6903;1
6904;0
6905;3
6906;0
6907;3
6908;2
6909;2
6910;3
6911;1
6912;0
6913;2
6914;1
6915;1
6916;7
6917;1
6918;1
6919;4
6920;1
6921;1
6922;3
6923;1
6924;0
6925;3
6926;0
6927;1
6928;1
6929;2
6930;3
6931;0
6932;1
6933;1
6934;2
6935;0
6936;1
6937;2
6938;2
6939;3
6940;1
6941;1
6942;4
6943;3
6944;0
6945;1
6946;0
6947;1
6948;3
6949;2
6950;2
6951;1
6952;1
6953;1
6954;1
6955;1
6956;3
6957;3
6958;2
6959;0
6960;2
6961;2
6962;0
6963;0
6964;2
6965;1
6966;1
6967;3
6968;1
6969;2
6970;0
6971;2
6972;2
6973;1
6974;2
6975;0
6976;1
6977;0
6978;0
6979;2
6980;1
6981;2
6982;1
6983;1
6984;3
6985;1
6986;0
6987;2
6988;1
6989;1
6990;1
6991;1
6992;1
6993;0
6994;1
6995;0
6996;2
6997;2
6998;0
6999;2
7000;1
7001;3
7002;1
7003;2
7004;2
7005;3
7006;2
7007;0
7008;1
7009;3
7010;0
7011;1
7012;3
7013;0
7014;1
7015;1
7016;2
7017;3
7018;2
7019;0
7020;0
7021;1
7022;1
7023;1
7024;1
7025;3
7026;1
7027;1
7028;2
7029;3
7030;0
7031;1
7032;1
7033;2
7034;0
7035;3
7036;1
7037;1
7038;1
7039;1
7040;1
7041;0
7042;1
7043;1
7044;1
7045;1
7046;3
7047;0
7048;3
7049;1
7050;2
7051;2
7052;0
7053;1
7054;2
7055;0
7056;2
7057;1
7058;2
7059;1
7060;0
7061;3
7062;0
7063;0
7064;3
7065;3
7066;1
7067;3
7068;3
7069;1
7070;2
7071;1
7072;1
7073;2
7074;0
7075;2
7076;2
7077;1
7078;2
7079;3
7080;3
7081;1
7082;1
7083;1
7084;1
7085;6
7086;1
7087;1
7088;1
7089;0
7090;3
7091;1
7092;1
7093;2
7094;1
7095;1
7096;1
7097;1
7098;0
7099;0
7100;0
7101;0
7102;0
7103;1
7104;3
7105;2
7106;1
7107;0
7108;0
7109;0
7110;0
7111;1
7112;4
7113;1
7114;2
7115;0
7116;0
7117;1
7118;0
7119;4
7120;2
7121;2
7122;0
7123;1
7124;0
7125;1
7126;1
7127;1
7128;1
7129;2
7130;1
7131;0
7132;2
7133;1
7134;1
7135;1
7136;2
7137;1
7138;2
7139;0
7140;0
7141;1
7142;0
7143;0
7144;1
7145;1
7146;2
7147;3
7148;2
7149;3
7150;4
7151;1
7152;0
7153;3
7154;0
7155;1
7156;1
7157;2
7158;2
7159;1
7160;1
7161;0
7162;0
7163;3
7164;2
7165;1
7166;0
7167;0
7168;3
7169;1
7170;0
7171;1
7172;3
7173;0
7174;0
7175;0
7176;2
7177;2
7178;0
7179;0
7180;0
7181;1
7182;1
7183;0
7184;1
7185;1
7186;3
7187;2
7188;1
7189;1
7190;1
7191;0
7192;1
7193;2
7194;2
7195;2
7196;2
7197;0
7198;3
7199;2
7200;1
7201;1
7202;3
7203;2
7204;1
7205;1
7206;0
7207;1
7208;2
7209;1
7210;1
7211;2
7212;0
7213;1
7214;1
7215;0
7216;1
7217;5
7218;0
7219;2
7220;2
7221;0
7222;0
7223;1
7224;0
7225;0
7226;1
7227;0
7228;0
7229;1
7230;1
7231;0
7232;1
7233;1
7234;1
7235;2
7236;0
7237;2
7238;0
7239;1
7240;1
7241;0
7242;1
7243;1
7244;2
7245;0
7246;1
7247;2
7248;1
7249;3
7250;2
7251;0
7252;2
7253;2
7254;1
7255;2
7256;2
7257;2
7258;2
7259;1
7260;1
7261;1
7262;1
7263;1
7264;0
7265;0
7266;0
7267;1
7268;1
7269;1
7270;0
7271;0
7272;0
7273;2
7274;1
7275;0
7276;0
7277;0
7278;0
7279;1
7280;1
7281;1
7282;0
7283;1
7284;2
7285;0
7286;2
7287;1
7288;1
7289;2
7290;1
7291;0
7292;0
7293;1
7294;0
7295;1
7296;3
7297;0
7298;0
7299;0
7300;4
7301;2
7302;2
7303;1
7304;0
7305;3
7306;0
7307;3
7308;0
7309;0
7310;1
7311;2
7312;1
7313;2
7314;0
7315;1
7316;0
7317;0
7318;1
7319;1
7320;1
7321;1
7322;3
7323;3
7324;2
7325;2
7326;2
7327;2
7328;1
7329;1
7330;1
7331;0
7332;2
7333;0
7334;1
7335;4
7336;1
7337;3
7338;1
7339;1
7340;0
7341;1
7342;0
7343;2
7344;0
7345;2
7346;1
7347;1
7348;0
7349;0
7350;0
7351;2
7352;1
7353;2
7354;0
7355;1
7356;1
7357;1
7358;1
7359;1
7360;0
7361;1
7362;3
7363;0
7364;0
7365;0
7366;0
7367;1
7368;0
7369;1
7370;0
7371;1
7372;0
7373;0
7374;0
7375;0
7376;0
7377;0
7378;0
7379;0
7380;0
7381;0
7382;0
7383;0
7384;0
7385;0
7386;0
7387;0
7388;0
7389;0
7390;0
7391;0
7392;0
7393;0
7394;0
7395;0
7396;0
7397;0
7398;0
7399;0
7400;0
7401;0
7402;0
7403;0
7404;0
7405;0
7406;0
7407;0
7408;0
7409;0
7410;0
7411;0
7412;0
7413;0
7414;0
7415;0
7416;0
7417;0
7418;0
7419;0
7420;0
7421;0
7422;0
7423;0
7424;0
7425;0
7426;0
7427;0
7428;0
7429;0
7430;0
7431;0
7432;0
7433;0
7434;0
7435;0
7436;0
7437;0
7438;0
7439;0
7440;0
7441;0
7442;0
7443;0
7444;0
7445;0
7446;0
7447;0
7448;0
7449;0
7450;0
7451;0
7452;0
7453;0
7454;0
7455;0
7456;0
7457;0
7458;0
7459;0
7460;0
7461;0
7462;0
7463;0
7464;0
7465;0
7466;0
7467;0
7468;0
7469;0
7470;0
7471;0
7472;0
7473;0
7474;0
7475;0
7476;0
7477;0
7478;0
7479;0
7480;0
7481;0
7482;0
7483;0
7484;0
7485;0
7486;0
7487;0
7488;0
7489;0
7490;0
7491;0
7492;0
7493;0
7494;0
7495;0
7496;0
7497;0
7498;0
7499;0
7500;0
7501;0
7502;0
7503;0
7504;0
7505;0
7506;0
7507;0
7508;0
7509;0
7510;0
7511;0
7512;0
7513;0
7514;0
7515;0
7516;0
7517;0
7518;0
7519;0
7520;0
7521;0
7522;0
7523;0
7524;0
7525;0
7526;0
7527;0
7528;0
7529;0
7530;0
7531;0
7532;0
7533;0
7534;0
7535;0
7536;0
7537;0
7538;0
7539;0
7540;0
7541;0
7542;0
7543;0
7544;0
7545;0
7546;0
7547;0
7548;0
7549;0
7550;0
7551;0
7552;0
7553;0
7554;0
7555;0
7556;0
7557;0
7558;0
7559;0
7560;0
7561;0
7562;0
7563;0
7564;0
7565;0
7566;0
7567;0
7568;0
7569;0
7570;0
7571;0
7572;0
7573;0
7574;0
7575;0
7576;0
7577;0
7578;0
7579;0
7580;0
7581;0
7582;0
7583;0
7584;0
7585;0
7586;0
7587;0
7588;0
7589;0
7590;0
7591;0
7592;0
7593;0
7594;0
7595;0
7596;0
7597;0
7598;0
7599;0
7600;0
7601;0
7602;0
7603;0
7604;0
7605;0
7606;0
7607;0
7608;0
7609;0
7610;0
7611;0
7612;0
7613;0
7614;0
7615;0
7616;0
7617;0
7618;0
7619;0
7620;0
7621;0
7622;0
7623;0
7624;0
7625;0
7626;0
7627;0
7628;0
7629;0
7630;0
7631;0
7632;0
7633;0
7634;0
7635;0
7636;0
7637;0
7638;0
7639;0
7640;0
7641;0
7642;0
7643;0
7644;0
7645;0
7646;0
7647;0
7648;0
7649;0
7650;0
7651;0
7652;0
7653;0
7654;0
7655;0
7656;0
7657;0
7658;0
7659;0
7660;0
7661;0
7662;0
7663;0
7664;0
7665;0
7666;0
7667;0
7668;0
7669;0
7670;0
7671;0
7672;0
7673;0
7674;0
7675;0
7676;0
7677;0
7678;0
7679;0
7680;0
7681;0
7682;0
7683;0
7684;0
7685;0
7686;0
7687;0
7688;0
7689;0
7690;0
7691;0
7692;0
7693;0
7694;0
7695;0
7696;0
7697;0
7698;0
7699;0
7700;0
7701;0
7702;0
7703;0
7704;0
7705;0
7706;0
7707;0
7708;0
7709;0
7710;0
7711;0
7712;0
7713;0
7714;0
7715;0
7716;0
7717;0
7718;0
7719;0
7720;0
7721;0
7722;0
7723;0
7724;0
7725;0
7726;0
7727;0
7728;0
7729;0
7730;0
7731;0
7732;0
7733;0
7734;0
7735;0
7736;0
7737;0
7738;0
7739;0
7740;0
7741;0
7742;0
7743;0
7744;0
7745;0
7746;0
7747;0
7748;0
7749;0
7750;0
7751;0
7752;0
7753;0
7754;0
7755;0
7756;0
7757;0
7758;0
7759;0
7760;0
7761;0
7762;0
7763;0
7764;0
7765;0
7766;0
7767;0
7768;0
7769;0
7770;0
7771;0
7772;0
7773;0
7774;0
7775;0
7776;0
7777;0
7778;0
7779;0
7780;0
7781;0
7782;0
7783;0
7784;0
7785;0
7786;0
7787;0
7788;0
7789;0
7790;0
7791;0
7792;0
7793;0
7794;0
7795;0
7796;0
7797;0
7798;0
7799;0
7800;0
7801;0
7802;0
7803;0
7804;0
7805;0
7806;0
7807;0
7808;0
7809;0
7810;0
7811;0
7812;0
7813;0
7814;0
7815;0
7816;0
7817;0
7818;0
7819;0
7820;0
7821;0
7822;0
7823;0
7824;0
7825;0
7826;0
7827;0
7828;0
7829;0
7830;0
7831;0
7832;0
7833;0
7834;0
7835;0
7836;0
7837;0
7838;0
7839;0
7840;0
7841;0
7842;0
7843;0
7844;0
7845;0
7846;0
7847;0
7848;0
7849;0
7850;0
7851;0
7852;0
7853;0
7854;0
7855;0
7856;0
7857;0
7858;0
7859;0
7860;0
7861;0
7862;0
7863;0
7864;0
7865;0
7866;0
7867;0
7868;0
7869;0
7870;0
7871;0
7872;0
7873;0
7874;0
7875;0
7876;0
7877;0
7878;0
7879;0
7880;0
7881;0
7882;0
7883;0
7884;0
7885;0
7886;0
7887;0
7888;0
7889;0
7890;0
7891;0
7892;0
7893;0
7894;0
7895;0
7896;0
7897;0
7898;0
7899;0
7900;0
7901;0
7902;0
7903;0
7904;0
7905;0
7906;0
7907;0
7908;0
7909;0
7910;0
7911;0
7912;0
7913;0
7914;0
7915;0
7916;0
7917;0
7918;0
7919;0
7920;0
7921;0
7922;0
7923;0
7924;0
7925;0
7926;0
7927;0
7928;0
7929;0
7930;0
7931;0
7932;0
7933;0
7934;0
7935;0
7936;0
7937;0
7938;0
7939;0
7940;0
7941;0
7942;0
7943;0
7944;0
7945;0
7946;0
7947;0
7948;0
7949;0
7950;0
7951;0
7952;0
7953;0
7954;0
7955;0
7956;0
7957;0
7958;0
7959;0
7960;0
7961;0
7962;0
7963;0
7964;0
7965;0
7966;0
7967;0
7968;0
7969;0
7970;0
7971;0
7972;0
7973;0
7974;0
7975;0
7976;0
7977;0
7978;0
7979;0
7980;0
7981;0
7982;0
7983;0
7984;0
7985;0
7986;0
7987;0
7988;0
7989;0
7990;0
7991;0
7992;0
7993;0
7994;0
7995;0
7996;0
7997;0
7998;0
7999;0
8000;0
8001;0
8002;0
8003;0
8004;0
8005;0
8006;0
8007;0
8008;0
8009;0
8010;0
8011;0
8012;0
8013;0
8014;0
8015;0
8016;0
8017;0
8018;0
8019;0
8020;0
8021;0
8022;0
8023;0
8024;0
8025;0
8026;0
8027;0
8028;0
8029;0
8030;0
8031;0
8032;0
8033;0
8034;0
8035;0
8036;0
8037;0
8038;0
8039;0
8040;0
8041;0
8042;0
8043;0
8044;0
8045;0
8046;0
8047;0
8048;0
8049;0
8050;0
8051;0
8052;0
8053;0
8054;0
8055;0
8056;0
8057;0
8058;0
8059;0
8060;0
8061;0
8062;0
8063;0
8064;0
8065;0
8066;0
8067;0
8068;0
8069;0
8070;0
8071;0
8072;0
8073;0
8074;0
8075;0
8076;0
8077;0
8078;0
8079;0
8080;0
8081;0
8082;0
8083;0
8084;0
8085;0
8086;0
8087;0
8088;0
8089;0
8090;0
8091;0
8092;0
8093;0
8094;0
8095;0
8096;0
8097;0
8098;0
8099;0
8100;0
8101;0
8102;0
8103;0
8104;0
8105;0
8106;0
8107;0
8108;0
8109;0
8110;0
8111;0
8112;0
8113;0
8114;0
8115;0
8116;0
8117;0
8118;0
8119;0
8120;0
8121;0
8122;0
8123;0
8124;0
8125;0
8126;0
8127;0
8128;0
8129;0
8130;0
8131;0
8132;0
8133;0
8134;0
8135;0
8136;0
8137;0
8138;0
8139;0
8140;0
8141;0
8142;0
8143;0
8144;0
8145;0
8146;0
8147;0
8148;0
8149;0
8150;0
8151;0
8152;0
8153;0
8154;0
8155;0
8156;0
8157;0
8158;0
8159;0
8160;0
8161;0
8162;0
8163;0
8164;0
8165;0
8166;0
8167;0
8168;0
8169;0
8170;0
8171;0
8172;0
8173;0
8174;0
8175;0
8176;0
8177;0
8178;0
8179;0
8180;0
8181;0
8182;0
8183;0
8184;0
8185;0
8186;0
8187;0
8188;0
8189;0
8190;0
8191;0
