0;0
1;0
2;0
3;0
4;0
5;0
6;0
7;0
8;0
9;0
10;0
11;0
12;0
13;0
14;0
15;0
16;0
17;0
18;0
19;0
20;0
21;0
22;0
23;0
24;0
25;0
26;0
27;0
28;0
29;0
30;0
31;0
32;0
33;0
34;0
35;0
36;0
37;0
38;0
39;0
40;0
41;0
42;0
43;0
44;0
45;0
46;0
47;0
48;0
49;0
50;0
51;0
52;0
53;0
54;0
55;0
56;0
57;0
58;0
59;0
60;0
61;0
62;0
63;0
64;0
65;0
66;0
67;0
68;0
69;0
70;0
71;0
72;0
73;0
74;0
75;0
76;0
77;0
78;0
79;0
80;0
81;0
82;0
83;0
84;0
85;0
86;0
87;0
88;0
89;0
90;0
91;0
92;0
93;0
94;0
95;0
96;0
97;0
98;0
99;0
100;0
101;0
102;0
103;0
104;0
105;0
106;0
107;0
108;0
109;0
110;0
111;0
112;0
113;0
114;0
115;0
116;0
117;0
118;0
119;0
120;0
121;0
122;0
123;0
124;0
125;0
126;0
127;0
128;0
129;0
130;0
131;0
132;1
133;1
134;42
135;205
136;465
137;576
138;646
139;621
140;648
141;666
142;690
143;690
144;657
145;676
146;651
147;643
148;614
149;626
150;591
151;569
152;652
153;615
154;641
155;623
156;631
157;649
158;618
159;647
160;604
161;620
162;598
163;601
164;614
165;642
166;623
167;649
168;663
169;634
170;571
171;638
172;615
173;633
174;622
175;618
176;608
177;608
178;583
179;551
180;615
181;645
182;607
183;636
184;593
185;559
186;599
187;600
188;584
189;642
190;672
191;588
192;606
193;619
194;578
195;616
196;637
197;650
198;648
199;648
200;647
201;599
202;647
203;656
204;638
205;650
206;658
207;638
208;652
209;680
210;635
211;677
212;601
213;666
214;654
215;666
216;659
217;643
218;672
219;663
220;640
221;706
222;709
223;711
224;745
225;695
226;674
227;643
228;658
229;723
230;659
231;677
232;722
233;676
234;705
235;677
236;721
237;719
238;720
239;724
240;730
241;742
242;727
243;765
244;744
245;786
246;737
247;803
248;771
249;779
250;805
251;797
252;772
253;754
254;781
255;746
256;773
257;805
258;806
259;820
260;800
261;825
262;792
263;815
264;845
265;853
266;873
267;836
268;814
269;824
270;858
271;833
272;861
273;857
274;896
275;892
276;834
277;870
278;911
279;853
280;858
281;848
282;908
283;904
284;1001
285;962
286;938
287;970
288;960
289;979
290;960
291;984
292;987
293;999
294;1038
295;1017
296;1058
297;1021
298;1021
299;1080
300;1085
301;1008
302;1017
303;1049
304;1012
305;1050
306;1041
307;1050
308;1170
309;1134
310;1133
311;1123
312;1203
313;1112
314;1174
315;1108
316;1123
317;1100
318;1099
319;1109
320;1230
321;1117
322;1202
323;1220
324;1096
325;1209
326;1186
327;1133
328;1170
329;1186
330;1193
331;1253
332;1235
333;1247
334;1198
335;1203
336;1285
337;1250
338;1227
339;1241
340;1275
341;1293
342;1291
343;1205
344;1268
345;1247
346;1292
347;1311
348;1310
349;1276
350;1339
351;1331
352;1294
353;1309
354;1367
355;1392
356;1394
357;1557
358;1809
359;2121
360;2527
361;2876
362;2925
363;2566
364;2129
365;1721
366;1582
367;1563
368;1604
369;1912
370;2612
371;3469
372;4276
373;4593
374;4177
375;3181
376;2305
377;1730
378;1499
379;1353
380;1349
381;1331
382;1465
383;1547
384;1582
385;1647
386;1497
387;1393
388;1302
389;1333
390;1243
391;1174
392;1267
393;1219
394;1306
395;1282
396;1299
397;1314
398;1300
399;1256
400;1334
401;1310
402;1323
403;1257
404;1332
405;1308
406;1268
407;1279
408;1264
409;1322
410;1310
411;1397
412;1348
413;1281
414;1380
415;1334
416;1332
417;1310
418;1388
419;1434
420;1577
421;1731
422;2053
423;2326
424;2619
425;2605
426;2507
427;2267
428;1916
429;1671
430;1485
431;1465
432;1377
433;1398
434;1439
435;1483
436;1658
437;1701
438;1781
439;1878
440;1713
441;1656
442;1444
443;1411
444;1371
445;1343
446;1235
447;1304
448;1250
449;1299
450;1390
451;1346
452;1458
453;1382
454;1360
455;1270
456;1298
457;1327
458;1256
459;1284
460;1320
461;1350
462;1289
463;1264
464;1452
465;1414
466;1431
467;1450
468;1480
469;1410
470;1401
471;1363
472;1384
473;1301
474;1269
475;1286
476;1335
477;1247
478;1325
479;1251
480;1275
481;1327
482;1243
483;1267
484;1320
485;1237
486;1289
487;1258
488;1271
489;1271
490;1302
491;1262
492;1285
493;1228
494;1295
495;1291
496;1315
497;1334
498;1241
499;1257
500;1263
501;1320
502;1304
503;1309
504;1232
505;1286
506;1264
507;1211
508;1260
509;1179
510;1238
511;1283
512;1259
513;1314
514;1283
515;1294
516;1312
517;1215
518;1206
519;1287
520;1289
521;1291
522;1267
523;1298
524;1312
525;1241
526;1211
527;1248
528;1219
529;1172
530;1301
531;1237
532;1313
533;1267
534;1202
535;1294
536;1313
537;1307
538;1245
539;1244
540;1299
541;1249
542;1300
543;1201
544;1247
545;1187
546;1195
547;1316
548;1219
549;1273
550;1253
551;1208
552;1236
553;1284
554;1246
555;1282
556;1193
557;1227
558;1261
559;1246
560;1157
561;1201
562;1239
563;1237
564;1188
565;1222
566;1218
567;1215
568;1221
569;1200
570;1180
571;1286
572;1242
573;1248
574;1227
575;1181
576;1218
577;1181
578;1189
579;1208
580;1098
581;1213
582;1175
583;1214
584;1244
585;1282
586;1231
587;1218
588;1180
589;1182
590;1226
591;1182
592;1185
593;1156
594;1210
595;1168
596;1139
597;1203
598;1122
599;1156
600;1083
601;1196
602;1177
603;1178
604;1185
605;1201
606;1154
607;1162
608;1151
609;1160
610;1077
611;1101
612;1179
613;1084
614;1129
615;1122
616;1134
617;1171
618;1128
619;1169
620;1150
621;1139
622;1129
623;1147
624;1176
625;1113
626;1095
627;1201
628;1177
629;1146
630;1217
631;1211
632;1145
633;1138
634;1109
635;1144
636;1172
637;1113
638;1099
639;1092
640;1142
641;1118
642;1136
643;1131
644;1115
645;1161
646;1088
647;1070
648;1100
649;1058
650;1089
651;1124
652;1143
653;1153
654;1111
655;1066
656;1109
657;1175
658;1148
659;1157
660;1226
661;1157
662;1138
663;1091
664;1115
665;1038
666;1063
667;1055
668;1097
669;1067
670;1089
671;1097
672;1093
673;1114
674;1090
675;1110
676;1069
677;1071
678;1038
679;1015
680;1051
681;1080
682;1101
683;1049
684;1065
685;1059
686;1042
687;1037
688;1035
689;1071
690;1053
691;1066
692;1030
693;1028
694;1002
695;973
696;982
697;1029
698;1096
699;1041
700;1062
701;1002
702;1044
703;994
704;1045
705;1064
706;1036
707;996
708;1046
709;1019
710;995
711;973
712;1031
713;1064
714;966
715;1015
716;1062
717;983
718;1013
719;1022
720;985
721;991
722;1001
723;960
724;971
725;1029
726;959
727;973
728;987
729;1024
730;986
731;996
732;1016
733;992
734;1025
735;997
736;976
737;1036
738;1005
739;1020
740;942
741;970
742;1038
743;930
744;953
745;962
746;917
747;980
748;961
749;962
750;907
751;933
752;922
753;1024
754;950
755;956
756;937
757;987
758;920
759;935
760;904
761;947
762;955
763;915
764;962
765;893
766;933
767;902
768;936
769;883
770;942
771;963
772;911
773;826
774;913
775;892
776;907
777;899
778;928
779;906
780;909
781;925
782;869
783;908
784;960
785;906
786;893
787;908
788;893
789;859
790;872
791;916
792;872
793;855
794;904
795;874
796;914
797;893
798;902
799;843
800;877
801;877
802;889
803;891
804;891
805;810
806;888
807;931
808;839
809;850
810;856
811;875
812;822
813;872
814;828
815;843
816;854
817;854
818;832
819;803
820;855
821;822
822;800
823;850
824;848
825;833
826;840
827;870
828;839
829;878
830;875
831;892
832;855
833;836
834;799
835;795
836;831
837;839
838;792
839;850
840;871
841;843
842;817
843;787
844;819
845;813
846;821
847;813
848;788
849;874
850;811
851;785
852;804
853;845
854;786
855;820
856;778
857;796
858;816
859;798
860;803
861;774
862;808
863;817
864;781
865;780
866;742
867;793
868;787
869;786
870;808
871;763
872;808
873;790
874;829
875;754
876;758
877;770
878;750
879;751
880;785
881;775
882;727
883;802
884;732
885;758
886;740
887;756
888;735
889;701
890;736
891;774
892;739
893;740
894;776
895;773
896;763
897;740
898;738
899;726
900;696
901;726
902;729
903;754
904;747
905;693
906;755
907;705
908;743
909;768
910;707
911;751
912;732
913;775
914;731
915;738
916;683
917;733
918;739
919;717
920;724
921;729
922;697
923;716
924;709
925;695
926;729
927;743
928;734
929;729
930;728
931;769
932;687
933;676
934;697
935;690
936;696
937;707
938;722
939;753
940;673
941;703
942;664
943;667
944;678
945;706
946;679
947;724
948;636
949;731
950;686
951;714
952;677
953;703
954;687
955;721
956;727
957;801
958;859
959;824
960;838
961;853
962;793
963;749
964;688
965;679
966;685
967;645
968;655
969;704
970;636
971;638
972;665
973;671
974;686
975;651
976;709
977;641
978;631
979;689
980;646
981;656
982;675
983;662
984;677
985;657
986;628
987;613
988;657
989;631
990;674
991;616
992;596
993;623
994;655
995;658
996;630
997;644
998;652
999;612
1000;584
1001;634
1002;664
1003;645
1004;592
1005;595
1006;651
1007;626
1008;670
1009;643
1010;605
1011;680
1012;606
1013;700
1014;599
1015;606
1016;622
1017;627
1018;622
1019;639
1020;615
1021;603
1022;557
1023;632
1024;597
1025;606
1026;628
1027;606
1028;638
1029;613
1030;673
1031;599
1032;613
1033;617
1034;635
1035;622
1036;603
1037;583
1038;630
1039;634
1040;631
1041;617
1042;612
1043;600
1044;603
1045;601
1046;598
1047;620
1048;593
1049;572
1050;604
1051;606
1052;617
1053;572
1054;592
1055;609
1056;603
1057;572
1058;551
1059;596
1060;549
1061;544
1062;587
1063;572
1064;622
1065;574
1066;554
1067;599
1068;589
1069;620
1070;587
1071;622
1072;558
1073;576
1074;556
1075;621
1076;568
1077;582
1078;629
1079;598
1080;610
1081;627
1082;643
1083;658
1084;674
1085;625
1086;596
1087;625
1088;515
1089;580
1090;579
1091;575
1092;563
1093;533
1094;559
1095;535
1096;525
1097;583
1098;551
1099;570
1100;567
1101;591
1102;585
1103;515
1104;514
1105;510
1106;542
1107;554
1108;541
1109;529
1110;549
1111;525
1112;526
1113;549
1114;527
1115;520
1116;521
1117;552
1118;571
1119;531
1120;540
1121;535
1122;539
1123;517
1124;507
1125;515
1126;549
1127;554
1128;500
1129;550
1130;523
1131;549
1132;521
1133;542
1134;543
1135;567
1136;518
1137;536
1138;525
1139;536
1140;504
1141;524
1142;521
1143;455
1144;516
1145;516
1146;532
1147;523
1148;488
1149;529
1150;519
1151;530
1152;481
1153;508
1154;525
1155;474
1156;513
1157;526
1158;515
1159;536
1160;506
1161;508
1162;529
1163;520
1164;498
1165;509
1166;520
1167;528
1168;517
1169;489
1170;491
1171;460
1172;482
1173;548
1174;486
1175;495
1176;498
1177;490
1178;479
1179;486
1180;512
1181;537
1182;488
1183;490
1184;473
1185;491
1186;544
1187;463
1188;460
1189;488
1190;487
1191;473
1192;481
1193;481
1194;510
1195;522
1196;506
1197;495
1198;510
1199;485
1200;465
1201;456
1202;464
1203;492
1204;448
1205;479
1206;463
1207;494
1208;461
1209;459
1210;484
1211;453
1212;471
1213;473
1214;504
1215;489
1216;485
1217;470
1218;445
1219;464
1220;471
1221;450
1222;498
1223;513
1224;505
1225;461
1226;476
1227;460
1228;458
1229;462
1230;498
1231;462
1232;492
1233;524
1234;693
1235;911
1236;1151
1237;1336
1238;1468
1239;1446
1240;1199
1241;917
1242;765
1243;561
1244;482
1245;461
1246;467
1247;486
1248;457
1249;463
1250;583
1251;570
1252;560
1253;585
1254;552
1255;597
1256;602
1257;594
1258;496
1259;484
1260;431
1261;402
1262;440
1263;413
1264;428
1265;424
1266;406
1267;436
1268;429
1269;413
1270;421
1271;456
1272;411
1273;419
1274;468
1275;403
1276;368
1277;415
1278;423
1279;429
1280;404
1281;428
1282;418
1283;459
1284;391
1285;413
1286;374
1287;404
1288;416
1289;400
1290;396
1291;401
1292;403
1293;399
1294;400
1295;385
1296;435
1297;375
1298;437
1299;367
1300;398
1301;405
1302;404
1303;406
1304;367
1305;442
1306;396
1307;399
1308;375
1309;391
1310;425
1311;417
1312;363
1313;393
1314;398
1315;402
1316;404
1317;369
1318;388
1319;400
1320;367
1321;336
1322;419
1323;377
1324;377
1325;382
1326;373
1327;390
1328;380
1329;387
1330;439
1331;368
1332;362
1333;393
1334;392
1335;367
1336;358
1337;410
1338;420
1339;360
1340;365
1341;361
1342;351
1343;357
1344;411
1345;417
1346;367
1347;352
1348;392
1349;366
1350;379
1351;376
1352;379
1353;362
1354;345
1355;367
1356;384
1357;400
1358;397
1359;366
1360;385
1361;398
1362;378
1363;381
1364;394
1365;361
1366;384
1367;347
1368;353
1369;356
1370;343
1371;333
1372;339
1373;343
1374;374
1375;354
1376;372
1377;341
1378;374
1379;364
1380;367
1381;368
1382;339
1383;379
1384;346
1385;341
1386;343
1387;343
1388;347
1389;417
1390;358
1391;345
1392;331
1393;360
1394;324
1395;348
1396;340
1397;329
1398;348
1399;380
1400;358
1401;422
1402;360
1403;378
1404;390
1405;415
1406;421
1407;411
1408;381
1409;354
1410;346
1411;371
1412;354
1413;366
1414;316
1415;355
1416;355
1417;311
1418;342
1419;348
1420;387
1421;369
1422;347
1423;372
1424;325
1425;380
1426;333
1427;358
1428;321
1429;319
1430;351
1431;331
1432;350
1433;345
1434;317
1435;328
1436;358
1437;331
1438;361
1439;354
1440;327
1441;337
1442;340
1443;378
1444;389
1445;363
1446;308
1447;329
1448;357
1449;314
1450;343
1451;315
1452;323
1453;327
1454;356
1455;321
1456;314
1457;316
1458;322
1459;345
1460;314
1461;305
1462;316
1463;339
1464;311
1465;300
1466;323
1467;328
1468;327
1469;296
1470;324
1471;331
1472;344
1473;311
1474;325
1475;293
1476;335
1477;345
1478;328
1479;306
1480;328
1481;321
1482;320
1483;325
1484;329
1485;296
1486;318
1487;322
1488;308
1489;321
1490;320
1491;305
1492;300
1493;277
1494;321
1495;306
1496;324
1497;327
1498;286
1499;292
1500;327
1501;315
1502;324
1503;299
1504;317
1505;301
1506;320
1507;335
1508;328
1509;276
1510;309
1511;304
1512;286
1513;304
1514;285
1515;300
1516;311
1517;309
1518;330
1519;327
1520;317
1521;301
1522;306
1523;283
1524;273
1525;282
1526;272
1527;316
1528;292
1529;347
1530;316
1531;316
1532;366
1533;403
1534;475
1535;570
1536;638
1537;703
1538;625
1539;542
1540;436
1541;386
1542;317
1543;302
1544;290
1545;310
1546;302
1547;278
1548;329
1549;267
1550;281
1551;280
1552;291
1553;294
1554;325
1555;269
1556;287
1557;241
1558;277
1559;317
1560;281
1561;318
1562;338
1563;382
1564;350
1565;304
1566;302
1567;292
1568;323
1569;266
1570;273
1571;243
1572;238
1573;267
1574;279
1575;270
1576;231
1577;285
1578;275
1579;272
1580;300
1581;287
1582;293
1583;287
1584;282
1585;275
1586;272
1587;291
1588;269
1589;257
1590;285
1591;289
1592;284
1593;270
1594;266
1595;267
1596;246
1597;276
1598;292
1599;293
1600;290
1601;290
1602;300
1603;273
1604;234
1605;262
1606;272
1607;263
1608;286
1609;268
1610;275
1611;260
1612;237
1613;249
1614;280
1615;274
1616;285
1617;280
1618;253
1619;268
1620;289
1621;266
1622;271
1623;291
1624;278
1625;286
1626;258
1627;258
1628;269
1629;275
1630;234
1631;300
1632;281
1633;303
1634;292
1635;248
1636;249
1637;268
1638;248
1639;233
1640;276
1641;273
1642;245
1643;260
1644;254
1645;242
1646;296
1647;272
1648;223
1649;262
1650;237
1651;268
1652;259
1653;262
1654;259
1655;255
1656;264
1657;256
1658;246
1659;251
1660;243
1661;262
1662;278
1663;224
1664;252
1665;275
1666;256
1667;224
1668;218
1669;254
1670;262
1671;271
1672;224
1673;248
1674;245
1675;262
1676;253
1677;258
1678;257
1679;245
1680;284
1681;252
1682;246
1683;262
1684;234
1685;264
1686;249
1687;250
1688;225
1689;258
1690;275
1691;245
1692;243
1693;249
1694;251
1695;220
1696;260
1697;278
1698;213
1699;249
1700;261
1701;228
1702;263
1703;244
1704;275
1705;221
1706;269
1707;306
1708;279
1709;274
1710;298
1711;292
1712;286
1713;294
1714;267
1715;261
1716;218
1717;234
1718;234
1719;245
1720;234
1721;235
1722;253
1723;276
1724;252
1725;247
1726;238
1727;277
1728;250
1729;232
1730;218
1731;262
1732;235
1733;258
1734;238
1735;254
1736;258
1737;266
1738;253
1739;258
1740;245
1741;218
1742;250
1743;241
1744;236
1745;235
1746;256
1747;210
1748;208
1749;255
1750;255
1751;225
1752;234
1753;240
1754;251
1755;238
1756;257
1757;254
1758;244
1759;289
1760;288
1761;335
1762;359
1763;435
1764;442
1765;426
1766;428
1767;347
1768;332
1769;277
1770;260
1771;231
1772;254
1773;224
1774;234
1775;212
1776;241
1777;216
1778;230
1779;236
1780;214
1781;248
1782;194
1783;225
1784;213
1785;217
1786;204
1787;248
1788;243
1789;244
1790;221
1791;215
1792;252
1793;267
1794;220
1795;236
1796;198
1797;224
1798;219
1799;220
1800;225
1801;213
1802;199
1803;205
1804;215
1805;212
1806;211
1807;205
1808;220
1809;195
1810;214
1811;212
1812;209
1813;206
1814;227
1815;236
1816;244
1817;232
1818;215
1819;211
1820;203
1821;235
1822;213
1823;217
1824;231
1825;225
1826;217
1827;216
1828;228
1829;247
1830;275
1831;339
1832;358
1833;499
1834;624
1835;728
1836;792
1837;812
1838;656
1839;529
1840;408
1841;329
1842;264
1843;204
1844;201
1845;215
1846;197
1847;221
1848;211
1849;221
1850;215
1851;183
1852;210
1853;223
1854;199
1855;213
1856;213
1857;221
1858;215
1859;209
1860;218
1861;200
1862;193
1863;199
1864;213
1865;190
1866;220
1867;199
1868;176
1869;216
1870;201
1871;204
1872;212
1873;207
1874;206
1875;222
1876;198
1877;202
1878;205
1879;199
1880;220
1881;185
1882;220
1883;195
1884;188
1885;211
1886;222
1887;201
1888;198
1889;190
1890;203
1891;222
1892;221
1893;225
1894;203
1895;179
1896;207
1897;206
1898;185
1899;210
1900;177
1901;178
1902;198
1903;175
1904;165
1905;198
1906;205
1907;176
1908;208
1909;185
1910;192
1911;170
1912;178
1913;183
1914;205
1915;181
1916;213
1917;200
1918;169
1919;197
1920;189
1921;200
1922;201
1923;190
1924;193
1925;181
1926;212
1927;176
1928;206
1929;171
1930;206
1931;182
1932;188
1933;197
1934;200
1935;188
1936;193
1937;196
1938;187
1939;181
1940;195
1941;192
1942;179
1943;180
1944;207
1945;167
1946;219
1947;182
1948;198
1949;191
1950;196
1951;188
1952;184
1953;187
1954;205
1955;190
1956;214
1957;189
1958;207
1959;185
1960;173
1961;190
1962;180
1963;164
1964;202
1965;201
1966;188
1967;169
1968;178
1969;160
1970;205
1971;191
1972;173
1973;181
1974;202
1975;213
1976;199
1977;187
1978;195
1979;183
1980;194
1981;175
1982;216
1983;173
1984;185
1985;200
1986;175
1987;195
1988;218
1989;195
1990;171
1991;165
1992;178
1993;190
1994;195
1995;167
1996;178
1997;184
1998;199
1999;171
2000;174
2001;186
2002;186
2003;169
2004;189
2005;184
2006;171
2007;175
2008;189
2009;192
2010;190
2011;169
2012;179
2013;174
2014;175
2015;179
2016;177
2017;179
2018;187
2019;174
2020;193
2021;185
2022;165
2023;149
2024;169
2025;183
2026;194
2027;166
2028;204
2029;182
2030;171
2031;200
2032;197
2033;173
2034;178
2035;174
2036;193
2037;147
2038;174
2039;166
2040;176
2041;157
2042;160
2043;158
2044;179
2045;188
2046;182
2047;185
2048;181
2049;181
2050;178
2051;195
2052;200
2053;187
2054;167
2055;172
2056;167
2057;164
2058;192
2059;205
2060;194
2061;175
2062;153
2063;167
2064;161
2065;148
2066;173
2067;179
2068;186
2069;165
2070;178
2071;180
2072;171
2073;165
2074;159
2075;180
2076;172
2077;165
2078;161
2079;178
2080;186
2081;163
2082;192
2083;171
2084;171
2085;159
2086;166
2087;178
2088;193
2089;165
2090;149
2091;159
2092;151
2093;185
2094;132
2095;150
2096;170
2097;158
2098;155
2099;183
2100;171
2101;195
2102;175
2103;183
2104;178
2105;197
2106;166
2107;166
2108;172
2109;158
2110;154
2111;144
2112;186
2113;176
2114;163
2115;160
2116;191
2117;199
2118;178
2119;155
2120;178
2121;162
2122;154
2123;174
2124;151
2125;187
2126;153
2127;173
2128;147
2129;168
2130;174
2131;185
2132;176
2133;179
2134;164
2135;199
2136;179
2137;198
2138;196
2139;212
2140;199
2141;192
2142;204
2143;180
2144;168
2145;162
2146;160
2147;165
2148;181
2149;165
2150;181
2151;182
2152;166
2153;145
2154;168
2155;162
2156;148
2157;165
2158;163
2159;161
2160;171
2161;166
2162;155
2163;157
2164;169
2165;168
2166;174
2167;157
2168;167
2169;163
2170;154
2171;160
2172;157
2173;169
2174;182
2175;176
2176;145
2177;157
2178;166
2179;158
2180;149
2181;145
2182;191
2183;156
2184;157
2185;148
2186;156
2187;179
2188;169
2189;169
2190;161
2191;157
2192;176
2193;159
2194;135
2195;135
2196;160
2197;155
2198;137
2199;144
2200;161
2201;178
2202;157
2203;150
2204;147
2205;140
2206;158
2207;134
2208;164
2209;160
2210;161
2211;161
2212;155
2213;135
2214;166
2215;145
2216;145
2217;151
2218;144
2219;137
2220;139
2221;153
2222;147
2223;159
2224;144
2225;166
2226;159
2227;148
2228;147
2229;142
2230;134
2231;151
2232;170
2233;160
2234;160
2235;148
2236;158
2237;174
2238;151
2239;165
2240;138
2241;146
2242;150
2243;149
2244;145
2245;134
2246;148
2247;145
2248;139
2249;142
2250;158
2251;151
2252;156
2253;170
2254;165
2255;160
2256;146
2257;146
2258;138
2259;138
2260;142
2261;151
2262;138
2263;149
2264;158
2265;150
2266;155
2267;153
2268;155
2269;122
2270;159
2271;148
2272;150
2273;168
2274;165
2275;147
2276;154
2277;133
2278;144
2279;148
2280;150
2281;130
2282;154
2283;139
2284;136
2285;139
2286;153
2287;137
2288;140
2289;131
2290;153
2291;143
2292;170
2293;152
2294;152
2295;169
2296;173
2297;173
2298;162
2299;160
2300;157
2301;158
2302;135
2303;137
2304;163
2305;148
2306;160
2307;152
2308;168
2309;129
2310;154
2311;141
2312;137
2313;129
2314;144
2315;164
2316;125
2317;149
2318;142
2319;162
2320;136
2321;158
2322;147
2323;140
2324;133
2325;162
2326;140
2327;133
2328;134
2329;154
2330;148
2331;104
2332;158
2333;133
2334;142
2335;148
2336;138
2337;155
2338;120
2339;157
2340;115
2341;131
2342;121
2343;157
2344;141
2345;130
2346;146
2347;130
2348;143
2349;164
2350;137
2351;128
2352;143
2353;145
2354;172
2355;142
2356;155
2357;129
2358;147
2359;147
2360;129
2361;126
2362;109
2363;126
2364;151
2365;130
2366;160
2367;122
2368;137
2369;156
2370;135
2371;135
2372;132
2373;149
2374;135
2375;149
2376;143
2377;133
2378;122
2379;125
2380;135
2381;155
2382;134
2383;124
2384;153
2385;162
2386;122
2387;142
2388;153
2389;112
2390;147
2391;147
2392;145
2393;162
2394;111
2395;137
2396;137
2397;141
2398;135
2399;127
2400;145
2401;136
2402;130
2403;153
2404;134
2405;126
2406;148
2407;152
2408;143
2409;146
2410;136
2411;128
2412;174
2413;136
2414;121
2415;127
2416;132
2417;145
2418;150
2419;169
2420;175
2421;184
2422;222
2423;205
2424;206
2425;174
2426;160
2427;156
2428;136
2429;130
2430;135
2431;152
2432;135
2433;137
2434;128
2435;133
2436;132
2437;123
2438;128
2439;133
2440;128
2441;128
2442;143
2443;112
2444;107
2445;133
2446;123
2447;143
2448;112
2449;129
2450;130
2451;142
2452;115
2453;134
2454;127
2455;136
2456;134
2457;141
2458;134
2459;151
2460;128
2461;141
2462;138
2463;126
2464;110
2465;138
2466;133
2467;129
2468;133
2469;149
2470;129
2471;139
2472;142
2473;127
2474;126
2475;134
2476;107
2477;119
2478;121
2479;142
2480;142
2481;126
2482;150
2483;126
2484;135
2485;142
2486;125
2487;136
2488;135
2489;133
2490;127
2491;153
2492;125
2493;127
2494;124
2495;126
2496;135
2497;129
2498;151
2499;156
2500;122
2501;142
2502;125
2503;124
2504;133
2505;143
2506;127
2507;123
2508;124
2509;135
2510;125
2511;145
2512;110
2513;137
2514;111
2515;135
2516;111
2517;144
2518;118
2519;127
2520;119
2521;142
2522;128
2523;132
2524;121
2525;133
2526;126
2527;145
2528;132
2529;130
2530;128
2531;127
2532;111
2533;122
2534;142
2535;114
2536;130
2537;116
2538;125
2539;133
2540;132
2541;119
2542;143
2543;126
2544;120
2545;141
2546;102
2547;117
2548;122
2549;105
2550;114
2551;124
2552;125
2553;143
2554;131
2555;131
2556;115
2557;113
2558;119
2559;122
2560;116
2561;112
2562;140
2563;127
2564;130
2565;131
2566;110
2567;118
2568;114
2569;124
2570;127
2571;114
2572;113
2573;97
2574;115
2575;134
2576;132
2577;132
2578;138
2579;131
2580;110
2581;133
2582;107
2583;121
2584;106
2585;126
2586;120
2587;130
2588;119
2589;110
2590;106
2591;130
2592;128
2593;104
2594;147
2595;112
2596;107
2597;105
2598;127
2599;103
2600;123
2601;94
2602;140
2603;122
2604;125
2605;131
2606;130
2607;120
2608;121
2609;108
2610;108
2611;139
2612;123
2613;102
2614;109
2615;104
2616;119
2617;116
2618;119
2619;142
2620;106
2621;126
2622;117
2623;124
2624;138
2625;119
2626;128
2627;112
2628;107
2629;108
2630;128
2631;117
2632;125
2633;101
2634;134
2635;132
2636;107
2637;131
2638;99
2639;122
2640;129
2641;121
2642;138
2643;128
2644;109
2645;124
2646;119
2647;127
2648;130
2649;115
2650;124
2651;121
2652;117
2653;104
2654;126
2655;148
2656;117
2657;143
2658;102
2659;142
2660;121
2661;132
2662;125
2663;136
2664;152
2665;166
2666;179
2667;190
2668;247
2669;228
2670;273
2671;295
2672;355
2673;401
2674;433
2675;384
2676;407
2677;434
2678;341
2679;325
2680;324
2681;253
2682;242
2683;213
2684;182
2685;185
2686;189
2687;157
2688;151
2689;115
2690;128
2691;113
2692;117
2693;127
2694;127
2695;117
2696;122
2697;111
2698;125
2699;116
2700;94
2701;115
2702;96
2703;108
2704;124
2705;112
2706;108
2707;128
2708;118
2709;120
2710;105
2711;114
2712;105
2713;112
2714;120
2715;127
2716;111
2717;111
2718;118
2719;122
2720;113
2721;111
2722;104
2723;108
2724;123
2725;107
2726;120
2727;105
2728;110
2729;116
2730;105
2731;123
2732;129
2733;120
2734;126
2735;101
2736;108
2737;114
2738;107
2739;119
2740;110
2741;116
2742;113
2743;104
2744;108
2745;115
2746;116
2747;116
2748;127
2749;112
2750;115
2751;121
2752;98
2753;101
2754;87
2755;108
2756;90
2757;107
2758;121
2759;112
2760;110
2761;114
2762;114
2763;113
2764;127
2765;107
2766;123
2767;93
2768;106
2769;141
2770;118
2771;118
2772;106
2773;120
2774;104
2775;110
2776;133
2777;121
2778;110
2779;125
2780;107
2781;90
2782;107
2783;119
2784;122
2785;112
2786;108
2787;136
2788;120
2789;101
2790;94
2791;117
2792;121
2793;103
2794;102
2795;113
2796;114
2797;112
2798;115
2799;113
2800;97
2801;113
2802;100
2803;87
2804;103
2805;121
2806;102
2807;127
2808;126
2809;97
2810;108
2811;97
2812;107
2813;117
2814;96
2815;114
2816;110
2817;134
2818;102
2819;116
2820;113
2821;120
2822;115
2823;128
2824;116
2825;119
2826;116
2827;116
2828;105
2829;120
2830;78
2831;128
2832;123
2833;108
2834;104
2835;119
2836;118
2837;106
2838;117
2839;107
2840;110
2841;115
2842;92
2843;108
2844;106
2845;121
2846;123
2847;89
2848;100
2849;113
2850;117
2851;133
2852;136
2853;112
2854;117
2855;128
2856;104
2857;101
2858;124
2859;95
2860;99
2861;91
2862;100
2863;135
2864;104
2865;95
2866;109
2867;101
2868;105
2869;112
2870;117
2871;107
2872;96
2873;94
2874;101
2875;105
2876;98
2877;102
2878;105
2879;105
2880;114
2881;118
2882;121
2883;96
2884;109
2885;85
2886;90
2887;108
2888;103
2889;99
2890;85
2891;100
2892;102
2893;97
2894;140
2895;96
2896;103
2897;117
2898;97
2899;112
2900;105
2901;101
2902;102
2903;114
2904;95
2905;111
2906;114
2907;106
2908;98
2909;98
2910;123
2911;84
2912;99
2913;104
2914;122
2915;104
2916;107
2917;97
2918;97
2919;117
2920;88
2921;98
2922;123
2923;113
2924;105
2925;112
2926;95
2927;110
2928;116
2929;112
2930;108
2931;103
2932;91
2933;102
2934;108
2935;91
2936;102
2937;103
2938;108
2939;91
2940;91
2941;115
2942;98
2943;115
2944;108
2945;112
2946;95
2947;114
2948;115
2949;95
2950;117
2951;102
2952;118
2953;126
2954;87
2955;120
2956;98
2957;113
2958;104
2959;89
2960;103
2961;102
2962;113
2963;113
2964;106
2965;101
2966;94
2967;91
2968;104
2969;108
2970;105
2971;111
2972;107
2973;87
2974;109
2975;90
2976;116
2977;110
2978;113
2979;100
2980;114
2981;95
2982;117
2983;105
2984;105
2985;118
2986;102
2987;92
2988;115
2989;102
2990;93
2991;78
2992;102
2993;102
2994;98
2995;103
2996;100
2997;116
2998;104
2999;100
3000;94
3001;87
3002;104
3003;109
3004;110
3005;105
3006;101
3007;111
3008;114
3009;99
3010;98
3011;101
3012;90
3013;105
3014;105
3015;80
3016;94
3017;99
3018;93
3019;107
3020;113
3021;111
3022;89
3023;102
3024;100
3025;107
3026;86
3027;85
3028;86
3029;85
3030;84
3031;101
3032;89
3033;98
3034;116
3035;81
3036;104
3037;111
3038;99
3039;120
3040;97
3041;100
3042;118
3043;109
3044;89
3045;100
3046;98
3047;87
3048;125
3049;114
3050;131
3051;176
3052;196
3053;220
3054;283
3055;377
3056;416
3057;463
3058;439
3059;457
3060;361
3061;310
3062;227
3063;207
3064;142
3065;125
3066;110
3067;105
3068;108
3069;103
3070;104
3071;88
3072;107
3073;85
3074;83
3075;89
3076;110
3077;86
3078;95
3079;89
3080;94
3081;99
3082;104
3083;80
3084;100
3085;90
3086;102
3087;108
3088;90
3089;99
3090;86
3091;81
3092;103
3093;89
3094;82
3095;72
3096;109
3097;102
3098;99
3099;83
3100;84
3101;94
3102;87
3103;86
3104;83
3105;116
3106;84
3107;103
3108;105
3109;79
3110;92
3111;103
3112;100
3113;103
3114;106
3115;83
3116;90
3117;107
3118;89
3119;96
3120;77
3121;92
3122;101
3123;100
3124;107
3125;81
3126;98
3127;93
3128;85
3129;89
3130;82
3131;92
3132;101
3133;93
3134;98
3135;107
3136;92
3137;100
3138;90
3139;82
3140;95
3141;105
3142;95
3143;101
3144;100
3145;105
3146;101
3147;102
3148;108
3149;104
3150;91
3151;92
3152;87
3153;103
3154;89
3155;87
3156;84
3157;91
3158;94
3159;89
3160;69
3161;92
3162;88
3163;102
3164;106
3165;93
3166;78
3167;96
3168;97
3169;89
3170;106
3171;82
3172;108
3173;86
3174;103
3175;82
3176;85
3177;90
3178;73
3179;87
3180;100
3181;106
3182;108
3183;114
3184;103
3185;100
3186;111
3187;123
3188;118
3189;173
3190;198
3191;297
3192;356
3193;426
3194;478
3195;562
3196;608
3197;524
3198;463
3199;434
3200;310
3201;195
3202;180
3203;125
3204;107
3205;95
3206;80
3207;97
3208;86
3209;72
3210;89
3211;83
3212;73
3213;88
3214;65
3215;85
3216;74
3217;82
3218;88
3219;74
3220;75
3221;74
3222;95
3223;81
3224;75
3225;99
3226;88
3227;67
3228;73
3229;86
3230;94
3231;100
3232;77
3233;84
3234;90
3235;87
3236;101
3237;75
3238;87
3239;94
3240;90
3241;92
3242;76
3243;85
3244;91
3245;94
3246;91
3247;81
3248;86
3249;87
3250;71
3251;89
3252;92
3253;77
3254;78
3255;79
3256;78
3257;77
3258;93
3259;71
3260;97
3261;82
3262;109
3263;80
3264;86
3265;95
3266;87
3267;88
3268;91
3269;90
3270;104
3271;70
3272;68
3273;96
3274;79
3275;100
3276;78
3277;73
3278;90
3279;93
3280;89
3281;64
3282;86
3283;74
3284;73
3285;77
3286;106
3287;79
3288;73
3289;78
3290;87
3291;101
3292;75
3293;88
3294;68
3295;60
3296;90
3297;81
3298;67
3299;75
3300;86
3301;80
3302;84
3303;83
3304;87
3305;86
3306;81
3307;82
3308;77
3309;72
3310;91
3311;82
3312;96
3313;70
3314;80
3315;98
3316;96
3317;77
3318;95
3319;95
3320;80
3321;96
3322;99
3323;98
3324;93
3325;99
3326;78
3327;80
3328;92
3329;72
3330;76
3331;78
3332;90
3333;76
3334;65
3335;61
3336;97
3337;66
3338;83
3339;69
3340;74
3341;76
3342;88
3343;79
3344;71
3345;71
3346;80
3347;90
3348;81
3349;80
3350;83
3351;91
3352;96
3353;97
3354;84
3355;87
3356;79
3357;66
3358;78
3359;91
3360;82
3361;103
3362;86
3363;70
3364;73
3365;89
3366;61
3367;88
3368;93
3369;68
3370;73
3371;59
3372;81
3373;87
3374;89
3375;78
3376;91
3377;78
3378;84
3379;98
3380;77
3381;92
3382;91
3383;93
3384;79
3385;70
3386;90
3387;65
3388;83
3389;74
3390;86
3391;73
3392;85
3393;79
3394;71
3395;79
3396;85
3397;89
3398;85
3399;75
3400;77
3401;95
3402;54
3403;77
3404;83
3405;81
3406;89
3407;92
3408;96
3409;83
3410;80
3411;84
3412;75
3413;78
3414;100
3415;82
3416;98
3417;79
3418;69
3419;84
3420;81
3421;79
3422;89
3423;87
3424;83
3425;66
3426;71
3427;84
3428;88
3429;79
3430;81
3431;67
3432;85
3433;69
3434;105
3435;80
3436;83
3437;79
3438;78
3439;70
3440;80
3441;77
3442;74
3443;67
3444;82
3445;92
3446;89
3447;75
3448;94
3449;85
3450;80
3451;77
3452;81
3453;81
3454;80
3455;79
3456;60
3457;72
3458;75
3459;97
3460;70
3461;89
3462;80
3463;87
3464;80
3465;106
3466;85
3467;104
3468;115
3469;93
3470;109
3471;106
3472;117
3473;133
3474;114
3475;100
3476;98
3477;85
3478;98
3479;85
3480;96
3481;84
3482;83
3483;88
3484;67
3485;80
3486;78
3487;78
3488;111
3489;96
3490;96
3491;74
3492;103
3493;83
3494;88
3495;93
3496;101
3497;76
3498;75
3499;98
3500;80
3501;63
3502;78
3503;80
3504;91
3505;94
3506;72
3507;84
3508;84
3509;75
3510;86
3511;81
3512;85
3513;72
3514;86
3515;62
3516;73
3517;73
3518;64
3519;72
3520;75
3521;76
3522;68
3523;88
3524;70
3525;83
3526;78
3527;75
3528;97
3529;79
3530;82
3531;74
3532;71
3533;78
3534;75
3535;84
3536;93
3537;78
3538;62
3539;65
3540;76
3541;86
3542;86
3543;86
3544;72
3545;79
3546;71
3547;78
3548;79
3549;77
3550;88
3551;73
3552;79
3553;91
3554;87
3555;83
3556;74
3557;86
3558;95
3559;88
3560;91
3561;83
3562;75
3563;83
3564;69
3565;84
3566;64
3567;81
3568;68
3569;74
3570;74
3571;89
3572;79
3573;87
3574;86
3575;100
3576;89
3577;83
3578;91
3579;77
3580;76
3581;77
3582;78
3583;88
3584;76
3585;89
3586;69
3587;68
3588;62
3589;82
3590;84
3591;67
3592;64
3593;79
3594;67
3595;75
3596;83
3597;76
3598;67
3599;78
3600;84
3601;69
3602;75
3603;90
3604;75
3605;83
3606;81
3607;76
3608;75
3609;73
3610;86
3611;80
3612;83
3613;85
3614;78
3615;69
3616;98
3617;72
3618;88
3619;74
3620;83
3621;87
3622;83
3623;88
3624;81
3625;77
3626;69
3627;64
3628;73
3629;70
3630;70
3631;79
3632;89
3633;68
3634;85
3635;79
3636;86
3637;93
3638;68
3639;86
3640;68
3641;65
3642;62
3643;75
3644;77
3645;84
3646;71
3647;82
3648;88
3649;87
3650;73
3651;75
3652;68
3653;78
3654;83
3655;90
3656;76
3657;84
3658;76
3659;77
3660;73
3661;75
3662;84
3663;74
3664;80
3665;76
3666;85
3667;80
3668;93
3669;82
3670;80
3671;67
3672;67
3673;60
3674;83
3675;82
3676;67
3677;96
3678;58
3679;91
3680;59
3681;74
3682;74
3683;87
3684;87
3685;75
3686;73
3687;78
3688;73
3689;79
3690;95
3691;68
3692;84
3693;76
3694;98
3695;65
3696;67
3697;95
3698;78
3699;98
3700;87
3701;75
3702;63
3703;77
3704;68
3705;67
3706;69
3707;71
3708;82
3709;71
3710;87
3711;75
3712;96
3713;91
3714;68
3715;63
3716;84
3717;77
3718;70
3719;73
3720;91
3721;67
3722;72
3723;77
3724;74
3725;72
3726;76
3727;92
3728;77
3729;72
3730;74
3731;65
3732;63
3733;95
3734;71
3735;86
3736;89
3737;73
3738;66
3739;73
3740;66
3741;78
3742;77
3743;67
3744;82
3745;72
3746;80
3747;74
3748;73
3749;82
3750;80
3751;62
3752;86
3753;62
3754;75
3755;65
3756;76
3757;75
3758;71
3759;62
3760;73
3761;64
3762;81
3763;55
3764;70
3765;75
3766;81
3767;86
3768;64
3769;65
3770;68
3771;73
3772;75
3773;64
3774;73
3775;96
3776;79
3777;66
3778;63
3779;68
3780;70
3781;70
3782;85
3783;74
3784;73
3785;77
3786;90
3787;69
3788;69
3789;71
3790;94
3791;61
3792;81
3793;78
3794;71
3795;92
3796;80
3797;93
3798;68
3799;99
3800;75
3801;60
3802;66
3803;69
3804;69
3805;79
3806;74
3807;82
3808;80
3809;87
3810;82
3811;79
3812;81
3813;93
3814;102
3815;133
3816;163
3817;147
3818;132
3819;154
3820;177
3821;133
3822;135
3823;106
3824;92
3825;93
3826;97
3827;75
3828;89
3829;81
3830;81
3831;77
3832;56
3833;80
3834;59
3835;64
3836;54
3837;72
3838;79
3839;68
3840;81
3841;80
3842;82
3843;78
3844;81
3845;73
3846;63
3847;75
3848;66
3849;71
3850;72
3851;68
3852;72
3853;58
3854;60
3855;67
3856;61
3857;58
3858;81
3859;58
3860;80
3861;73
3862;65
3863;57
3864;57
3865;60
3866;75
3867;63
3868;61
3869;64
3870;61
3871;64
3872;69
3873;65
3874;63
3875;76
3876;70
3877;61
3878;76
3879;81
3880;75
3881;64
3882;59
3883;67
3884;65
3885;72
3886;71
3887;77
3888;67
3889;70
3890;75
3891;57
3892;61
3893;62
3894;70
3895;76
3896;76
3897;64
3898;75
3899;78
3900;75
3901;83
3902;68
3903;60
3904;65
3905;80
3906;54
3907;64
3908;72
3909;88
3910;70
3911;72
3912;72
3913;69
3914;68
3915;54
3916;89
3917;55
3918;74
3919;67
3920;51
3921;52
3922;69
3923;81
3924;77
3925;76
3926;69
3927;67
3928;76
3929;66
3930;63
3931;62
3932;61
3933;90
3934;69
3935;76
3936;45
3937;66
3938;57
3939;55
3940;78
3941;80
3942;63
3943;59
3944;68
3945;62
3946;63
3947;58
3948;62
3949;62
3950;62
3951;60
3952;63
3953;78
3954;59
3955;58
3956;64
3957;63
3958;55
3959;67
3960;59
3961;66
3962;68
3963;72
3964;77
3965;65
3966;80
3967;79
3968;76
3969;77
3970;73
3971;68
3972;66
3973;62
3974;60
3975;73
3976;66
3977;78
3978;68
3979;63
3980;64
3981;64
3982;62
3983;56
3984;72
3985;59
3986;59
3987;82
3988;71
3989;81
3990;62
3991;74
3992;54
3993;63
3994;65
3995;70
3996;78
3997;48
3998;62
3999;66
4000;65
4001;73
4002;57
4003;74
4004;82
4005;80
4006;66
4007;61
4008;70
4009;92
4010;70
4011;81
4012;72
4013;59
4014;74
4015;70
4016;75
4017;76
4018;74
4019;81
4020;62
4021;69
4022;71
4023;72
4024;79
4025;84
4026;82
4027;70
4028;76
4029;62
4030;83
4031;92
4032;97
4033;96
4034;102
4035;112
4036;108
4037;128
4038;101
4039;105
4040;70
4041;80
4042;76
4043;71
4044;76
4045;63
4046;62
4047;66
4048;90
4049;60
4050;66
4051;61
4052;75
4053;72
4054;71
4055;83
4056;87
4057;80
4058;75
4059;55
4060;73
4061;68
4062;66
4063;71
4064;67
4065;66
4066;61
4067;70
4068;58
4069;59
4070;62
4071;74
4072;62
4073;66
4074;65
4075;76
4076;68
4077;70
4078;54
4079;67
4080;59
4081;64
4082;66
4083;73
4084;59
4085;69
4086;55
4087;51
4088;63
4089;70
4090;56
4091;49
4092;71
4093;75
4094;63
4095;59
4096;64
4097;59
4098;77
4099;60
4100;74
4101;63
4102;54
4103;69
4104;76
4105;57
4106;65
4107;64
4108;59
4109;72
4110;65
4111;66
4112;70
4113;71
4114;66
4115;70
4116;89
4117;68
4118;63
4119;57
4120;66
4121;71
4122;77
4123;73
4124;75
4125;89
4126;87
4127;82
4128;94
4129;80
4130;77
4131;69
4132;87
4133;77
4134;74
4135;72
4136;77
4137;72
4138;59
4139;61
4140;68
4141;58
4142;75
4143;82
4144;65
4145;42
4146;81
4147;58
4148;63
4149;53
4150;64
4151;67
4152;56
4153;52
4154;58
4155;69
4156;65
4157;57
4158;79
4159;53
4160;62
4161;57
4162;63
4163;71
4164;68
4165;66
4166;61
4167;68
4168;64
4169;66
4170;64
4171;79
4172;75
4173;86
4174;103
4175;93
4176;126
4177;99
4178;102
4179;97
4180;89
4181;97
4182;81
4183;69
4184;63
4185;58
4186;61
4187;72
4188;59
4189;66
4190;59
4191;66
4192;58
4193;78
4194;66
4195;76
4196;53
4197;65
4198;46
4199;62
4200;56
4201;69
4202;62
4203;66
4204;66
4205;59
4206;61
4207;56
4208;82
4209;59
4210;75
4211;49
4212;51
4213;61
4214;60
4215;54
4216;61
4217;49
4218;72
4219;61
4220;58
4221;68
4222;81
4223;62
4224;61
4225;56
4226;67
4227;64
4228;76
4229;43
4230;74
4231;70
4232;70
4233;89
4234;64
4235;81
4236;71
4237;92
4238;74
4239;68
4240;73
4241;58
4242;47
4243;67
4244;56
4245;64
4246;58
4247;60
4248;61
4249;59
4250;57
4251;69
4252;60
4253;53
4254;54
4255;70
4256;64
4257;61
4258;49
4259;79
4260;70
4261;66
4262;68
4263;63
4264;70
4265;46
4266;48
4267;49
4268;53
4269;51
4270;55
4271;56
4272;69
4273;61
4274;64
4275;58
4276;44
4277;80
4278;62
4279;49
4280;61
4281;60
4282;71
4283;63
4284;62
4285;56
4286;50
4287;64
4288;52
4289;64
4290;68
4291;62
4292;66
4293;60
4294;72
4295;62
4296;83
4297;57
4298;65
4299;79
4300;62
4301;49
4302;62
4303;57
4304;74
4305;67
4306;49
4307;67
4308;66
4309;78
4310;58
4311;52
4312;52
4313;64
4314;59
4315;53
4316;63
4317;63
4318;55
4319;68
4320;50
4321;53
4322;60
4323;72
4324;60
4325;53
4326;59
4327;48
4328;56
4329;66
4330;55
4331;63
4332;59
4333;59
4334;70
4335;62
4336;53
4337;63
4338;59
4339;44
4340;56
4341;58
4342;53
4343;61
4344;59
4345;68
4346;65
4347;63
4348;40
4349;71
4350;74
4351;65
4352;58
4353;57
4354;56
4355;57
4356;60
4357;64
4358;57
4359;60
4360;50
4361;63
4362;57
4363;49
4364;70
4365;55
4366;69
4367;57
4368;41
4369;61
4370;69
4371;76
4372;63
4373;59
4374;65
4375;72
4376;69
4377;55
4378;72
4379;56
4380;66
4381;54
4382;49
4383;58
4384;70
4385;54
4386;71
4387;70
4388;82
4389;73
4390;64
4391;81
4392;86
4393;72
4394;80
4395;73
4396;73
4397;69
4398;75
4399;57
4400;60
4401;58
4402;65
4403;65
4404;51
4405;71
4406;55
4407;64
4408;61
4409;65
4410;74
4411;54
4412;62
4413;64
4414;60
4415;72
4416;76
4417;70
4418;63
4419;71
4420;64
4421;63
4422;59
4423;58
4424;51
4425;49
4426;56
4427;55
4428;58
4429;52
4430;65
4431;68
4432;54
4433;53
4434;52
4435;58
4436;51
4437;56
4438;54
4439;57
4440;60
4441;62
4442;48
4443;68
4444;45
4445;54
4446;65
4447;55
4448;46
4449;60
4450;56
4451;53
4452;51
4453;68
4454;49
4455;52
4456;63
4457;45
4458;47
4459;63
4460;60
4461;61
4462;46
4463;59
4464;55
4465;55
4466;60
4467;52
4468;43
4469;61
4470;45
4471;63
4472;58
4473;62
4474;68
4475;73
4476;52
4477;57
4478;78
4479;49
4480;78
4481;67
4482;57
4483;73
4484;57
4485;68
4486;44
4487;57
4488;53
4489;61
4490;45
4491;62
4492;55
4493;52
4494;55
4495;74
4496;49
4497;64
4498;64
4499;51
4500;44
4501;61
4502;65
4503;57
4504;57
4505;69
4506;53
4507;68
4508;52
4509;65
4510;62
4511;55
4512;44
4513;65
4514;70
4515;62
4516;59
4517;67
4518;73
4519;80
4520;71
4521;90
4522;93
4523;121
4524;99
4525;86
4526;76
4527;82
4528;87
4529;76
4530;63
4531;65
4532;60
4533;66
4534;65
4535;56
4536;58
4537;47
4538;58
4539;48
4540;53
4541;64
4542;57
4543;52
4544;61
4545;68
4546;50
4547;55
4548;62
4549;56
4550;49
4551;61
4552;62
4553;56
4554;53
4555;39
4556;58
4557;63
4558;43
4559;55
4560;50
4561;54
4562;51
4563;74
4564;51
4565;61
4566;66
4567;44
4568;39
4569;51
4570;48
4571;43
4572;54
4573;54
4574;59
4575;51
4576;57
4577;63
4578;49
4579;69
4580;46
4581;61
4582;54
4583;50
4584;40
4585;57
4586;62
4587;58
4588;49
4589;52
4590;54
4591;50
4592;62
4593;63
4594;49
4595;47
4596;56
4597;64
4598;58
4599;42
4600;54
4601;45
4602;48
4603;58
4604;57
4605;55
4606;53
4607;57
4608;67
4609;53
4610;51
4611;54
4612;58
4613;55
4614;55
4615;54
4616;53
4617;54
4618;46
4619;45
4620;61
4621;63
4622;68
4623;56
4624;51
4625;60
4626;52
4627;55
4628;46
4629;45
4630;52
4631;50
4632;37
4633;51
4634;53
4635;61
4636;54
4637;57
4638;59
4639;63
4640;57
4641;50
4642;64
4643;42
4644;46
4645;61
4646;53
4647;50
4648;54
4649;53
4650;53
4651;55
4652;60
4653;56
4654;57
4655;51
4656;56
4657;54
4658;55
4659;56
4660;56
4661;42
4662;65
4663;44
4664;49
4665;52
4666;57
4667;58
4668;67
4669;64
4670;66
4671;50
4672;49
4673;48
4674;58
4675;54
4676;42
4677;53
4678;61
4679;49
4680;59
4681;51
4682;45
4683;55
4684;35
4685;58
4686;69
4687;53
4688;58
4689;54
4690;58
4691;61
4692;58
4693;56
4694;41
4695;52
4696;55
4697;62
4698;51
4699;58
4700;57
4701;72
4702;62
4703;64
4704;45
4705;51
4706;51
4707;37
4708;59
4709;53
4710;50
4711;71
4712;64
4713;57
4714;57
4715;53
4716;62
4717;60
4718;42
4719;54
4720;57
4721;51
4722;42
4723;57
4724;58
4725;63
4726;51
4727;53
4728;59
4729;52
4730;48
4731;74
4732;49
4733;48
4734;48
4735;62
4736;55
4737;61
4738;48
4739;50
4740;49
4741;46
4742;45
4743;42
4744;57
4745;57
4746;51
4747;55
4748;58
4749;48
4750;54
4751;59
4752;57
4753;65
4754;56
4755;57
4756;53
4757;54
4758;61
4759;70
4760;57
4761;64
4762;60
4763;45
4764;67
4765;52
4766;54
4767;54
4768;59
4769;55
4770;52
4771;44
4772;45
4773;45
4774;54
4775;66
4776;53
4777;67
4778;69
4779;65
4780;76
4781;75
4782;74
4783;74
4784;98
4785;124
4786;135
4787;194
4788;182
4789;232
4790;258
4791;288
4792;319
4793;300
4794;276
4795;239
4796;216
4797;169
4798;125
4799;105
4800;88
4801;56
4802;69
4803;41
4804;55
4805;44
4806;60
4807;47
4808;56
4809;44
4810;42
4811;56
4812;47
4813;69
4814;45
4815;52
4816;57
4817;62
4818;51
4819;57
4820;51
4821;39
4822;53
4823;50
4824;50
4825;46
4826;68
4827;56
4828;68
4829;50
4830;45
4831;43
4832;54
4833;57
4834;56
4835;54
4836;55
4837;49
4838;53
4839;38
4840;60
4841;59
4842;59
4843;62
4844;50
4845;64
4846;53
4847;64
4848;48
4849;63
4850;54
4851;48
4852;42
4853;50
4854;44
4855;54
4856;40
4857;49
4858;50
4859;45
4860;35
4861;53
4862;46
4863;54
4864;48
4865;48
4866;49
4867;51
4868;54
4869;42
4870;49
4871;44
4872;54
4873;50
4874;47
4875;53
4876;58
4877;55
4878;39
4879;51
4880;47
4881;52
4882;50
4883;37
4884;49
4885;49
4886;53
4887;61
4888;51
4889;54
4890;57
4891;42
4892;39
4893;60
4894;42
4895;62
4896;55
4897;34
4898;50
4899;51
4900;46
4901;48
4902;52
4903;56
4904;54
4905;61
4906;54
4907;43
4908;60
4909;66
4910;76
4911;65
4912;77
4913;69
4914;68
4915;68
4916;77
4917;63
4918;72
4919;75
4920;51
4921;40
4922;52
4923;49
4924;47
4925;55
4926;45
4927;62
4928;51
4929;52
4930;53
4931;46
4932;56
4933;49
4934;55
4935;49
4936;58
4937;39
4938;46
4939;44
4940;51
4941;56
4942;45
4943;47
4944;48
4945;49
4946;47
4947;58
4948;52
4949;64
4950;48
4951;48
4952;52
4953;62
4954;47
4955;59
4956;50
4957;51
4958;55
4959;51
4960;53
4961;49
4962;47
4963;58
4964;59
4965;52
4966;54
4967;49
4968;46
4969;57
4970;50
4971;54
4972;56
4973;47
4974;56
4975;37
4976;61
4977;65
4978;56
4979;48
4980;51
4981;45
4982;50
4983;51
4984;50
4985;57
4986;47
4987;43
4988;56
4989;53
4990;45
4991;53
4992;55
4993;64
4994;51
4995;68
4996;56
4997;49
4998;65
4999;76
5000;62
5001;57
5002;57
5003;58
5004;58
5005;57
5006;68
5007;54
5008;56
5009;59
5010;51
5011;54
5012;48
5013;56
5014;41
5015;51
5016;55
5017;64
5018;44
5019;63
5020;50
5021;57
5022;50
5023;46
5024;51
5025;59
5026;54
5027;52
5028;54
5029;45
5030;40
5031;43
5032;57
5033;53
5034;47
5035;34
5036;60
5037;46
5038;46
5039;45
5040;53
5041;68
5042;40
5043;55
5044;39
5045;49
5046;42
5047;59
5048;44
5049;58
5050;64
5051;53
5052;42
5053;55
5054;43
5055;40
5056;56
5057;35
5058;51
5059;53
5060;49
5061;51
5062;50
5063;51
5064;54
5065;49
5066;61
5067;62
5068;65
5069;70
5070;80
5071;73
5072;74
5073;86
5074;100
5075;90
5076;88
5077;97
5078;90
5079;88
5080;78
5081;82
5082;70
5083;68
5084;58
5085;68
5086;61
5087;51
5088;63
5089;65
5090;87
5091;87
5092;112
5093;132
5094;140
5095;176
5096;173
5097;195
5098;200
5099;186
5100;195
5101;160
5102;123
5103;98
5104;99
5105;74
5106;71
5107;49
5108;58
5109;46
5110;38
5111;43
5112;51
5113;43
5114;45
5115;41
5116;43
5117;43
5118;58
5119;44
5120;43
5121;44
5122;45
5123;38
5124;51
5125;52
5126;46
5127;42
5128;44
5129;55
5130;40
5131;43
5132;53
5133;43
5134;58
5135;38
5136;44
5137;36
5138;45
5139;47
5140;47
5141;45
5142;47
5143;55
5144;55
5145;54
5146;42
5147;40
5148;51
5149;40
5150;60
5151;43
5152;36
5153;56
5154;38
5155;49
5156;47
5157;50
5158;43
5159;46
5160;48
5161;50
5162;34
5163;45
5164;45
5165;45
5166;59
5167;39
5168;53
5169;44
5170;57
5171;41
5172;48
5173;32
5174;48
5175;35
5176;44
5177;58
5178;45
5179;46
5180;49
5181;55
5182;51
5183;38
5184;50
5185;43
5186;50
5187;48
5188;43
5189;46
5190;47
5191;69
5192;48
5193;48
5194;53
5195;52
5196;50
5197;59
5198;55
5199;47
5200;63
5201;49
5202;51
5203;54
5204;48
5205;46
5206;41
5207;46
5208;44
5209;47
5210;45
5211;59
5212;42
5213;49
5214;56
5215;45
5216;58
5217;53
5218;46
5219;37
5220;33
5221;48
5222;47
5223;38
5224;52
5225;48
5226;68
5227;33
5228;40
5229;49
5230;44
5231;44
5232;43
5233;39
5234;33
5235;41
5236;46
5237;52
5238;45
5239;57
5240;53
5241;38
5242;51
5243;44
5244;46
5245;38
5246;59
5247;48
5248;60
5249;54
5250;49
5251;41
5252;42
5253;46
5254;48
5255;47
5256;52
5257;42
5258;54
5259;45
5260;50
5261;56
5262;62
5263;54
5264;58
5265;43
5266;59
5267;60
5268;52
5269;54
5270;72
5271;61
5272;46
5273;50
5274;53
5275;47
5276;52
5277;51
5278;56
5279;46
5280;50
5281;42
5282;50
5283;48
5284;52
5285;44
5286;42
5287;45
5288;48
5289;44
5290;55
5291;42
5292;44
5293;39
5294;39
5295;57
5296;56
5297;41
5298;36
5299;35
5300;40
5301;55
5302;59
5303;47
5304;53
5305;27
5306;46
5307;50
5308;44
5309;49
5310;56
5311;52
5312;44
5313;42
5314;42
5315;56
5316;44
5317;50
5318;51
5319;50
5320;50
5321;33
5322;47
5323;49
5324;53
5325;37
5326;53
5327;42
5328;45
5329;40
5330;56
5331;51
5332;48
5333;46
5334;36
5335;45
5336;53
5337;45
5338;38
5339;55
5340;41
5341;42
5342;38
5343;29
5344;53
5345;40
5346;49
5347;42
5348;40
5349;39
5350;42
5351;43
5352;55
5353;39
5354;53
5355;59
5356;56
5357;51
5358;46
5359;43
5360;46
5361;58
5362;42
5363;39
5364;44
5365;56
5366;39
5367;56
5368;40
5369;48
5370;39
5371;49
5372;45
5373;43
5374;50
5375;53
5376;41
5377;50
5378;46
5379;41
5380;36
5381;41
5382;38
5383;62
5384;51
5385;61
5386;42
5387;38
5388;61
5389;43
5390;40
5391;46
5392;40
5393;43
5394;49
5395;42
5396;51
5397;47
5398;41
5399;45
5400;42
5401;43
5402;56
5403;50
5404;42
5405;50
5406;40
5407;41
5408;41
5409;52
5410;48
5411;48
5412;46
5413;41
5414;48
5415;49
5416;31
5417;44
5418;58
5419;47
5420;45
5421;64
5422;46
5423;48
5424;52
5425;41
5426;44
5427;45
5428;38
5429;49
5430;45
5431;45
5432;60
5433;45
5434;49
5435;42
5436;52
5437;54
5438;29
5439;51
5440;43
5441;43
5442;45
5443;40
5444;43
5445;36
5446;63
5447;58
5448;48
5449;51
5450;37
5451;36
5452;51
5453;53
5454;46
5455;60
5456;52
5457;47
5458;46
5459;43
5460;41
5461;45
5462;49
5463;51
5464;53
5465;40
5466;52
5467;47
5468;37
5469;49
5470;46
5471;43
5472;46
5473;55
5474;57
5475;38
5476;36
5477;51
5478;54
5479;29
5480;39
5481;45
5482;58
5483;46
5484;43
5485;44
5486;51
5487;50
5488;47
5489;48
5490;41
5491;48
5492;50
5493;42
5494;47
5495;54
5496;43
5497;29
5498;56
5499;44
5500;51
5501;50
5502;36
5503;48
5504;45
5505;39
5506;51
5507;46
5508;45
5509;42
5510;44
5511;38
5512;40
5513;42
5514;37
5515;50
5516;38
5517;49
5518;51
5519;39
5520;33
5521;42
5522;44
5523;50
5524;47
5525;58
5526;33
5527;42
5528;46
5529;56
5530;47
5531;42
5532;63
5533;35
5534;44
5535;60
5536;46
5537;49
5538;49
5539;54
5540;48
5541;40
5542;55
5543;52
5544;43
5545;49
5546;54
5547;46
5548;48
5549;49
5550;49
5551;43
5552;42
5553;48
5554;56
5555;47
5556;39
5557;49
5558;42
5559;50
5560;54
5561;51
5562;40
5563;45
5564;39
5565;43
5566;49
5567;37
5568;49
5569;36
5570;48
5571;37
5572;42
5573;30
5574;37
5575;51
5576;56
5577;61
5578;39
5579;46
5580;47
5581;44
5582;42
5583;43
5584;51
5585;46
5586;34
5587;48
5588;47
5589;55
5590;45
5591;40
5592;37
5593;44
5594;49
5595;50
5596;53
5597;51
5598;38
5599;50
5600;46
5601;43
5602;57
5603;49
5604;37
5605;42
5606;47
5607;51
5608;62
5609;52
5610;41
5611;57
5612;48
5613;45
5614;43
5615;42
5616;33
5617;49
5618;50
5619;36
5620;45
5621;48
5622;45
5623;45
5624;42
5625;37
5626;47
5627;58
5628;47
5629;53
5630;48
5631;31
5632;41
5633;52
5634;43
5635;55
5636;50
5637;41
5638;41
5639;43
5640;46
5641;49
5642;41
5643;43
5644;46
5645;44
5646;43
5647;33
5648;44
5649;42
5650;34
5651;48
5652;34
5653;51
5654;32
5655;39
5656;43
5657;62
5658;53
5659;48
5660;51
5661;34
5662;38
5663;44
5664;42
5665;53
5666;58
5667;37
5668;53
5669;51
5670;37
5671;45
5672;62
5673;41
5674;53
5675;58
5676;45
5677;48
5678;43
5679;57
5680;50
5681;43
5682;52
5683;43
5684;60
5685;47
5686;52
5687;53
5688;30
5689;53
5690;38
5691;58
5692;48
5693;48
5694;52
5695;47
5696;47
5697;50
5698;39
5699;47
5700;41
5701;40
5702;45
5703;52
5704;40
5705;50
5706;44
5707;48
5708;44
5709;43
5710;49
5711;46
5712;42
5713;41
5714;51
5715;48
5716;28
5717;51
5718;40
5719;43
5720;37
5721;49
5722;39
5723;52
5724;41
5725;45
5726;60
5727;42
5728;36
5729;40
5730;35
5731;34
5732;47
5733;42
5734;41
5735;43
5736;36
5737;39
5738;41
5739;44
5740;47
5741;41
5742;46
5743;44
5744;45
5745;47
5746;50
5747;44
5748;51
5749;51
5750;44
5751;49
5752;50
5753;52
5754;36
5755;46
5756;42
5757;52
5758;42
5759;51
5760;47
5761;38
5762;46
5763;63
5764;52
5765;46
5766;62
5767;42
5768;50
5769;44
5770;42
5771;48
5772;54
5773;51
5774;47
5775;41
5776;57
5777;36
5778;42
5779;48
5780;55
5781;50
5782;46
5783;50
5784;34
5785;46
5786;48
5787;57
5788;50
5789;38
5790;57
5791;29
5792;58
5793;42
5794;51
5795;44
5796;46
5797;35
5798;48
5799;44
5800;38
5801;47
5802;45
5803;48
5804;46
5805;41
5806;45
5807;46
5808;49
5809;48
5810;65
5811;59
5812;49
5813;43
5814;42
5815;48
5816;45
5817;44
5818;45
5819;50
5820;45
5821;38
5822;33
5823;39
5824;48
5825;41
5826;48
5827;48
5828;45
5829;48
5830;46
5831;53
5832;48
5833;39
5834;49
5835;51
5836;40
5837;36
5838;46
5839;45
5840;59
5841;47
5842;41
5843;52
5844;63
5845;45
5846;49
5847;40
5848;46
5849;39
5850;46
5851;47
5852;52
5853;41
5854;49
5855;46
5856;40
5857;39
5858;47
5859;28
5860;48
5861;36
5862;40
5863;51
5864;46
5865;34
5866;36
5867;43
5868;44
5869;63
5870;51
5871;46
5872;45
5873;39
5874;35
5875;55
5876;43
5877;42
5878;44
5879;47
5880;44
5881;55
5882;44
5883;61
5884;55
5885;51
5886;64
5887;60
5888;60
5889;67
5890;69
5891;101
5892;97
5893;117
5894;130
5895;116
5896;152
5897;138
5898;151
5899;143
5900;129
5901;128
5902;111
5903;101
5904;95
5905;76
5906;72
5907;44
5908;58
5909;58
5910;51
5911;48
5912;50
5913;49
5914;43
5915;41
5916;52
5917;44
5918;40
5919;37
5920;41
5921;35
5922;48
5923;48
5924;43
5925;52
5926;35
5927;41
5928;64
5929;47
5930;44
5931;61
5932;36
5933;50
5934;54
5935;34
5936;44
5937;46
5938;33
5939;54
5940;46
5941;56
5942;38
5943;45
5944;48
5945;49
5946;45
5947;53
5948;47
5949;41
5950;37
5951;54
5952;44
5953;50
5954;46
5955;43
5956;42
5957;49
5958;52
5959;56
5960;52
5961;38
5962;52
5963;47
5964;37
5965;50
5966;39
5967;49
5968;37
5969;56
5970;44
5971;54
5972;46
5973;51
5974;48
5975;46
5976;61
5977;36
5978;49
5979;45
5980;37
5981;42
5982;38
5983;49
5984;47
5985;40
5986;42
5987;46
5988;45
5989;45
5990;38
5991;50
5992;41
5993;39
5994;49
5995;44
5996;35
5997;56
5998;43
5999;47
6000;41
6001;50
6002;61
6003;42
6004;40
6005;62
6006;41
6007;42
6008;41
6009;38
6010;57
6011;35
6012;46
6013;39
6014;44
6015;46
6016;41
6017;44
6018;42
6019;48
6020;47
6021;61
6022;39
6023;45
6024;41
6025;50
6026;51
6027;44
6028;46
6029;55
6030;46
6031;53
6032;43
6033;47
6034;46
6035;45
6036;36
6037;43
6038;35
6039;30
6040;45
6041;46
6042;34
6043;56
6044;39
6045;53
6046;55
6047;31
6048;41
6049;40
6050;39
6051;32
6052;49
6053;56
6054;43
6055;48
6056;43
6057;51
6058;37
6059;60
6060;45
6061;42
6062;45
6063;44
6064;40
6065;55
6066;45
6067;39
6068;53
6069;60
6070;45
6071;67
6072;45
6073;44
6074;51
6075;55
6076;55
6077;64
6078;58
6079;64
6080;65
6081;63
6082;62
6083;74
6084;55
6085;49
6086;72
6087;61
6088;38
6089;56
6090;39
6091;39
6092;48
6093;45
6094;50
6095;50
6096;42
6097;48
6098;37
6099;48
6100;36
6101;51
6102;35
6103;47
6104;37
6105;38
6106;54
6107;51
6108;58
6109;45
6110;41
6111;49
6112;48
6113;42
6114;24
6115;38
6116;48
6117;47
6118;46
6119;53
6120;39
6121;52
6122;50
6123;45
6124;41
6125;43
6126;43
6127;43
6128;41
6129;43
6130;49
6131;42
6132;52
6133;53
6134;51
6135;45
6136;50
6137;42
6138;44
6139;45
6140;41
6141;45
6142;50
6143;48
6144;41
6145;47
6146;55
6147;44
6148;55
6149;52
6150;51
6151;33
6152;52
6153;50
6154;47
6155;45
6156;45
6157;47
6158;33
6159;53
6160;53
6161;52
6162;41
6163;44
6164;44
6165;47
6166;36
6167;58
6168;46
6169;43
6170;50
6171;54
6172;48
6173;50
6174;54
6175;43
6176;56
6177;49
6178;46
6179;47
6180;37
6181;44
6182;35
6183;53
6184;40
6185;46
6186;38
6187;52
6188;44
6189;46
6190;39
6191;45
6192;44
6193;56
6194;51
6195;49
6196;41
6197;52
6198;55
6199;50
6200;53
6201;53
6202;44
6203;53
6204;46
6205;43
6206;42
6207;40
6208;41
6209;34
6210;51
6211;57
6212;53
6213;45
6214;53
6215;53
6216;52
6217;49
6218;43
6219;38
6220;54
6221;52
6222;43
6223;43
6224;46
6225;51
6226;55
6227;55
6228;39
6229;43
6230;57
6231;43
6232;49
6233;60
6234;39
6235;51
6236;44
6237;53
6238;48
6239;55
6240;41
6241;59
6242;41
6243;48
6244;45
6245;54
6246;54
6247;48
6248;61
6249;44
6250;47
6251;41
6252;45
6253;59
6254;49
6255;48
6256;39
6257;35
6258;55
6259;40
6260;42
6261;54
6262;45
6263;54
6264;43
6265;41
6266;42
6267;69
6268;51
6269;52
6270;48
6271;43
6272;54
6273;54
6274;52
6275;36
6276;41
6277;47
6278;46
6279;39
6280;46
6281;53
6282;50
6283;51
6284;45
6285;61
6286;48
6287;37
6288;38
6289;48
6290;52
6291;47
6292;58
6293;41
6294;45
6295;42
6296;41
6297;53
6298;46
6299;45
6300;46
6301;52
6302;61
6303;50
6304;46
6305;40
6306;47
6307;51
6308;52
6309;40
6310;56
6311;46
6312;48
6313;55
6314;53
6315;45
6316;53
6317;49
6318;60
6319;53
6320;34
6321;56
6322;43
6323;58
6324;47
6325;48
6326;52
6327;52
6328;50
6329;61
6330;54
6331;59
6332;57
6333;36
6334;49
6335;61
6336;41
6337;48
6338;34
6339;36
6340;56
6341;35
6342;52
6343;50
6344;58
6345;52
6346;47
6347;34
6348;43
6349;48
6350;36
6351;55
6352;47
6353;52
6354;38
6355;52
6356;54
6357;41
6358;44
6359;58
6360;47
6361;54
6362;53
6363;59
6364;49
6365;44
6366;55
6367;50
6368;63
6369;48
6370;47
6371;46
6372;53
6373;52
6374;43
6375;56
6376;47
6377;45
6378;47
6379;39
6380;39
6381;43
6382;37
6383;44
6384;46
6385;54
6386;53
6387;50
6388;43
6389;51
6390;61
6391;39
6392;51
6393;48
6394;46
6395;37
6396;44
6397;51
6398;59
6399;42
6400;51
6401;40
6402;40
6403;47
6404;53
6405;49
6406;43
6407;52
6408;50
6409;44
6410;42
6411;42
6412;49
6413;48
6414;45
6415;55
6416;47
6417;55
6418;40
6419;60
6420;47
6421;34
6422;55
6423;58
6424;43
6425;54
6426;39
6427;49
6428;50
6429;52
6430;54
6431;52
6432;53
6433;58
6434;44
6435;37
6436;46
6437;46
6438;48
6439;60
6440;50
6441;54
6442;55
6443;37
6444;48
6445;50
6446;59
6447;41
6448;47
6449;40
6450;47
6451;45
6452;41
6453;50
6454;49
6455;50
6456;52
6457;60
6458;53
6459;53
6460;67
6461;40
6462;51
6463;43
6464;49
6465;57
6466;51
6467;62
6468;44
6469;51
6470;46
6471;57
6472;56
6473;36
6474;40
6475;51
6476;62
6477;54
6478;45
6479;50
6480;57
6481;43
6482;41
6483;49
6484;38
6485;51
6486;54
6487;34
6488;51
6489;65
6490;53
6491;57
6492;59
6493;53
6494;46
6495;41
6496;55
6497;54
6498;37
6499;46
6500;71
6501;63
6502;55
6503;52
6504;49
6505;49
6506;48
6507;51
6508;59
6509;45
6510;52
6511;65
6512;57
6513;50
6514;61
6515;75
6516;77
6517;71
6518;90
6519;103
6520;86
6521;85
6522;88
6523;78
6524;55
6525;84
6526;79
6527;63
6528;57
6529;54
6530;50
6531;47
6532;38
6533;43
6534;43
6535;52
6536;43
6537;49
6538;52
6539;50
6540;47
6541;48
6542;55
6543;37
6544;55
6545;48
6546;50
6547;43
6548;54
6549;35
6550;45
6551;28
6552;42
6553;43
6554;46
6555;53
6556;35
6557;45
6558;44
6559;36
6560;44
6561;48
6562;44
6563;45
6564;39
6565;43
6566;46
6567;38
6568;44
6569;54
6570;40
6571;32
6572;41
6573;42
6574;44
6575;40
6576;34
6577;30
6578;40
6579;32
6580;37
6581;40
6582;44
6583;43
6584;32
6585;37
6586;41
6587;47
6588;42
6589;23
6590;28
6591;36
6592;43
6593;43
6594;48
6595;25
6596;36
6597;48
6598;39
6599;28
6600;32
6601;35
6602;48
6603;33
6604;42
6605;35
6606;49
6607;53
6608;34
6609;37
6610;37
6611;38
6612;38
6613;38
6614;42
6615;48
6616;38
6617;35
6618;42
6619;34
6620;43
6621;33
6622;48
6623;32
6624;28
6625;31
6626;38
6627;36
6628;29
6629;40
6630;33
6631;29
6632;40
6633;37
6634;25
6635;31
6636;34
6637;29
6638;27
6639;42
6640;36
6641;30
6642;33
6643;38
6644;38
6645;42
6646;31
6647;31
6648;23
6649;24
6650;34
6651;49
6652;34
6653;33
6654;31
6655;25
6656;39
6657;37
6658;34
6659;39
6660;40
6661;27
6662;29
6663;34
6664;39
6665;27
6666;22
6667;31
6668;24
6669;33
6670;35
6671;31
6672;31
6673;28
6674;30
6675;43
6676;34
6677;39
6678;40
6679;41
6680;35
6681;25
6682;35
6683;35
6684;33
6685;25
6686;33
6687;53
6688;31
6689;23
6690;32
6691;34
6692;34
6693;41
6694;24
6695;30
6696;25
6697;31
6698;34
6699;27
6700;33
6701;31
6702;41
6703;42
6704;51
6705;39
6706;22
6707;30
6708;30
6709;28
6710;38
6711;29
6712;34
6713;41
6714;30
6715;37
6716;37
6717;28
6718;28
6719;31
6720;37
6721;34
6722;35
6723;31
6724;29
6725;31
6726;37
6727;39
6728;29
6729;36
6730;38
6731;33
6732;30
6733;36
6734;35
6735;32
6736;34
6737;45
6738;27
6739;32
6740;23
6741;30
6742;43
6743;35
6744;40
6745;57
6746;38
6747;44
6748;57
6749;39
6750;34
6751;48
6752;31
6753;26
6754;24
6755;36
6756;33
6757;30
6758;40
6759;30
6760;30
6761;35
6762;30
6763;23
6764;30
6765;35
6766;34
6767;29
6768;38
6769;36
6770;34
6771;32
6772;32
6773;29
6774;33
6775;32
6776;36
6777;29
6778;27
6779;30
6780;36
6781;35
6782;32
6783;32
6784;21
6785;31
6786;32
6787;22
6788;28
6789;28
6790;33
6791;31
6792;25
6793;23
6794;32
6795;26
6796;39
6797;32
6798;24
6799;36
6800;28
6801;30
6802;28
6803;29
6804;22
6805;26
6806;23
6807;27
6808;29
6809;32
6810;27
6811;32
6812;31
6813;29
6814;22
6815;30
6816;35
6817;39
6818;27
6819;31
6820;31
6821;32
6822;26
6823;36
6824;23
6825;30
6826;23
6827;36
6828;28
6829;29
6830;30
6831;28
6832;23
6833;33
6834;32
6835;22
6836;27
6837;36
6838;24
6839;35
6840;23
6841;28
6842;28
6843;34
6844;30
6845;35
6846;29
6847;31
6848;23
6849;34
6850;23
6851;29
6852;32
6853;28
6854;31
6855;26
6856;34
6857;24
6858;29
6859;30
6860;28
6861;22
6862;23
6863;25
6864;27
6865;29
6866;26
6867;13
6868;27
6869;35
6870;28
6871;33
6872;36
6873;35
6874;30
6875;14
6876;37
6877;25
6878;25
6879;30
6880;31
6881;26
6882;38
6883;35
6884;20
6885;30
6886;19
6887;33
6888;29
6889;26
6890;28
6891;26
6892;33
6893;29
6894;34
6895;26
6896;32
6897;31
6898;30
6899;29
6900;36
6901;23
6902;24
6903;28
6904;29
6905;27
6906;23
6907;32
6908;36
6909;32
6910;25
6911;28
6912;27
6913;23
6914;26
6915;25
6916;18
6917;30
6918;28
6919;30
6920;38
6921;22
6922;24
6923;21
6924;23
6925;25
6926;16
6927;20
6928;33
6929;29
6930;27
6931;25
6932;28
6933;25
6934;24
6935;25
6936;28
6937;24
6938;32
6939;18
6940;13
6941;25
6942;25
6943;23
6944;25
6945;23
6946;21
6947;31
6948;35
6949;33
6950;29
6951;32
6952;24
6953;30
6954;18
6955;21
6956;27
6957;16
6958;28
6959;24
6960;26
6961;33
6962;18
6963;28
6964;21
6965;36
6966;28
6967;27
6968;29
6969;29
6970;18
6971;21
6972;35
6973;23
6974;23
6975;28
6976;21
6977;20
6978;23
6979;27
6980;16
6981;19
6982;25
6983;20
6984;24
6985;29
6986;28
6987;29
6988;29
6989;26
6990;26
6991;24
6992;23
6993;22
6994;19
6995;29
6996;29
6997;19
6998;21
6999;19
7000;23
7001;24
7002;28
7003;30
7004;27
7005;18
7006;20
7007;24
7008;29
7009;20
7010;18
7011;28
7012;18
7013;18
7014;26
7015;28
7016;26
7017;31
7018;24
7019;17
7020;27
7021;25
7022;30
7023;29
7024;30
7025;18
7026;29
7027;24
7028;25
7029;28
7030;28
7031;27
7032;28
7033;18
7034;20
7035;12
7036;23
7037;24
7038;26
7039;16
7040;22
7041;22
7042;20
7043;20
7044;20
7045;32
7046;24
7047;18
7048;17
7049;16
7050;8
7051;28
7052;22
7053;18
7054;21
7055;27
7056;36
7057;23
7058;17
7059;22
7060;20
7061;21
7062;25
7063;28
7064;23
7065;26
7066;35
7067;27
7068;22
7069;21
7070;32
7071;19
7072;18
7073;29
7074;29
7075;32
7076;17
7077;17
7078;22
7079;27
7080;31
7081;25
7082;20
7083;19
7084;25
7085;21
7086;25
7087;25
7088;24
7089;26
7090;22
7091;17
7092;23
7093;13
7094;16
7095;29
7096;25
7097;27
7098;16
7099;16
7100;24
7101;18
7102;23
7103;19
7104;23
7105;17
7106;21
7107;19
7108;25
7109;21
7110;26
7111;28
7112;20
7113;21
7114;25
7115;26
7116;14
7117;26
7118;21
7119;29
7120;24
7121;24
7122;22
7123;14
7124;18
7125;14
7126;15
7127;24
7128;20
7129;20
7130;25
7131;25
7132;26
7133;18
7134;29
7135;31
7136;18
7137;12
7138;20
7139;15
7140;32
7141;25
7142;17
7143;20
7144;17
7145;17
7146;15
7147;22
7148;24
7149;19
7150;16
7151;16
7152;24
7153;19
7154;19
7155;22
7156;20
7157;22
7158;20
7159;17
7160;26
7161;20
7162;28
7163;23
7164;13
7165;12
7166;13
7167;27
7168;20
7169;16
7170;16
7171;17
7172;19
7173;16
7174;26
7175;21
7176;14
7177;17
7178;25
7179;20
7180;21
7181;23
7182;16
7183;20
7184;19
7185;18
7186;21
7187;13
7188;22
7189;23
7190;20
7191;29
7192;14
7193;18
7194;18
7195;26
7196;23
7197;26
7198;21
7199;16
7200;14
7201;20
7202;21
7203;11
7204;24
7205;21
7206;16
7207;17
7208;18
7209;16
7210;15
7211;12
7212;16
7213;18
7214;26
7215;22
7216;21
7217;21
7218;28
7219;22
7220;13
7221;18
7222;17
7223;15
7224;16
7225;20
7226;21
7227;21
7228;25
7229;12
7230;18
7231;13
7232;13
7233;19
7234;19
7235;26
7236;12
7237;15
7238;16
7239;21
7240;16
7241;18
7242;21
7243;20
7244;19
7245;15
7246;19
7247;18
7248;18
7249;30
7250;27
7251;30
7252;40
7253;33
7254;31
7255;30
7256;31
7257;42
7258;41
7259;40
7260;33
7261;42
7262;31
7263;46
7264;28
7265;30
7266;35
7267;25
7268;16
7269;23
7270;21
7271;17
7272;18
7273;19
7274;13
7275;20
7276;13
7277;19
7278;13
7279;13
7280;22
7281;15
7282;25
7283;25
7284;23
7285;14
7286;16
7287;16
7288;22
7289;16
7290;15
7291;19
7292;19
7293;23
7294;20
7295;18
7296;16
7297;18
7298;25
7299;24
7300;21
7301;28
7302;17
7303;21
7304;21
7305;19
7306;22
7307;22
7308;6
7309;11
7310;14
7311;27
7312;19
7313;23
7314;10
7315;15
7316;11
7317;18
7318;19
7319;18
7320;8
7321;21
7322;13
7323;19
7324;19
7325;13
7326;19
7327;14
7328;16
7329;8
7330;12
7331;20
7332;20
7333;20
7334;16
7335;24
7336;27
7337;25
7338;21
7339;17
7340;15
7341;16
7342;22
7343;14
7344;21
7345;16
7346;9
7347;19
7348;12
7349;22
7350;9
7351;16
7352;14
7353;15
7354;21
7355;18
7356;13
7357;17
7358;11
7359;15
7360;19
7361;16
7362;17
7363;16
7364;17
7365;13
7366;17
7367;17
7368;20
7369;18
7370;17
7371;15
7372;17
7373;18
7374;11
7375;15
7376;16
7377;23
7378;23
7379;27
7380;19
7381;29
7382;11
7383;26
7384;33
7385;21
7386;21
7387;25
7388;26
7389;26
7390;25
7391;22
7392;28
7393;24
7394;18
7395;15
7396;19
7397;20
7398;19
7399;21
7400;17
7401;17
7402;13
7403;20
7404;23
7405;13
7406;16
7407;10
7408;19
7409;21
7410;16
7411;24
7412;22
7413;30
7414;28
7415;36
7416;36
7417;24
7418;37
7419;29
7420;27
7421;31
7422;42
7423;26
7424;35
7425;25
7426;19
7427;19
7428;15
7429;26
7430;26
7431;14
7432;16
7433;20
7434;14
7435;16
7436;17
7437;11
7438;14
7439;15
7440;16
7441;20
7442;20
7443;16
7444;16
7445;17
7446;26
7447;12
7448;12
7449;12
7450;15
7451;19
7452;21
7453;21
7454;16
7455;20
7456;23
7457;23
7458;18
7459;19
7460;20
7461;8
7462;11
7463;25
7464;12
7465;18
7466;15
7467;15
7468;15
7469;17
7470;14
7471;17
7472;14
7473;18
7474;15
7475;9
7476;28
7477;14
7478;17
7479;18
7480;19
7481;11
7482;22
7483;15
7484;25
7485;15
7486;15
7487;14
7488;19
7489;9
7490;11
7491;21
7492;11
7493;17
7494;12
7495;19
7496;18
7497;17
7498;24
7499;15
7500;15
7501;18
7502;17
7503;28
7504;14
7505;22
7506;15
7507;21
7508;19
7509;19
7510;11
7511;16
7512;22
7513;10
7514;16
7515;15
7516;21
7517;22
7518;15
7519;10
7520;12
7521;14
7522;19
7523;10
7524;13
7525;16
7526;14
7527;14
7528;15
7529;19
7530;19
7531;22
7532;15
7533;11
7534;18
7535;20
7536;20
7537;13
7538;16
7539;14
7540;21
7541;17
7542;17
7543;20
7544;11
7545;18
7546;19
7547;17
7548;20
7549;13
7550;13
7551;13
7552;20
7553;17
7554;11
7555;12
7556;20
7557;14
7558;17
7559;15
7560;17
7561;15
7562;13
7563;25
7564;20
7565;15
7566;19
7567;19
7568;14
7569;15
7570;17
7571;15
7572;17
7573;20
7574;10
7575;23
7576;8
7577;25
7578;17
7579;18
7580;12
7581;14
7582;15
7583;14
7584;14
7585;11
7586;12
7587;14
7588;16
7589;17
7590;22
7591;10
7592;15
7593;13
7594;11
7595;14
7596;22
7597;20
7598;13
7599;16
7600;17
7601;21
7602;22
7603;11
7604;15
7605;22
7606;14
7607;12
7608;13
7609;17
7610;4
7611;21
7612;19
7613;13
7614;20
7615;25
7616;24
7617;15
7618;12
7619;17
7620;11
7621;8
7622;16
7623;17
7624;19
7625;14
7626;16
7627;20
7628;24
7629;27
7630;17
7631;22
7632;13
7633;14
7634;22
7635;20
7636;17
7637;11
7638;15
7639;23
7640;20
7641;14
7642;10
7643;18
7644;15
7645;18
7646;17
7647;27
7648;12
7649;27
7650;18
7651;15
7652;19
7653;11
7654;16
7655;19
7656;18
7657;21
7658;20
7659;17
7660;19
7661;15
7662;22
7663;15
7664;19
7665;20
7666;26
7667;17
7668;20
7669;14
7670;24
7671;29
7672;15
7673;27
7674;22
7675;38
7676;27
7677;42
7678;45
7679;59
7680;65
7681;66
7682;79
7683;82
7684;115
7685;153
7686;192
7687;268
7688;356
7689;446
7690;481
7691;593
7692;727
7693;842
7694;975
7695;1079
7696;1185
7697;1219
7698;1279
7699;1233
7700;1191
7701;1098
7702;946
7703;736
7704;617
7705;495
7706;404
7707;255
7708;169
7709;135
7710;65
7711;36
7712;44
7713;25
7714;8
7715;11
7716;10
7717;20
7718;11
7719;7
7720;6
7721;6
7722;19
7723;9
7724;17
7725;14
7726;11
7727;8
7728;13
7729;12
7730;6
7731;8
7732;10
7733;11
7734;3
7735;11
7736;12
7737;9
7738;18
7739;13
7740;10
7741;13
7742;8
7743;4
7744;11
7745;9
7746;10
7747;8
7748;12
7749;9
7750;16
7751;5
7752;14
7753;16
7754;9
7755;15
7756;11
7757;11
7758;9
7759;9
7760;12
7761;10
7762;10
7763;14
7764;10
7765;6
7766;9
7767;7
7768;5
7769;6
7770;13
7771;10
7772;12
7773;15
7774;7
7775;7
7776;17
7777;12
7778;8
7779;6
7780;8
7781;12
7782;11
7783;11
7784;12
7785;8
7786;9
7787;9
7788;8
7789;15
7790;11
7791;12
7792;11
7793;15
7794;7
7795;12
7796;6
7797;11
7798;8
7799;5
7800;12
7801;12
7802;10
7803;11
7804;6
7805;11
7806;11
7807;13
7808;14
7809;11
7810;13
7811;12
7812;5
7813;12
7814;8
7815;14
7816;10
7817;7
7818;4
7819;7
7820;8
7821;14
7822;7
7823;13
7824;10
7825;7
7826;7
7827;9
7828;13
7829;13
7830;10
7831;14
7832;7
7833;7
7834;9
7835;8
7836;10
7837;9
7838;8
7839;8
7840;7
7841;14
7842;7
7843;10
7844;14
7845;15
7846;9
7847;16
7848;14
7849;7
7850;8
7851;12
7852;18
7853;8
7854;8
7855;14
7856;9
7857;8
7858;16
7859;5
7860;13
7861;14
7862;15
7863;15
7864;8
7865;8
7866;7
7867;7
7868;14
7869;8
7870;12
7871;12
7872;12
7873;13
7874;14
7875;8
7876;13
7877;22
7878;12
7879;11
7880;14
7881;19
7882;20
7883;15
7884;14
7885;19
7886;12
7887;16
7888;17
7889;13
7890;7
7891;7
7892;16
7893;10
7894;12
7895;10
7896;14
7897;6
7898;8
7899;10
7900;6
7901;9
7902;11
7903;19
7904;12
7905;7
7906;11
7907;13
7908;17
7909;11
7910;20
7911;7
7912;10
7913;10
7914;19
7915;11
7916;17
7917;3
7918;9
7919;16
7920;13
7921;10
7922;12
7923;12
7924;15
7925;4
7926;13
7927;8
7928;11
7929;10
7930;9
7931;6
7932;11
7933;7
7934;11
7935;14
7936;17
7937;9
7938;9
7939;11
7940;12
7941;17
7942;19
7943;16
7944;12
7945;17
7946;10
7947;12
7948;16
7949;12
7950;17
7951;22
7952;17
7953;27
7954;19
7955;22
7956;29
7957;21
7958;16
7959;22
7960;21
7961;14
7962;16
7963;11
7964;15
7965;7
7966;14
7967;14
7968;7
7969;15
7970;17
7971;22
7972;6
7973;12
7974;13
7975;10
7976;16
7977;12
7978;10
7979;5
7980;13
7981;14
7982;8
7983;5
7984;14
7985;8
7986;12
7987;3
7988;7
7989;9
7990;14
7991;11
7992;16
7993;9
7994;11
7995;10
7996;8
7997;14
7998;13
7999;5
8000;14
8001;17
8002;14
8003;17
8004;6
8005;9
8006;17
8007;13
8008;6
8009;9
8010;5
8011;10
8012;14
8013;12
8014;14
8015;12
8016;5
8017;9
8018;10
8019;7
8020;8
8021;15
8022;8
8023;10
8024;6
8025;10
8026;11
8027;11
8028;9
8029;18
8030;8
8031;7
8032;15
8033;5
8034;5
8035;8
8036;12
8037;11
8038;9
8039;11
8040;5
8041;8
8042;10
8043;10
8044;12
8045;3
8046;9
8047;10
8048;4
8049;12
8050;4
8051;12
8052;10
8053;7
8054;10
8055;11
8056;11
8057;9
8058;6
8059;9
8060;5
8061;4
8062;11
8063;10
8064;10
8065;5
8066;7
8067;12
8068;14
8069;10
8070;17
8071;8
8072;9
8073;14
8074;4
8075;8
8076;9
8077;8
8078;9
8079;11
8080;16
8081;9
8082;9
8083;7
8084;10
8085;12
8086;3
8087;10
8088;14
8089;15
8090;16
8091;18
8092;12
8093;9
8094;8
8095;8
8096;9
8097;7
8098;6
8099;8
8100;10
8101;11
8102;13
8103;12
8104;17
8105;16
8106;6
8107;10
8108;11
8109;9
8110;11
8111;10
8112;1
8113;20
8114;9
8115;13
8116;15
8117;7
8118;9
8119;17
8120;10
8121;8
8122;14
8123;16
8124;11
8125;11
8126;11
8127;9
8128;12
8129;14
8130;16
8131;8
8132;5
8133;10
8134;9
8135;11
8136;11
8137;10
8138;9
8139;7
8140;15
8141;7
8142;15
8143;4
8144;8
8145;4
8146;7
8147;3
8148;1
8149;0
8150;0
8151;0
8152;0
8153;0
8154;0
8155;0
8156;0
8157;0
8158;0
8159;0
8160;0
8161;0
8162;0
8163;0
8164;0
8165;0
8166;0
8167;0
8168;0
8169;0
8170;0
8171;0
8172;0
8173;0
8174;0
8175;0
8176;0
8177;0
8178;0
8179;0
8180;0
8181;0
8182;0
8183;0
8184;0
8185;0
8186;0
8187;0
8188;0
8189;0
8190;0
8191;0

