0;0
1;0
2;0
3;0
4;0
5;0
6;0
7;0
8;0
9;0
10;0
11;0
12;0
13;0
14;0
15;0
16;0
17;0
18;0
19;0
20;0
21;0
22;0
23;0
24;0
25;0
26;0
27;0
28;0
29;0
30;0
31;0
32;0
33;0
34;0
35;0
36;0
37;0
38;0
39;0
40;0
41;0
42;0
43;0
44;0
45;0
46;0
47;0
48;0
49;0
50;0
51;0
52;0
53;0
54;0
55;0
56;0
57;0
58;0
59;0
60;0
61;0
62;0
63;0
64;0
65;0
66;0
67;0
68;0
69;0
70;0
71;0
72;0
73;0
74;0
75;0
76;0
77;0
78;0
79;0
80;0
81;0
82;0
83;0
84;0
85;0
86;0
87;0
88;0
89;0
90;0
91;0
92;0
93;0
94;0
95;0
96;0
97;0
98;0
99;0
100;0
101;0
102;0
103;0
104;0
105;0
106;0
107;0
108;0
109;0
110;0
111;0
112;0
113;0
114;0
115;0
116;0
117;0
118;0
119;0
120;0
121;0
122;0
123;0
124;0
125;0
126;0
127;0
128;0
129;0
130;0
131;0
132;1
133;2
134;45
135;212
136;426
137;506
138;585
139;606
140;590
141;559
142;616
143;546
144;606
145;624
146;578
147;533
148;598
149;611
150;583
151;566
152;568
153;525
154;525
155;579
156;555
157;540
158;573
159;502
160;549
161;543
162;529
163;569
164;537
165;560
166;571
167;520
168;562
169;499
170;571
171;562
172;571
173;569
174;564
175;547
176;550
177;564
178;526
179;529
180;528
181;558
182;533
183;540
184;520
185;544
186;570
187;507
188;586
189;528
190;587
191;553
192;526
193;556
194;559
195;519
196;537
197;542
198;559
199;588
200;533
201;597
202;587
203;573
204;584
205;556
206;552
207;530
208;605
209;592
210;561
211;576
212;587
213;569
214;632
215;569
216;612
217;559
218;588
219;604
220;658
221;606
222;652
223;623
224;625
225;597
226;644
227;589
228;598
229;610
230;624
231;647
232;635
233;668
234;643
235;646
236;655
237;615
238;674
239;659
240;649
241;621
242;657
243;684
244;644
245;660
246;661
247;710
248;705
249;704
250;686
251;711
252;706
253;688
254;696
255;725
256;724
257;705
258;748
259;722
260;743
261;765
262;760
263;756
264;756
265;758
266;690
267;757
268;762
269;717
270;746
271;780
272;820
273;826
274;823
275;812
276;852
277;805
278;797
279;801
280;833
281;844
282;870
283;825
284;876
285;808
286;894
287;853
288;907
289;891
290;930
291;889
292;928
293;925
294;936
295;897
296;946
297;894
298;971
299;954
300;914
301;931
302;979
303;930
304;959
305;1018
306;985
307;960
308;1020
309;1022
310;1022
311;1059
312;1067
313;1064
314;1021
315;1085
316;1024
317;1062
318;1038
319;1027
320;1026
321;1010
322;1058
323;1069
324;1000
325;1079
326;1129
327;1115
328;1121
329;1096
330;1104
331;1092
332;1081
333;1026
334;1088
335;1129
336;1155
337;1133
338;1099
339;1196
340;1094
341;1206
342;1181
343;1205
344;1120
345;1200
346;1184
347;1201
348;1172
349;1198
350;1195
351;1201
352;1186
353;1220
354;1233
355;1202
356;1325
357;1417
358;1615
359;1834
360;2412
361;2696
362;2680
363;2393
364;1920
365;1612
366;1443
367;1340
368;1436
369;1685
370;2366
371;3112
372;3766
373;4032
374;3639
375;2941
376;2094
377;1580
378;1262
379;1227
380;1209
381;1282
382;1323
383;1367
384;1392
385;1421
386;1384
387;1193
388;1227
389;1201
390;1153
391;1151
392;1189
393;1212
394;1097
395;1171
396;1104
397;1120
398;1156
399;1165
400;1185
401;1174
402;1227
403;1233
404;1204
405;1184
406;1180
407;1201
408;1100
409;1234
410;1178
411;1202
412;1235
413;1172
414;1195
415;1205
416;1209
417;1291
418;1158
419;1386
420;1398
421;1623
422;1781
423;2066
424;2287
425;2348
426;2248
427;2032
428;1775
429;1484
430;1329
431;1316
432;1235
433;1227
434;1306
435;1375
436;1482
437;1610
438;1681
439;1618
440;1525
441;1440
442;1307
443;1316
444;1244
445;1136
446;1172
447;1239
448;1199
449;1197
450;1289
451;1266
452;1244
453;1244
454;1211
455;1191
456;1117
457;1177
458;1239
459;1190
460;1209
461;1155
462;1180
463;1191
464;1248
465;1283
466;1316
467;1281
468;1239
469;1296
470;1343
471;1237
472;1235
473;1207
474;1201
475;1196
476;1187
477;1220
478;1161
479;1140
480;1156
481;1195
482;1130
483;1181
484;1154
485;1121
486;1231
487;1153
488;1162
489;1172
490;1148
491;1210
492;1089
493;1191
494;1176
495;1157
496;1196
497;1192
498;1183
499;1168
500;1127
501;1198
502;1140
503;1199
504;1141
505;1166
506;1102
507;1161
508;1152
509;1105
510;1154
511;1197
512;1141
513;1191
514;1222
515;1165
516;1166
517;1128
518;1173
519;1171
520;1143
521;1169
522;1146
523;1183
524;1155
525;1101
526;1134
527;1154
528;1176
529;1146
530;1169
531;1113
532;1157
533;1185
534;1195
535;1137
536;1181
537;1142
538;1132
539;1156
540;1188
541;1090
542;1159
543;1140
544;1164
545;1114
546;1179
547;1145
548;1149
549;1104
550;1088
551;1126
552;1109
553;1144
554;1157
555;1112
556;1134
557;1085
558;1101
559;1133
560;1067
561;1087
562;1172
563;1081
564;1156
565;1105
566;1063
567;1109
568;1138
569;1124
570;1167
571;1133
572;1209
573;1088
574;1091
575;1067
576;1137
577;1119
578;1131
579;1098
580;1087
581;1108
582;1093
583;1097
584;1050
585;1143
586;1084
587;1067
588;1071
589;1090
590;1067
591;1039
592;1017
593;1039
594;1115
595;1070
596;996
597;1079
598;1093
599;1093
600;1057
601;1099
602;1081
603;1047
604;1055
605;1040
606;1092
607;996
608;1116
609;1117
610;1079
611;1079
612;1025
613;1110
614;1075
615;1031
616;1112
617;1030
618;1037
619;1036
620;1062
621;1079
622;1069
623;1018
624;1068
625;959
626;1018
627;971
628;1063
629;1039
630;1027
631;1059
632;1062
633;1008
634;1012
635;1043
636;976
637;1046
638;1040
639;1011
640;1012
641;1024
642;1045
643;1071
644;1017
645;1020
646;973
647;984
648;1025
649;1112
650;1023
651;1031
652;1023
653;1022
654;1022
655;984
656;1023
657;1057
658;1049
659;1049
660;1044
661;1048
662;1006
663;1037
664;967
665;975
666;1012
667;1012
668;997
669;1013
670;1013
671;1008
672;976
673;1033
674;1009
675;1057
676;958
677;960
678;967
679;948
680;959
681;992
682;978
683;936
684;963
685;978
686;961
687;962
688;1015
689;943
690;947
691;960
692;962
693;934
694;897
695;959
696;914
697;916
698;917
699;920
700;977
701;954
702;939
703;936
704;943
705;910
706;897
707;912
708;973
709;930
710;923
711;948
712;899
713;967
714;904
715;897
716;909
717;915
718;914
719;944
720;925
721;903
722;883
723;931
724;890
725;868
726;958
727;939
728;911
729;878
730;890
731;869
732;876
733;867
734;882
735;894
736;953
737;937
738;881
739;878
740;897
741;925
742;886
743;861
744;860
745;878
746;803
747;873
748;898
749;886
750;878
751;862
752;896
753;846
754;872
755;882
756;851
757;846
758;839
759;887
760;874
761;808
762;859
763;802
764;874
765;903
766;882
767;890
768;841
769;809
770;872
771;833
772;863
773;870
774;825
775;826
776;871
777;844
778;855
779;807
780;801
781;857
782;839
783;809
784;793
785;834
786;796
787;849
788;839
789;794
790;821
791;816
792;819
793;803
794;790
795;812
796;774
797;823
798;831
799;827
800;759
801;773
802;768
803;807
804;783
805;814
806;762
807;771
808;795
809;831
810;805
811;754
812;817
813;778
814;753
815;726
816;726
817;808
818;713
819;753
820;762
821;729
822;759
823;742
824;779
825;741
826;733
827;718
828;747
829;721
830;692
831;749
832;754
833;733
834;735
835;721
836;720
837;712
838;710
839;720
840;737
841;770
842;741
843;749
844;716
845;734
846;741
847;717
848;736
849;696
850;737
851;709
852;716
853;747
854;692
855;733
856;714
857;699
858;753
859;699
860;707
861;760
862;734
863;715
864;695
865;667
866;707
867;713
868;759
869;682
870;718
871;692
872;722
873;749
874;707
875;646
876;714
877;679
878;688
879;664
880;704
881;700
882;703
883;677
884;713
885;665
886;675
887;669
888;654
889;696
890;681
891;629
892;653
893;667
894;664
895;716
896;686
897;681
898;646
899;678
900;706
901;699
902;638
903;680
904;679
905;681
906;663
907;635
908;682
909;686
910;639
911;669
912;594
913;685
914;671
915;672
916;648
917;659
918;700
919;628
920;671
921;627
922;672
923;605
924;624
925;658
926;699
927;596
928;643
929;635
930;694
931;616
932;658
933;640
934;630
935;618
936;623
937;601
938;654
939;643
940;626
941;596
942;624
943;645
944;628
945;621
946;611
947;626
948;637
949;632
950;584
951;622
952;608
953;624
954;600
955;673
956;624
957;720
958;764
959;730
960;726
961;753
962;685
963;651
964;670
965;638
966;590
967;617
968;592
969;600
970;593
971;582
972;632
973;584
974;609
975;622
976;573
977;543
978;623
979;577
980;597
981;548
982;610
983;580
984;572
985;609
986;565
987;578
988;583
989;532
990;570
991;530
992;595
993;547
994;578
995;580
996;589
997;579
998;566
999;613
1000;563
1001;563
1002;620
1003;555
1004;585
1005;571
1006;524
1007;603
1008;559
1009;583
1010;566
1011;556
1012;541
1013;558
1014;563
1015;570
1016;580
1017;540
1018;604
1019;531
1020;494
1021;622
1022;575
1023;554
1024;570
1025;517
1026;562
1027;594
1028;540
1029;501
1030;516
1031;539
1032;547
1033;561
1034;555
1035;539
1036;563
1037;533
1038;513
1039;561
1040;574
1041;519
1042;537
1043;546
1044;522
1045;558
1046;511
1047;545
1048;536
1049;549
1050;521
1051;511
1052;516
1053;472
1054;540
1055;529
1056;530
1057;541
1058;546
1059;538
1060;511
1061;542
1062;559
1063;540
1064;542
1065;544
1066;551
1067;504
1068;545
1069;539
1070;527
1071;487
1072;499
1073;507
1074;502
1075;527
1076;527
1077;513
1078;536
1079;551
1080;525
1081;543
1082;556
1083;543
1084;550
1085;586
1086;551
1087;493
1088;510
1089;526
1090;500
1091;499
1092;508
1093;540
1094;498
1095;483
1096;511
1097;465
1098;497
1099;553
1100;471
1101;514
1102;518
1103;485
1104;508
1105;542
1106;457
1107;441
1108;516
1109;484
1110;514
1111;488
1112;515
1113;505
1114;476
1115;485
1116;512
1117;477
1118;513
1119;479
1120;495
1121;495
1122;493
1123;466
1124;456
1125;442
1126;489
1127;468
1128;472
1129;455
1130;478
1131;448
1132;444
1133;465
1134;515
1135;473
1136;481
1137;476
1138;455
1139;437
1140;465
1141;472
1142;486
1143;499
1144;439
1145;472
1146;478
1147;467
1148;453
1149;476
1150;511
1151;474
1152;437
1153;462
1154;468
1155;430
1156;451
1157;448
1158;496
1159;439
1160;469
1161;482
1162;469
1163;452
1164;442
1165;460
1166;461
1167;453
1168;434
1169;518
1170;440
1171;438
1172;436
1173;470
1174;459
1175;442
1176;474
1177;427
1178;416
1179;426
1180;442
1181;448
1182;440
1183;468
1184;412
1185;448
1186;443
1187;454
1188;457
1189;442
1190;403
1191;446
1192;420
1193;428
1194;413
1195;438
1196;419
1197;420
1198;435
1199;420
1200;452
1201;428
1202;416
1203;435
1204;441
1205;405
1206;429
1207;403
1208;443
1209;441
1210;449
1211;446
1212;433
1213;436
1214;439
1215;444
1216;390
1217;416
1218;431
1219;398
1220;433
1221;398
1222;387
1223;421
1224;443
1225;414
1226;450
1227;448
1228;431
1229;404
1230;420
1231;414
1232;423
1233;486
1234;589
1235;671
1236;893
1237;1098
1238;1152
1239;1079
1240;959
1241;714
1242;596
1243;487
1244;441
1245;384
1246;381
1247;428
1248;426
1249;454
1250;466
1251;431
1252;484
1253;466
1254;497
1255;527
1256;549
1257;506
1258;476
1259;438
1260;412
1261;404
1262;353
1263;376
1264;364
1265;394
1266;357
1267;358
1268;369
1269;398
1270;371
1271;358
1272;410
1273;373
1274;369
1275;373
1276;340
1277;372
1278;329
1279;419
1280;419
1281;346
1282;372
1283;416
1284;362
1285;368
1286;379
1287;344
1288;391
1289;371
1290;386
1291;388
1292;350
1293;336
1294;356
1295;325
1296;360
1297;369
1298;341
1299;359
1300;393
1301;355
1302;363
1303;361
1304;324
1305;331
1306;344
1307;331
1308;371
1309;374
1310;373
1311;351
1312;340
1313;353
1314;342
1315;328
1316;350
1317;346
1318;352
1319;338
1320;367
1321;338
1322;326
1323;334
1324;362
1325;352
1326;349
1327;373
1328;342
1329;353
1330;315
1331;387
1332;340
1333;344
1334;369
1335;334
1336;334
1337;363
1338;334
1339;344
1340;318
1341;353
1342;358
1343;367
1344;357
1345;369
1346;341
1347;321
1348;331
1349;314
1350;318
1351;338
1352;327
1353;359
1354;341
1355;344
1356;306
1357;336
1358;344
1359;332
1360;323
1361;334
1362;315
1363;310
1364;333
1365;353
1366;363
1367;335
1368;342
1369;335
1370;317
1371;342
1372;324
1373;343
1374;301
1375;300
1376;316
1377;307
1378;289
1379;311
1380;313
1381;303
1382;320
1383;330
1384;335
1385;323
1386;343
1387;322
1388;314
1389;317
1390;326
1391;339
1392;311
1393;312
1394;278
1395;300
1396;323
1397;342
1398;311
1399;297
1400;327
1401;328
1402;365
1403;343
1404;358
1405;394
1406;357
1407;338
1408;359
1409;316
1410;313
1411;309
1412;324
1413;311
1414;318
1415;307
1416;296
1417;308
1418;345
1419;293
1420;331
1421;263
1422;314
1423;309
1424;313
1425;296
1426;308
1427;308
1428;300
1429;302
1430;310
1431;293
1432;296
1433;293
1434;288
1435;324
1436;313
1437;307
1438;301
1439;298
1440;334
1441;297
1442;337
1443;300
1444;285
1445;323
1446;320
1447;296
1448;296
1449;285
1450;267
1451;266
1452;301
1453;289
1454;291
1455;277
1456;282
1457;318
1458;300
1459;303
1460;300
1461;287
1462;310
1463;281
1464;284
1465;271
1466;281
1467;311
1468;291
1469;278
1470;282
1471;269
1472;282
1473;289
1474;288
1475;295
1476;314
1477;297
1478;297
1479;295
1480;274
1481;310
1482;311
1483;295
1484;293
1485;251
1486;267
1487;272
1488;283
1489;302
1490;275
1491;280
1492;276
1493;275
1494;272
1495;278
1496;285
1497;270
1498;274
1499;290
1500;297
1501;284
1502;260
1503;253
1504;286
1505;270
1506;265
1507;267
1508;272
1509;311
1510;283
1511;274
1512;268
1513;260
1514;298
1515;268
1516;267
1517;303
1518;274
1519;295
1520;255
1521;281
1522;256
1523;290
1524;273
1525;245
1526;281
1527;267
1528;305
1529;238
1530;274
1531;305
1532;328
1533;304
1534;390
1535;500
1536;531
1537;521
1538;533
1539;465
1540;395
1541;344
1542;276
1543;265
1544;282
1545;263
1546;231
1547;277
1548;257
1549;271
1550;252
1551;288
1552;254
1553;274
1554;270
1555;276
1556;249
1557;247
1558;252
1559;271
1560;256
1561;285
1562;302
1563;307
1564;302
1565;310
1566;253
1567;255
1568;251
1569;232
1570;244
1571;222
1572;236
1573;277
1574;224
1575;260
1576;276
1577;266
1578;249
1579;279
1580;242
1581;241
1582;261
1583;260
1584;253
1585;238
1586;258
1587;257
1588;246
1589;232
1590;230
1591;241
1592;243
1593;245
1594;255
1595;251
1596;240
1597;242
1598;254
1599;214
1600;216
1601;228
1602;245
1603;267
1604;236
1605;256
1606;240
1607;220
1608;256
1609;242
1610;235
1611;235
1612;265
1613;215
1614;224
1615;244
1616;232
1617;238
1618;241
1619;220
1620;252
1621;231
1622;244
1623;242
1624;216
1625;226
1626;233
1627;244
1628;254
1629;240
1630;215
1631;250
1632;208
1633;257
1634;238
1635;250
1636;251
1637;226
1638;260
1639;218
1640;216
1641;245
1642;223
1643;235
1644;250
1645;227
1646;243
1647;242
1648;232
1649;233
1650;224
1651;231
1652;265
1653;229
1654;229
1655;238
1656;230
1657;235
1658;244
1659;204
1660;211
1661;227
1662;228
1663;243
1664;237
1665;209
1666;201
1667;227
1668;217
1669;250
1670;210
1671;247
1672;234
1673;226
1674;220
1675;218
1676;241
1677;230
1678;236
1679;190
1680;244
1681;215
1682;243
1683;221
1684;232
1685;212
1686;202
1687;252
1688;210
1689;219
1690;237
1691;230
1692;213
1693;232
1694;205
1695;220
1696;224
1697;236
1698;217
1699;222
1700;259
1701;215
1702;218
1703;219
1704;245
1705;243
1706;224
1707;223
1708;254
1709;239
1710;255
1711;262
1712;254
1713;244
1714;243
1715;214
1716;215
1717;209
1718;224
1719;213
1720;211
1721;239
1722;204
1723;196
1724;208
1725;225
1726;216
1727;222
1728;225
1729;206
1730;208
1731;216
1732;241
1733;216
1734;225
1735;212
1736;241
1737;198
1738;249
1739;243
1740;215
1741;238
1742;202
1743;196
1744;193
1745;226
1746;196
1747;236
1748;197
1749;221
1750;243
1751;185
1752;196
1753;213
1754;220
1755;210
1756;227
1757;199
1758;225
1759;204
1760;242
1761;269
1762;325
1763;366
1764;366
1765;329
1766;326
1767;294
1768;264
1769;211
1770;221
1771;226
1772;228
1773;219
1774;253
1775;167
1776;218
1777;202
1778;210
1779;204
1780;212
1781;210
1782;219
1783;183
1784;228
1785;201
1786;199
1787;191
1788;193
1789;205
1790;228
1791;179
1792;207
1793;195
1794;208
1795;197
1796;211
1797;201
1798;172
1799;197
1800;185
1801;200
1802;200
1803;207
1804;181
1805;191
1806;207
1807;202
1808;194
1809;186
1810;180
1811;189
1812;202
1813;167
1814;198
1815;182
1816;201
1817;194
1818;221
1819;172
1820;195
1821;197
1822;186
1823;191
1824;201
1825;212
1826;169
1827;209
1828;193
1829;211
1830;241
1831;257
1832;348
1833;440
1834;535
1835;629
1836;637
1837;697
1838;591
1839;473
1840;355
1841;270
1842;228
1843;228
1844;165
1845;195
1846;178
1847;204
1848;189
1849;205
1850;185
1851;211
1852;177
1853;197
1854;162
1855;193
1856;187
1857;186
1858;180
1859;168
1860;181
1861;180
1862;178
1863;206
1864;198
1865;178
1866;180
1867;192
1868;186
1869;156
1870;174
1871;172
1872;179
1873;174
1874;184
1875;167
1876;176
1877;172
1878;196
1879;176
1880;181
1881;196
1882;176
1883;175
1884;185
1885;160
1886;183
1887;183
1888;173
1889;180
1890;167
1891;175
1892;190
1893;174
1894;180
1895;176
1896;178
1897;188
1898;194
1899;167
1900;175
1901;173
1902;178
1903;171
1904;184
1905;209
1906;179
1907;174
1908;176
1909;167
1910;185
1911;165
1912;158
1913;162
1914;164
1915;202
1916;174
1917;179
1918;175
1919;164
1920;172
1921;169
1922;160
1923;183
1924;191
1925;178
1926;179
1927;162
1928;159
1929;147
1930;175
1931;160
1932;165
1933;161
1934;185
1935;163
1936;170
1937;177
1938;165
1939;177
1940;176
1941;143
1942;197
1943;155
1944;189
1945;154
1946;165
1947;151
1948;172
1949;154
1950;180
1951;159
1952;156
1953;176
1954;158
1955;162
1956;150
1957;171
1958;176
1959;166
1960;162
1961;159
1962;171
1963;172
1964;173
1965;185
1966;153
1967;172
1968;171
1969;164
1970;161
1971;151
1972;164
1973;177
1974;181
1975;180
1976;173
1977;183
1978;152
1979;162
1980;163
1981;175
1982;176
1983;154
1984;156
1985;173
1986;170
1987;160
1988;171
1989;148
1990;177
1991;159
1992;186
1993;150
1994;149
1995;149
1996;163
1997;168
1998;140
1999;151
2000;153
2001;153
2002;162
2003;170
2004;151
2005;164
2006;180
2007;163
2008;165
2009;177
2010;179
2011;154
2012;163
2013;157
2014;182
2015;170
2016;147
2017;161
2018;183
2019;176
2020;151
2021;178
2022;170
2023;163
2024;160
2025;168
2026;165
2027;165
2028;165
2029;175
2030;161
2031;188
2032;162
2033;168
2034;164
2035;160
2036;162
2037;177
2038;181
2039;152
2040;147
2041;156
2042;165
2043;145
2044;157
2045;174
2046;147
2047;136
2048;157
2049;157
2050;161
2051;167
2052;150
2053;167
2054;137
2055;154
2056;146
2057;167
2058;164
2059;168
2060;159
2061;171
2062;153
2063;145
2064;171
2065;152
2066;154
2067;146
2068;172
2069;158
2070;165
2071;150
2072;175
2073;170
2074;161
2075;148
2076;137
2077;159
2078;174
2079;129
2080;163
2081;149
2082;153
2083;151
2084;158
2085;177
2086;143
2087;142
2088;150
2089;156
2090;158
2091;162
2092;131
2093;159
2094;140
2095;137
2096;142
2097;143
2098;157
2099;167
2100;180
2101;155
2102;159
2103;142
2104;156
2105;149
2106;158
2107;165
2108;155
2109;165
2110;147
2111;136
2112;137
2113;177
2114;155
2115;148
2116;152
2117;163
2118;161
2119;154
2120;157
2121;155
2122;170
2123;156
2124;155
2125;138
2126;154
2127;146
2128;162
2129;148
2130;129
2131;154
2132;161
2133;149
2134;162
2135;145
2136;169
2137;151
2138;176
2139;187
2140;161
2141;156
2142;173
2143;175
2144;166
2145;131
2146;163
2147;124
2148;146
2149;133
2150;152
2151;156
2152;143
2153;160
2154;155
2155;164
2156;141
2157;148
2158;166
2159;129
2160;149
2161;128
2162;144
2163;152
2164;142
2165;140
2166;149
2167;135
2168;132
2169;129
2170;149
2171;161
2172;158
2173;140
2174;154
2175;125
2176;134
2177;151
2178;140
2179;163
2180;144
2181;136
2182;138
2183;140
2184;135
2185;158
2186;141
2187;132
2188;149
2189;141
2190;134
2191;134
2192;144
2193;133
2194;147
2195;141
2196;158
2197;135
2198;131
2199;145
2200;139
2201;147
2202;132
2203;142
2204;138
2205;135
2206;139
2207;120
2208;120
2209;131
2210;140
2211;129
2212;144
2213;148
2214;145
2215;132
2216;135
2217;136
2218;147
2219;136
2220;138
2221;146
2222;153
2223;123
2224;136
2225;146
2226;130
2227;150
2228;136
2229;131
2230;153
2231;133
2232;151
2233;125
2234;148
2235;162
2236;130
2237;134
2238;143
2239;138
2240;165
2241;125
2242;128
2243;113
2244;134
2245;131
2246;125
2247;146
2248;139
2249;139
2250;144
2251;128
2252;129
2253;135
2254;144
2255;153
2256;135
2257;138
2258;123
2259;160
2260;145
2261;116
2262;122
2263;110
2264;134
2265;144
2266;139
2267;153
2268;138
2269;141
2270;139
2271;123
2272;130
2273;130
2274;131
2275;120
2276;148
2277;136
2278;117
2279;120
2280;124
2281;148
2282;131
2283;142
2284;132
2285;129
2286;126
2287;145
2288;127
2289;132
2290;126
2291;121
2292;156
2293;153
2294;140
2295;143
2296;139
2297;159
2298;153
2299;140
2300;154
2301;132
2302;132
2303;142
2304;113
2305;117
2306;146
2307;131
2308;114
2309;141
2310;134
2311;120
2312;138
2313;132
2314;126
2315;115
2316;125
2317;151
2318;121
2319;125
2320;143
2321;118
2322;142
2323;132
2324;120
2325;118
2326;134
2327;120
2328;118
2329;102
2330;109
2331;113
2332;129
2333;124
2334;111
2335;125
2336;126
2337;132
2338;148
2339;130
2340;125
2341;126
2342;131
2343;162
2344;120
2345;126
2346;93
2347;121
2348;120
2349;126
2350;125
2351;120
2352;121
2353;133
2354;115
2355;120
2356;126
2357;134
2358;154
2359;115
2360;128
2361;127
2362;116
2363;135
2364;120
2365;107
2366;132
2367;136
2368;114
2369;131
2370;132
2371;118
2372;132
2373;134
2374;116
2375;119
2376;133
2377;136
2378;127
2379;138
2380;120
2381;125
2382;103
2383;132
2384;155
2385;126
2386;115
2387;136
2388;132
2389;121
2390;115
2391;135
2392;123
2393;121
2394;112
2395;116
2396;110
2397;113
2398;119
2399;129
2400;119
2401;107
2402;131
2403;120
2404;108
2405;112
2406;130
2407;126
2408;120
2409;130
2410;123
2411;106
2412;116
2413;111
2414;121
2415;131
2416;120
2417;128
2418;152
2419;143
2420;147
2421;150
2422;168
2423;157
2424;174
2425;172
2426;143
2427;150
2428;115
2429;117
2430;108
2431;118
2432;132
2433;121
2434;101
2435;132
2436;101
2437;111
2438;109
2439;115
2440;120
2441;114
2442;103
2443;110
2444;122
2445;111
2446;127
2447;115
2448;108
2449;120
2450;118
2451;113
2452;97
2453;134
2454;119
2455;114
2456;122
2457;122
2458;104
2459;108
2460;129
2461;144
2462;116
2463;114
2464;133
2465;117
2466;113
2467;125
2468;123
2469;136
2470;115
2471;125
2472;134
2473;133
2474;127
2475;125
2476;131
2477;122
2478;132
2479;107
2480;111
2481;99
2482;119
2483;120
2484;122
2485;127
2486;115
2487;113
2488;98
2489;105
2490;119
2491;113
2492;124
2493;122
2494;98
2495;97
2496;112
2497;116
2498;102
2499;112
2500;119
2501;122
2502;101
2503;112
2504;123
2505;105
2506;100
2507;115
2508;117
2509;126
2510;135
2511;130
2512;119
2513;104
2514;107
2515;124
2516;112
2517;121
2518;112
2519;115
2520;114
2521;105
2522;102
2523;119
2524;107
2525;124
2526;122
2527;118
2528;124
2529;110
2530;119
2531;113
2532;120
2533;104
2534;115
2535;95
2536;120
2537;125
2538;123
2539;123
2540;98
2541;125
2542;95
2543;100
2544;110
2545;104
2546;102
2547;117
2548;99
2549;116
2550;120
2551;138
2552;113
2553;121
2554;108
2555;118
2556;95
2557;117
2558;101
2559;108
2560;98
2561;111
2562;90
2563;95
2564;118
2565;113
2566;123
2567;110
2568;123
2569;128
2570;108
2571;112
2572;99
2573;140
2574;124
2575;117
2576;100
2577;117
2578;108
2579;102
2580;123
2581;112
2582;111
2583;116
2584;116
2585;86
2586;111
2587;113
2588;118
2589;107
2590;95
2591;123
2592;115
2593;119
2594;113
2595;96
2596;128
2597;101
2598;109
2599;92
2600;122
2601;103
2602;108
2603;97
2604;116
2605;100
2606;125
2607;106
2608;125
2609;105
2610;104
2611;95
2612;107
2613;114
2614;95
2615;111
2616;96
2617;95
2618;91
2619;114
2620;99
2621;91
2622;121
2623;114
2624;124
2625;106
2626;101
2627;106
2628;100
2629;104
2630;91
2631;101
2632;111
2633;105
2634;119
2635;110
2636;89
2637;124
2638;108
2639;117
2640;102
2641;121
2642;112
2643;103
2644;98
2645;126
2646;102
2647;106
2648;104
2649;112
2650;103
2651;108
2652;103
2653;99
2654;98
2655;102
2656;115
2657;108
2658;115
2659;121
2660;119
2661;118
2662;127
2663;125
2664;130
2665;163
2666;162
2667;144
2668;170
2669;189
2670;222
2671;248
2672;321
2673;317
2674;363
2675;386
2676;378
2677;332
2678;302
2679;282
2680;279
2681;288
2682;211
2683;193
2684;164
2685;154
2686;149
2687;135
2688;128
2689;113
2690;101
2691;139
2692;107
2693;113
2694;99
2695;102
2696;111
2697;99
2698;94
2699;106
2700;89
2701;97
2702;86
2703;101
2704;104
2705;97
2706;113
2707;111
2708;93
2709;88
2710;94
2711;102
2712;125
2713;110
2714;98
2715;110
2716;104
2717;91
2718;89
2719;95
2720;95
2721;101
2722;106
2723;86
2724;114
2725;113
2726;107
2727;91
2728;110
2729;88
2730;102
2731;93
2732;100
2733;89
2734;91
2735;100
2736;103
2737;107
2738;102
2739;103
2740;104
2741;86
2742;103
2743;107
2744;90
2745;109
2746;94
2747;107
2748;82
2749;106
2750;99
2751;93
2752;99
2753;111
2754;97
2755;98
2756;102
2757;92
2758;117
2759;96
2760;99
2761;112
2762;85
2763;81
2764;94
2765;96
2766;105
2767;86
2768;94
2769;99
2770;87
2771;91
2772;95
2773;99
2774;63
2775;111
2776;108
2777;113
2778;103
2779;86
2780;103
2781;97
2782;107
2783;96
2784;95
2785;100
2786;95
2787;106
2788;92
2789;109
2790;97
2791;128
2792;89
2793;103
2794;85
2795;92
2796;91
2797;98
2798;73
2799;82
2800;101
2801;94
2802;100
2803;100
2804;125
2805;82
2806;91
2807;101
2808;86
2809;92
2810;103
2811;102
2812;94
2813;106
2814;93
2815;90
2816;96
2817;98
2818;103
2819;98
2820;107
2821;92
2822;101
2823;90
2824;75
2825;91
2826;101
2827;100
2828;86
2829;84
2830;94
2831;81
2832;77
2833;79
2834;100
2835;88
2836;108
2837;80
2838;87
2839;114
2840;94
2841;116
2842;99
2843;87
2844;82
2845;88
2846;94
2847;97
2848;116
2849;101
2850;91
2851;81
2852;102
2853;89
2854;95
2855;90
2856;76
2857;97
2858;97
2859;86
2860;91
2861;72
2862;110
2863;94
2864;102
2865;89
2866;97
2867;99
2868;80
2869;114
2870;90
2871;103
2872;85
2873;95
2874;77
2875;100
2876;99
2877;107
2878;86
2879;83
2880;95
2881;87
2882;75
2883;79
2884;101
2885;83
2886;106
2887;112
2888;90
2889;107
2890;94
2891;84
2892;95
2893;103
2894;90
2895;89
2896;76
2897;82
2898;88
2899;89
2900;93
2901;102
2902;87
2903;75
2904;86
2905;84
2906;95
2907;94
2908;91
2909;112
2910;124
2911;80
2912;92
2913;105
2914;93
2915;99
2916;104
2917;115
2918;94
2919;97
2920;88
2921;99
2922;97
2923;97
2924;92
2925;94
2926;86
2927;81
2928;91
2929;79
2930;89
2931;103
2932;88
2933;93
2934;84
2935;92
2936;90
2937;96
2938;83
2939;90
2940;86
2941;99
2942;98
2943;114
2944;102
2945;97
2946;94
2947;110
2948;107
2949;102
2950;115
2951;100
2952;88
2953;94
2954;89
2955;84
2956;95
2957;106
2958;94
2959;86
2960;105
2961;103
2962;95
2963;90
2964;88
2965;82
2966;75
2967;101
2968;86
2969;96
2970;97
2971;94
2972;96
2973;84
2974;97
2975;86
2976;98
2977;63
2978;85
2979;94
2980;93
2981;83
2982;109
2983;90
2984;83
2985;95
2986;91
2987;89
2988;73
2989;96
2990;87
2991;89
2992;73
2993;81
2994;84
2995;89
2996;100
2997;88
2998;93
2999;99
3000;76
3001;84
3002;88
3003;94
3004;97
3005;102
3006;83
3007;89
3008;112
3009;92
3010;97
3011;79
3012;93
3013;82
3014;82
3015;90
3016;99
3017;107
3018;88
3019;90
3020;102
3021;73
3022;95
3023;89
3024;75
3025;84
3026;90
3027;83
3028;94
3029;74
3030;93
3031;83
3032;89
3033;83
3034;96
3035;68
3036;76
3037;98
3038;90
3039;95
3040;81
3041;97
3042;95
3043;88
3044;94
3045;70
3046;89
3047;97
3048;96
3049;106
3050;109
3051;129
3052;168
3053;189
3054;237
3055;301
3056;352
3057;346
3058;397
3059;349
3060;325
3061;248
3062;217
3063;162
3064;130
3065;120
3066;99
3067;91
3068;80
3069;102
3070;92
3071;98
3072;75
3073;94
3074;89
3075;79
3076;81
3077;89
3078;93
3079;82
3080;81
3081;83
3082;81
3083;76
3084;97
3085;70
3086;72
3087;96
3088;97
3089;80
3090;85
3091;89
3092;82
3093;78
3094;91
3095;78
3096;85
3097;89
3098;78
3099;78
3100;75
3101;88
3102;96
3103;84
3104;70
3105;94
3106;72
3107;78
3108;91
3109;85
3110;77
3111;72
3112;82
3113;93
3114;72
3115;78
3116;102
3117;74
3118;90
3119;81
3120;81
3121;102
3122;83
3123;76
3124;96
3125;73
3126;102
3127;73
3128;84
3129;65
3130;65
3131;82
3132;75
3133;85
3134;84
3135;95
3136;100
3137;91
3138;88
3139;101
3140;84
3141;91
3142;87
3143;91
3144;82
3145;91
3146;66
3147;80
3148;84
3149;93
3150;76
3151;86
3152;90
3153;92
3154;85
3155;69
3156;64
3157;84
3158;78
3159;86
3160;86
3161;77
3162;72
3163;72
3164;77
3165;82
3166;80
3167;77
3168;93
3169;109
3170;80
3171;81
3172;83
3173;77
3174;95
3175;84
3176;88
3177;71
3178;99
3179;98
3180;88
3181;86
3182;84
3183;85
3184;80
3185;96
3186;96
3187;105
3188;112
3189;150
3190;189
3191;227
3192;294
3193;328
3194;441
3195;472
3196;486
3197;488
3198;412
3199;322
3200;235
3201;167
3202;121
3203;108
3204;83
3205;70
3206;85
3207;92
3208;79
3209;80
3210;68
3211;72
3212;90
3213;86
3214;77
3215;68
3216;76
3217;101
3218;95
3219;52
3220;73
3221;90
3222;72
3223;82
3224;74
3225;72
3226;84
3227;76
3228;73
3229;68
3230;81
3231;77
3232;96
3233;90
3234;90
3235;74
3236;75
3237;77
3238;86
3239;75
3240;71
3241;61
3242;72
3243;81
3244;79
3245;58
3246;69
3247;89
3248;74
3249;64
3250;77
3251;77
3252;95
3253;70
3254;75
3255;65
3256;56
3257;77
3258;81
3259;71
3260;75
3261;91
3262;66
3263;68
3264;84
3265;69
3266;76
3267;70
3268;72
3269;73
3270;71
3271;74
3272;75
3273;69
3274;71
3275;82
3276;74
3277;89
3278;77
3279;67
3280;74
3281;77
3282;81
3283;71
3284;75
3285;76
3286;66
3287;76
3288;72
3289;69
3290;79
3291;77
3292;80
3293;71
3294;61
3295;82
3296;71
3297;69
3298;96
3299;76
3300;81
3301;65
3302;69
3303;76
3304;88
3305;92
3306;67
3307;56
3308;74
3309;84
3310;79
3311;72
3312;82
3313;81
3314;67
3315;72
3316;69
3317;81
3318;87
3319;83
3320;74
3321;62
3322;87
3323;91
3324;72
3325;81
3326;55
3327;72
3328;71
3329;81
3330;71
3331;75
3332;78
3333;72
3334;68
3335;62
3336;75
3337;89
3338;70
3339;67
3340;73
3341;82
3342;87
3343;75
3344;83
3345;68
3346;83
3347;75
3348;62
3349;93
3350;55
3351;75
3352;81
3353;89
3354;63
3355;79
3356;77
3357;65
3358;67
3359;63
3360;67
3361;66
3362;87
3363;92
3364;58
3365;70
3366;89
3367;74
3368;87
3369;56
3370;79
3371;78
3372;88
3373;74
3374;59
3375;78
3376;58
3377;68
3378;80
3379;81
3380;81
3381;86
3382;63
3383;72
3384;80
3385;68
3386;74
3387;71
3388;55
3389;87
3390;58
3391;81
3392;68
3393;79
3394;78
3395;70
3396;72
3397;86
3398;89
3399;68
3400;78
3401;83
3402;81
3403;71
3404;62
3405;59
3406;79
3407;65
3408;55
3409;63
3410;70
3411;96
3412;69
3413;66
3414;82
3415;73
3416;75
3417;75
3418;68
3419;72
3420;69
3421;82
3422;73
3423;70
3424;83
3425;65
3426;67
3427;73
3428;89
3429;72
3430;68
3431;72
3432;78
3433;77
3434;76
3435;72
3436;74
3437;81
3438;72
3439;87
3440;67
3441;68
3442;69
3443;66
3444;72
3445;65
3446;88
3447;67
3448;69
3449;79
3450;70
3451;83
3452;70
3453;60
3454;77
3455;77
3456;82
3457;70
3458;71
3459;73
3460;80
3461;67
3462;64
3463;71
3464;80
3465;67
3466;80
3467;77
3468;81
3469;90
3470;83
3471;72
3472;95
3473;96
3474;98
3475;87
3476;92
3477;86
3478;91
3479;69
3480;76
3481;69
3482;67
3483;71
3484;62
3485;68
3486;81
3487;77
3488;74
3489;72
3490;75
3491;87
3492;65
3493;95
3494;91
3495;79
3496;84
3497;71
3498;69
3499;89
3500;65
3501;76
3502;67
3503;67
3504;55
3505;66
3506;79
3507;62
3508;55
3509;86
3510;70
3511;68
3512;72
3513;70
3514;57
3515;72
3516;78
3517;55
3518;77
3519;62
3520;81
3521;71
3522;82
3523;72
3524;86
3525;76
3526;66
3527;77
3528;81
3529;66
3530;68
3531;60
3532;62
3533;54
3534;74
3535;63
3536;81
3537;76
3538;76
3539;69
3540;60
3541;69
3542;64
3543;72
3544;71
3545;70
3546;65
3547;63
3548;65
3549;65
3550;71
3551;84
3552;63
3553;74
3554;65
3555;71
3556;77
3557;73
3558;69
3559;62
3560;80
3561;76
3562;75
3563;74
3564;68
3565;77
3566;67
3567;79
3568;66
3569;70
3570;62
3571;79
3572;62
3573;65
3574;71
3575;72
3576;67
3577;70
3578;75
3579;69
3580;59
3581;57
3582;66
3583;70
3584;66
3585;82
3586;70
3587;65
3588;70
3589;81
3590;68
3591;62
3592;85
3593;63
3594;85
3595;62
3596;75
3597;67
3598;56
3599;62
3600;61
3601;71
3602;67
3603;70
3604;67
3605;64
3606;79
3607;67
3608;86
3609;75
3610;76
3611;79
3612;76
3613;84
3614;82
3615;78
3616;54
3617;66
3618;70
3619;66
3620;66
3621;61
3622;81
3623;80
3624;80
3625;66
3626;66
3627;67
3628;74
3629;68
3630;63
3631;70
3632;73
3633;49
3634;81
3635;62
3636;57
3637;84
3638;57
3639;66
3640;56
3641;70
3642;57
3643;81
3644;78
3645;67
3646;71
3647;71
3648;78
3649;62
3650;71
3651;68
3652;59
3653;64
3654;68
3655;69
3656;73
3657;75
3658;79
3659;68
3660;77
3661;78
3662;53
3663;57
3664;79
3665;76
3666;55
3667;68
3668;72
3669;65
3670;84
3671;76
3672;71
3673;75
3674;73
3675;69
3676;71
3677;72
3678;59
3679;75
3680;62
3681;64
3682;77
3683;62
3684;87
3685;70
3686;63
3687;73
3688;89
3689;70
3690;59
3691;72
3692;80
3693;64
3694;64
3695;60
3696;70
3697;68
3698;84
3699;73
3700;68
3701;75
3702;60
3703;54
3704;59
3705;69
3706;63
3707;66
3708;57
3709;81
3710;67
3711;72
3712;74
3713;78
3714;76
3715;63
3716;56
3717;59
3718;77
3719;58
3720;65
3721;66
3722;64
3723;65
3724;74
3725;80
3726;66
3727;71
3728;70
3729;63
3730;91
3731;62
3732;64
3733;70
3734;58
3735;50
3736;72
3737;48
3738;57
3739;64
3740;58
3741;57
3742;51
3743;50
3744;60
3745;69
3746;68
3747;67
3748;65
3749;72
3750;76
3751;68
3752;54
3753;71
3754;78
3755;59
3756;67
3757;67
3758;64
3759;80
3760;79
3761;52
3762;59
3763;60
3764;70
3765;63
3766;65
3767;62
3768;62
3769;50
3770;53
3771;64
3772;76
3773;81
3774;58
3775;84
3776;76
3777;77
3778;68
3779;69
3780;69
3781;64
3782;82
3783;67
3784;53
3785;56
3786;59
3787;71
3788;72
3789;64
3790;67
3791;67
3792;61
3793;60
3794;73
3795;65
3796;55
3797;62
3798;69
3799;69
3800;71
3801;69
3802;62
3803;60
3804;68
3805;59
3806;63
3807;71
3808;57
3809;68
3810;62
3811;62
3812;84
3813;80
3814;88
3815;108
3816;112
3817;111
3818;141
3819;121
3820;109
3821;150
3822;83
3823;91
3824;72
3825;77
3826;81
3827;74
3828;69
3829;50
3830;61
3831;61
3832;64
3833;51
3834;48
3835;57
3836;78
3837;69
3838;55
3839;48
3840;68
3841;64
3842;67
3843;53
3844;71
3845;58
3846;77
3847;61
3848;75
3849;74
3850;48
3851;69
3852;57
3853;73
3854;90
3855;68
3856;66
3857;47
3858;82
3859;64
3860;63
3861;66
3862;61
3863;67
3864;68
3865;65
3866;63
3867;60
3868;74
3869;62
3870;75
3871;58
3872;57
3873;67
3874;79
3875;65
3876;50
3877;62
3878;51
3879;68
3880;67
3881;62
3882;60
3883;73
3884;71
3885;64
3886;46
3887;52
3888;58
3889;56
3890;56
3891;49
3892;61
3893;61
3894;70
3895;77
3896;57
3897;64
3898;62
3899;78
3900;73
3901;67
3902;79
3903;67
3904;65
3905;65
3906;69
3907;66
3908;69
3909;67
3910;61
3911;64
3912;74
3913;67
3914;51
3915;68
3916;75
3917;61
3918;59
3919;81
3920;57
3921;65
3922;67
3923;58
3924;59
3925;54
3926;55
3927;57
3928;67
3929;64
3930;63
3931;62
3932;57
3933;61
3934;64
3935;55
3936;56
3937;62
3938;65
3939;73
3940;60
3941;60
3942;79
3943;61
3944;56
3945;56
3946;59
3947;64
3948;42
3949;67
3950;78
3951;57
3952;52
3953;67
3954;73
3955;49
3956;68
3957;72
3958;68
3959;81
3960;74
3961;69
3962;66
3963;54
3964;59
3965;79
3966;79
3967;69
3968;82
3969;73
3970;60
3971;72
3972;65
3973;79
3974;55
3975;55
3976;70
3977;69
3978;64
3979;51
3980;57
3981;68
3982;56
3983;67
3984;64
3985;46
3986;52
3987;54
3988;71
3989;65
3990;63
3991;55
3992;65
3993;56
3994;74
3995;59
3996;66
3997;75
3998;59
3999;78
4000;62
4001;66
4002;65
4003;61
4004;50
4005;78
4006;59
4007;75
4008;63
4009;57
4010;58
4011;61
4012;54
4013;75
4014;68
4015;66
4016;72
4017;74
4018;52
4019;66
4020;63
4021;59
4022;50
4023;58
4024;62
4025;60
4026;58
4027;60
4028;73
4029;87
4030;75
4031;68
4032;85
4033;85
4034;81
4035;95
4036;90
4037;112
4038;97
4039;79
4040;68
4041;69
4042;80
4043;59
4044;60
4045;54
4046;62
4047;62
4048;46
4049;54
4050;66
4051;41
4052;74
4053;70
4054;75
4055;71
4056;64
4057;60
4058;65
4059;68
4060;76
4061;69
4062;59
4063;63
4064;58
4065;53
4066;59
4067;60
4068;60
4069;49
4070;54
4071;51
4072;51
4073;53
4074;63
4075;58
4076;47
4077;63
4078;57
4079;49
4080;45
4081;48
4082;62
4083;65
4084;43
4085;72
4086;61
4087;49
4088;48
4089;56
4090;68
4091;58
4092;63
4093;59
4094;55
4095;59
4096;50
4097;52
4098;49
4099;65
4100;72
4101;68
4102;57
4103;66
4104;52
4105;60
4106;65
4107;76
4108;58
4109;71
4110;60
4111;76
4112;70
4113;69
4114;64
4115;54
4116;60
4117;57
4118;67
4119;49
4120;67
4121;61
4122;54
4123;68
4124;66
4125;73
4126;83
4127;70
4128;66
4129;67
4130;75
4131;75
4132;57
4133;61
4134;58
4135;66
4136;57
4137;44
4138;63
4139;52
4140;66
4141;74
4142;68
4143;57
4144;57
4145;54
4146;57
4147;63
4148;57
4149;50
4150;50
4151;56
4152;46
4153;63
4154;58
4155;62
4156;50
4157;58
4158;54
4159;56
4160;50
4161;47
4162;55
4163;50
4164;59
4165;63
4166;61
4167;50
4168;50
4169;59
4170;55
4171;75
4172;69
4173;93
4174;80
4175;96
4176;110
4177;91
4178;74
4179;98
4180;76
4181;73
4182;61
4183;64
4184;49
4185;49
4186;52
4187;55
4188;49
4189;46
4190;52
4191;59
4192;56
4193;55
4194;44
4195;65
4196;64
4197;69
4198;54
4199;50
4200;55
4201;49
4202;59
4203;49
4204;60
4205;51
4206;53
4207;48
4208;59
4209;52
4210;51
4211;58
4212;54
4213;57
4214;49
4215;45
4216;69
4217;64
4218;53
4219;47
4220;51
4221;63
4222;55
4223;69
4224;57
4225;64
4226;49
4227;59
4228;60
4229;62
4230;59
4231;60
4232;56
4233;49
4234;62
4235;64
4236;66
4237;60
4238;57
4239;68
4240;58
4241;68
4242;58
4243;49
4244;53
4245;57
4246;55
4247;51
4248;64
4249;55
4250;56
4251;35
4252;42
4253;46
4254;53
4255;58
4256;45
4257;54
4258;50
4259;70
4260;54
4261;48
4262;58
4263;64
4264;56
4265;63
4266;56
4267;56
4268;51
4269;58
4270;57
4271;62
4272;56
4273;48
4274;52
4275;55
4276;42
4277;63
4278;55
4279;58
4280;62
4281;61
4282;58
4283;52
4284;59
4285;54
4286;46
4287;67
4288;49
4289;51
4290;55
4291;51
4292;53
4293;48
4294;56
4295;63
4296;47
4297;55
4298;50
4299;50
4300;60
4301;58
4302;43
4303;52
4304;68
4305;59
4306;53
4307;62
4308;63
4309;61
4310;50
4311;60
4312;51
4313;57
4314;53
4315;43
4316;54
4317;49
4318;49
4319;48
4320;50
4321;47
4322;56
4323;44
4324;52
4325;53
4326;57
4327;53
4328;44
4329;40
4330;54
4331;46
4332;44
4333;61
4334;55
4335;64
4336;58
4337;46
4338;43
4339;45
4340;58
4341;43
4342;50
4343;49
4344;52
4345;52
4346;64
4347;43
4348;39
4349;44
4350;63
4351;40
4352;48
4353;51
4354;64
4355;63
4356;45
4357;52
4358;56
4359;56
4360;66
4361;60
4362;70
4363;63
4364;60
4365;67
4366;49
4367;54
4368;47
4369;45
4370;69
4371;52
4372;56
4373;63
4374;44
4375;45
4376;55
4377;60
4378;41
4379;54
4380;52
4381;48
4382;42
4383;67
4384;47
4385;51
4386;59
4387;68
4388;54
4389;61
4390;55
4391;57
4392;63
4393;63
4394;74
4395;73
4396;70
4397;57
4398;50
4399;61
4400;73
4401;53
4402;57
4403;41
4404;60
4405;47
4406;48
4407;53
4408;42
4409;44
4410;64
4411;55
4412;60
4413;51
4414;72
4415;62
4416;52
4417;49
4418;55
4419;54
4420;53
4421;42
4422;50
4423;46
4424;55
4425;56
4426;44
4427;60
4428;63
4429;44
4430;58
4431;53
4432;42
4433;46
4434;42
4435;44
4436;39
4437;44
4438;50
4439;50
4440;42
4441;50
4442;57
4443;59
4444;51
4445;41
4446;56
4447;50
4448;67
4449;42
4450;43
4451;40
4452;56
4453;55
4454;52
4455;48
4456;50
4457;52
4458;55
4459;57
4460;56
4461;45
4462;50
4463;47
4464;65
4465;47
4466;46
4467;48
4468;47
4469;41
4470;43
4471;46
4472;34
4473;47
4474;40
4475;51
4476;45
4477;50
4478;41
4479;46
4480;54
4481;42
4482;48
4483;44
4484;60
4485;62
4486;53
4487;45
4488;54
4489;44
4490;45
4491;54
4492;55
4493;53
4494;47
4495;47
4496;45
4497;46
4498;47
4499;48
4500;59
4501;50
4502;45
4503;53
4504;41
4505;59
4506;36
4507;58
4508;53
4509;44
4510;46
4511;47
4512;47
4513;44
4514;46
4515;59
4516;63
4517;65
4518;67
4519;74
4520;69
4521;65
4522;71
4523;71
4524;89
4525;81
4526;86
4527;78
4528;66
4529;76
4530;53
4531;68
4532;48
4533;55
4534;46
4535;52
4536;55
4537;60
4538;40
4539;64
4540;56
4541;56
4542;58
4543;46
4544;52
4545;63
4546;41
4547;49
4548;38
4549;59
4550;71
4551;48
4552;40
4553;49
4554;47
4555;53
4556;50
4557;46
4558;48
4559;50
4560;63
4561;45
4562;49
4563;62
4564;51
4565;46
4566;47
4567;50
4568;36
4569;51
4570;49
4571;54
4572;39
4573;54
4574;52
4575;52
4576;51
4577;56
4578;43
4579;39
4580;48
4581;43
4582;55
4583;50
4584;59
4585;46
4586;38
4587;49
4588;42
4589;54
4590;66
4591;46
4592;54
4593;40
4594;55
4595;48
4596;49
4597;45
4598;48
4599;43
4600;52
4601;33
4602;44
4603;42
4604;46
4605;36
4606;52
4607;51
4608;66
4609;42
4610;48
4611;47
4612;47
4613;64
4614;39
4615;50
4616;50
4617;68
4618;45
4619;51
4620;61
4621;46
4622;50
4623;41
4624;50
4625;51
4626;48
4627;59
4628;44
4629;53
4630;51
4631;51
4632;49
4633;61
4634;46
4635;50
4636;50
4637;49
4638;52
4639;46
4640;61
4641;42
4642;47
4643;62
4644;57
4645;45
4646;44
4647;61
4648;55
4649;46
4650;60
4651;56
4652;47
4653;42
4654;44
4655;47
4656;51
4657;39
4658;59
4659;49
4660;46
4661;43
4662;52
4663;41
4664;63
4665;49
4666;51
4667;57
4668;51
4669;57
4670;46
4671;45
4672;38
4673;62
4674;36
4675;46
4676;39
4677;39
4678;56
4679;45
4680;47
4681;57
4682;53
4683;46
4684;34
4685;55
4686;47
4687;39
4688;52
4689;52
4690;52
4691;53
4692;39
4693;51
4694;44
4695;52
4696;51
4697;44
4698;54
4699;43
4700;56
4701;47
4702;51
4703;61
4704;49
4705;63
4706;46
4707;58
4708;52
4709;47
4710;36
4711;51
4712;53
4713;50
4714;51
4715;50
4716;51
4717;44
4718;64
4719;48
4720;41
4721;49
4722;42
4723;41
4724;48
4725;57
4726;38
4727;46
4728;59
4729;56
4730;39
4731;46
4732;49
4733;42
4734;44
4735;48
4736;50
4737;57
4738;56
4739;46
4740;47
4741;49
4742;45
4743;47
4744;56
4745;38
4746;55
4747;49
4748;56
4749;55
4750;52
4751;53
4752;60
4753;41
4754;55
4755;50
4756;59
4757;64
4758;43
4759;54
4760;50
4761;56
4762;55
4763;47
4764;48
4765;63
4766;58
4767;47
4768;48
4769;50
4770;57
4771;39
4772;53
4773;53
4774;60
4775;42
4776;58
4777;60
4778;43
4779;59
4780;59
4781;46
4782;73
4783;88
4784;87
4785;101
4786;125
4787;142
4788;168
4789;185
4790;225
4791;261
4792;227
4793;242
4794;228
4795;215
4796;155
4797;142
4798;116
4799;81
4800;76
4801;63
4802;61
4803;48
4804;50
4805;40
4806;49
4807;44
4808;39
4809;49
4810;37
4811;44
4812;40
4813;49
4814;52
4815;44
4816;50
4817;50
4818;41
4819;61
4820;44
4821;44
4822;33
4823;38
4824;39
4825;43
4826;42
4827;49
4828;43
4829;50
4830;44
4831;50
4832;45
4833;37
4834;51
4835;55
4836;44
4837;54
4838;45
4839;52
4840;48
4841;52
4842;42
4843;37
4844;47
4845;41
4846;34
4847;57
4848;44
4849;45
4850;47
4851;44
4852;45
4853;36
4854;47
4855;47
4856;39
4857;51
4858;42
4859;51
4860;44
4861;37
4862;43
4863;36
4864;35
4865;48
4866;43
4867;51
4868;46
4869;58
4870;46
4871;42
4872;35
4873;56
4874;45
4875;52
4876;38
4877;59
4878;57
4879;41
4880;47
4881;41
4882;49
4883;49
4884;43
4885;56
4886;46
4887;49
4888;43
4889;61
4890;51
4891;54
4892;51
4893;55
4894;47
4895;39
4896;47
4897;44
4898;50
4899;36
4900;49
4901;55
4902;51
4903;45
4904;50
4905;44
4906;48
4907;48
4908;53
4909;49
4910;68
4911;59
4912;78
4913;84
4914;71
4915;57
4916;63
4917;65
4918;55
4919;43
4920;56
4921;53
4922;67
4923;38
4924;45
4925;32
4926;41
4927;32
4928;36
4929;48
4930;49
4931;49
4932;61
4933;38
4934;46
4935;54
4936;45
4937;44
4938;32
4939;40
4940;44
4941;58
4942;49
4943;49
4944;55
4945;35
4946;53
4947;43
4948;45
4949;44
4950;47
4951;46
4952;45
4953;47
4954;35
4955;51
4956;41
4957;36
4958;38
4959;53
4960;51
4961;38
4962;58
4963;53
4964;43
4965;35
4966;51
4967;39
4968;52
4969;45
4970;41
4971;36
4972;53
4973;56
4974;52
4975;49
4976;52
4977;45
4978;54
4979;35
4980;44
4981;42
4982;47
4983;57
4984;48
4985;45
4986;55
4987;56
4988;32
4989;32
4990;49
4991;62
4992;54
4993;59
4994;56
4995;51
4996;57
4997;46
4998;60
4999;51
5000;57
5001;54
5002;51
5003;57
5004;49
5005;54
5006;50
5007;57
5008;51
5009;43
5010;48
5011;47
5012;52
5013;30
5014;38
5015;50
5016;39
5017;39
5018;38
5019;63
5020;46
5021;38
5022;48
5023;48
5024;38
5025;47
5026;52
5027;50
5028;45
5029;39
5030;47
5031;48
5032;50
5033;52
5034;42
5035;47
5036;44
5037;47
5038;39
5039;49
5040;58
5041;39
5042;47
5043;33
5044;46
5045;47
5046;38
5047;38
5048;42
5049;41
5050;50
5051;43
5052;40
5053;47
5054;45
5055;50
5056;44
5057;39
5058;44
5059;59
5060;48
5061;53
5062;33
5063;41
5064;52
5065;47
5066;48
5067;58
5068;57
5069;63
5070;70
5071;52
5072;76
5073;84
5074;67
5075;75
5076;78
5077;81
5078;68
5079;62
5080;64
5081;54
5082;48
5083;57
5084;64
5085;45
5086;57
5087;46
5088;44
5089;64
5090;65
5091;83
5092;93
5093;104
5094;113
5095;151
5096;162
5097;160
5098;162
5099;149
5100;160
5101;141
5102;125
5103;93
5104;74
5105;68
5106;56
5107;50
5108;36
5109;50
5110;38
5111;47
5112;43
5113;42
5114;40
5115;45
5116;45
5117;43
5118;34
5119;43
5120;37
5121;45
5122;59
5123;46
5124;44
5125;51
5126;44
5127;37
5128;47
5129;60
5130;33
5131;48
5132;53
5133;42
5134;44
5135;36
5136;41
5137;47
5138;37
5139;42
5140;51
5141;26
5142;40
5143;47
5144;47
5145;31
5146;33
5147;45
5148;34
5149;46
5150;43
5151;49
5152;42
5153;55
5154;44
5155;32
5156;44
5157;43
5158;42
5159;47
5160;36
5161;46
5162;41
5163;45
5164;44
5165;47
5166;36
5167;48
5168;37
5169;49
5170;59
5171;49
5172;38
5173;48
5174;38
5175;50
5176;53
5177;44
5178;41
5179;37
5180;59
5181;44
5182;28
5183;37
5184;42
5185;30
5186;54
5187;41
5188;34
5189;48
5190;55
5191;36
5192;45
5193;36
5194;41
5195;52
5196;58
5197;38
5198;49
5199;42
5200;42
5201;40
5202;60
5203;51
5204;46
5205;44
5206;43
5207;41
5208;43
5209;41
5210;48
5211;34
5212;48
5213;29
5214;46
5215;38
5216;47
5217;49
5218;33
5219;44
5220;35
5221;47
5222;42
5223;46
5224;28
5225;42
5226;44
5227;47
5228;41
5229;43
5230;37
5231;44
5232;51
5233;41
5234;45
5235;34
5236;35
5237;43
5238;44
5239;29
5240;45
5241;40
5242;47
5243;52
5244;41
5245;34
5246;41
5247;40
5248;43
5249;42
5250;36
5251;41
5252;37
5253;43
5254;41
5255;34
5256;34
5257;42
5258;35
5259;37
5260;46
5261;45
5262;43
5263;56
5264;51
5265;52
5266;47
5267;46
5268;43
5269;54
5270;39
5271;43
5272;45
5273;44
5274;52
5275;52
5276;32
5277;53
5278;48
5279;36
5280;33
5281;43
5282;31
5283;41
5284;45
5285;36
5286;48
5287;43
5288;51
5289;48
5290;44
5291;36
5292;43
5293;53
5294;39
5295;45
5296;44
5297;57
5298;43
5299;34
5300;44
5301;49
5302;42
5303;34
5304;43
5305;39
5306;50
5307;41
5308;45
5309;55
5310;35
5311;32
5312;34
5313;45
5314;49
5315;31
5316;36
5317;46
5318;34
5319;49
5320;43
5321;52
5322;49
5323;33
5324;40
5325;44
5326;30
5327;35
5328;55
5329;40
5330;47
5331;38
5332;38
5333;27
5334;45
5335;44
5336;38
5337;41
5338;52
5339;38
5340;37
5341;39
5342;41
5343;43
5344;35
5345;42
5346;37
5347;41
5348;38
5349;45
5350;34
5351;46
5352;27
5353;39
5354;42
5355;38
5356;46
5357;49
5358;40
5359;31
5360;31
5361;37
5362;34
5363;42
5364;30
5365;43
5366;39
5367;46
5368;31
5369;46
5370;47
5371;46
5372;34
5373;38
5374;43
5375;48
5376;35
5377;42
5378;46
5379;30
5380;43
5381;43
5382;45
5383;58
5384;40
5385;31
5386;27
5387;48
5388;36
5389;43
5390;38
5391;49
5392;35
5393;47
5394;44
5395;37
5396;37
5397;37
5398;31
5399;47
5400;51
5401;39
5402;35
5403;41
5404;44
5405;41
5406;44
5407;44
5408;39
5409;42
5410;33
5411;36
5412;40
5413;55
5414;47
5415;44
5416;37
5417;40
5418;56
5419;31
5420;42
5421;38
5422;44
5423;47
5424;47
5425;44
5426;42
5427;53
5428;39
5429;52
5430;36
5431;45
5432;53
5433;39
5434;48
5435;36
5436;34
5437;47
5438;44
5439;40
5440;37
5441;46
5442;38
5443;41
5444;46
5445;42
5446;34
5447;38
5448;40
5449;49
5450;34
5451;44
5452;46
5453;41
5454;47
5455;37
5456;35
5457;38
5458;47
5459;36
5460;55
5461;53
5462;41
5463;33
5464;46
5465;44
5466;46
5467;27
5468;38
5469;48
5470;41
5471;46
5472;45
5473;33
5474;47
5475;40
5476;44
5477;36
5478;35
5479;36
5480;55
5481;44
5482;37
5483;37
5484;32
5485;38
5486;26
5487;40
5488;45
5489;55
5490;44
5491;35
5492;51
5493;42
5494;37
5495;39
5496;46
5497;38
5498;41
5499;39
5500;39
5501;39
5502;44
5503;40
5504;40
5505;43
5506;33
5507;46
5508;34
5509;49
5510;35
5511;42
5512;39
5513;39
5514;38
5515;35
5516;39
5517;41
5518;51
5519;58
5520;43
5521;43
5522;46
5523;39
5524;46
5525;49
5526;39
5527;56
5528;32
5529;39
5530;41
5531;43
5532;40
5533;48
5534;49
5535;41
5536;29
5537;49
5538;43
5539;42
5540;35
5541;50
5542;39
5543;43
5544;35
5545;36
5546;43
5547;25
5548;47
5549;39
5550;51
5551;29
5552;31
5553;45
5554;28
5555;44
5556;34
5557;44
5558;35
5559;52
5560;38
5561;39
5562;49
5563;37
5564;47
5565;40
5566;38
5567;44
5568;40
5569;41
5570;31
5571;37
5572;34
5573;36
5574;37
5575;43
5576;35
5577;47
5578;45
5579;41
5580;37
5581;37
5582;33
5583;36
5584;42
5585;40
5586;55
5587;37
5588;45
5589;43
5590;54
5591;56
5592;41
5593;41
5594;35
5595;42
5596;44
5597;38
5598;43
5599;33
5600;33
5601;34
5602;41
5603;43
5604;37
5605;38
5606;46
5607;40
5608;39
5609;49
5610;39
5611;26
5612;46
5613;36
5614;34
5615;42
5616;39
5617;41
5618;39
5619;42
5620;38
5621;39
5622;28
5623;39
5624;39
5625;35
5626;46
5627;43
5628;48
5629;39
5630;38
5631;53
5632;38
5633;46
5634;50
5635;52
5636;40
5637;32
5638;46
5639;40
5640;30
5641;46
5642;37
5643;27
5644;33
5645;43
5646;44
5647;42
5648;44
5649;41
5650;33
5651;34
5652;38
5653;44
5654;36
5655;35
5656;36
5657;38
5658;30
5659;42
5660;30
5661;36
5662;41
5663;33
5664;42
5665;36
5666;56
5667;31
5668;41
5669;34
5670;38
5671;43
5672;39
5673;39
5674;44
5675;37
5676;26
5677;61
5678;41
5679;45
5680;50
5681;50
5682;34
5683;38
5684;38
5685;46
5686;44
5687;44
5688;49
5689;52
5690;37
5691;39
5692;35
5693;39
5694;41
5695;50
5696;42
5697;43
5698;33
5699;32
5700;42
5701;43
5702;43
5703;38
5704;35
5705;29
5706;39
5707;41
5708;37
5709;39
5710;42
5711;34
5712;44
5713;38
5714;43
5715;49
5716;40
5717;55
5718;29
5719;47
5720;35
5721;38
5722;41
5723;37
5724;39
5725;38
5726;40
5727;45
5728;49
5729;53
5730;50
5731;38
5732;38
5733;39
5734;27
5735;27
5736;39
5737;51
5738;46
5739;36
5740;34
5741;40
5742;44
5743;41
5744;31
5745;27
5746;25
5747;30
5748;38
5749;32
5750;30
5751;32
5752;45
5753;34
5754;28
5755;33
5756;41
5757;37
5758;33
5759;36
5760;44
5761;44
5762;41
5763;42
5764;45
5765;41
5766;33
5767;33
5768;39
5769;49
5770;54
5771;32
5772;52
5773;34
5774;40
5775;39
5776;36
5777;50
5778;38
5779;42
5780;38
5781;39
5782;42
5783;51
5784;50
5785;33
5786;35
5787;51
5788;38
5789;45
5790;38
5791;41
5792;49
5793;36
5794;34
5795;33
5796;30
5797;51
5798;41
5799;47
5800;44
5801;43
5802;31
5803;40
5804;50
5805;37
5806;43
5807;38
5808;34
5809;39
5810;29
5811;54
5812;55
5813;48
5814;40
5815;31
5816;38
5817;36
5818;37
5819;32
5820;52
5821;57
5822;34
5823;46
5824;42
5825;34
5826;46
5827;44
5828;36
5829;46
5830;35
5831;28
5832;40
5833;27
5834;26
5835;60
5836;55
5837;40
5838;41
5839;34
5840;51
5841;33
5842;41
5843;35
5844;42
5845;36
5846;50
5847;44
5848;55
5849;37
5850;41
5851;33
5852;45
5853;36
5854;43
5855;42
5856;42
5857;32
5858;41
5859;42
5860;38
5861;52
5862;46
5863;43
5864;45
5865;32
5866;33
5867;46
5868;44
5869;58
5870;43
5871;35
5872;40
5873;30
5874;43
5875;36
5876;47
5877;38
5878;45
5879;30
5880;35
5881;26
5882;45
5883;51
5884;39
5885;52
5886;31
5887;59
5888;45
5889;54
5890;58
5891;63
5892;98
5893;106
5894;121
5895;134
5896;128
5897;134
5898;126
5899;125
5900;124
5901;111
5902;98
5903;98
5904;72
5905;67
5906;55
5907;51
5908;43
5909;47
5910;44
5911;39
5912;34
5913;49
5914;38
5915;36
5916;40
5917;33
5918;44
5919;54
5920;43
5921;31
5922;45
5923;40
5924;32
5925;40
5926;34
5927;44
5928;39
5929;46
5930;41
5931;35
5932;37
5933;36
5934;30
5935;35
5936;30
5937;43
5938;35
5939;27
5940;39
5941;38
5942;37
5943;53
5944;43
5945;38
5946;31
5947;51
5948;45
5949;29
5950;48
5951;42
5952;50
5953;35
5954;36
5955;36
5956;49
5957;34
5958;42
5959;48
5960;39
5961;37
5962;37
5963;40
5964;34
5965;58
5966;51
5967;58
5968;40
5969;50
5970;44
5971;37
5972;38
5973;45
5974;41
5975;38
5976;47
5977;41
5978;28
5979;44
5980;44
5981;49
5982;41
5983;42
5984;38
5985;43
5986;33
5987;36
5988;42
5989;48
5990;35
5991;41
5992;37
5993;40
5994;33
5995;40
5996;29
5997;43
5998;28
5999;28
6000;37
6001;38
6002;33
6003;34
6004;43
6005;37
6006;47
6007;42
6008;41
6009;38
6010;45
6011;42
6012;49
6013;31
6014;35
6015;36
6016;35
6017;41
6018;25
6019;27
6020;41
6021;35
6022;38
6023;39
6024;42
6025;48
6026;48
6027;27
6028;39
6029;38
6030;41
6031;28
6032;44
6033;56
6034;42
6035;52
6036;35
6037;41
6038;34
6039;35
6040;36
6041;35
6042;33
6043;44
6044;36
6045;48
6046;41
6047;44
6048;28
6049;53
6050;43
6051;43
6052;36
6053;37
6054;44
6055;26
6056;36
6057;46
6058;49
6059;41
6060;47
6061;37
6062;50
6063;41
6064;37
6065;42
6066;34
6067;43
6068;40
6069;49
6070;29
6071;41
6072;48
6073;45
6074;39
6075;49
6076;53
6077;33
6078;49
6079;53
6080;49
6081;50
6082;48
6083;61
6084;63
6085;46
6086;48
6087;42
6088;50
6089;39
6090;32
6091;52
6092;40
6093;43
6094;43
6095;46
6096;46
6097;52
6098;45
6099;31
6100;40
6101;47
6102;36
6103;36
6104;38
6105;33
6106;40
6107;38
6108;53
6109;44
6110;37
6111;50
6112;40
6113;45
6114;48
6115;41
6116;35
6117;47
6118;42
6119;37
6120;45
6121;49
6122;44
6123;48
6124;30
6125;41
6126;31
6127;39
6128;42
6129;46
6130;56
6131;45
6132;47
6133;43
6134;39
6135;30
6136;41
6137;42
6138;46
6139;44
6140;45
6141;43
6142;38
6143;37
6144;36
6145;31
6146;46
6147;35
6148;34
6149;33
6150;42
6151;36
6152;42
6153;38
6154;45
6155;45
6156;41
6157;32
6158;41
6159;43
6160;38
6161;49
6162;46
6163;35
6164;33
6165;45
6166;36
6167;43
6168;46
6169;38
6170;33
6171;33
6172;47
6173;45
6174;41
6175;41
6176;55
6177;41
6178;41
6179;26
6180;41
6181;43
6182;36
6183;51
6184;37
6185;40
6186;46
6187;45
6188;55
6189;42
6190;43
6191;42
6192;37
6193;35
6194;28
6195;58
6196;39
6197;33
6198;53
6199;48
6200;37
6201;44
6202;40
6203;29
6204;50
6205;41
6206;42
6207;44
6208;34
6209;50
6210;54
6211;45
6212;33
6213;29
6214;36
6215;38
6216;40
6217;55
6218;37
6219;41
6220;38
6221;48
6222;46
6223;41
6224;43
6225;46
6226;40
6227;48
6228;41
6229;55
6230;45
6231;45
6232;39
6233;41
6234;49
6235;40
6236;42
6237;48
6238;48
6239;43
6240;37
6241;35
6242;52
6243;36
6244;47
6245;38
6246;49
6247;39
6248;42
6249;36
6250;34
6251;48
6252;48
6253;47
6254;40
6255;49
6256;32
6257;38
6258;43
6259;45
6260;38
6261;35
6262;30
6263;45
6264;36
6265;46
6266;37
6267;33
6268;57
6269;37
6270;40
6271;42
6272;42
6273;39
6274;62
6275;45
6276;44
6277;35
6278;33
6279;41
6280;44
6281;48
6282;42
6283;34
6284;39
6285;41
6286;56
6287;48
6288;50
6289;54
6290;47
6291;44
6292;41
6293;46
6294;48
6295;42
6296;44
6297;40
6298;38
6299;39
6300;56
6301;40
6302;38
6303;51
6304;49
6305;43
6306;44
6307;46
6308;43
6309;43
6310;45
6311;41
6312;42
6313;52
6314;41
6315;37
6316;48
6317;39
6318;45
6319;42
6320;47
6321;40
6322;42
6323;55
6324;52
6325;48
6326;40
6327;39
6328;44
6329;38
6330;50
6331;33
6332;32
6333;42
6334;42
6335;51
6336;45
6337;37
6338;46
6339;38
6340;33
6341;37
6342;45
6343;41
6344;49
6345;46
6346;44
6347;46
6348;38
6349;34
6350;42
6351;47
6352;40
6353;39
6354;51
6355;37
6356;40
6357;43
6358;50
6359;52
6360;45
6361;30
6362;45
6363;44
6364;48
6365;42
6366;48
6367;48
6368;43
6369;44
6370;52
6371;41
6372;47
6373;55
6374;41
6375;43
6376;35
6377;50
6378;48
6379;40
6380;39
6381;43
6382;45
6383;36
6384;42
6385;40
6386;39
6387;46
6388;50
6389;45
6390;42
6391;36
6392;43
6393;48
6394;38
6395;46
6396;42
6397;47
6398;42
6399;42
6400;54
6401;37
6402;48
6403;40
6404;45
6405;44
6406;57
6407;46
6408;41
6409;39
6410;47
6411;35
6412;36
6413;47
6414;49
6415;50
6416;38
6417;47
6418;51
6419;56
6420;42
6421;40
6422;41
6423;48
6424;47
6425;35
6426;38
6427;45
6428;42
6429;49
6430;37
6431;29
6432;51
6433;42
6434;38
6435;44
6436;56
6437;38
6438;48
6439;36
6440;37
6441;49
6442;45
6443;48
6444;60
6445;34
6446;28
6447;36
6448;41
6449;39
6450;42
6451;47
6452;41
6453;45
6454;41
6455;51
6456;39
6457;62
6458;53
6459;47
6460;49
6461;45
6462;40
6463;34
6464;33
6465;48
6466;46
6467;42
6468;34
6469;46
6470;37
6471;49
6472;41
6473;41
6474;53
6475;44
6476;43
6477;36
6478;49
6479;37
6480;35
6481;43
6482;35
6483;49
6484;44
6485;45
6486;52
6487;43
6488;44
6489;46
6490;46
6491;46
6492;32
6493;53
6494;40
6495;44
6496;45
6497;46
6498;51
6499;39
6500;53
6501;36
6502;54
6503;46
6504;51
6505;42
6506;41
6507;52
6508;54
6509;41
6510;48
6511;67
6512;46
6513;61
6514;57
6515;67
6516;60
6517;61
6518;65
6519;62
6520;68
6521;75
6522;86
6523;79
6524;57
6525;69
6526;62
6527;51
6528;40
6529;45
6530;48
6531;47
6532;48
6533;47
6534;39
6535;33
6536;47
6537;38
6538;35
6539;39
6540;39
6541;37
6542;58
6543;41
6544;38
6545;42
6546;45
6547;46
6548;54
6549;39
6550;40
6551;37
6552;34
6553;28
6554;34
6555;29
6556;32
6557;37
6558;30
6559;45
6560;33
6561;35
6562;41
6563;43
6564;47
6565;52
6566;34
6567;35
6568;36
6569;32
6570;43
6571;43
6572;33
6573;32
6574;38
6575;40
6576;29
6577;32
6578;26
6579;31
6580;30
6581;31
6582;38
6583;36
6584;41
6585;41
6586;30
6587;30
6588;37
6589;25
6590;38
6591;29
6592;31
6593;29
6594;29
6595;33
6596;34
6597;30
6598;35
6599;39
6600;30
6601;23
6602;32
6603;37
6604;43
6605;33
6606;37
6607;41
6608;30
6609;32
6610;30
6611;31
6612;38
6613;37
6614;32
6615;44
6616;34
6617;26
6618;29
6619;24
6620;26
6621;26
6622;26
6623;23
6624;38
6625;39
6626;29
6627;29
6628;24
6629;30
6630;40
6631;27
6632;22
6633;28
6634;26
6635;37
6636;38
6637;27
6638;29
6639;31
6640;30
6641;33
6642;34
6643;28
6644;44
6645;35
6646;29
6647;28
6648;20
6649;37
6650;31
6651;27
6652;34
6653;20
6654;36
6655;29
6656;29
6657;31
6658;30
6659;35
6660;27
6661;37
6662;26
6663;28
6664;37
6665;27
6666;44
6667;28
6668;31
6669;39
6670;26
6671;27
6672;19
6673;36
6674;26
6675;30
6676;24
6677;27
6678;29
6679;30
6680;30
6681;27
6682;24
6683;25
6684;34
6685;21
6686;30
6687;22
6688;28
6689;29
6690;32
6691;27
6692;30
6693;24
6694;33
6695;32
6696;23
6697;20
6698;23
6699;22
6700;30
6701;24
6702;31
6703;33
6704;29
6705;25
6706;30
6707;38
6708;24
6709;34
6710;29
6711;29
6712;24
6713;36
6714;24
6715;30
6716;25
6717;24
6718;27
6719;35
6720;33
6721;25
6722;37
6723;30
6724;29
6725;34
6726;30
6727;29
6728;30
6729;28
6730;32
6731;30
6732;35
6733;19
6734;30
6735;26
6736;26
6737;23
6738;26
6739;24
6740;43
6741;27
6742;29
6743;34
6744;36
6745;39
6746;33
6747;34
6748;32
6749;28
6750;42
6751;34
6752;42
6753;36
6754;28
6755;33
6756;36
6757;34
6758;34
6759;21
6760;36
6761;28
6762;24
6763;37
6764;24
6765;21
6766;25
6767;28
6768;25
6769;30
6770;29
6771;31
6772;28
6773;28
6774;24
6775;29
6776;29
6777;30
6778;26
6779;23
6780;27
6781;19
6782;23
6783;20
6784;33
6785;23
6786;25
6787;29
6788;24
6789;24
6790;28
6791;28
6792;30
6793;22
6794;28
6795;22
6796;30
6797;15
6798;22
6799;24
6800;28
6801;24
6802;30
6803;27
6804;28
6805;19
6806;35
6807;30
6808;42
6809;31
6810;28
6811;24
6812;19
6813;25
6814;26
6815;29
6816;24
6817;25
6818;17
6819;33
6820;18
6821;24
6822;21
6823;25
6824;36
6825;28
6826;30
6827;29
6828;21
6829;25
6830;26
6831;24
6832;30
6833;30
6834;23
6835;22
6836;28
6837;20
6838;38
6839;34
6840;29
6841;26
6842;31
6843;25
6844;22
6845;33
6846;29
6847;30
6848;25
6849;28
6850;17
6851;21
6852;25
6853;29
6854;25
6855;23
6856;28
6857;27
6858;24
6859;39
6860;34
6861;21
6862;22
6863;28
6864;24
6865;23
6866;27
6867;33
6868;28
6869;25
6870;22
6871;25
6872;37
6873;20
6874;30
6875;23
6876;20
6877;24
6878;28
6879;34
6880;30
6881;27
6882;21
6883;29
6884;19
6885;27
6886;25
6887;25
6888;31
6889;21
6890;20
6891;17
6892;30
6893;18
6894;19
6895;27
6896;25
6897;33
6898;18
6899;23
6900;29
6901;25
6902;19
6903;26
6904;24
6905;32
6906;18
6907;18
6908;36
6909;18
6910;24
6911;17
6912;21
6913;30
6914;23
6915;19
6916;18
6917;23
6918;22
6919;21
6920;18
6921;22
6922;32
6923;19
6924;27
6925;26
6926;27
6927;29
6928;22
6929;19
6930;26
6931;24
6932;23
6933;23
6934;28
6935;24
6936;23
6937;21
6938;21
6939;16
6940;20
6941;26
6942;27
6943;20
6944;17
6945;19
6946;22
6947;23
6948;25
6949;18
6950;29
6951;26
6952;24
6953;17
6954;24
6955;19
6956;22
6957;25
6958;19
6959;17
6960;24
6961;27
6962;18
6963;31
6964;30
6965;28
6966;28
6967;19
6968;26
6969;25
6970;16
6971;23
6972;32
6973;21
6974;28
6975;18
6976;21
6977;24
6978;24
6979;28
6980;19
6981;26
6982;30
6983;23
6984;24
6985;24
6986;19
6987;25
6988;15
6989;15
6990;21
6991;22
6992;22
6993;19
6994;19
6995;21
6996;23
6997;21
6998;18
6999;19
7000;18
7001;17
7002;21
7003;24
7004;21
7005;15
7006;16
7007;20
7008;18
7009;24
7010;23
7011;22
7012;20
7013;23
7014;35
7015;14
7016;16
7017;27
7018;20
7019;24
7020;20
7021;29
7022;25
7023;16
7024;26
7025;11
7026;14
7027;32
7028;19
7029;34
7030;20
7031;22
7032;15
7033;23
7034;16
7035;28
7036;23
7037;27
7038;13
7039;32
7040;20
7041;29
7042;18
7043;17
7044;21
7045;18
7046;15
7047;28
7048;17
7049;16
7050;16
7051;21
7052;16
7053;17
7054;18
7055;18
7056;28
7057;14
7058;23
7059;28
7060;12
7061;24
7062;24
7063;21
7064;20
7065;21
7066;29
7067;22
7068;18
7069;16
7070;13
7071;15
7072;24
7073;20
7074;17
7075;17
7076;27
7077;21
7078;32
7079;25
7080;22
7081;20
7082;22
7083;22
7084;22
7085;18
7086;13
7087;21
7088;17
7089;24
7090;24
7091;22
7092;15
7093;20
7094;11
7095;29
7096;16
7097;18
7098;23
7099;14
7100;23
7101;9
7102;24
7103;23
7104;22
7105;15
7106;8
7107;14
7108;21
7109;19
7110;17
7111;16
7112;13
7113;18
7114;21
7115;19
7116;21
7117;16
7118;10
7119;20
7120;16
7121;12
7122;19
7123;26
7124;15
7125;25
7126;20
7127;24
7128;16
7129;21
7130;26
7131;15
7132;12
7133;16
7134;17
7135;19
7136;16
7137;24
7138;20
7139;16
7140;13
7141;14
7142;14
7143;15
7144;23
7145;22
7146;12
7147;19
7148;20
7149;19
7150;23
7151;21
7152;14
7153;15
7154;19
7155;21
7156;22
7157;22
7158;24
7159;14
7160;25
7161;17
7162;15
7163;22
7164;24
7165;19
7166;19
7167;22
7168;21
7169;15
7170;21
7171;29
7172;19
7173;20
7174;24
7175;19
7176;19
7177;16
7178;20
7179;18
7180;18
7181;15
7182;12
7183;20
7184;16
7185;12
7186;26
7187;14
7188;21
7189;23
7190;24
7191;21
7192;12
7193;25
7194;19
7195;14
7196;15
7197;10
7198;21
7199;23
7200;21
7201;21
7202;17
7203;15
7204;16
7205;25
7206;15
7207;17
7208;26
7209;17
7210;17
7211;13
7212;11
7213;17
7214;28
7215;11
7216;18
7217;15
7218;15
7219;13
7220;11
7221;17
7222;12
7223;14
7224;16
7225;21
7226;13
7227;15
7228;17
7229;18
7230;15
7231;17
7232;13
7233;13
7234;17
7235;13
7236;13
7237;22
7238;19
7239;18
7240;21
7241;17
7242;19
7243;16
7244;17
7245;15
7246;19
7247;26
7248;17
7249;22
7250;30
7251;33
7252;30
7253;26
7254;28
7255;33
7256;32
7257;27
7258;39
7259;38
7260;40
7261;28
7262;33
7263;23
7264;26
7265;29
7266;23
7267;22
7268;11
7269;17
7270;18
7271;9
7272;16
7273;16
7274;19
7275;19
7276;17
7277;14
7278;19
7279;19
7280;15
7281;15
7282;12
7283;24
7284;17
7285;14
7286;16
7287;13
7288;15
7289;13
7290;21
7291;20
7292;19
7293;19
7294;16
7295;20
7296;19
7297;16
7298;21
7299;30
7300;17
7301;21
7302;24
7303;19
7304;14
7305;19
7306;22
7307;23
7308;13
7309;16
7310;28
7311;23
7312;17
7313;19
7314;19
7315;16
7316;11
7317;18
7318;15
7319;9
7320;13
7321;26
7322;18
7323;17
7324;17
7325;11
7326;11
7327;16
7328;18
7329;5
7330;12
7331;14
7332;15
7333;12
7334;15
7335;12
7336;17
7337;17
7338;19
7339;26
7340;12
7341;18
7342;16
7343;21
7344;16
7345;13
7346;12
7347;16
7348;14
7349;18
7350;14
7351;12
7352;18
7353;17
7354;16
7355;12
7356;12
7357;10
7358;12
7359;15
7360;17
7361;9
7362;12
7363;16
7364;18
7365;16
7366;16
7367;16
7368;15
7369;12
7370;21
7371;13
7372;16
7373;16
7374;16
7375;18
7376;22
7377;19
7378;14
7379;29
7380;23
7381;21
7382;22
7383;22
7384;18
7385;20
7386;15
7387;20
7388;15
7389;26
7390;22
7391;20
7392;22
7393;15
7394;18
7395;11
7396;22
7397;7
7398;17
7399;20
7400;13
7401;20
7402;10
7403;16
7404;12
7405;16
7406;22
7407;15
7408;23
7409;16
7410;14
7411;20
7412;26
7413;21
7414;29
7415;29
7416;27
7417;28
7418;18
7419;30
7420;25
7421;30
7422;32
7423;29
7424;22
7425;20
7426;27
7427;14
7428;23
7429;14
7430;16
7431;13
7432;4
7433;15
7434;16
7435;8
7436;19
7437;25
7438;13
7439;14
7440;15
7441;16
7442;26
7443;19
7444;8
7445;9
7446;10
7447;12
7448;23
7449;13
7450;15
7451;21
7452;9
7453;13
7454;15
7455;20
7456;22
7457;21
7458;16
7459;12
7460;14
7461;13
7462;12
7463;20
7464;16
7465;14
7466;12
7467;15
7468;14
7469;17
7470;17
7471;14
7472;17
7473;19
7474;16
7475;12
7476;17
7477;16
7478;14
7479;13
7480;12
7481;8
7482;10
7483;20
7484;15
7485;19
7486;10
7487;18
7488;15
7489;14
7490;14
7491;10
7492;13
7493;12
7494;16
7495;22
7496;16
7497;14
7498;13
7499;18
7500;15
7501;9
7502;18
7503;25
7504;12
7505;11
7506;17
7507;11
7508;17
7509;17
7510;19
7511;11
7512;23
7513;16
7514;22
7515;8
7516;12
7517;23
7518;12
7519;12
7520;13
7521;14
7522;12
7523;12
7524;10
7525;15
7526;18
7527;15
7528;19
7529;13
7530;10
7531;13
7532;20
7533;18
7534;11
7535;9
7536;18
7537;12
7538;20
7539;12
7540;10
7541;16
7542;14
7543;11
7544;15
7545;14
7546;16
7547;17
7548;14
7549;14
7550;16
7551;9
7552;12
7553;15
7554;14
7555;13
7556;15
7557;14
7558;15
7559;22
7560;12
7561;17
7562;18
7563;22
7564;18
7565;15
7566;19
7567;10
7568;21
7569;9
7570;9
7571;18
7572;15
7573;15
7574;14
7575;14
7576;7
7577;13
7578;11
7579;16
7580;12
7581;14
7582;17
7583;8
7584;18
7585;10
7586;19
7587;20
7588;14
7589;13
7590;9
7591;25
7592;15
7593;19
7594;11
7595;20
7596;16
7597;21
7598;12
7599;11
7600;17
7601;20
7602;15
7603;11
7604;20
7605;8
7606;9
7607;17
7608;16
7609;10
7610;22
7611;14
7612;17
7613;16
7614;21
7615;11
7616;17
7617;16
7618;20
7619;11
7620;15
7621;11
7622;16
7623;10
7624;17
7625;15
7626;11
7627;13
7628;14
7629;15
7630;15
7631;12
7632;25
7633;12
7634;23
7635;21
7636;20
7637;19
7638;12
7639;17
7640;20
7641;18
7642;16
7643;17
7644;16
7645;22
7646;12
7647;13
7648;14
7649;16
7650;19
7651;15
7652;15
7653;22
7654;12
7655;16
7656;13
7657;13
7658;15
7659;8
7660;24
7661;22
7662;19
7663;17
7664;10
7665;14
7666;23
7667;19
7668;17
7669;18
7670;22
7671;20
7672;13
7673;18
7674;33
7675;22
7676;26
7677;29
7678;30
7679;32
7680;38
7681;48
7682;56
7683;62
7684;101
7685;121
7686;150
7687;221
7688;236
7689;337
7690;409
7691;534
7692;607
7693;757
7694;847
7695;908
7696;980
7697;1123
7698;1189
7699;1020
7700;957
7701;966
7702;778
7703;658
7704;573
7705;454
7706;313
7707;220
7708;159
7709;117
7710;83
7711;56
7712;28
7713;18
7714;10
7715;13
7716;11
7717;12
7718;7
7719;11
7720;6
7721;9
7722;11
7723;10
7724;9
7725;7
7726;8
7727;10
7728;6
7729;9
7730;9
7731;10
7732;6
7733;11
7734;7
7735;10
7736;15
7737;6
7738;4
7739;6
7740;10
7741;15
7742;6
7743;6
7744;13
7745;9
7746;12
7747;9
7748;13
7749;6
7750;9
7751;5
7752;13
7753;9
7754;8
7755;6
7756;6
7757;13
7758;9
7759;7
7760;14
7761;9
7762;9
7763;6
7764;12
7765;10
7766;7
7767;13
7768;13
7769;6
7770;6
7771;10
7772;4
7773;10
7774;10
7775;9
7776;1
7777;12
7778;6
7779;4
7780;14
7781;8
7782;7
7783;7
7784;11
7785;7
7786;9
7787;18
7788;7
7789;11
7790;11
7791;9
7792;14
7793;8
7794;11
7795;8
7796;8
7797;7
7798;13
7799;11
7800;22
7801;13
7802;11
7803;12
7804;13
7805;9
7806;12
7807;10
7808;14
7809;6
7810;4
7811;7
7812;13
7813;8
7814;8
7815;6
7816;12
7817;10
7818;9
7819;9
7820;9
7821;8
7822;5
7823;12
7824;12
7825;7
7826;11
7827;5
7828;11
7829;11
7830;15
7831;10
7832;6
7833;7
7834;8
7835;4
7836;10
7837;8
7838;12
7839;15
7840;7
7841;4
7842;9
7843;13
7844;5
7845;7
7846;4
7847;10
7848;10
7849;13
7850;12
7851;10
7852;11
7853;8
7854;11
7855;9
7856;8
7857;6
7858;14
7859;9
7860;8
7861;6
7862;11
7863;5
7864;3
7865;6
7866;5
7867;6
7868;12
7869;6
7870;14
7871;8
7872;5
7873;10
7874;8
7875;13
7876;13
7877;11
7878;11
7879;18
7880;14
7881;11
7882;17
7883;18
7884;17
7885;16
7886;8
7887;11
7888;11
7889;7
7890;14
7891;9
7892;11
7893;10
7894;9
7895;16
7896;9
7897;8
7898;8
7899;10
7900;10
7901;12
7902;10
7903;9
7904;7
7905;11
7906;22
7907;10
7908;7
7909;10
7910;6
7911;8
7912;11
7913;6
7914;18
7915;5
7916;8
7917;6
7918;22
7919;15
7920;7
7921;6
7922;6
7923;9
7924;10
7925;6
7926;7
7927;5
7928;6
7929;10
7930;12
7931;10
7932;9
7933;7
7934;7
7935;10
7936;10
7937;8
7938;10
7939;8
7940;18
7941;8
7942;10
7943;8
7944;10
7945;9
7946;16
7947;15
7948;16
7949;22
7950;20
7951;21
7952;19
7953;18
7954;15
7955;20
7956;23
7957;17
7958;18
7959;17
7960;8
7961;14
7962;13
7963;10
7964;10
7965;14
7966;5
7967;15
7968;13
7969;5
7970;17
7971;7
7972;7
7973;15
7974;9
7975;14
7976;2
7977;14
7978;11
7979;12
7980;5
7981;8
7982;14
7983;7
7984;10
7985;9
7986;12
7987;9
7988;15
7989;9
7990;10
7991;13
7992;7
7993;3
7994;12
7995;9
7996;11
7997;14
7998;6
7999;8
8000;10
8001;6
8002;9
8003;11
8004;10
8005;12
8006;12
8007;10
8008;6
8009;9
8010;8
8011;7
8012;4
8013;10
8014;6
8015;8
8016;12
8017;8
8018;11
8019;16
8020;8
8021;6
8022;11
8023;9
8024;5
8025;14
8026;8
8027;7
8028;9
8029;9
8030;8
8031;10
8032;8
8033;11
8034;13
8035;9
8036;12
8037;9
8038;11
8039;3
8040;6
8041;10
8042;7
8043;7
8044;12
8045;12
8046;11
8047;6
8048;3
8049;9
8050;8
8051;10
8052;5
8053;6
8054;4
8055;7
8056;9
8057;7
8058;9
8059;5
8060;12
8061;9
8062;11
8063;9
8064;15
8065;3
8066;15
8067;12
8068;11
8069;11
8070;7
8071;7
8072;7
8073;9
8074;12
8075;6
8076;13
8077;11
8078;10
8079;8
8080;10
8081;9
8082;9
8083;7
8084;3
8085;6
8086;11
8087;6
8088;5
8089;11
8090;11
8091;11
8092;8
8093;8
8094;8
8095;13
8096;16
8097;8
8098;11
8099;8
8100;6
8101;10
8102;4
8103;13
8104;15
8105;20
8106;7
8107;6
8108;12
8109;11
8110;16
8111;9
8112;11
8113;11
8114;13
8115;5
8116;11
8117;13
8118;7
8119;12
8120;9
8121;9
8122;7
8123;7
8124;5
8125;4
8126;5
8127;6
8128;15
8129;10
8130;2
8131;14
8132;8
8133;6
8134;6
8135;13
8136;9
8137;12
8138;14
8139;14
8140;7
8141;10
8142;7
8143;9
8144;10
8145;6
8146;3
8147;3
8148;2
8149;0
8150;0
8151;0
8152;0
8153;0
8154;0
8155;0
8156;0
8157;0
8158;0
8159;0
8160;0
8161;0
8162;0
8163;0
8164;0
8165;0
8166;0
8167;0
8168;0
8169;0
8170;0
8171;0
8172;0
8173;0
8174;0
8175;0
8176;0
8177;0
8178;0
8179;0
8180;0
8181;0
8182;0
8183;0
8184;0
8185;0
8186;0
8187;0
8188;0
8189;0
8190;0
8191;0

