0;0
1;0
2;0
3;0
4;0
5;0
6;0
7;0
8;0
9;0
10;0
11;0
12;0
13;0
14;0
15;0
16;0
17;0
18;0
19;0
20;0
21;0
22;0
23;0
24;0
25;0
26;0
27;0
28;0
29;0
30;0
31;0
32;0
33;0
34;0
35;0
36;0
37;0
38;0
39;0
40;0
41;0
42;0
43;0
44;0
45;0
46;0
47;0
48;0
49;0
50;0
51;0
52;0
53;0
54;0
55;0
56;0
57;0
58;0
59;0
60;0
61;0
62;0
63;0
64;0
65;0
66;0
67;0
68;0
69;0
70;0
71;0
72;0
73;0
74;0
75;0
76;0
77;0
78;0
79;0
80;0
81;0
82;0
83;0
84;0
85;0
86;0
87;0
88;0
89;0
90;0
91;0
92;0
93;0
94;0
95;0
96;0
97;0
98;0
99;0
100;0
101;0
102;0
103;0
104;0
105;0
106;0
107;0
108;0
109;0
110;0
111;0
112;0
113;0
114;0
115;0
116;0
117;0
118;0
119;0
120;0
121;0
122;0
123;0
124;0
125;0
126;0
127;0
128;0
129;0
130;0
131;0
132;0
133;0
134;0
135;0
136;0
137;0
138;0
139;0
140;0
141;0
142;0
143;0
144;0
145;0
146;0
147;0
148;0
149;0
150;0
151;0
152;0
153;0
154;0
155;0
156;0
157;0
158;0
159;0
160;0
161;0
162;0
163;0
164;0
165;0
166;0
167;0
168;0
169;0
170;0
171;0
172;0
173;0
174;0
175;0
176;0
177;0
178;0
179;0
180;0
181;0
182;0
183;0
184;0
185;0
186;0
187;0
188;0
189;0
190;0
191;0
192;0
193;0
194;0
195;0
196;0
197;0
198;0
199;0
200;0
201;0
202;0
203;0
204;0
205;0
206;0
207;0
208;0
209;0
210;0
211;0
212;0
213;0
214;0
215;0
216;0
217;0
218;0
219;0
220;0
221;0
222;0
223;0
224;0
225;0
226;0
227;0
228;0
229;0
230;0
231;0
232;1
233;0
234;0
235;0
236;0
237;0
238;0
239;0
240;0
241;0
242;0
243;0
244;0
245;0
246;0
247;0
248;0
249;0
250;0
251;0
252;0
253;0
254;0
255;0
256;0
257;0
258;0
259;0
260;0
261;0
262;0
263;0
264;0
265;0
266;0
267;0
268;0
269;0
270;0
271;0
272;0
273;0
274;0
275;0
276;0
277;0
278;0
279;0
280;0
281;0
282;0
283;0
284;0
285;0
286;0
287;0
288;0
289;0
290;0
291;0
292;0
293;0
294;0
295;0
296;0
297;0
298;0
299;0
300;0
301;0
302;0
303;0
304;0
305;0
306;0
307;0
308;0
309;0
310;0
311;0
312;0
313;0
314;0
315;0
316;0
317;0
318;0
319;0
320;0
321;0
322;0
323;0
324;0
325;0
326;0
327;0
328;0
329;0
330;0
331;0
332;0
333;0
334;0
335;0
336;0
337;0
338;0
339;0
340;0
341;0
342;0
343;0
344;0
345;0
346;0
347;0
348;0
349;0
350;0
351;0
352;0
353;0
354;0
355;0
356;0
357;0
358;0
359;0
360;0
361;0
362;0
363;0
364;0
365;0
366;0
367;0
368;0
369;0
370;0
371;0
372;0
373;0
374;0
375;0
376;0
377;0
378;0
379;0
380;0
381;0
382;0
383;0
384;0
385;0
386;0
387;0
388;0
389;0
390;0
391;0
392;0
393;0
394;0
395;0
396;0
397;0
398;0
399;0
400;0
401;0
402;0
403;0
404;0
405;0
406;0
407;0
408;0
409;0
410;0
411;0
412;0
413;0
414;0
415;0
416;0
417;0
418;0
419;0
420;0
421;0
422;0
423;0
424;0
425;0
426;0
427;0
428;0
429;0
430;0
431;0
432;0
433;0
434;0
435;0
436;0
437;0
438;0
439;0
440;0
441;0
442;0
443;0
444;0
445;0
446;0
447;0
448;0
449;0
450;0
451;0
452;0
453;0
454;0
455;0
456;0
457;0
458;0
459;0
460;0
461;0
462;0
463;0
464;0
465;0
466;0
467;0
468;0
469;0
470;0
471;0
472;0
473;0
474;0
475;0
476;0
477;0
478;0
479;0
480;0
481;0
482;0
483;0
484;0
485;0
486;0
487;0
488;0
489;0
490;0
491;0
492;0
493;0
494;0
495;0
496;0
497;0
498;0
499;0
500;0
501;0
502;0
503;0
504;0
505;0
506;0
507;0
508;0
509;0
510;0
511;0
512;0
513;0
514;0
515;0
516;0
517;0
518;0
519;0
520;0
521;0
522;0
523;0
524;0
525;0
526;0
527;0
528;0
529;0
530;0
531;0
532;0
533;0
534;0
535;0
536;0
537;0
538;0
539;0
540;0
541;0
542;0
543;0
544;0
545;0
546;0
547;0
548;0
549;0
550;0
551;0
552;0
553;0
554;0
555;0
556;0
557;0
558;0
559;0
560;0
561;0
562;0
563;0
564;0
565;0
566;0
567;0
568;0
569;0
570;0
571;0
572;0
573;0
574;0
575;0
576;0
577;0
578;0
579;0
580;0
581;0
582;0
583;0
584;0
585;0
586;0
587;0
588;0
589;0
590;0
591;0
592;0
593;0
594;0
595;0
596;0
597;0
598;0
599;0
600;0
601;0
602;0
603;2
604;0
605;0
606;0
607;0
608;0
609;0
610;0
611;0
612;0
613;0
614;0
615;0
616;0
617;0
618;0
619;0
620;0
621;0
622;0
623;0
624;0
625;0
626;0
627;0
628;0
629;0
630;1
631;0
632;0
633;1
634;0
635;0
636;0
637;0
638;0
639;0
640;0
641;0
642;0
643;0
644;0
645;0
646;0
647;0
648;0
649;0
650;0
651;0
652;0
653;0
654;0
655;0
656;0
657;0
658;0
659;0
660;0
661;0
662;0
663;0
664;0
665;0
666;0
667;0
668;0
669;0
670;0
671;0
672;1
673;0
674;0
675;0
676;0
677;0
678;0
679;0
680;0
681;0
682;0
683;0
684;0
685;0
686;0
687;0
688;0
689;0
690;0
691;0
692;0
693;0
694;0
695;0
696;0
697;0
698;0
699;0
700;0
701;1
702;0
703;1
704;0
705;0
706;0
707;0
708;0
709;0
710;1
711;0
712;0
713;1
714;0
715;0
716;0
717;1
718;0
719;0
720;0
721;0
722;0
723;0
724;0
725;0
726;1
727;0
728;0
729;0
730;1
731;0
732;1
733;0
734;0
735;0
736;0
737;0
738;0
739;0
740;0
741;0
742;0
743;0
744;1
745;0
746;0
747;0
748;1
749;1
750;0
751;0
752;0
753;0
754;0
755;0
756;0
757;0
758;1
759;0
760;1
761;0
762;0
763;0
764;0
765;1
766;0
767;0
768;0
769;1
770;1
771;0
772;0
773;0
774;0
775;0
776;0
777;0
778;0
779;1
780;0
781;1
782;0
783;0
784;0
785;1
786;1
787;0
788;1
789;0
790;0
791;1
792;0
793;0
794;0
795;0
796;0
797;0
798;0
799;1
800;1
801;0
802;0
803;0
804;0
805;2
806;0
807;0
808;2
809;0
810;0
811;1
812;0
813;0
814;1
815;0
816;0
817;0
818;0
819;0
820;0
821;0
822;0
823;2
824;0
825;0
826;1
827;2
828;0
829;0
830;0
831;1
832;0
833;0
834;1
835;0
836;0
837;0
838;0
839;0
840;1
841;3
842;2
843;2
844;0
845;1
846;0
847;0
848;1
849;1
850;0
851;0
852;2
853;0
854;1
855;0
856;2
857;2
858;1
859;1
860;1
861;1
862;2
863;0
864;1
865;1
866;1
867;0
868;0
869;1
870;0
871;0
872;0
873;0
874;2
875;1
876;1
877;0
878;1
879;2
880;0
881;0
882;2
883;0
884;1
885;0
886;1
887;0
888;1
889;1
890;0
891;3
892;1
893;1
894;1
895;2
896;1
897;0
898;1
899;1
900;2
901;0
902;1
903;0
904;1
905;2
906;0
907;1
908;1
909;2
910;1
911;4
912;4
913;0
914;2
915;0
916;3
917;3
918;2
919;1
920;1
921;1
922;2
923;2
924;0
925;1
926;0
927;1
928;2
929;2
930;1
931;1
932;2
933;1
934;1
935;1
936;0
937;1
938;0
939;2
940;2
941;5
942;1
943;2
944;1
945;2
946;0
947;1
948;3
949;0
950;2
951;4
952;2
953;1
954;2
955;4
956;4
957;2
958;2
959;3
960;2
961;3
962;1
963;1
964;3
965;2
966;4
967;3
968;1
969;0
970;0
971;0
972;1
973;1
974;2
975;1
976;4
977;0
978;6
979;1
980;0
981;2
982;4
983;2
984;4
985;2
986;3
987;0
988;2
989;2
990;2
991;3
992;2
993;0
994;1
995;2
996;5
997;3
998;2
999;3
1000;2
1001;3
1002;1
1003;4
1004;2
1005;4
1006;3
1007;1
1008;2
1009;3
1010;2
1011;3
1012;2
1013;3
1014;1
1015;4
1016;6
1017;5
1018;3
1019;1
1020;1
1021;1
1022;3
1023;5
1024;2
1025;3
1026;0
1027;3
1028;2
1029;2
1030;2
1031;1
1032;5
1033;2
1034;6
1035;5
1036;4
1037;5
1038;4
1039;3
1040;2
1041;4
1042;1
1043;3
1044;3
1045;1
1046;5
1047;4
1048;2
1049;3
1050;1
1051;1
1052;5
1053;6
1054;4
1055;3
1056;5
1057;1
1058;4
1059;1
1060;3
1061;8
1062;5
1063;1
1064;6
1065;7
1066;5
1067;1
1068;5
1069;2
1070;2
1071;2
1072;6
1073;8
1074;3
1075;4
1076;4
1077;3
1078;3
1079;3
1080;7
1081;4
1082;4
1083;4
1084;5
1085;3
1086;3
1087;5
1088;7
1089;4
1090;6
1091;6
1092;5
1093;5
1094;5
1095;4
1096;3
1097;2
1098;4
1099;9
1100;4
1101;6
1102;2
1103;4
1104;6
1105;4
1106;2
1107;4
1108;4
1109;4
1110;4
1111;3
1112;4
1113;5
1114;5
1115;7
1116;4
1117;5
1118;4
1119;10
1120;10
1121;6
1122;6
1123;7
1124;6
1125;7
1126;6
1127;4
1128;8
1129;3
1130;8
1131;8
1132;4
1133;9
1134;2
1135;7
1136;11
1137;7
1138;6
1139;5
1140;7
1141;8
1142;3
1143;4
1144;6
1145;5
1146;8
1147;6
1148;8
1149;8
1150;10
1151;8
1152;9
1153;5
1154;8
1155;3
1156;8
1157;10
1158;6
1159;12
1160;7
1161;7
1162;8
1163;8
1164;7
1165;5
1166;11
1167;8
1168;5
1169;9
1170;3
1171;6
1172;5
1173;11
1174;11
1175;10
1176;10
1177;9
1178;7
1179;9
1180;5
1181;15
1182;4
1183;5
1184;7
1185;11
1186;6
1187;9
1188;12
1189;6
1190;9
1191;4
1192;6
1193;8
1194;4
1195;9
1196;8
1197;6
1198;8
1199;15
1200;10
1201;9
1202;9
1203;5
1204;3
1205;9
1206;11
1207;9
1208;10
1209;12
1210;16
1211;10
1212;14
1213;11
1214;8
1215;10
1216;11
1217;5
1218;10
1219;9
1220;9
1221;10
1222;7
1223;7
1224;11
1225;7
1226;9
1227;9
1228;5
1229;7
1230;14
1231;9
1232;7
1233;9
1234;10
1235;7
1236;13
1237;6
1238;8
1239;10
1240;9
1241;7
1242;12
1243;10
1244;12
1245;13
1246;8
1247;8
1248;15
1249;16
1250;6
1251;10
1252;17
1253;14
1254;9
1255;9
1256;13
1257;15
1258;11
1259;7
1260;11
1261;6
1262;17
1263;15
1264;18
1265;12
1266;13
1267;16
1268;5
1269;9
1270;8
1271;10
1272;9
1273;13
1274;7
1275;12
1276;16
1277;13
1278;19
1279;15
1280;7
1281;9
1282;14
1283;15
1284;13
1285;7
1286;11
1287;13
1288;17
1289;19
1290;11
1291;12
1292;14
1293;17
1294;7
1295;12
1296;11
1297;12
1298;15
1299;12
1300;17
1301;14
1302;14
1303;15
1304;14
1305;14
1306;18
1307;17
1308;11
1309;15
1310;10
1311;9
1312;16
1313;13
1314;11
1315;16
1316;17
1317;16
1318;7
1319;14
1320;19
1321;17
1322;14
1323;21
1324;17
1325;10
1326;18
1327;17
1328;16
1329;18
1330;19
1331;17
1332;17
1333;13
1334;17
1335;20
1336;12
1337;14
1338;18
1339;20
1340;19
1341;11
1342;23
1343;12
1344;19
1345;12
1346;17
1347;19
1348;16
1349;17
1350;11
1351;19
1352;19
1353;15
1354;10
1355;18
1356;18
1357;15
1358;12
1359;14
1360;24
1361;15
1362;22
1363;13
1364;14
1365;28
1366;18
1367;14
1368;18
1369;32
1370;20
1371;15
1372;14
1373;14
1374;19
1375;12
1376;22
1377;17
1378;15
1379;19
1380;16
1381;19
1382;14
1383;17
1384;16
1385;28
1386;8
1387;18
1388;8
1389;17
1390;15
1391;23
1392;21
1393;16
1394;18
1395;19
1396;14
1397;21
1398;12
1399;17
1400;16
1401;20
1402;16
1403;15
1404;9
1405;14
1406;28
1407;19
1408;19
1409;13
1410;22
1411;14
1412;17
1413;16
1414;17
1415;9
1416;20
1417;19
1418;17
1419;16
1420;18
1421;9
1422;16
1423;16
1424;20
1425;15
1426;14
1427;14
1428;24
1429;12
1430;15
1431;21
1432;22
1433;22
1434;9
1435;8
1436;17
1437;13
1438;18
1439;9
1440;22
1441;18
1442;18
1443;15
1444;18
1445;16
1446;29
1447;18
1448;24
1449;24
1450;23
1451;23
1452;22
1453;14
1454;23
1455;25
1456;20
1457;24
1458;24
1459;16
1460;21
1461;19
1462;20
1463;19
1464;20
1465;14
1466;18
1467;10
1468;22
1469;20
1470;12
1471;30
1472;13
1473;26
1474;16
1475;25
1476;16
1477;23
1478;29
1479;18
1480;17
1481;19
1482;24
1483;15
1484;27
1485;18
1486;20
1487;28
1488;24
1489;32
1490;32
1491;13
1492;24
1493;21
1494;20
1495;17
1496;19
1497;25
1498;29
1499;18
1500;19
1501;27
1502;20
1503;17
1504;20
1505;29
1506;23
1507;22
1508;22
1509;25
1510;14
1511;22
1512;27
1513;17
1514;21
1515;25
1516;27
1517;18
1518;27
1519;20
1520;15
1521;14
1522;26
1523;25
1524;20
1525;23
1526;22
1527;21
1528;27
1529;29
1530;19
1531;28
1532;24
1533;25
1534;14
1535;13
1536;22
1537;21
1538;23
1539;22
1540;21
1541;32
1542;16
1543;26
1544;19
1545;21
1546;26
1547;21
1548;20
1549;23
1550;27
1551;25
1552;29
1553;25
1554;15
1555;27
1556;19
1557;22
1558;20
1559;23
1560;23
1561;19
1562;21
1563;24
1564;22
1565;28
1566;19
1567;32
1568;28
1569;29
1570;31
1571;34
1572;26
1573;34
1574;30
1575;29
1576;22
1577;18
1578;21
1579;31
1580;23
1581;30
1582;21
1583;21
1584;31
1585;20
1586;40
1587;13
1588;21
1589;28
1590;25
1591;22
1592;25
1593;29
1594;33
1595;22
1596;23
1597;24
1598;23
1599;22
1600;36
1601;18
1602;18
1603;24
1604;16
1605;28
1606;22
1607;19
1608;14
1609;24
1610;30
1611;27
1612;25
1613;23
1614;26
1615;27
1616;27
1617;20
1618;23
1619;30
1620;25
1621;29
1622;27
1623;23
1624;20
1625;20
1626;28
1627;19
1628;28
1629;29
1630;22
1631;21
1632;27
1633;20
1634;27
1635;28
1636;23
1637;23
1638;29
1639;18
1640;19
1641;29
1642;25
1643;21
1644;18
1645;23
1646;23
1647;21
1648;27
1649;15
1650;25
1651;16
1652;22
1653;29
1654;27
1655;18
1656;13
1657;27
1658;24
1659;30
1660;17
1661;24
1662;22
1663;26
1664;21
1665;27
1666;27
1667;20
1668;19
1669;22
1670;18
1671;21
1672;20
1673;27
1674;29
1675;22
1676;25
1677;24
1678;31
1679;31
1680;22
1681;31
1682;25
1683;25
1684;27
1685;20
1686;25
1687;28
1688;12
1689;28
1690;19
1691;26
1692;22
1693;27
1694;22
1695;35
1696;25
1697;20
1698;32
1699;24
1700;24
1701;23
1702;28
1703;26
1704;28
1705;25
1706;15
1707;29
1708;23
1709;23
1710;21
1711;26
1712;33
1713;33
1714;29
1715;25
1716;21
1717;19
1718;24
1719;35
1720;19
1721;22
1722;21
1723;31
1724;27
1725;28
1726;16
1727;25
1728;17
1729;28
1730;19
1731;31
1732;24
1733;22
1734;26
1735;33
1736;27
1737;23
1738;24
1739;28
1740;24
1741;21
1742;26
1743;26
1744;24
1745;24
1746;26
1747;23
1748;30
1749;24
1750;19
1751;24
1752;30
1753;32
1754;27
1755;22
1756;21
1757;19
1758;25
1759;19
1760;32
1761;24
1762;22
1763;29
1764;30
1765;17
1766;29
1767;31
1768;30
1769;35
1770;24
1771;23
1772;28
1773;22
1774;26
1775;34
1776;28
1777;21
1778;26
1779;23
1780;28
1781;25
1782;23
1783;25
1784;33
1785;24
1786;27
1787;18
1788;31
1789;29
1790;28
1791;26
1792;30
1793;26
1794;33
1795;34
1796;32
1797;28
1798;23
1799;32
1800;28
1801;31
1802;22
1803;30
1804;26
1805;33
1806;29
1807;33
1808;27
1809;27
1810;25
1811;30
1812;27
1813;31
1814;32
1815;24
1816;26
1817;32
1818;33
1819;15
1820;25
1821;23
1822;34
1823;38
1824;36
1825;28
1826;37
1827;23
1828;30
1829;28
1830;32
1831;31
1832;19
1833;26
1834;30
1835;32
1836;33
1837;34
1838;29
1839;21
1840;27
1841;29
1842;28
1843;34
1844;31
1845;39
1846;35
1847;25
1848;29
1849;24
1850;28
1851;36
1852;24
1853;27
1854;32
1855;33
1856;31
1857;32
1858;34
1859;31
1860;37
1861;45
1862;33
1863;31
1864;35
1865;31
1866;28
1867;36
1868;31
1869;23
1870;25
1871;25
1872;20
1873;19
1874;29
1875;25
1876;34
1877;28
1878;36
1879;26
1880;32
1881;30
1882;33
1883;32
1884;31
1885;33
1886;31
1887;24
1888;29
1889;26
1890;36
1891;38
1892;33
1893;29
1894;31
1895;25
1896;42
1897;30
1898;19
1899;25
1900;35
1901;26
1902;29
1903;25
1904;31
1905;38
1906;24
1907;33
1908;26
1909;25
1910;22
1911;21
1912;34
1913;32
1914;24
1915;36
1916;32
1917;21
1918;34
1919;31
1920;32
1921;27
1922;28
1923;28
1924;35
1925;41
1926;27
1927;30
1928;29
1929;27
1930;21
1931;34
1932;25
1933;26
1934;31
1935;30
1936;26
1937;24
1938;22
1939;20
1940;30
1941;27
1942;29
1943;29
1944;30
1945;33
1946;18
1947;31
1948;28
1949;28
1950;18
1951;43
1952;31
1953;20
1954;28
1955;34
1956;28
1957;25
1958;24
1959;30
1960;23
1961;21
1962;30
1963;34
1964;24
1965;37
1966;35
1967;27
1968;26
1969;26
1970;34
1971;30
1972;38
1973;14
1974;28
1975;33
1976;32
1977;21
1978;25
1979;28
1980;23
1981;17
1982;21
1983;37
1984;20
1985;28
1986;17
1987;31
1988;18
1989;25
1990;19
1991;23
1992;25
1993;36
1994;22
1995;23
1996;27
1997;18
1998;32
1999;24
2000;17
2001;37
2002;24
2003;23
2004;33
2005;32
2006;25
2007;17
2008;22
2009;30
2010;26
2011;27
2012;34
2013;24
2014;24
2015;25
2016;21
2017;27
2018;24
2019;29
2020;29
2021;30
2022;22
2023;35
2024;19
2025;26
2026;22
2027;29
2028;24
2029;22
2030;25
2031;26
2032;24
2033;22
2034;22
2035;32
2036;23
2037;24
2038;22
2039;21
2040;21
2041;29
2042;24
2043;25
2044;26
2045;19
2046;17
2047;15
2048;24
2049;21
2050;26
2051;18
2052;24
2053;32
2054;30
2055;32
2056;21
2057;28
2058;20
2059;26
2060;14
2061;25
2062;22
2063;31
2064;22
2065;19
2066;26
2067;13
2068;22
2069;22
2070;18
2071;28
2072;22
2073;19
2074;21
2075;28
2076;29
2077;30
2078;27
2079;26
2080;34
2081;21
2082;20
2083;35
2084;24
2085;29
2086;20
2087;27
2088;20
2089;25
2090;17
2091;22
2092;26
2093;17
2094;21
2095;20
2096;26
2097;30
2098;35
2099;28
2100;20
2101;27
2102;23
2103;24
2104;20
2105;27
2106;19
2107;22
2108;23
2109;27
2110;32
2111;25
2112;35
2113;32
2114;27
2115;30
2116;25
2117;18
2118;27
2119;23
2120;22
2121;30
2122;23
2123;20
2124;27
2125;18
2126;26
2127;24
2128;21
2129;24
2130;25
2131;26
2132;25
2133;22
2134;23
2135;22
2136;23
2137;37
2138;30
2139;24
2140;35
2141;24
2142;22
2143;37
2144;32
2145;17
2146;21
2147;26
2148;27
2149;31
2150;30
2151;27
2152;21
2153;29
2154;28
2155;23
2156;24
2157;30
2158;28
2159;19
2160;26
2161;20
2162;29
2163;29
2164;29
2165;29
2166;20
2167;25
2168;18
2169;26
2170;27
2171;25
2172;25
2173;24
2174;21
2175;21
2176;23
2177;35
2178;35
2179;22
2180;30
2181;28
2182;16
2183;31
2184;20
2185;28
2186;18
2187;21
2188;32
2189;23
2190;24
2191;30
2192;34
2193;33
2194;18
2195;25
2196;26
2197;26
2198;13
2199;27
2200;23
2201;30
2202;26
2203;30
2204;19
2205;19
2206;22
2207;26
2208;26
2209;29
2210;20
2211;35
2212;18
2213;26
2214;19
2215;30
2216;30
2217;29
2218;22
2219;26
2220;37
2221;27
2222;30
2223;21
2224;28
2225;21
2226;24
2227;22
2228;30
2229;20
2230;27
2231;22
2232;32
2233;36
2234;30
2235;24
2236;29
2237;24
2238;25
2239;28
2240;32
2241;20
2242;30
2243;24
2244;30
2245;32
2246;23
2247;20
2248;19
2249;24
2250;33
2251;31
2252;23
2253;32
2254;25
2255;17
2256;29
2257;27
2258;22
2259;23
2260;25
2261;24
2262;15
2263;25
2264;20
2265;21
2266;21
2267;26
2268;22
2269;28
2270;27
2271;33
2272;18
2273;20
2274;29
2275;28
2276;28
2277;20
2278;27
2279;23
2280;24
2281;26
2282;26
2283;32
2284;24
2285;22
2286;19
2287;20
2288;28
2289;28
2290;22
2291;35
2292;32
2293;28
2294;23
2295;32
2296;25
2297;23
2298;20
2299;22
2300;27
2301;23
2302;26
2303;17
2304;14
2305;26
2306;19
2307;24
2308;33
2309;24
2310;23
2311;25
2312;19
2313;28
2314;31
2315;21
2316;31
2317;29
2318;24
2319;24
2320;26
2321;26
2322;28
2323;22
2324;25
2325;20
2326;28
2327;20
2328;22
2329;25
2330;25
2331;19
2332;19
2333;23
2334;22
2335;16
2336;26
2337;29
2338;20
2339;24
2340;16
2341;25
2342;39
2343;21
2344;25
2345;29
2346;23
2347;22
2348;21
2349;22
2350;24
2351;19
2352;23
2353;28
2354;21
2355;23
2356;19
2357;23
2358;25
2359;20
2360;27
2361;24
2362;30
2363;23
2364;23
2365;26
2366;21
2367;29
2368;20
2369;19
2370;26
2371;27
2372;21
2373;18
2374;24
2375;19
2376;20
2377;20
2378;23
2379;24
2380;20
2381;20
2382;27
2383;16
2384;20
2385;26
2386;21
2387;20
2388;18
2389;12
2390;15
2391;19
2392;15
2393;25
2394;26
2395;24
2396;17
2397;14
2398;18
2399;14
2400;19
2401;20
2402;24
2403;22
2404;23
2405;22
2406;21
2407;13
2408;22
2409;21
2410;23
2411;24
2412;20
2413;20
2414;25
2415;27
2416;19
2417;21
2418;20
2419;13
2420;19
2421;21
2422;16
2423;22
2424;20
2425;19
2426;22
2427;15
2428;17
2429;25
2430;22
2431;18
2432;18
2433;10
2434;20
2435;23
2436;29
2437;29
2438;15
2439;29
2440;13
2441;14
2442;18
2443;19
2444;27
2445;21
2446;13
2447;17
2448;18
2449;19
2450;16
2451;20
2452;23
2453;14
2454;23
2455;23
2456;16
2457;21
2458;21
2459;20
2460;20
2461;16
2462;24
2463;18
2464;20
2465;22
2466;16
2467;15
2468;25
2469;20
2470;25
2471;10
2472;21
2473;20
2474;18
2475;16
2476;21
2477;20
2478;16
2479;25
2480;25
2481;16
2482;12
2483;17
2484;12
2485;27
2486;24
2487;25
2488;15
2489;19
2490;22
2491;12
2492;17
2493;11
2494;24
2495;19
2496;23
2497;19
2498;29
2499;23
2500;19
2501;25
2502;21
2503;18
2504;16
2505;26
2506;19
2507;19
2508;23
2509;21
2510;17
2511;12
2512;19
2513;29
2514;19
2515;27
2516;20
2517;30
2518;16
2519;14
2520;25
2521;16
2522;19
2523;20
2524;22
2525;21
2526;20
2527;20
2528;21
2529;11
2530;21
2531;13
2532;24
2533;16
2534;20
2535;17
2536;17
2537;17
2538;21
2539;17
2540;22
2541;19
2542;30
2543;25
2544;17
2545;21
2546;17
2547;16
2548;18
2549;18
2550;12
2551;14
2552;21
2553;21
2554;18
2555;22
2556;21
2557;24
2558;28
2559;18
2560;17
2561;14
2562;20
2563;19
2564;14
2565;18
2566;23
2567;22
2568;23
2569;24
2570;16
2571;21
2572;22
2573;15
2574;18
2575;18
2576;11
2577;23
2578;13
2579;21
2580;19
2581;18
2582;20
2583;22
2584;19
2585;15
2586;18
2587;25
2588;17
2589;18
2590;17
2591;15
2592;16
2593;16
2594;16
2595;19
2596;15
2597;15
2598;20
2599;25
2600;26
2601;14
2602;19
2603;27
2604;19
2605;14
2606;11
2607;14
2608;29
2609;11
2610;22
2611;17
2612;12
2613;21
2614;16
2615;24
2616;24
2617;11
2618;22
2619;23
2620;24
2621;17
2622;27
2623;25
2624;21
2625;16
2626;18
2627;26
2628;15
2629;23
2630;25
2631;19
2632;16
2633;19
2634;24
2635;20
2636;17
2637;20
2638;16
2639;17
2640;8
2641;24
2642;22
2643;19
2644;26
2645;14
2646;19
2647;17
2648;18
2649;14
2650;19
2651;28
2652;17
2653;11
2654;17
2655;19
2656;16
2657;22
2658;21
2659;24
2660;13
2661;20
2662;10
2663;17
2664;21
2665;11
2666;15
2667;20
2668;19
2669;14
2670;22
2671;11
2672;18
2673;14
2674;15
2675;18
2676;20
2677;27
2678;15
2679;21
2680;19
2681;17
2682;15
2683;18
2684;16
2685;10
2686;17
2687;9
2688;19
2689;23
2690;16
2691;19
2692;11
2693;21
2694;16
2695;25
2696;16
2697;17
2698;17
2699;20
2700;26
2701;16
2702;20
2703;16
2704;23
2705;18
2706;18
2707;22
2708;20
2709;11
2710;19
2711;20
2712;16
2713;17
2714;18
2715;15
2716;23
2717;11
2718;16
2719;9
2720;14
2721;11
2722;12
2723;14
2724;15
2725;13
2726;14
2727;15
2728;12
2729;16
2730;19
2731;14
2732;14
2733;14
2734;22
2735;16
2736;11
2737;15
2738;13
2739;16
2740;19
2741;14
2742;17
2743;19
2744;14
2745;17
2746;17
2747;7
2748;15
2749;16
2750;12
2751;26
2752;11
2753;19
2754;15
2755;12
2756;10
2757;8
2758;13
2759;20
2760;24
2761;15
2762;17
2763;19
2764;9
2765;15
2766;10
2767;21
2768;18
2769;17
2770;17
2771;17
2772;15
2773;24
2774;12
2775;13
2776;17
2777;10
2778;17
2779;17
2780;14
2781;17
2782;18
2783;8
2784;10
2785;24
2786;9
2787;15
2788;16
2789;19
2790;14
2791;14
2792;12
2793;9
2794;14
2795;15
2796;21
2797;12
2798;11
2799;22
2800;17
2801;8
2802;14
2803;19
2804;16
2805;15
2806;20
2807;11
2808;16
2809;16
2810;13
2811;18
2812;23
2813;19
2814;15
2815;16
2816;8
2817;15
2818;11
2819;14
2820;12
2821;18
2822;9
2823;14
2824;10
2825;9
2826;10
2827;20
2828;18
2829;19
2830;12
2831;9
2832;11
2833;16
2834;17
2835;13
2836;15
2837;10
2838;15
2839;14
2840;16
2841;14
2842;16
2843;17
2844;22
2845;16
2846;17
2847;26
2848;14
2849;17
2850;18
2851;13
2852;15
2853;20
2854;18
2855;7
2856;12
2857;17
2858;20
2859;21
2860;16
2861;10
2862;12
2863;13
2864;19
2865;12
2866;18
2867;9
2868;14
2869;13
2870;10
2871;22
2872;14
2873;9
2874;22
2875;11
2876;20
2877;16
2878;15
2879;13
2880;10
2881;11
2882;21
2883;15
2884;15
2885;15
2886;11
2887;9
2888;22
2889;15
2890;20
2891;11
2892;16
2893;12
2894;16
2895;17
2896;10
2897;13
2898;12
2899;15
2900;17
2901;15
2902;15
2903;17
2904;10
2905;10
2906;13
2907;11
2908;19
2909;14
2910;14
2911;16
2912;16
2913;17
2914;12
2915;15
2916;15
2917;14
2918;11
2919;16
2920;16
2921;14
2922;19
2923;14
2924;13
2925;12
2926;9
2927;16
2928;15
2929;12
2930;19
2931;14
2932;9
2933;14
2934;13
2935;20
2936;6
2937;16
2938;19
2939;11
2940;13
2941;19
2942;19
2943;12
2944;14
2945;7
2946;11
2947;15
2948;20
2949;14
2950;10
2951;13
2952;10
2953;17
2954;17
2955;9
2956;12
2957;13
2958;16
2959;10
2960;7
2961;10
2962;17
2963;17
2964;14
2965;12
2966;14
2967;10
2968;14
2969;13
2970;14
2971;9
2972;8
2973;12
2974;6
2975;12
2976;14
2977;12
2978;6
2979;7
2980;12
2981;5
2982;14
2983;17
2984;7
2985;13
2986;9
2987;12
2988;11
2989;16
2990;16
2991;13
2992;9
2993;7
2994;10
2995;9
2996;12
2997;15
2998;10
2999;8
3000;13
3001;15
3002;12
3003;14
3004;11
3005;12
3006;13
3007;15
3008;9
3009;8
3010;11
3011;15
3012;10
3013;12
3014;10
3015;9
3016;11
3017;12
3018;15
3019;12
3020;12
3021;12
3022;10
3023;14
3024;11
3025;14
3026;15
3027;12
3028;8
3029;5
3030;8
3031;14
3032;11
3033;13
3034;10
3035;15
3036;7
3037;12
3038;7
3039;14
3040;20
3041;7
3042;10
3043;15
3044;13
3045;8
3046;10
3047;7
3048;13
3049;11
3050;15
3051;11
3052;14
3053;9
3054;10
3055;12
3056;16
3057;10
3058;17
3059;9
3060;15
3061;15
3062;16
3063;11
3064;9
3065;11
3066;11
3067;9
3068;11
3069;12
3070;9
3071;10
3072;19
3073;16
3074;14
3075;9
3076;8
3077;7
3078;8
3079;7
3080;15
3081;10
3082;11
3083;12
3084;12
3085;6
3086;8
3087;16
3088;15
3089;7
3090;8
3091;5
3092;11
3093;12
3094;15
3095;9
3096;13
3097;10
3098;11
3099;8
3100;5
3101;15
3102;8
3103;9
3104;7
3105;16
3106;10
3107;14
3108;11
3109;6
3110;13
3111;5
3112;5
3113;6
3114;9
3115;6
3116;8
3117;5
3118;5
3119;14
3120;9
3121;9
3122;6
3123;12
3124;11
3125;12
3126;17
3127;8
3128;13
3129;9
3130;10
3131;9
3132;15
3133;8
3134;11
3135;13
3136;10
3137;8
3138;11
3139;8
3140;13
3141;8
3142;13
3143;3
3144;14
3145;10
3146;10
3147;11
3148;7
3149;13
3150;8
3151;12
3152;8
3153;12
3154;3
3155;6
3156;13
3157;6
3158;8
3159;5
3160;12
3161;7
3162;13
3163;12
3164;16
3165;13
3166;11
3167;8
3168;10
3169;9
3170;9
3171;7
3172;12
3173;14
3174;11
3175;9
3176;10
3177;8
3178;13
3179;10
3180;6
3181;9
3182;11
3183;12
3184;7
3185;12
3186;8
3187;7
3188;5
3189;10
3190;11
3191;7
3192;10
3193;9
3194;3
3195;6
3196;8
3197;12
3198;14
3199;12
3200;10
3201;9
3202;11
3203;20
3204;6
3205;8
3206;10
3207;9
3208;8
3209;10
3210;5
3211;4
3212;5
3213;15
3214;9
3215;9
3216;2
3217;12
3218;10
3219;7
3220;7
3221;4
3222;6
3223;10
3224;15
3225;10
3226;10
3227;11
3228;9
3229;7
3230;10
3231;10
3232;6
3233;10
3234;14
3235;8
3236;6
3237;7
3238;6
3239;5
3240;11
3241;8
3242;8
3243;8
3244;9
3245;8
3246;4
3247;11
3248;11
3249;15
3250;9
3251;4
3252;13
3253;13
3254;8
3255;11
3256;6
3257;13
3258;15
3259;12
3260;10
3261;3
3262;8
3263;5
3264;7
3265;6
3266;4
3267;9
3268;10
3269;9
3270;7
3271;4
3272;9
3273;7
3274;9
3275;7
3276;12
3277;9
3278;11
3279;9
3280;9
3281;8
3282;16
3283;6
3284;10
3285;8
3286;12
3287;8
3288;7
3289;10
3290;6
3291;8
3292;5
3293;9
3294;10
3295;10
3296;5
3297;6
3298;4
3299;7
3300;13
3301;9
3302;15
3303;10
3304;12
3305;7
3306;8
3307;6
3308;6
3309;6
3310;7
3311;9
3312;7
3313;13
3314;4
3315;7
3316;9
3317;8
3318;6
3319;13
3320;10
3321;8
3322;9
3323;11
3324;9
3325;8
3326;6
3327;13
3328;9
3329;5
3330;11
3331;9
3332;11
3333;8
3334;9
3335;13
3336;9
3337;8
3338;8
3339;6
3340;6
3341;4
3342;7
3343;1
3344;8
3345;3
3346;9
3347;8
3348;8
3349;12
3350;9
3351;10
3352;5
3353;9
3354;9
3355;15
3356;10
3357;7
3358;5
3359;11
3360;5
3361;5
3362;10
3363;14
3364;3
3365;9
3366;7
3367;10
3368;6
3369;10
3370;10
3371;7
3372;7
3373;8
3374;5
3375;8
3376;4
3377;6
3378;8
3379;11
3380;6
3381;3
3382;4
3383;7
3384;10
3385;9
3386;8
3387;11
3388;6
3389;8
3390;7
3391;8
3392;10
3393;6
3394;7
3395;9
3396;5
3397;7
3398;8
3399;7
3400;6
3401;6
3402;8
3403;11
3404;10
3405;6
3406;10
3407;4
3408;7
3409;4
3410;7
3411;6
3412;8
3413;10
3414;4
3415;2
3416;5
3417;10
3418;3
3419;7
3420;5
3421;3
3422;6
3423;7
3424;9
3425;6
3426;8
3427;2
3428;7
3429;8
3430;8
3431;5
3432;6
3433;5
3434;13
3435;5
3436;11
3437;9
3438;7
3439;6
3440;5
3441;5
3442;10
3443;6
3444;9
3445;11
3446;9
3447;7
3448;8
3449;4
3450;7
3451;10
3452;12
3453;6
3454;4
3455;11
3456;18
3457;11
3458;9
3459;8
3460;8
3461;5
3462;6
3463;2
3464;10
3465;7
3466;9
3467;5
3468;7
3469;8
3470;6
3471;14
3472;8
3473;8
3474;6
3475;8
3476;3
3477;3
3478;13
3479;8
3480;11
3481;5
3482;4
3483;14
3484;7
3485;10
3486;4
3487;5
3488;7
3489;7
3490;6
3491;5
3492;3
3493;5
3494;5
3495;9
3496;8
3497;14
3498;6
3499;10
3500;13
3501;8
3502;6
3503;3
3504;3
3505;7
3506;5
3507;5
3508;7
3509;7
3510;6
3511;7
3512;10
3513;3
3514;6
3515;8
3516;12
3517;3
3518;11
3519;6
3520;6
3521;9
3522;7
3523;8
3524;10
3525;9
3526;4
3527;5
3528;7
3529;6
3530;6
3531;9
3532;4
3533;7
3534;4
3535;11
3536;6
3537;9
3538;11
3539;7
3540;8
3541;7
3542;9
3543;9
3544;11
3545;14
3546;4
3547;6
3548;5
3549;4
3550;2
3551;10
3552;6
3553;2
3554;9
3555;8
3556;9
3557;6
3558;13
3559;4
3560;3
3561;8
3562;7
3563;14
3564;5
3565;5
3566;7
3567;2
3568;6
3569;4
3570;4
3571;9
3572;4
3573;5
3574;12
3575;10
3576;12
3577;3
3578;6
3579;9
3580;7
3581;6
3582;8
3583;7
3584;12
3585;8
3586;5
3587;4
3588;6
3589;7
3590;10
3591;8
3592;9
3593;6
3594;2
3595;6
3596;7
3597;8
3598;5
3599;4
3600;6
3601;3
3602;4
3603;7
3604;10
3605;3
3606;5
3607;5
3608;7
3609;8
3610;5
3611;6
3612;7
3613;6
3614;5
3615;5
3616;8
3617;3
3618;5
3619;5
3620;9
3621;6
3622;6
3623;4
3624;9
3625;4
3626;3
3627;8
3628;4
3629;5
3630;8
3631;7
3632;7
3633;5
3634;6
3635;5
3636;4
3637;5
3638;8
3639;6
3640;9
3641;4
3642;2
3643;5
3644;7
3645;5
3646;5
3647;3
3648;7
3649;1
3650;4
3651;5
3652;6
3653;4
3654;3
3655;3
3656;11
3657;6
3658;5
3659;7
3660;0
3661;0
3662;2
3663;3
3664;5
3665;6
3666;3
3667;8
3668;4
3669;6
3670;2
3671;6
3672;10
3673;4
3674;2
3675;7
3676;7
3677;7
3678;4
3679;3
3680;6
3681;9
3682;4
3683;3
3684;8
3685;7
3686;2
3687;5
3688;3
3689;6
3690;3
3691;6
3692;10
3693;4
3694;7
3695;7
3696;7
3697;14
3698;4
3699;4
3700;4
3701;5
3702;3
3703;4
3704;6
3705;5
3706;9
3707;6
3708;6
3709;5
3710;3
3711;4
3712;4
3713;2
3714;6
3715;6
3716;6
3717;1
3718;6
3719;3
3720;3
3721;4
3722;7
3723;2
3724;6
3725;9
3726;6
3727;8
3728;6
3729;4
3730;6
3731;6
3732;5
3733;2
3734;3
3735;8
3736;8
3737;5
3738;7
3739;1
3740;3
3741;2
3742;2
3743;2
3744;1
3745;4
3746;9
3747;4
3748;6
3749;5
3750;4
3751;4
3752;4
3753;3
3754;5
3755;3
3756;5
3757;4
3758;4
3759;6
3760;7
3761;7
3762;6
3763;2
3764;3
3765;1
3766;3
3767;9
3768;5
3769;2
3770;2
3771;5
3772;4
3773;7
3774;4
3775;4
3776;8
3777;1
3778;4
3779;6
3780;3
3781;8
3782;2
3783;4
3784;2
3785;4
3786;4
3787;1
3788;6
3789;4
3790;6
3791;6
3792;3
3793;5
3794;6
3795;9
3796;5
3797;5
3798;2
3799;3
3800;4
3801;4
3802;3
3803;3
3804;7
3805;3
3806;5
3807;3
3808;2
3809;4
3810;4
3811;4
3812;2
3813;3
3814;0
3815;2
3816;2
3817;4
3818;2
3819;4
3820;4
3821;6
3822;1
3823;4
3824;7
3825;3
3826;6
3827;4
3828;6
3829;8
3830;3
3831;3
3832;4
3833;2
3834;6
3835;3
3836;4
3837;4
3838;2
3839;2
3840;3
3841;6
3842;7
3843;2
3844;2
3845;4
3846;3
3847;5
3848;2
3849;0
3850;3
3851;3
3852;9
3853;2
3854;4
3855;3
3856;4
3857;3
3858;2
3859;1
3860;1
3861;4
3862;7
3863;5
3864;3
3865;5
3866;4
3867;6
3868;6
3869;11
3870;1
3871;3
3872;3
3873;3
3874;4
3875;3
3876;5
3877;5
3878;2
3879;6
3880;5
3881;2
3882;6
3883;3
3884;10
3885;2
3886;2
3887;4
3888;7
3889;5
3890;2
3891;3
3892;4
3893;4
3894;5
3895;4
3896;2
3897;4
3898;7
3899;2
3900;5
3901;1
3902;1
3903;6
3904;6
3905;4
3906;6
3907;3
3908;3
3909;1
3910;2
3911;6
3912;5
3913;4
3914;5
3915;3
3916;3
3917;5
3918;1
3919;7
3920;4
3921;4
3922;4
3923;5
3924;5
3925;4
3926;5
3927;5
3928;1
3929;6
3930;7
3931;4
3932;4
3933;9
3934;1
3935;2
3936;5
3937;7
3938;2
3939;2
3940;4
3941;0
3942;6
3943;1
3944;5
3945;7
3946;2
3947;5
3948;6
3949;5
3950;3
3951;3
3952;7
3953;5
3954;6
3955;1
3956;3
3957;4
3958;4
3959;2
3960;6
3961;7
3962;2
3963;5
3964;2
3965;4
3966;4
3967;1
3968;3
3969;2
3970;1
3971;3
3972;2
3973;3
3974;6
3975;4
3976;4
3977;4
3978;5
3979;1
3980;8
3981;4
3982;4
3983;3
3984;1
3985;3
3986;3
3987;2
3988;5
3989;3
3990;2
3991;5
3992;1
3993;5
3994;1
3995;1
3996;1
3997;2
3998;4
3999;5
4000;3
4001;6
4002;3
4003;2
4004;4
4005;1
4006;3
4007;2
4008;5
4009;3
4010;4
4011;7
4012;4
4013;4
4014;6
4015;6
4016;3
4017;2
4018;2
4019;4
4020;5
4021;5
4022;2
4023;3
4024;5
4025;0
4026;4
4027;4
4028;1
4029;4
4030;2
4031;4
4032;1
4033;5
4034;4
4035;4
4036;1
4037;1
4038;2
4039;2
4040;1
4041;7
4042;4
4043;3
4044;4
4045;3
4046;3
4047;2
4048;3
4049;2
4050;5
4051;1
4052;4
4053;5
4054;3
4055;4
4056;3
4057;5
4058;4
4059;2
4060;3
4061;5
4062;3
4063;7
4064;3
4065;4
4066;1
4067;2
4068;6
4069;3
4070;5
4071;4
4072;3
4073;7
4074;1
4075;3
4076;4
4077;2
4078;3
4079;2
4080;2
4081;1
4082;5
4083;5
4084;1
4085;2
4086;2
4087;6
4088;2
4089;1
4090;5
4091;5
4092;2
4093;6
4094;1
4095;1
4096;4
4097;4
4098;5
4099;2
4100;0
4101;2
4102;5
4103;2
4104;5
4105;6
4106;6
4107;3
4108;4
4109;4
4110;2
4111;4
4112;1
4113;4
4114;2
4115;1
4116;0
4117;3
4118;2
4119;2
4120;2
4121;4
4122;6
4123;3
4124;4
4125;3
4126;3
4127;2
4128;2
4129;5
4130;4
4131;2
4132;3
4133;2
4134;3
4135;3
4136;4
4137;5
4138;1
4139;1
4140;4
4141;3
4142;2
4143;3
4144;4
4145;3
4146;4
4147;1
4148;3
4149;0
4150;2
4151;2
4152;1
4153;1
4154;5
4155;5
4156;2
4157;2
4158;0
4159;3
4160;4
4161;2
4162;3
4163;1
4164;1
4165;5
4166;2
4167;1
4168;0
4169;1
4170;4
4171;1
4172;3
4173;3
4174;5
4175;3
4176;3
4177;5
4178;3
4179;1
4180;4
4181;0
4182;5
4183;4
4184;2
4185;4
4186;2
4187;2
4188;2
4189;5
4190;3
4191;3
4192;2
4193;1
4194;2
4195;2
4196;1
4197;3
4198;3
4199;2
4200;3
4201;3
4202;0
4203;1
4204;6
4205;4
4206;1
4207;1
4208;4
4209;1
4210;1
4211;4
4212;3
4213;1
4214;1
4215;4
4216;0
4217;3
4218;2
4219;2
4220;3
4221;4
4222;3
4223;3
4224;0
4225;5
4226;2
4227;1
4228;2
4229;0
4230;2
4231;1
4232;1
4233;3
4234;2
4235;6
4236;1
4237;1
4238;1
4239;1
4240;3
4241;4
4242;1
4243;1
4244;4
4245;3
4246;1
4247;3
4248;3
4249;1
4250;4
4251;3
4252;4
4253;2
4254;3
4255;2
4256;1
4257;1
4258;3
4259;2
4260;1
4261;3
4262;3
4263;2
4264;3
4265;1
4266;3
4267;1
4268;0
4269;3
4270;1
4271;4
4272;2
4273;1
4274;2
4275;2
4276;3
4277;0
4278;3
4279;1
4280;1
4281;1
4282;1
4283;2
4284;3
4285;1
4286;3
4287;2
4288;3
4289;1
4290;2
4291;2
4292;4
4293;2
4294;3
4295;1
4296;1
4297;1
4298;1
4299;2
4300;2
4301;3
4302;0
4303;3
4304;2
4305;0
4306;0
4307;1
4308;5
4309;0
4310;0
4311;4
4312;3
4313;2
4314;2
4315;1
4316;4
4317;4
4318;4
4319;3
4320;4
4321;3
4322;2
4323;4
4324;2
4325;2
4326;3
4327;3
4328;3
4329;2
4330;6
4331;3
4332;4
4333;1
4334;2
4335;2
4336;4
4337;2
4338;1
4339;5
4340;3
4341;4
4342;2
4343;3
4344;4
4345;7
4346;1
4347;2
4348;4
4349;2
4350;0
4351;3
4352;3
4353;1
4354;3
4355;1
4356;3
4357;1
4358;1
4359;4
4360;3
4361;3
4362;0
4363;1
4364;4
4365;3
4366;0
4367;2
4368;1
4369;3
4370;1
4371;2
4372;5
4373;1
4374;1
4375;0
4376;0
4377;3
4378;1
4379;0
4380;3
4381;5
4382;3
4383;2
4384;1
4385;0
4386;3
4387;4
4388;9
4389;0
4390;1
4391;1
4392;2
4393;1
4394;2
4395;2
4396;4
4397;2
4398;1
4399;1
4400;3
4401;2
4402;4
4403;4
4404;1
4405;2
4406;2
4407;2
4408;1
4409;3
4410;3
4411;1
4412;3
4413;1
4414;1
4415;2
4416;4
4417;1
4418;6
4419;1
4420;1
4421;6
4422;0
4423;2
4424;1
4425;4
4426;3
4427;2
4428;3
4429;3
4430;3
4431;3
4432;1
4433;4
4434;0
4435;1
4436;1
4437;0
4438;1
4439;3
4440;1
4441;2
4442;2
4443;3
4444;3
4445;7
4446;2
4447;3
4448;1
4449;2
4450;2
4451;3
4452;0
4453;5
4454;0
4455;1
4456;0
4457;2
4458;1
4459;1
4460;1
4461;1
4462;0
4463;2
4464;2
4465;0
4466;1
4467;4
4468;0
4469;2
4470;0
4471;4
4472;3
4473;1
4474;4
4475;1
4476;2
4477;1
4478;2
4479;0
4480;2
4481;2
4482;2
4483;0
4484;4
4485;0
4486;1
4487;0
4488;1
4489;1
4490;2
4491;4
4492;0
4493;3
4494;4
4495;0
4496;2
4497;1
4498;2
4499;2
4500;2
4501;2
4502;1
4503;1
4504;0
4505;0
4506;3
4507;1
4508;0
4509;2
4510;1
4511;3
4512;3
4513;1
4514;1
4515;1
4516;5
4517;2
4518;1
4519;1
4520;1
4521;2
4522;0
4523;2
4524;4
4525;0
4526;0
4527;1
4528;2
4529;3
4530;0
4531;1
4532;2
4533;0
4534;4
4535;4
4536;1
4537;3
4538;1
4539;0
4540;1
4541;2
4542;0
4543;5
4544;0
4545;2
4546;1
4547;1
4548;0
4549;1
4550;1
4551;5
4552;1
4553;0
4554;1
4555;4
4556;0
4557;3
4558;3
4559;1
4560;1
4561;1
4562;1
4563;1
4564;2
4565;1
4566;2
4567;0
4568;1
4569;3
4570;1
4571;3
4572;1
4573;0
4574;1
4575;3
4576;1
4577;2
4578;2
4579;2
4580;1
4581;2
4582;3
4583;1
4584;0
4585;2
4586;2
4587;3
4588;0
4589;0
4590;2
4591;5
4592;2
4593;4
4594;0
4595;0
4596;0
4597;2
4598;0
4599;1
4600;4
4601;3
4602;2
4603;1
4604;2
4605;2
4606;5
4607;3
4608;3
4609;0
4610;2
4611;0
4612;1
4613;3
4614;0
4615;1
4616;2
4617;1
4618;0
4619;0
4620;0
4621;2
4622;1
4623;4
4624;0
4625;0
4626;1
4627;2
4628;2
4629;0
4630;0
4631;1
4632;0
4633;0
4634;2
4635;3
4636;2
4637;1
4638;3
4639;0
4640;1
4641;0
4642;0
4643;2
4644;0
4645;3
4646;3
4647;0
4648;1
4649;1
4650;1
4651;2
4652;2
4653;3
4654;3
4655;0
4656;1
4657;2
4658;1
4659;4
4660;1
4661;1
4662;1
4663;2
4664;1
4665;0
4666;1
4667;2
4668;3
4669;0
4670;0
4671;2
4672;0
4673;1
4674;0
4675;2
4676;0
4677;0
4678;3
4679;2
4680;0
4681;1
4682;2
4683;2
4684;3
4685;3
4686;1
4687;1
4688;1
4689;3
4690;1
4691;1
4692;5
4693;4
4694;4
4695;4
4696;5
4697;0
4698;2
4699;1
4700;0
4701;0
4702;2
4703;1
4704;0
4705;0
4706;1
4707;0
4708;1
4709;1
4710;2
4711;3
4712;2
4713;2
4714;1
4715;0
4716;2
4717;2
4718;1
4719;4
4720;0
4721;3
4722;2
4723;1
4724;1
4725;1
4726;1
4727;0
4728;0
4729;1
4730;2
4731;1
4732;1
4733;2
4734;0
4735;4
4736;4
4737;1
4738;2
4739;0
4740;1
4741;0
4742;2
4743;0
4744;0
4745;2
4746;0
4747;2
4748;0
4749;1
4750;1
4751;1
4752;1
4753;0
4754;2
4755;1
4756;2
4757;0
4758;1
4759;3
4760;1
4761;3
4762;1
4763;0
4764;1
4765;0
4766;0
4767;3
4768;2
4769;2
4770;0
4771;4
4772;1
4773;1
4774;3
4775;1
4776;2
4777;1
4778;2
4779;0
4780;0
4781;2
4782;2
4783;1
4784;2
4785;0
4786;1
4787;2
4788;0
4789;2
4790;2
4791;1
4792;2
4793;1
4794;0
4795;1
4796;1
4797;0
4798;1
4799;1
4800;1
4801;1
4802;2
4803;3
4804;0
4805;0
4806;2
4807;1
4808;0
4809;0
4810;2
4811;1
4812;3
4813;2
4814;1
4815;0
4816;2
4817;0
4818;0
4819;0
4820;1
4821;0
4822;2
4823;0
4824;4
4825;1
4826;1
4827;1
4828;1
4829;1
4830;2
4831;1
4832;1
4833;0
4834;2
4835;1
4836;2
4837;0
4838;2
4839;1
4840;2
4841;2
4842;3
4843;1
4844;2
4845;1
4846;1
4847;2
4848;1
4849;1
4850;0
4851;2
4852;1
4853;2
4854;0
4855;2
4856;0
4857;2
4858;2
4859;0
4860;0
4861;1
4862;3
4863;0
4864;0
4865;1
4866;1
4867;1
4868;1
4869;1
4870;0
4871;2
4872;0
4873;1
4874;3
4875;2
4876;1
4877;3
4878;1
4879;3
4880;0
4881;1
4882;0
4883;1
4884;1
4885;0
4886;1
4887;1
4888;0
4889;0
4890;2
4891;1
4892;3
4893;3
4894;2
4895;2
4896;1
4897;1
4898;1
4899;0
4900;0
4901;4
4902;3
4903;3
4904;1
4905;1
4906;2
4907;2
4908;2
4909;0
4910;0
4911;1
4912;1
4913;1
4914;0
4915;0
4916;1
4917;1
4918;0
4919;1
4920;1
4921;1
4922;1
4923;0
4924;0
4925;2
4926;1
4927;2
4928;1
4929;2
4930;0
4931;0
4932;0
4933;1
4934;1
4935;0
4936;1
4937;2
4938;3
4939;0
4940;2
4941;1
4942;0
4943;0
4944;0
4945;1
4946;1
4947;1
4948;1
4949;2
4950;0
4951;0
4952;1
4953;0
4954;1
4955;1
4956;1
4957;1
4958;1
4959;3
4960;2
4961;2
4962;0
4963;1
4964;2
4965;0
4966;0
4967;1
4968;0
4969;1
4970;1
4971;2
4972;0
4973;0
4974;1
4975;2
4976;2
4977;1
4978;1
4979;1
4980;1
4981;1
4982;0
4983;2
4984;0
4985;1
4986;1
4987;0
4988;3
4989;1
4990;1
4991;0
4992;3
4993;2
4994;2
4995;0
4996;3
4997;2
4998;3
4999;1
5000;0
5001;1
5002;0
5003;0
5004;0
5005;2
5006;1
5007;0
5008;2
5009;0
5010;0
5011;0
5012;1
5013;0
5014;1
5015;2
5016;2
5017;1
5018;0
5019;1
5020;0
5021;1
5022;1
5023;0
5024;1
5025;0
5026;1
5027;1
5028;1
5029;1
5030;0
5031;0
5032;1
5033;3
5034;1
5035;0
5036;0
5037;2
5038;0
5039;0
5040;0
5041;4
5042;1
5043;1
5044;0
5045;1
5046;1
5047;1
5048;0
5049;0
5050;2
5051;0
5052;1
5053;0
5054;0
5055;2
5056;1
5057;1
5058;1
5059;0
5060;1
5061;0
5062;1
5063;2
5064;0
5065;0
5066;2
5067;3
5068;0
5069;1
5070;1
5071;0
5072;0
5073;0
5074;1
5075;0
5076;2
5077;0
5078;1
5079;0
5080;0
5081;1
5082;0
5083;0
5084;2
5085;0
5086;0
5087;0
5088;0
5089;0
5090;1
5091;2
5092;1
5093;0
5094;2
5095;0
5096;0
5097;0
5098;0
5099;0
5100;0
5101;0
5102;1
5103;0
5104;1
5105;3
5106;1
5107;1
5108;2
5109;0
5110;0
5111;1
5112;0
5113;1
5114;1
5115;0
5116;0
5117;2
5118;2
5119;0
5120;0
5121;2
5122;0
5123;0
5124;0
5125;0
5126;0
5127;0
5128;0
5129;0
5130;0
5131;0
5132;1
5133;0
5134;3
5135;1
5136;1
5137;0
5138;0
5139;1
5140;0
5141;0
5142;0
5143;1
5144;1
5145;0
5146;0
5147;1
5148;0
5149;0
5150;0
5151;1
5152;1
5153;0
5154;0
5155;0
5156;3
5157;2
5158;0
5159;0
5160;1
5161;0
5162;1
5163;2
5164;2
5165;0
5166;0
5167;2
5168;1
5169;0
5170;2
5171;0
5172;0
5173;0
5174;1
5175;1
5176;0
5177;1
5178;1
5179;4
5180;0
5181;1
5182;1
5183;0
5184;0
5185;1
5186;1
5187;2
5188;0
5189;0
5190;0
5191;2
5192;0
5193;0
5194;2
5195;2
5196;0
5197;0
5198;2
5199;1
5200;1
5201;2
5202;1
5203;0
5204;0
5205;0
5206;1
5207;0
5208;0
5209;1
5210;0
5211;0
5212;0
5213;0
5214;0
5215;0
5216;0
5217;0
5218;0
5219;0
5220;1
5221;0
5222;2
5223;0
5224;0
5225;0
5226;0
5227;0
5228;1
5229;1
5230;0
5231;2
5232;1
5233;1
5234;3
5235;0
5236;0
5237;0
5238;0
5239;1
5240;1
5241;0
5242;1
5243;0
5244;1
5245;0
5246;0
5247;0
5248;0
5249;1
5250;0
5251;1
5252;0
5253;0
5254;0
5255;1
5256;0
5257;0
5258;1
5259;0
5260;0
5261;0
5262;2
5263;0
5264;1
5265;1
5266;0
5267;2
5268;0
5269;0
5270;1
5271;0
5272;1
5273;2
5274;0
5275;1
5276;0
5277;1
5278;2
5279;0
5280;0
5281;0
5282;3
5283;0
5284;0
5285;0
5286;0
5287;0
5288;2
5289;0
5290;1
5291;0
5292;0
5293;0
5294;0
5295;0
5296;1
5297;2
5298;1
5299;0
5300;4
5301;2
5302;1
5303;0
5304;0
5305;0
5306;0
5307;0
5308;0
5309;0
5310;0
5311;0
5312;1
5313;0
5314;2
5315;0
5316;1
5317;2
5318;0
5319;0
5320;1
5321;0
5322;0
5323;1
5324;0
5325;0
5326;1
5327;1
5328;1
5329;1
5330;2
5331;1
5332;1
5333;0
5334;3
5335;0
5336;0
5337;0
5338;1
5339;0
5340;0
5341;1
5342;1
5343;0
5344;1
5345;0
5346;1
5347;1
5348;0
5349;1
5350;0
5351;0
5352;0
5353;0
5354;1
5355;2
5356;1
5357;1
5358;1
5359;0
5360;1
5361;1
5362;0
5363;0
5364;0
5365;1
5366;1
5367;0
5368;1
5369;0
5370;1
5371;1
5372;2
5373;1
5374;0
5375;0
5376;1
5377;0
5378;0
5379;0
5380;0
5381;0
5382;1
5383;0
5384;1
5385;2
5386;1
5387;0
5388;0
5389;0
5390;0
5391;1
5392;1
5393;0
5394;3
5395;0
5396;0
5397;1
5398;2
5399;1
5400;1
5401;1
5402;0
5403;0
5404;0
5405;1
5406;0
5407;0
5408;1
5409;1
5410;1
5411;0
5412;1
5413;0
5414;0
5415;2
5416;1
5417;2
5418;1
5419;0
5420;0
5421;0
5422;1
5423;0
5424;0
5425;1
5426;0
5427;0
5428;1
5429;1
5430;0
5431;0
5432;0
5433;0
5434;1
5435;2
5436;1
5437;0
5438;0
5439;2
5440;1
5441;0
5442;2
5443;1
5444;1
5445;0
5446;1
5447;1
5448;0
5449;0
5450;1
5451;0
5452;1
5453;1
5454;1
5455;1
5456;0
5457;1
5458;1
5459;0
5460;0
5461;0
5462;0
5463;0
5464;0
5465;0
5466;0
5467;0
5468;1
5469;2
5470;2
5471;0
5472;1
5473;1
5474;1
5475;1
5476;2
5477;1
5478;0
5479;1
5480;0
5481;0
5482;0
5483;0
5484;0
5485;1
5486;0
5487;3
5488;0
5489;1
5490;1
5491;1
5492;1
5493;1
5494;1
5495;1
5496;0
5497;0
5498;0
5499;1
5500;1
5501;0
5502;0
5503;0
5504;0
5505;1
5506;1
5507;0
5508;1
5509;0
5510;0
5511;2
5512;0
5513;0
5514;2
5515;0
5516;0
5517;1
5518;1
5519;0
5520;2
5521;1
5522;0
5523;0
5524;0
5525;1
5526;0
5527;0
5528;0
5529;0
5530;0
5531;1
5532;1
5533;0
5534;1
5535;0
5536;1
5537;0
5538;1
5539;0
5540;0
5541;0
5542;1
5543;0
5544;0
5545;0
5546;1
5547;1
5548;0
5549;2
5550;0
5551;1
5552;0
5553;0
5554;0
5555;0
5556;0
5557;0
5558;0
5559;1
5560;1
5561;1
5562;1
5563;0
5564;1
5565;0
5566;0
5567;1
5568;0
5569;1
5570;1
5571;0
5572;1
5573;0
5574;0
5575;1
5576;0
5577;0
5578;0
5579;0
5580;0
5581;0
5582;0
5583;0
5584;0
5585;0
5586;0
5587;0
5588;0
5589;0
5590;0
5591;0
5592;1
5593;0
5594;0
5595;0
5596;2
5597;0
5598;4
5599;1
5600;0
5601;1
5602;0
5603;0
5604;1
5605;2
5606;0
5607;0
5608;0
5609;0
5610;1
5611;0
5612;0
5613;0
5614;0
5615;0
5616;0
5617;1
5618;0
5619;1
5620;0
5621;0
5622;0
5623;0
5624;0
5625;0
5626;1
5627;0
5628;0
5629;0
5630;0
5631;0
5632;0
5633;0
5634;0
5635;1
5636;2
5637;2
5638;0
5639;0
5640;0
5641;0
5642;0
5643;1
5644;0
5645;0
5646;1
5647;1
5648;0
5649;1
5650;0
5651;0
5652;0
5653;0
5654;1
5655;0
5656;0
5657;0
5658;0
5659;0
5660;0
5661;2
5662;0
5663;0
5664;0
5665;0
5666;0
5667;0
5668;1
5669;0
5670;0
5671;2
5672;1
5673;1
5674;0
5675;0
5676;0
5677;0
5678;1
5679;0
5680;1
5681;0
5682;0
5683;1
5684;0
5685;1
5686;0
5687;0
5688;0
5689;0
5690;2
5691;0
5692;0
5693;0
5694;0
5695;0
5696;0
5697;1
5698;0
5699;0
5700;0
5701;1
5702;0
5703;0
5704;0
5705;0
5706;1
5707;0
5708;0
5709;0
5710;0
5711;1
5712;0
5713;0
5714;0
5715;1
5716;0
5717;0
5718;1
5719;0
5720;1
5721;0
5722;0
5723;1
5724;0
5725;0
5726;0
5727;0
5728;0
5729;0
5730;0
5731;1
5732;0
5733;1
5734;1
5735;0
5736;0
5737;0
5738;0
5739;0
5740;1
5741;1
5742;0
5743;1
5744;0
5745;1
5746;1
5747;0
5748;0
5749;1
5750;0
5751;0
5752;0
5753;0
5754;0
5755;0
5756;0
5757;0
5758;0
5759;1
5760;1
5761;1
5762;2
5763;0
5764;1
5765;0
5766;1
5767;0
5768;0
5769;0
5770;0
5771;0
5772;1
5773;1
5774;0
5775;0
5776;1
5777;0
5778;1
5779;0
5780;1
5781;0
5782;0
5783;0
5784;1
5785;0
5786;0
5787;1
5788;0
5789;1
5790;0
5791;0
5792;0
5793;0
5794;0
5795;1
5796;0
5797;0
5798;0
5799;0
5800;0
5801;1
5802;1
5803;0
5804;0
5805;1
5806;0
5807;1
5808;0
5809;0
5810;0
5811;0
5812;0
5813;0
5814;0
5815;0
5816;0
5817;0
5818;1
5819;1
5820;0
5821;1
5822;1
5823;0
5824;1
5825;1
5826;0
5827;1
5828;0
5829;0
5830;1
5831;0
5832;0
5833;0
5834;0
5835;0
5836;0
5837;0
5838;0
5839;0
5840;0
5841;1
5842;1
5843;0
5844;1
5845;0
5846;0
5847;0
5848;0
5849;0
5850;2
5851;0
5852;0
5853;1
5854;2
5855;1
5856;1
5857;1
5858;0
5859;4
5860;2
5861;1
5862;3
5863;0
5864;0
5865;0
5866;2
5867;0
5868;0
5869;0
5870;0
5871;0
5872;0
5873;0
5874;0
5875;1
5876;2
5877;0
5878;0
5879;1
5880;0
5881;0
5882;0
5883;0
5884;0
5885;0
5886;1
5887;1
5888;1
5889;0
5890;1
5891;0
5892;0
5893;0
5894;0
5895;0
5896;1
5897;0
5898;0
5899;0
5900;0
5901;0
5902;0
5903;0
5904;0
5905;0
5906;0
5907;0
5908;0
5909;0
5910;1
5911;0
5912;1
5913;0
5914;0
5915;0
5916;0
5917;0
5918;1
5919;1
5920;0
5921;0
5922;1
5923;0
5924;1
5925;0
5926;0
5927;0
5928;1
5929;0
5930;0
5931;0
5932;0
5933;0
5934;0
5935;0
5936;0
5937;1
5938;0
5939;0
5940;1
5941;0
5942;0
5943;0
5944;1
5945;0
5946;1
5947;0
5948;0
5949;0
5950;0
5951;1
5952;0
5953;0
5954;0
5955;1
5956;0
5957;0
5958;0
5959;0
5960;1
5961;0
5962;0
5963;2
5964;1
5965;0
5966;0
5967;1
5968;0
5969;0
5970;0
5971;1
5972;0
5973;1
5974;0
5975;1
5976;1
5977;0
5978;0
5979;0
5980;2
5981;1
5982;0
5983;0
5984;0
5985;0
5986;0
5987;0
5988;0
5989;0
5990;1
5991;0
5992;1
5993;1
5994;0
5995;0
5996;0
5997;0
5998;0
5999;0
6000;0
6001;0
6002;0
6003;0
6004;0
6005;0
6006;0
6007;1
6008;0
6009;0
6010;0
6011;0
6012;1
6013;0
6014;0
6015;1
6016;2
6017;0
6018;0
6019;0
6020;1
6021;0
6022;1
6023;0
6024;1
6025;1
6026;0
6027;0
6028;0
6029;0
6030;0
6031;0
6032;0
6033;0
6034;0
6035;0
6036;1
6037;0
6038;0
6039;0
6040;0
6041;0
6042;1
6043;1
6044;0
6045;0
6046;0
6047;1
6048;1
6049;0
6050;0
6051;0
6052;0
6053;0
6054;1
6055;0
6056;0
6057;0
6058;0
6059;1
6060;1
6061;0
6062;0
6063;0
6064;0
6065;0
6066;1
6067;0
6068;0
6069;1
6070;0
6071;0
6072;0
6073;0
6074;0
6075;0
6076;0
6077;0
6078;0
6079;2
6080;0
6081;0
6082;0
6083;0
6084;0
6085;0
6086;0
6087;0
6088;0
6089;0
6090;1
6091;0
6092;1
6093;0
6094;0
6095;0
6096;1
6097;0
6098;0
6099;0
6100;1
6101;0
6102;0
6103;0
6104;0
6105;0
6106;0
6107;0
6108;1
6109;0
6110;0
6111;0
6112;0
6113;1
6114;0
6115;0
6116;0
6117;0
6118;0
6119;0
6120;0
6121;0
6122;0
6123;0
6124;1
6125;0
6126;0
6127;0
6128;0
6129;0
6130;0
6131;0
6132;0
6133;1
6134;0
6135;1
6136;0
6137;1
6138;0
6139;0
6140;0
6141;0
6142;0
6143;0
6144;0
6145;0
6146;0
6147;0
6148;1
6149;0
6150;0
6151;0
6152;0
6153;0
6154;0
6155;1
6156;0
6157;0
6158;1
6159;1
6160;0
6161;0
6162;0
6163;0
6164;0
6165;0
6166;0
6167;0
6168;0
6169;0
6170;0
6171;1
6172;0
6173;0
6174;0
6175;0
6176;0
6177;0
6178;0
6179;1
6180;0
6181;0
6182;1
6183;0
6184;0
6185;0
6186;0
6187;0
6188;0
6189;0
6190;0
6191;0
6192;0
6193;0
6194;0
6195;0
6196;0
6197;0
6198;1
6199;0
6200;0
6201;0
6202;0
6203;0
6204;0
6205;0
6206;0
6207;0
6208;1
6209;0
6210;1
6211;1
6212;0
6213;0
6214;0
6215;0
6216;0
6217;0
6218;0
6219;2
6220;0
6221;0
6222;0
6223;0
6224;0
6225;0
6226;0
6227;0
6228;0
6229;0
6230;0
6231;0
6232;0
6233;0
6234;0
6235;1
6236;0
6237;0
6238;0
6239;0
6240;0
6241;0
6242;0
6243;1
6244;0
6245;0
6246;0
6247;1
6248;0
6249;0
6250;0
6251;0
6252;0
6253;0
6254;0
6255;0
6256;0
6257;0
6258;0
6259;0
6260;1
6261;0
6262;0
6263;0
6264;0
6265;0
6266;0
6267;0
6268;0
6269;0
6270;0
6271;0
6272;0
6273;0
6274;0
6275;0
6276;0
6277;0
6278;0
6279;0
6280;0
6281;0
6282;0
6283;1
6284;0
6285;0
6286;0
6287;1
6288;0
6289;0
6290;0
6291;1
6292;2
6293;0
6294;0
6295;0
6296;0
6297;0
6298;0
6299;0
6300;0
6301;0
6302;0
6303;0
6304;0
6305;0
6306;0
6307;0
6308;0
6309;0
6310;1
6311;0
6312;0
6313;0
6314;0
6315;0
6316;0
6317;0
6318;0
6319;0
6320;0
6321;0
6322;0
6323;0
6324;0
6325;0
6326;0
6327;0
6328;0
6329;0
6330;1
6331;0
6332;0
6333;0
6334;0
6335;0
6336;0
6337;0
6338;0
6339;0
6340;0
6341;0
6342;0
6343;0
6344;0
6345;0
6346;0
6347;0
6348;0
6349;0
6350;0
6351;0
6352;0
6353;0
6354;0
6355;0
6356;1
6357;0
6358;0
6359;0
6360;0
6361;0
6362;0
6363;0
6364;2
6365;0
6366;1
6367;0
6368;0
6369;0
6370;0
6371;0
6372;0
6373;0
6374;0
6375;0
6376;0
6377;0
6378;0
6379;0
6380;0
6381;0
6382;1
6383;0
6384;0
6385;0
6386;0
6387;1
6388;0
6389;0
6390;0
6391;3
6392;0
6393;0
6394;0
6395;0
6396;0
6397;0
6398;0
6399;0
6400;0
6401;0
6402;0
6403;0
6404;0
6405;1
6406;0
6407;0
6408;0
6409;0
6410;0
6411;0
6412;0
6413;1
6414;0
6415;0
6416;0
6417;0
6418;1
6419;0
6420;0
6421;0
6422;0
6423;0
6424;0
6425;1
6426;0
6427;1
6428;1
6429;0
6430;0
6431;0
6432;1
6433;1
6434;0
6435;0
6436;0
6437;0
6438;1
6439;0
6440;0
6441;0
6442;0
6443;0
6444;0
6445;0
6446;0
6447;0
6448;0
6449;0
6450;1
6451;0
6452;0
6453;0
6454;0
6455;0
6456;0
6457;1
6458;1
6459;0
6460;2
6461;0
6462;0
6463;0
6464;0
6465;0
6466;0
6467;0
6468;0
6469;0
6470;0
6471;1
6472;0
6473;1
6474;0
6475;0
6476;0
6477;0
6478;0
6479;0
6480;0
6481;0
6482;0
6483;0
6484;0
6485;0
6486;0
6487;0
6488;0
6489;0
6490;0
6491;0
6492;0
6493;0
6494;0
6495;0
6496;1
6497;0
6498;0
6499;0
6500;0
6501;0
6502;1
6503;0
6504;0
6505;0
6506;0
6507;0
6508;0
6509;0
6510;0
6511;0
6512;0
6513;0
6514;0
6515;0
6516;0
6517;0
6518;0
6519;0
6520;0
6521;0
6522;0
6523;0
6524;0
6525;0
6526;0
6527;0
6528;1
6529;0
6530;0
6531;0
6532;0
6533;0
6534;0
6535;0
6536;0
6537;0
6538;0
6539;0
6540;0
6541;0
6542;0
6543;0
6544;0
6545;0
6546;0
6547;0
6548;0
6549;0
6550;0
6551;0
6552;0
6553;0
6554;0
6555;0
6556;0
6557;0
6558;0
6559;0
6560;0
6561;0
6562;0
6563;0
6564;0
6565;0
6566;1
6567;0
6568;1
6569;0
6570;0
6571;1
6572;0
6573;0
6574;0
6575;0
6576;0
6577;1
6578;0
6579;0
6580;0
6581;0
6582;0
6583;0
6584;0
6585;0
6586;0
6587;0
6588;0
6589;0
6590;0
6591;0
6592;0
6593;0
6594;0
6595;0
6596;0
6597;0
6598;0
6599;0
6600;0
6601;0
6602;0
6603;1
6604;0
6605;0
6606;1
6607;0
6608;0
6609;0
6610;0
6611;0
6612;0
6613;0
6614;0
6615;0
6616;0
6617;0
6618;0
6619;0
6620;0
6621;0
6622;0
6623;0
6624;0
6625;0
6626;0
6627;0
6628;0
6629;1
6630;0
6631;0
6632;0
6633;0
6634;0
6635;0
6636;0
6637;0
6638;0
6639;0
6640;0
6641;0
6642;0
6643;0
6644;0
6645;0
6646;0
6647;0
6648;0
6649;0
6650;0
6651;0
6652;0
6653;0
6654;0
6655;0
6656;0
6657;0
6658;0
6659;0
6660;0
6661;0
6662;0
6663;0
6664;0
6665;0
6666;1
6667;0
6668;0
6669;0
6670;0
6671;0
6672;1
6673;0
6674;0
6675;0
6676;0
6677;0
6678;0
6679;0
6680;0
6681;0
6682;0
6683;0
6684;0
6685;0
6686;0
6687;0
6688;1
6689;0
6690;0
6691;0
6692;0
6693;0
6694;0
6695;0
6696;0
6697;0
6698;0
6699;0
6700;0
6701;0
6702;0
6703;1
6704;0
6705;0
6706;1
6707;0
6708;0
6709;0
6710;0
6711;1
6712;0
6713;0
6714;0
6715;1
6716;0
6717;0
6718;0
6719;0
6720;0
6721;0
6722;0
6723;0
6724;0
6725;0
6726;1
6727;0
6728;0
6729;0
6730;0
6731;0
6732;0
6733;0
6734;0
6735;0
6736;0
6737;0
6738;0
6739;0
6740;0
6741;0
6742;0
6743;0
6744;0
6745;0
6746;0
6747;0
6748;0
6749;0
6750;0
6751;0
6752;0
6753;0
6754;1
6755;0
6756;1
6757;0
6758;0
6759;0
6760;1
6761;0
6762;0
6763;0
6764;0
6765;0
6766;0
6767;0
6768;0
6769;1
6770;0
6771;0
6772;0
6773;0
6774;0
6775;0
6776;0
6777;0
6778;0
6779;0
6780;0
6781;0
6782;0
6783;0
6784;0
6785;0
6786;0
6787;0
6788;0
6789;0
6790;1
6791;0
6792;0
6793;0
6794;0
6795;0
6796;0
6797;0
6798;0
6799;0
6800;1
6801;0
6802;0
6803;0
6804;0
6805;0
6806;0
6807;1
6808;0
6809;0
6810;0
6811;0
6812;0
6813;1
6814;0
6815;0
6816;0
6817;0
6818;0
6819;0
6820;0
6821;0
6822;0
6823;0
6824;0
6825;0
6826;0
6827;0
6828;1
6829;1
6830;1
6831;0
6832;0
6833;0
6834;0
6835;0
6836;0
6837;0
6838;0
6839;0
6840;0
6841;0
6842;2
6843;0
6844;0
6845;0
6846;0
6847;0
6848;0
6849;0
6850;0
6851;0
6852;0
6853;0
6854;0
6855;0
6856;0
6857;0
6858;0
6859;0
6860;0
6861;0
6862;0
6863;0
6864;0
6865;0
6866;0
6867;0
6868;0
6869;0
6870;0
6871;0
6872;0
6873;0
6874;1
6875;0
6876;0
6877;0
6878;0
6879;0
6880;0
6881;0
6882;0
6883;0
6884;0
6885;0
6886;0
6887;1
6888;0
6889;0
6890;0
6891;0
6892;0
6893;0
6894;0
6895;0
6896;1
6897;0
6898;0
6899;0
6900;0
6901;0
6902;0
6903;0
6904;0
6905;0
6906;0
6907;0
6908;0
6909;1
6910;0
6911;0
6912;0
6913;0
6914;1
6915;0
6916;0
6917;0
6918;0
6919;0
6920;0
6921;0
6922;0
6923;0
6924;0
6925;0
6926;0
6927;0
6928;0
6929;0
6930;0
6931;0
6932;0
6933;0
6934;0
6935;0
6936;0
6937;0
6938;0
6939;0
6940;0
6941;0
6942;0
6943;0
6944;0
6945;0
6946;0
6947;0
6948;0
6949;0
6950;0
6951;0
6952;0
6953;0
6954;0
6955;0
6956;0
6957;0
6958;0
6959;0
6960;0
6961;0
6962;0
6963;0
6964;0
6965;0
6966;0
6967;0
6968;0
6969;0
6970;0
6971;0
6972;0
6973;0
6974;0
6975;0
6976;0
6977;0
6978;0
6979;0
6980;0
6981;0
6982;0
6983;0
6984;0
6985;0
6986;0
6987;0
6988;0
6989;0
6990;0
6991;0
6992;0
6993;0
6994;0
6995;0
6996;0
6997;0
6998;0
6999;0
7000;0
7001;0
7002;0
7003;0
7004;0
7005;0
7006;0
7007;0
7008;0
7009;0
7010;0
7011;0
7012;0
7013;0
7014;0
7015;0
7016;0
7017;0
7018;0
7019;0
7020;0
7021;0
7022;0
7023;0
7024;0
7025;1
7026;0
7027;0
7028;0
7029;0
7030;0
7031;0
7032;0
7033;0
7034;1
7035;0
7036;0
7037;0
7038;0
7039;0
7040;0
7041;0
7042;0
7043;0
7044;0
7045;0
7046;0
7047;0
7048;0
7049;0
7050;0
7051;0
7052;0
7053;0
7054;0
7055;1
7056;0
7057;0
7058;0
7059;0
7060;0
7061;0
7062;0
7063;0
7064;0
7065;0
7066;0
7067;1
7068;0
7069;0
7070;0
7071;0
7072;0
7073;0
7074;0
7075;0
7076;0
7077;0
7078;0
7079;0
7080;0
7081;0
7082;0
7083;0
7084;0
7085;0
7086;0
7087;0
7088;0
7089;0
7090;0
7091;0
7092;0
7093;0
7094;0
7095;0
7096;0
7097;0
7098;0
7099;0
7100;0
7101;1
7102;0
7103;0
7104;0
7105;0
7106;0
7107;0
7108;0
7109;0
7110;0
7111;0
7112;0
7113;0
7114;0
7115;0
7116;0
7117;0
7118;0
7119;0
7120;0
7121;0
7122;0
7123;0
7124;0
7125;0
7126;0
7127;0
7128;0
7129;0
7130;0
7131;0
7132;0
7133;0
7134;0
7135;1
7136;0
7137;0
7138;0
7139;0
7140;0
7141;0
7142;0
7143;0
7144;0
7145;0
7146;0
7147;0
7148;0
7149;0
7150;0
7151;0
7152;0
7153;0
7154;0
7155;0
7156;0
7157;0
7158;0
7159;0
7160;0
7161;0
7162;0
7163;0
7164;0
7165;0
7166;1
7167;0
7168;0
7169;0
7170;0
7171;0
7172;0
7173;0
7174;0
7175;0
7176;0
7177;0
7178;0
7179;0
7180;0
7181;0
7182;0
7183;1
7184;0
7185;0
7186;0
7187;1
7188;0
7189;0
7190;0
7191;0
7192;0
7193;0
7194;0
7195;0
7196;0
7197;0
7198;0
7199;0
7200;0
7201;0
7202;0
7203;0
7204;0
7205;0
7206;0
7207;0
7208;1
7209;0
7210;1
7211;1
7212;0
7213;0
7214;0
7215;0
7216;0
7217;0
7218;0
7219;0
7220;0
7221;0
7222;0
7223;0
7224;0
7225;1
7226;0
7227;0
7228;0
7229;0
7230;0
7231;0
7232;0
7233;0
7234;0
7235;0
7236;0
7237;0
7238;0
7239;0
7240;0
7241;0
7242;1
7243;0
7244;0
7245;0
7246;0
7247;0
7248;0
7249;0
7250;0
7251;0
7252;0
7253;0
7254;1
7255;0
7256;0
7257;0
7258;0
7259;0
7260;1
7261;0
7262;0
7263;0
7264;0
7265;0
7266;0
7267;0
7268;0
7269;0
7270;0
7271;1
7272;0
7273;0
7274;0
7275;1
7276;0
7277;0
7278;0
7279;0
7280;0
7281;0
7282;0
7283;0
7284;0
7285;0
7286;1
7287;0
7288;0
7289;0
7290;0
7291;0
7292;0
7293;0
7294;0
7295;0
7296;0
7297;0
7298;0
7299;0
7300;0
7301;0
7302;0
7303;0
7304;0
7305;0
7306;0
7307;0
7308;0
7309;0
7310;0
7311;0
7312;0
7313;0
7314;0
7315;0
7316;0
7317;0
7318;0
7319;0
7320;0
7321;0
7322;0
7323;0
7324;0
7325;0
7326;0
7327;0
7328;0
7329;0
7330;0
7331;0
7332;0
7333;0
7334;0
7335;0
7336;0
7337;0
7338;0
7339;0
7340;0
7341;0
7342;0
7343;0
7344;0
7345;0
7346;0
7347;0
7348;0
7349;0
7350;0
7351;0
7352;0
7353;0
7354;0
7355;0
7356;0
7357;0
7358;0
7359;0
7360;0
7361;0
7362;0
7363;0
7364;0
7365;0
7366;0
7367;0
7368;0
7369;0
7370;0
7371;0
7372;0
7373;1
7374;0
7375;0
7376;0
7377;0
7378;0
7379;0
7380;0
7381;0
7382;0
7383;0
7384;0
7385;0
7386;0
7387;0
7388;0
7389;0
7390;0
7391;0
7392;0
7393;0
7394;0
7395;0
7396;0
7397;0
7398;0
7399;0
7400;0
7401;0
7402;0
7403;0
7404;0
7405;0
7406;0
7407;0
7408;0
7409;0
7410;0
7411;0
7412;0
7413;0
7414;0
7415;0
7416;0
7417;0
7418;0
7419;0
7420;0
7421;0
7422;0
7423;0
7424;0
7425;0
7426;0
7427;0
7428;0
7429;0
7430;0
7431;0
7432;0
7433;0
7434;0
7435;0
7436;0
7437;0
7438;0
7439;0
7440;0
7441;0
7442;0
7443;0
7444;0
7445;0
7446;0
7447;0
7448;0
7449;0
7450;0
7451;0
7452;0
7453;0
7454;0
7455;0
7456;0
7457;0
7458;0
7459;1
7460;0
7461;0
7462;0
7463;0
7464;0
7465;0
7466;0
7467;0
7468;0
7469;0
7470;0
7471;0
7472;0
7473;0
7474;0
7475;0
7476;0
7477;0
7478;0
7479;0
7480;0
7481;0
7482;0
7483;0
7484;0
7485;0
7486;0
7487;0
7488;0
7489;0
7490;0
7491;0
7492;0
7493;0
7494;0
7495;0
7496;0
7497;0
7498;0
7499;0
7500;0
7501;0
7502;0
7503;0
7504;0
7505;0
7506;0
7507;0
7508;0
7509;0
7510;0
7511;0
7512;0
7513;0
7514;0
7515;0
7516;0
7517;0
7518;0
7519;0
7520;0
7521;0
7522;0
7523;0
7524;0
7525;0
7526;0
7527;0
7528;0
7529;0
7530;0
7531;0
7532;0
7533;0
7534;0
7535;0
7536;0
7537;0
7538;0
7539;0
7540;0
7541;0
7542;0
7543;0
7544;0
7545;0
7546;0
7547;0
7548;0
7549;0
7550;0
7551;0
7552;0
7553;0
7554;0
7555;0
7556;0
7557;0
7558;0
7559;0
7560;0
7561;0
7562;0
7563;0
7564;0
7565;0
7566;0
7567;0
7568;0
7569;0
7570;0
7571;0
7572;0
7573;0
7574;0
7575;0
7576;0
7577;0
7578;0
7579;0
7580;0
7581;0
7582;0
7583;0
7584;0
7585;0
7586;0
7587;0
7588;0
7589;0
7590;0
7591;0
7592;0
7593;0
7594;0
7595;0
7596;0
7597;0
7598;0
7599;0
7600;0
7601;0
7602;0
7603;0
7604;0
7605;0
7606;0
7607;0
7608;0
7609;0
7610;0
7611;0
7612;0
7613;0
7614;0
7615;0
7616;0
7617;0
7618;0
7619;0
7620;0
7621;0
7622;0
7623;0
7624;1
7625;0
7626;0
7627;0
7628;0
7629;0
7630;0
7631;0
7632;0
7633;0
7634;0
7635;0
7636;0
7637;0
7638;0
7639;0
7640;0
7641;0
7642;0
7643;0
7644;0
7645;0
7646;0
7647;0
7648;1
7649;0
7650;1
7651;0
7652;0
7653;1
7654;0
7655;0
7656;0
7657;0
7658;0
7659;1
7660;0
7661;0
7662;0
7663;0
7664;0
7665;0
7666;0
7667;0
7668;0
7669;0
7670;0
7671;0
7672;0
7673;0
7674;0
7675;0
7676;0
7677;0
7678;0
7679;0
7680;0
7681;0
7682;0
7683;0
7684;0
7685;0
7686;0
7687;0
7688;0
7689;0
7690;0
7691;0
7692;0
7693;0
7694;0
7695;0
7696;0
7697;0
7698;0
7699;0
7700;0
7701;0
7702;0
7703;0
7704;0
7705;0
7706;0
7707;0
7708;1
7709;0
7710;0
7711;0
7712;0
7713;0
7714;0
7715;0
7716;0
7717;0
7718;0
7719;0
7720;0
7721;1
7722;0
7723;0
7724;0
7725;0
7726;0
7727;0
7728;0
7729;0
7730;0
7731;0
7732;0
7733;0
7734;0
7735;0
7736;0
7737;0
7738;0
7739;0
7740;0
7741;0
7742;0
7743;0
7744;0
7745;0
7746;0
7747;0
7748;0
7749;0
7750;0
7751;0
7752;0
7753;0
7754;0
7755;0
7756;0
7757;0
7758;0
7759;0
7760;0
7761;0
7762;0
7763;0
7764;0
7765;0
7766;0
7767;0
7768;0
7769;0
7770;0
7771;0
7772;0
7773;0
7774;0
7775;0
7776;0
7777;0
7778;0
7779;0
7780;0
7781;1
7782;0
7783;0
7784;0
7785;0
7786;0
7787;0
7788;0
7789;0
7790;0
7791;0
7792;0
7793;0
7794;0
7795;0
7796;0
7797;0
7798;0
7799;0
7800;0
7801;0
7802;0
7803;0
7804;0
7805;0
7806;0
7807;0
7808;0
7809;0
7810;0
7811;0
7812;0
7813;0
7814;0
7815;0
7816;0
7817;0
7818;0
7819;0
7820;0
7821;0
7822;0
7823;0
7824;0
7825;0
7826;0
7827;0
7828;0
7829;0
7830;0
7831;0
7832;0
7833;0
7834;0
7835;0
7836;0
7837;0
7838;0
7839;0
7840;0
7841;0
7842;0
7843;0
7844;0
7845;0
7846;0
7847;0
7848;0
7849;0
7850;0
7851;0
7852;1
7853;0
7854;0
7855;0
7856;0
7857;0
7858;0
7859;0
7860;0
7861;0
7862;0
7863;0
7864;0
7865;0
7866;0
7867;0
7868;0
7869;0
7870;0
7871;0
7872;0
7873;0
7874;0
7875;0
7876;0
7877;0
7878;0
7879;0
7880;0
7881;0
7882;0
7883;0
7884;0
7885;0
7886;0
7887;0
7888;0
7889;0
7890;0
7891;0
7892;0
7893;0
7894;0
7895;0
7896;0
7897;0
7898;0
7899;0
7900;0
7901;0
7902;0
7903;0
7904;0
7905;0
7906;0
7907;0
7908;0
7909;0
7910;0
7911;0
7912;0
7913;0
7914;0
7915;0
7916;0
7917;0
7918;0
7919;0
7920;0
7921;0
7922;0
7923;0
7924;0
7925;0
7926;0
7927;0
7928;0
7929;1
7930;0
7931;0
7932;0
7933;0
7934;0
7935;0
7936;0
7937;0
7938;0
7939;0
7940;0
7941;0
7942;0
7943;0
7944;0
7945;0
7946;0
7947;0
7948;0
7949;0
7950;0
7951;0
7952;0
7953;0
7954;0
7955;0
7956;0
7957;0
7958;0
7959;0
7960;0
7961;0
7962;0
7963;0
7964;0
7965;0
7966;0
7967;0
7968;0
7969;0
7970;0
7971;0
7972;0
7973;0
7974;0
7975;0
7976;0
7977;1
7978;0
7979;0
7980;0
7981;0
7982;0
7983;0
7984;0
7985;0
7986;0
7987;0
7988;1
7989;0
7990;0
7991;0
7992;0
7993;0
7994;0
7995;0
7996;0
7997;0
7998;0
7999;0
8000;0
8001;0
8002;0
8003;0
8004;0
8005;0
8006;0
8007;0
8008;0
8009;0
8010;0
8011;0
8012;0
8013;0
8014;0
8015;0
8016;0
8017;0
8018;0
8019;0
8020;0
8021;0
8022;0
8023;0
8024;0
8025;0
8026;0
8027;0
8028;0
8029;0
8030;0
8031;0
8032;0
8033;0
8034;0
8035;0
8036;0
8037;0
8038;0
8039;0
8040;0
8041;0
8042;0
8043;0
8044;0
8045;0
8046;0
8047;0
8048;0
8049;0
8050;0
8051;0
8052;0
8053;0
8054;0
8055;0
8056;0
8057;0
8058;0
8059;0
8060;0
8061;0
8062;0
8063;0
8064;0
8065;0
8066;0
8067;0
8068;0
8069;0
8070;0
8071;0
8072;0
8073;0
8074;0
8075;0
8076;0
8077;0
8078;0
8079;0
8080;0
8081;0
8082;0
8083;0
8084;0
8085;0
8086;0
8087;0
8088;0
8089;0
8090;0
8091;0
8092;0
8093;0
8094;0
8095;0
8096;0
8097;0
8098;0
8099;0
8100;0
8101;0
8102;0
8103;0
8104;0
8105;0
8106;0
8107;0
8108;0
8109;0
8110;0
8111;0
8112;0
8113;0
8114;0
8115;0
8116;0
8117;0
8118;0
8119;0
8120;0
8121;0
8122;0
8123;0
8124;0
8125;0
8126;0
8127;0
8128;0
8129;0
8130;0
8131;0
8132;0
8133;0
8134;0
8135;0
8136;0
8137;0
8138;0
8139;0
8140;0
8141;0
8142;0
8143;0
8144;0
8145;0
8146;0
8147;0
8148;0
8149;0
8150;0
8151;0
8152;0
8153;0
8154;0
8155;0
8156;0
8157;0
8158;0
8159;0
8160;0
8161;0
8162;0
8163;0
8164;0
8165;0
8166;0
8167;0
8168;0
8169;0
8170;0
8171;0
8172;0
8173;0
8174;0
8175;0
8176;0
8177;0
8178;0
8179;0
8180;0
8181;0
8182;0
8183;0
8184;0
8185;0
8186;0
8187;0
8188;0
8189;0
8190;0
8191;0
