0;0
1;0
2;0
3;0
4;0
5;0
6;0
7;0
8;0
9;0
10;0
11;0
12;0
13;0
14;0
15;0
16;0
17;0
18;0
19;0
20;0
21;0
22;0
23;0
24;0
25;0
26;0
27;0
28;0
29;0
30;0
31;0
32;0
33;0
34;0
35;0
36;0
37;0
38;0
39;0
40;0
41;0
42;0
43;0
44;0
45;0
46;0
47;0
48;0
49;0
50;0
51;0
52;0
53;0
54;0
55;0
56;0
57;0
58;0
59;0
60;0
61;0
62;0
63;0
64;0
65;0
66;0
67;0
68;0
69;0
70;0
71;0
72;0
73;0
74;0
75;0
76;0
77;0
78;0
79;0
80;0
81;0
82;0
83;0
84;0
85;0
86;0
87;0
88;0
89;0
90;0
91;0
92;0
93;0
94;0
95;0
96;0
97;0
98;0
99;0
100;0
101;0
102;0
103;0
104;0
105;0
106;0
107;0
108;0
109;0
110;0
111;0
112;0
113;0
114;0
115;0
116;0
117;0
118;0
119;0
120;0
121;0
122;0
123;0
124;0
125;0
126;0
127;0
128;0
129;0
130;0
131;0
132;0
133;0
134;0
135;0
136;0
137;0
138;0
139;0
140;0
141;0
142;0
143;0
144;0
145;1
146;0
147;0
148;0
149;0
150;0
151;1
152;0
153;0
154;0
155;0
156;1
157;0
158;0
159;0
160;0
161;1
162;0
163;0
164;0
165;0
166;0
167;0
168;0
169;0
170;0
171;0
172;0
173;0
174;0
175;0
176;0
177;0
178;1
179;0
180;0
181;1
182;0
183;0
184;0
185;0
186;0
187;0
188;0
189;0
190;0
191;0
192;1
193;1
194;0
195;0
196;0
197;0
198;0
199;0
200;1
201;1
202;0
203;1
204;0
205;0
206;0
207;1
208;1
209;0
210;0
211;1
212;0
213;2
214;0
215;1
216;0
217;0
218;0
219;0
220;1
221;0
222;1
223;0
224;1
225;1
226;1
227;0
228;1
229;0
230;0
231;0
232;1
233;0
234;0
235;0
236;0
237;0
238;0
239;0
240;1
241;0
242;0
243;0
244;2
245;0
246;1
247;0
248;1
249;1
250;1
251;0
252;0
253;0
254;2
255;0
256;2
257;1
258;1
259;0
260;1
261;2
262;2
263;1
264;2
265;0
266;1
267;3
268;2
269;1
270;2
271;0
272;2
273;1
274;0
275;0
276;0
277;3
278;3
279;3
280;1
281;1
282;2
283;0
284;4
285;0
286;3
287;1
288;0
289;4
290;0
291;1
292;2
293;1
294;2
295;4
296;1
297;3
298;1
299;1
300;0
301;0
302;1
303;1
304;1
305;3
306;0
307;0
308;4
309;2
310;1
311;3
312;4
313;8
314;4
315;0
316;2
317;7
318;6
319;3
320;2
321;2
322;7
323;3
324;2
325;3
326;2
327;3
328;5
329;2
330;4
331;3
332;3
333;3
334;1
335;3
336;6
337;7
338;4
339;5
340;5
341;3
342;1
343;2
344;3
345;9
346;4
347;12
348;7
349;10
350;12
351;2
352;2
353;4
354;6
355;3
356;7
357;7
358;7
359;7
360;6
361;8
362;7
363;5
364;12
365;0
366;4
367;3
368;4
369;4
370;7
371;3
372;7
373;7
374;9
375;8
376;6
377;7
378;10
379;5
380;3
381;6
382;8
383;5
384;7
385;4
386;5
387;7
388;7
389;9
390;8
391;12
392;6
393;6
394;6
395;4
396;9
397;7
398;7
399;7
400;8
401;4
402;9
403;3
404;13
405;12
406;7
407;10
408;9
409;5
410;11
411;9
412;10
413;9
414;8
415;4
416;14
417;15
418;3
419;10
420;13
421;11
422;8
423;11
424;2
425;8
426;13
427;7
428;4
429;5
430;9
431;4
432;10
433;10
434;15
435;13
436;9
437;8
438;13
439;11
440;5
441;13
442;11
443;14
444;12
445;6
446;13
447;8
448;10
449;15
450;9
451;9
452;10
453;9
454;14
455;9
456;10
457;11
458;13
459;7
460;14
461;11
462;8
463;9
464;11
465;13
466;12
467;11
468;8
469;14
470;7
471;10
472;7
473;8
474;12
475;8
476;15
477;6
478;6
479;9
480;13
481;12
482;6
483;12
484;8
485;10
486;12
487;12
488;3
489;7
490;10
491;8
492;13
493;11
494;13
495;11
496;7
497;7
498;6
499;6
500;11
501;12
502;8
503;11
504;2
505;8
506;8
507;15
508;5
509;12
510;6
511;9
512;7
513;8
514;6
515;7
516;9
517;11
518;14
519;6
520;8
521;10
522;8
523;9
524;8
525;6
526;7
527;6
528;12
529;11
530;8
531;6
532;11
533;6
534;5
535;7
536;9
537;6
538;11
539;10
540;6
541;7
542;4
543;11
544;7
545;6
546;5
547;6
548;5
549;4
550;6
551;9
552;7
553;5
554;8
555;4
556;8
557;7
558;5
559;6
560;7
561;8
562;7
563;8
564;4
565;6
566;14
567;11
568;4
569;7
570;8
571;4
572;5
573;5
574;7
575;5
576;3
577;4
578;8
579;1
580;5
581;3
582;6
583;6
584;7
585;3
586;8
587;7
588;4
589;3
590;7
591;4
592;3
593;4
594;4
595;3
596;4
597;3
598;7
599;3
600;5
601;2
602;2
603;6
604;5
605;3
606;4
607;2
608;3
609;4
610;0
611;1
612;8
613;4
614;4
615;6
616;1
617;9
618;3
619;3
620;0
621;1
622;4
623;5
624;3
625;5
626;2
627;1
628;3
629;6
630;5
631;2
632;4
633;3
634;1
635;3
636;0
637;1
638;2
639;5
640;4
641;1
642;1
643;5
644;0
645;2
646;4
647;2
648;2
649;1
650;3
651;2
652;1
653;0
654;0
655;0
656;2
657;0
658;1
659;0
660;0
661;1
662;1
663;5
664;1
665;2
666;2
667;1
668;2
669;0
670;2
671;0
672;1
673;1
674;2
675;0
676;3
677;0
678;1
679;1
680;0
681;0
682;2
683;1
684;1
685;1
686;0
687;0
688;2
689;0
690;2
691;0
692;0
693;0
694;0
695;0
696;1
697;0
698;1
699;3
700;0
701;0
702;0
703;0
704;0
705;1
706;0
707;0
708;2
709;2
710;2
711;1
712;1
713;1
714;0
715;0
716;1
717;1
718;0
719;0
720;0
721;1
722;0
723;1
724;1
725;0
726;1
727;0
728;1
729;0
730;0
731;0
732;1
733;0
734;0
735;0
736;0
737;0
738;0
739;0
740;0
741;0
742;0
743;0
744;0
745;2
746;0
747;0
748;0
749;0
750;1
751;0
752;0
753;1
754;0
755;0
756;0
757;0
758;1
759;0
760;0
761;0
762;0
763;0
764;0
765;0
766;1
767;0
768;0
769;0
770;0
771;0
772;0
773;0
774;0
775;0
776;0
777;0
778;0
779;0
780;0
781;0
782;1
783;0
784;0
785;0
786;0
787;0
788;0
789;0
790;0
791;0
792;0
793;0
794;0
795;0
796;0
797;0
798;0
799;0
800;0
801;0
802;0
803;0
804;0
805;0
806;0
807;0
808;0
809;0
810;0
811;0
812;0
813;0
814;0
815;0
816;0
817;0
818;0
819;0
820;0
821;0
822;0
823;0
824;0
825;0
826;0
827;0
828;0
829;0
830;0
831;0
832;0
833;0
834;0
835;0
836;0
837;0
838;0
839;0
840;0
841;0
842;0
843;0
844;0
845;0
846;0
847;0
848;0
849;0
850;0
851;0
852;0
853;0
854;0
855;0
856;1
857;0
858;0
859;0
860;0
861;0
862;0
863;0
864;0
865;0
866;0
867;0
868;0
869;0
870;0
871;0
872;0
873;0
874;0
875;0
876;0
877;0
878;0
879;0
880;0
881;0
882;0
883;0
884;0
885;0
886;0
887;0
888;0
889;0
890;0
891;0
892;0
893;0
894;0
895;0
896;0
897;0
898;0
899;0
900;0
901;0
902;0
903;0
904;0
905;0
906;0
907;0
908;0
909;0
910;0
911;0
912;0
913;0
914;0
915;0
916;0
917;0
918;0
919;0
920;0
921;0
922;0
923;0
924;0
925;0
926;0
927;0
928;0
929;0
930;0
931;0
932;0
933;0
934;0
935;0
936;0
937;0
938;0
939;0
940;0
941;0
942;0
943;0
944;0
945;0
946;0
947;0
948;0
949;0
950;0
951;0
952;0
953;0
954;0
955;0
956;0
957;1
958;0
959;0
960;0
961;0
962;0
963;0
964;0
965;0
966;0
967;0
968;0
969;0
970;0
971;0
972;0
973;0
974;0
975;0
976;0
977;0
978;0
979;0
980;0
981;0
982;0
983;0
984;0
985;0
986;0
987;0
988;0
989;0
990;0
991;0
992;0
993;0
994;0
995;0
996;0
997;0
998;0
999;0
1000;0
1001;0
1002;0
1003;0
1004;0
1005;0
1006;0
1007;0
1008;0
1009;0
1010;0
1011;0
1012;0
1013;0
1014;0
1015;0
1016;0
1017;0
1018;0
1019;0
1020;0
1021;0
1022;0
1023;0
1024;0
1025;0
1026;0
1027;0
1028;0
1029;0
1030;0
1031;0
1032;0
1033;0
1034;0
1035;0
1036;0
1037;0
1038;0
1039;0
1040;0
1041;0
1042;0
1043;0
1044;0
1045;0
1046;0
1047;0
1048;0
1049;0
1050;0
1051;0
1052;0
1053;0
1054;0
1055;0
1056;0
1057;0
1058;0
1059;0
1060;0
1061;0
1062;0
1063;0
1064;0
1065;0
1066;0
1067;0
1068;0
1069;0
1070;0
1071;0
1072;0
1073;0
1074;0
1075;0
1076;0
1077;0
1078;0
1079;0
1080;0
1081;0
1082;0
1083;0
1084;0
1085;0
1086;0
1087;0
1088;0
1089;0
1090;0
1091;0
1092;0
1093;0
1094;0
1095;0
1096;0
1097;0
1098;0
1099;0
1100;0
1101;0
1102;0
1103;0
1104;0
1105;0
1106;0
1107;0
1108;0
1109;0
1110;0
1111;0
1112;0
1113;0
1114;0
1115;0
1116;0
1117;0
1118;0
1119;0
1120;0
1121;0
1122;0
1123;0
1124;0
1125;0
1126;0
1127;0
1128;0
1129;0
1130;0
1131;0
1132;0
1133;0
1134;0
1135;0
1136;0
1137;0
1138;0
1139;0
1140;0
1141;0
1142;0
1143;0
1144;0
1145;0
1146;0
1147;0
1148;0
1149;0
1150;0
1151;0
1152;0
1153;0
1154;0
1155;0
1156;0
1157;0
1158;0
1159;0
1160;0
1161;0
1162;0
1163;0
1164;0
1165;0
1166;0
1167;0
1168;0
1169;0
1170;0
1171;0
1172;0
1173;0
1174;0
1175;0
1176;0
1177;0
1178;0
1179;0
1180;0
1181;0
1182;0
1183;0
1184;0
1185;0
1186;0
1187;0
1188;0
1189;0
1190;0
1191;0
1192;0
1193;0
1194;0
1195;0
1196;0
1197;0
1198;0
1199;0
1200;0
1201;0
1202;0
1203;0
1204;0
1205;0
1206;0
1207;0
1208;0
1209;0
1210;0
1211;0
1212;0
1213;0
1214;0
1215;0
1216;0
1217;0
1218;0
1219;0
1220;0
1221;0
1222;0
1223;0
1224;0
1225;0
1226;0
1227;0
1228;0
1229;0
1230;0
1231;0
1232;0
1233;0
1234;0
1235;1
1236;0
1237;0
1238;0
1239;0
1240;0
1241;0
1242;0
1243;0
1244;0
1245;0
1246;0
1247;0
1248;0
1249;0
1250;0
1251;0
1252;0
1253;0
1254;0
1255;0
1256;0
1257;0
1258;0
1259;0
1260;0
1261;0
1262;0
1263;0
1264;0
1265;0
1266;0
1267;0
1268;0
1269;0
1270;0
1271;0
1272;0
1273;0
1274;0
1275;0
1276;0
1277;0
1278;1
1279;0
1280;0
1281;0
1282;0
1283;0
1284;0
1285;0
1286;0
1287;0
1288;0
1289;0
1290;0
1291;0
1292;0
1293;0
1294;0
1295;0
1296;0
1297;0
1298;0
1299;0
1300;0
1301;0
1302;0
1303;0
1304;0
1305;0
1306;0
1307;0
1308;0
1309;0
1310;0
1311;0
1312;0
1313;0
1314;0
1315;0
1316;0
1317;0
1318;0
1319;0
1320;0
1321;0
1322;0
1323;0
1324;0
1325;0
1326;0
1327;0
1328;0
1329;0
1330;0
1331;0
1332;0
1333;0
1334;0
1335;0
1336;0
1337;0
1338;0
1339;0
1340;0
1341;0
1342;0
1343;0
1344;0
1345;1
1346;0
1347;0
1348;0
1349;0
1350;0
1351;0
1352;0
1353;0
1354;0
1355;0
1356;0
1357;0
1358;0
1359;0
1360;0
1361;0
1362;0
1363;0
1364;1
1365;0
1366;0
1367;0
1368;0
1369;0
1370;0
1371;0
1372;0
1373;0
1374;0
1375;0
1376;0
1377;0
1378;1
1379;0
1380;0
1381;0
1382;0
1383;0
1384;0
1385;1
1386;0
1387;0
1388;0
1389;0
1390;0
1391;0
1392;0
1393;0
1394;1
1395;0
1396;0
1397;0
1398;0
1399;0
1400;0
1401;0
1402;0
1403;0
1404;0
1405;0
1406;0
1407;0
1408;0
1409;0
1410;0
1411;1
1412;0
1413;0
1414;0
1415;0
1416;0
1417;0
1418;0
1419;0
1420;0
1421;0
1422;0
1423;0
1424;1
1425;1
1426;0
1427;0
1428;0
1429;0
1430;1
1431;1
1432;0
1433;1
1434;0
1435;1
1436;0
1437;2
1438;0
1439;0
1440;0
1441;0
1442;3
1443;0
1444;0
1445;0
1446;1
1447;1
1448;0
1449;1
1450;0
1451;1
1452;0
1453;2
1454;0
1455;0
1456;1
1457;1
1458;2
1459;2
1460;1
1461;0
1462;1
1463;0
1464;0
1465;0
1466;0
1467;0
1468;0
1469;2
1470;0
1471;0
1472;0
1473;1
1474;1
1475;0
1476;0
1477;2
1478;0
1479;1
1480;1
1481;0
1482;1
1483;0
1484;0
1485;0
1486;0
1487;1
1488;3
1489;2
1490;2
1491;0
1492;0
1493;0
1494;1
1495;2
1496;1
1497;1
1498;0
1499;0
1500;2
1501;0
1502;3
1503;2
1504;1
1505;1
1506;4
1507;2
1508;2
1509;2
1510;3
1511;1
1512;3
1513;1
1514;2
1515;0
1516;0
1517;2
1518;1
1519;2
1520;3
1521;2
1522;2
1523;2
1524;0
1525;3
1526;0
1527;2
1528;2
1529;1
1530;1
1531;2
1532;2
1533;2
1534;2
1535;3
1536;0
1537;4
1538;1
1539;1
1540;5
1541;1
1542;0
1543;1
1544;3
1545;2
1546;4
1547;0
1548;3
1549;3
1550;2
1551;3
1552;4
1553;5
1554;4
1555;6
1556;1
1557;0
1558;3
1559;5
1560;4
1561;2
1562;3
1563;4
1564;5
1565;9
1566;4
1567;5
1568;6
1569;3
1570;7
1571;2
1572;8
1573;2
1574;7
1575;4
1576;2
1577;7
1578;3
1579;10
1580;4
1581;6
1582;2
1583;3
1584;4
1585;8
1586;6
1587;4
1588;5
1589;6
1590;3
1591;5
1592;6
1593;8
1594;6
1595;4
1596;4
1597;6
1598;10
1599;7
1600;4
1601;3
1602;1
1603;8
1604;4
1605;7
1606;6
1607;8
1608;5
1609;7
1610;6
1611;5
1612;11
1613;8
1614;4
1615;7
1616;10
1617;7
1618;6
1619;7
1620;5
1621;5
1622;7
1623;4
1624;15
1625;8
1626;13
1627;6
1628;5
1629;7
1630;7
1631;10
1632;4
1633;9
1634;10
1635;6
1636;9
1637;8
1638;10
1639;13
1640;5
1641;12
1642;13
1643;6
1644;8
1645;6
1646;13
1647;6
1648;6
1649;12
1650;6
1651;6
1652;9
1653;9
1654;9
1655;12
1656;9
1657;5
1658;4
1659;11
1660;7
1661;8
1662;12
1663;16
1664;12
1665;11
1666;11
1667;6
1668;5
1669;8
1670;13
1671;10
1672;4
1673;13
1674;11
1675;11
1676;14
1677;13
1678;8
1679;6
1680;7
1681;6
1682;7
1683;9
1684;6
1685;7
1686;13
1687;15
1688;17
1689;7
1690;7
1691;9
1692;7
1693;9
1694;6
1695;12
1696;8
1697;8
1698;6
1699;14
1700;10
1701;6
1702;5
1703;13
1704;12
1705;8
1706;3
1707;11
1708;12
1709;6
1710;7
1711;10
1712;12
1713;12
1714;9
1715;9
1716;7
1717;12
1718;6
1719;8
1720;6
1721;8
1722;13
1723;6
1724;8
1725;6
1726;11
1727;8
1728;7
1729;12
1730;7
1731;6
1732;14
1733;10
1734;10
1735;9
1736;6
1737;5
1738;13
1739;11
1740;12
1741;6
1742;1
1743;9
1744;7
1745;9
1746;11
1747;11
1748;9
1749;7
1750;10
1751;5
1752;8
1753;9
1754;7
1755;5
1756;5
1757;10
1758;11
1759;7
1760;7
1761;9
1762;9
1763;8
1764;9
1765;9
1766;7
1767;10
1768;8
1769;7
1770;7
1771;6
1772;5
1773;3
1774;8
1775;7
1776;7
1777;7
1778;8
1779;8
1780;8
1781;8
1782;7
1783;5
1784;4
1785;10
1786;6
1787;5
1788;6
1789;4
1790;6
1791;3
1792;12
1793;6
1794;4
1795;4
1796;6
1797;4
1798;4
1799;3
1800;5
1801;5
1802;2
1803;4
1804;2
1805;2
1806;2
1807;7
1808;2
1809;1
1810;5
1811;3
1812;10
1813;4
1814;2
1815;5
1816;8
1817;8
1818;4
1819;4
1820;3
1821;5
1822;0
1823;3
1824;2
1825;7
1826;2
1827;6
1828;6
1829;3
1830;0
1831;5
1832;1
1833;3
1834;3
1835;3
1836;4
1837;4
1838;5
1839;3
1840;3
1841;7
1842;4
1843;0
1844;5
1845;1
1846;1
1847;3
1848;0
1849;2
1850;5
1851;1
1852;1
1853;3
1854;1
1855;2
1856;6
1857;2
1858;1
1859;1
1860;1
1861;4
1862;3
1863;2
1864;3
1865;1
1866;0
1867;1
1868;5
1869;2
1870;4
1871;1
1872;2
1873;3
1874;0
1875;1
1876;2
1877;0
1878;2
1879;2
1880;1
1881;2
1882;0
1883;2
1884;1
1885;0
1886;1
1887;4
1888;0
1889;0
1890;2
1891;0
1892;2
1893;2
1894;0
1895;1
1896;0
1897;1
1898;1
1899;0
1900;0
1901;2
1902;0
1903;0
1904;0
1905;0
1906;1
1907;1
1908;0
1909;0
1910;0
1911;1
1912;0
1913;0
1914;1
1915;0
1916;0
1917;1
1918;0
1919;2
1920;1
1921;1
1922;0
1923;0
1924;0
1925;1
1926;1
1927;0
1928;0
1929;1
1930;1
1931;0
1932;0
1933;1
1934;0
1935;0
1936;3
1937;0
1938;0
1939;1
1940;0
1941;2
1942;0
1943;0
1944;1
1945;0
1946;0
1947;0
1948;0
1949;0
1950;1
1951;0
1952;0
1953;0
1954;1
1955;0
1956;1
1957;0
1958;0
1959;0
1960;0
1961;0
1962;1
1963;0
1964;1
1965;0
1966;0
1967;3
1968;0
1969;0
1970;0
1971;0
1972;0
1973;1
1974;0
1975;0
1976;0
1977;0
1978;0
1979;0
1980;0
1981;0
1982;0
1983;0
1984;0
1985;1
1986;0
1987;0
1988;0
1989;0
1990;0
1991;0
1992;0
1993;0
1994;0
1995;1
1996;0
1997;0
1998;0
1999;0
2000;0
2001;1
2002;1
2003;0
2004;0
2005;0
2006;0
2007;0
2008;0
2009;0
2010;0
2011;0
2012;1
2013;1
2014;0
2015;0
2016;0
2017;0
2018;0
2019;0
2020;0
2021;0
2022;0
2023;0
2024;0
2025;0
2026;0
2027;1
2028;0
2029;0
2030;0
2031;0
2032;0
2033;0
2034;0
2035;0
2036;0
2037;1
2038;0
2039;0
2040;0
2041;0
2042;0
2043;0
2044;0
2045;0
2046;0
2047;0
2048;0
2049;0
2050;0
2051;0
2052;0
2053;0
2054;0
2055;0
2056;0
2057;0
2058;0
2059;0
2060;0
2061;0
2062;0
2063;0
2064;0
2065;0
2066;0
2067;0
2068;0
2069;0
2070;0
2071;0
2072;0
2073;0
2074;0
2075;0
2076;0
2077;0
2078;0
2079;0
2080;0
2081;0
2082;0
2083;0
2084;0
2085;0
2086;0
2087;0
2088;0
2089;0
2090;0
2091;0
2092;0
2093;0
2094;0
2095;0
2096;0
2097;0
2098;0
2099;0
2100;0
2101;0
2102;0
2103;0
2104;0
2105;0
2106;0
2107;0
2108;0
2109;0
2110;0
2111;0
2112;0
2113;0
2114;1
2115;0
2116;0
2117;0
2118;0
2119;0
2120;0
2121;0
2122;0
2123;0
2124;0
2125;0
2126;0
2127;0
2128;0
2129;0
2130;0
2131;0
2132;0
2133;0
2134;0
2135;0
2136;0
2137;0
2138;0
2139;0
2140;0
2141;0
2142;0
2143;0
2144;0
2145;0
2146;0
2147;0
2148;0
2149;0
2150;0
2151;0
2152;0
2153;0
2154;0
2155;0
2156;0
2157;0
2158;0
2159;0
2160;0
2161;0
2162;0
2163;0
2164;0
2165;0
2166;0
2167;0
2168;0
2169;0
2170;0
2171;0
2172;0
2173;0
2174;0
2175;0
2176;0
2177;0
2178;0
2179;0
2180;0
2181;0
2182;0
2183;0
2184;0
2185;0
2186;0
2187;0
2188;0
2189;0
2190;0
2191;0
2192;0
2193;0
2194;0
2195;0
2196;0
2197;0
2198;0
2199;0
2200;0
2201;0
2202;0
2203;0
2204;0
2205;0
2206;0
2207;0
2208;0
2209;0
2210;0
2211;0
2212;0
2213;0
2214;0
2215;0
2216;0
2217;0
2218;0
2219;0
2220;0
2221;0
2222;0
2223;0
2224;0
2225;0
2226;0
2227;0
2228;0
2229;0
2230;0
2231;0
2232;0
2233;0
2234;0
2235;0
2236;0
2237;0
2238;0
2239;0
2240;0
2241;0
2242;0
2243;0
2244;0
2245;0
2246;0
2247;0
2248;0
2249;0
2250;0
2251;0
2252;0
2253;0
2254;0
2255;0
2256;0
2257;0
2258;0
2259;0
2260;0
2261;0
2262;0
2263;0
2264;0
2265;0
2266;0
2267;0
2268;0
2269;0
2270;0
2271;0
2272;0
2273;0
2274;0
2275;0
2276;0
2277;0
2278;0
2279;0
2280;0
2281;0
2282;0
2283;0
2284;0
2285;0
2286;0
2287;0
2288;1
2289;0
2290;0
2291;0
2292;0
2293;0
2294;0
2295;0
2296;0
2297;0
2298;0
2299;0
2300;0
2301;0
2302;0
2303;0
2304;0
2305;0
2306;0
2307;0
2308;0
2309;0
2310;0
2311;0
2312;0
2313;0
2314;0
2315;0
2316;0
2317;0
2318;0
2319;0
2320;0
2321;0
2322;0
2323;0
2324;0
2325;0
2326;0
2327;0
2328;0
2329;0
2330;0
2331;0
2332;0
2333;0
2334;0
2335;0
2336;0
2337;0
2338;0
2339;0
2340;0
2341;0
2342;0
2343;0
2344;0
2345;0
2346;0
2347;0
2348;0
2349;0
2350;0
2351;0
2352;0
2353;0
2354;0
2355;0
2356;0
2357;0
2358;0
2359;0
2360;0
2361;0
2362;0
2363;0
2364;0
2365;0
2366;0
2367;0
2368;0
2369;0
2370;0
2371;0
2372;0
2373;0
2374;0
2375;0
2376;0
2377;0
2378;0
2379;0
2380;0
2381;0
2382;0
2383;0
2384;0
2385;0
2386;0
2387;0
2388;0
2389;0
2390;0
2391;0
2392;0
2393;0
2394;0
2395;0
2396;0
2397;0
2398;0
2399;0
2400;0
2401;0
2402;0
2403;0
2404;0
2405;0
2406;0
2407;0
2408;0
2409;0
2410;0
2411;0
2412;0
2413;0
2414;0
2415;0
2416;0
2417;0
2418;0
2419;0
2420;0
2421;0
2422;0
2423;0
2424;0
2425;0
2426;0
2427;0
2428;0
2429;0
2430;0
2431;0
2432;0
2433;0
2434;0
2435;0
2436;0
2437;0
2438;0
2439;0
2440;0
2441;0
2442;0
2443;0
2444;0
2445;0
2446;0
2447;0
2448;0
2449;0
2450;0
2451;0
2452;0
2453;0
2454;0
2455;0
2456;0
2457;0
2458;0
2459;0
2460;0
2461;0
2462;0
2463;0
2464;0
2465;0
2466;0
2467;0
2468;0
2469;0
2470;0
2471;0
2472;0
2473;0
2474;0
2475;0
2476;0
2477;0
2478;0
2479;0
2480;0
2481;0
2482;0
2483;0
2484;0
2485;0
2486;0
2487;0
2488;0
2489;0
2490;0
2491;0
2492;0
2493;0
2494;0
2495;0
2496;0
2497;0
2498;0
2499;0
2500;0
2501;0
2502;0
2503;0
2504;0
2505;0
2506;0
2507;0
2508;0
2509;0
2510;0
2511;0
2512;0
2513;0
2514;0
2515;0
2516;0
2517;0
2518;0
2519;0
2520;0
2521;0
2522;0
2523;0
2524;0
2525;0
2526;0
2527;0
2528;0
2529;0
2530;0
2531;1
2532;0
2533;0
2534;0
2535;0
2536;0
2537;0
2538;0
2539;1
2540;0
2541;0
2542;1
2543;0
2544;0
2545;0
2546;0
2547;0
2548;0
2549;0
2550;0
2551;0
2552;0
2553;0
2554;0
2555;0
2556;0
2557;0
2558;0
2559;0
2560;0
2561;0
2562;0
2563;0
2564;0
2565;0
2566;0
2567;0
2568;0
2569;0
2570;0
2571;0
2572;0
2573;0
2574;1
2575;0
2576;0
2577;0
2578;0
2579;1
2580;1
2581;0
2582;0
2583;0
2584;0
2585;0
2586;0
2587;0
2588;0
2589;1
2590;0
2591;0
2592;0
2593;0
2594;0
2595;0
2596;0
2597;0
2598;0
2599;1
2600;0
2601;0
2602;0
2603;0
2604;0
2605;0
2606;0
2607;0
2608;0
2609;0
2610;0
2611;0
2612;0
2613;0
2614;0
2615;0
2616;0
2617;0
2618;0
2619;0
2620;0
2621;0
2622;0
2623;0
2624;0
2625;0
2626;0
2627;0
2628;0
2629;0
2630;0
2631;0
2632;0
2633;0
2634;0
2635;0
2636;0
2637;0
2638;0
2639;0
2640;0
2641;0
2642;1
2643;0
2644;0
2645;0
2646;0
2647;0
2648;0
2649;0
2650;0
2651;1
2652;0
2653;0
2654;0
2655;0
2656;1
2657;1
2658;0
2659;0
2660;0
2661;0
2662;1
2663;0
2664;1
2665;1
2666;0
2667;1
2668;0
2669;1
2670;0
2671;1
2672;1
2673;0
2674;2
2675;0
2676;1
2677;0
2678;0
2679;0
2680;1
2681;0
2682;1
2683;0
2684;1
2685;0
2686;0
2687;1
2688;0
2689;0
2690;2
2691;0
2692;3
2693;1
2694;2
2695;0
2696;0
2697;1
2698;0
2699;0
2700;1
2701;1
2702;1
2703;1
2704;0
2705;1
2706;0
2707;2
2708;1
2709;2
2710;3
2711;2
2712;0
2713;3
2714;0
2715;0
2716;2
2717;2
2718;1
2719;0
2720;1
2721;1
2722;1
2723;0
2724;4
2725;0
2726;2
2727;1
2728;0
2729;2
2730;2
2731;3
2732;1
2733;2
2734;0
2735;2
2736;2
2737;1
2738;1
2739;4
2740;1
2741;2
2742;2
2743;0
2744;3
2745;0
2746;1
2747;1
2748;1
2749;0
2750;0
2751;2
2752;3
2753;2
2754;1
2755;2
2756;3
2757;4
2758;3
2759;3
2760;3
2761;4
2762;3
2763;0
2764;2
2765;3
2766;3
2767;3
2768;2
2769;2
2770;0
2771;0
2772;1
2773;0
2774;0
2775;4
2776;4
2777;1
2778;5
2779;1
2780;2
2781;2
2782;2
2783;3
2784;2
2785;6
2786;5
2787;5
2788;3
2789;9
2790;1
2791;7
2792;5
2793;5
2794;3
2795;5
2796;1
2797;4
2798;4
2799;7
2800;3
2801;10
2802;3
2803;6
2804;3
2805;5
2806;1
2807;0
2808;5
2809;3
2810;7
2811;3
2812;3
2813;12
2814;6
2815;6
2816;4
2817;2
2818;4
2819;3
2820;6
2821;5
2822;6
2823;5
2824;6
2825;4
2826;7
2827;9
2828;5
2829;5
2830;4
2831;7
2832;13
2833;5
2834;6
2835;3
2836;4
2837;5
2838;4
2839;5
2840;8
2841;9
2842;3
2843;9
2844;6
2845;6
2846;5
2847;2
2848;2
2849;3
2850;2
2851;12
2852;5
2853;10
2854;5
2855;10
2856;8
2857;5
2858;8
2859;7
2860;5
2861;13
2862;13
2863;14
2864;9
2865;6
2866;6
2867;9
2868;11
2869;12
2870;9
2871;8
2872;6
2873;14
2874;7
2875;5
2876;15
2877;9
2878;12
2879;10
2880;7
2881;3
2882;8
2883;7
2884;10
2885;7
2886;5
2887;9
2888;13
2889;8
2890;6
2891;12
2892;11
2893;12
2894;12
2895;7
2896;9
2897;9
2898;5
2899;11
2900;8
2901;9
2902;4
2903;9
2904;7
2905;6
2906;10
2907;11
2908;17
2909;11
2910;7
2911;8
2912;6
2913;11
2914;16
2915;13
2916;10
2917;7
2918;8
2919;8
2920;9
2921;8
2922;12
2923;11
2924;18
2925;9
2926;10
2927;10
2928;6
2929;8
2930;12
2931;11
2932;9
2933;7
2934;10
2935;12
2936;8
2937;7
2938;10
2939;9
2940;13
2941;13
2942;8
2943;6
2944;5
2945;11
2946;9
2947;9
2948;12
2949;8
2950;15
2951;13
2952;9
2953;10
2954;3
2955;5
2956;7
2957;9
2958;7
2959;11
2960;9
2961;10
2962;11
2963;10
2964;6
2965;7
2966;7
2967;7
2968;6
2969;10
2970;5
2971;10
2972;13
2973;14
2974;5
2975;5
2976;7
2977;8
2978;11
2979;12
2980;6
2981;4
2982;7
2983;8
2984;9
2985;13
2986;5
2987;6
2988;5
2989;8
2990;9
2991;10
2992;11
2993;10
2994;10
2995;11
2996;4
2997;9
2998;8
2999;8
3000;5
3001;10
3002;5
3003;10
3004;7
3005;8
3006;3
3007;5
3008;6
3009;9
3010;5
3011;7
3012;7
3013;9
3014;7
3015;9
3016;8
3017;5
3018;6
3019;6
3020;5
3021;8
3022;5
3023;6
3024;6
3025;5
3026;7
3027;4
3028;3
3029;3
3030;2
3031;3
3032;2
3033;3
3034;8
3035;7
3036;5
3037;7
3038;7
3039;2
3040;4
3041;4
3042;6
3043;1
3044;7
3045;2
3046;7
3047;11
3048;7
3049;4
3050;2
3051;5
3052;5
3053;5
3054;4
3055;5
3056;4
3057;3
3058;3
3059;3
3060;5
3061;5
3062;1
3063;4
3064;4
3065;4
3066;3
3067;1
3068;2
3069;4
3070;4
3071;0
3072;6
3073;1
3074;2
3075;1
3076;2
3077;4
3078;2
3079;1
3080;2
3081;6
3082;2
3083;1
3084;6
3085;2
3086;1
3087;2
3088;0
3089;2
3090;2
3091;3
3092;2
3093;0
3094;3
3095;3
3096;1
3097;0
3098;0
3099;4
3100;0
3101;0
3102;1
3103;0
3104;3
3105;5
3106;1
3107;2
3108;4
3109;1
3110;0
3111;0
3112;2
3113;2
3114;1
3115;1
3116;0
3117;0
3118;0
3119;0
3120;0
3121;4
3122;2
3123;0
3124;1
3125;0
3126;0
3127;1
3128;1
3129;1
3130;1
3131;1
3132;0
3133;1
3134;1
3135;2
3136;1
3137;0
3138;1
3139;0
3140;2
3141;2
3142;2
3143;0
3144;2
3145;0
3146;1
3147;0
3148;0
3149;2
3150;0
3151;1
3152;1
3153;0
3154;0
3155;0
3156;0
3157;0
3158;0
3159;1
3160;2
3161;0
3162;0
3163;0
3164;0
3165;1
3166;0
3167;0
3168;0
3169;0
3170;0
3171;2
3172;0
3173;0
3174;0
3175;1
3176;0
3177;0
3178;2
3179;0
3180;0
3181;0
3182;0
3183;0
3184;1
3185;1
3186;0
3187;0
3188;1
3189;1
3190;0
3191;0
3192;0
3193;1
3194;1
3195;0
3196;1
3197;0
3198;0
3199;1
3200;0
3201;0
3202;0
3203;0
3204;0
3205;0
3206;0
3207;0
3208;2
3209;1
3210;0
3211;0
3212;0
3213;0
3214;0
3215;0
3216;0
3217;1
3218;0
3219;0
3220;0
3221;0
3222;0
3223;0
3224;1
3225;0
3226;0
3227;0
3228;0
3229;0
3230;0
3231;0
3232;0
3233;0
3234;0
3235;0
3236;0
3237;0
3238;0
3239;0
3240;0
3241;0
3242;0
3243;0
3244;0
3245;0
3246;0
3247;0
3248;0
3249;0
3250;0
3251;0
3252;0
3253;0
3254;0
3255;0
3256;0
3257;0
3258;0
3259;0
3260;0
3261;0
3262;0
3263;0
3264;0
3265;0
3266;0
3267;1
3268;0
3269;0
3270;0
3271;0
3272;0
3273;0
3274;0
3275;0
3276;0
3277;0
3278;0
3279;0
3280;0
3281;0
3282;0
3283;0
3284;0
3285;0
3286;0
3287;0
3288;0
3289;0
3290;0
3291;0
3292;0
3293;0
3294;0
3295;0
3296;1
3297;0
3298;0
3299;0
3300;1
3301;0
3302;0
3303;0
3304;0
3305;0
3306;0
3307;0
3308;0
3309;0
3310;0
3311;0
3312;0
3313;0
3314;0
3315;0
3316;0
3317;1
3318;0
3319;0
3320;0
3321;0
3322;0
3323;0
3324;0
3325;0
3326;0
3327;0
3328;0
3329;0
3330;0
3331;0
3332;0
3333;0
3334;0
3335;0
3336;0
3337;0
3338;0
3339;0
3340;0
3341;1
3342;0
3343;0
3344;0
3345;0
3346;0
3347;0
3348;0
3349;0
3350;0
3351;0
3352;0
3353;0
3354;0
3355;0
3356;0
3357;0
3358;0
3359;0
3360;0
3361;0
3362;0
3363;0
3364;0
3365;0
3366;0
3367;0
3368;0
3369;0
3370;0
3371;0
3372;0
3373;0
3374;0
3375;0
3376;0
3377;0
3378;0
3379;0
3380;0
3381;0
3382;0
3383;0
3384;0
3385;0
3386;1
3387;0
3388;0
3389;0
3390;0
3391;0
3392;0
3393;0
3394;0
3395;0
3396;0
3397;0
3398;0
3399;0
3400;0
3401;0
3402;0
3403;0
3404;0
3405;0
3406;0
3407;0
3408;0
3409;0
3410;0
3411;0
3412;0
3413;0
3414;0
3415;0
3416;0
3417;0
3418;0
3419;0
3420;0
3421;0
3422;0
3423;0
3424;0
3425;0
3426;0
3427;0
3428;0
3429;0
3430;0
3431;0
3432;0
3433;0
3434;0
3435;0
3436;0
3437;0
3438;0
3439;0
3440;0
3441;0
3442;0
3443;0
3444;0
3445;0
3446;0
3447;0
3448;0
3449;0
3450;0
3451;0
3452;0
3453;0
3454;0
3455;0
3456;0
3457;0
3458;0
3459;0
3460;0
3461;0
3462;0
3463;0
3464;0
3465;0
3466;0
3467;0
3468;0
3469;0
3470;0
3471;0
3472;0
3473;0
3474;0
3475;0
3476;0
3477;0
3478;0
3479;0
3480;0
3481;0
3482;0
3483;0
3484;0
3485;1
3486;0
3487;0
3488;0
3489;0
3490;0
3491;0
3492;0
3493;0
3494;0
3495;0
3496;0
3497;0
3498;0
3499;0
3500;0
3501;0
3502;0
3503;0
3504;0
3505;0
3506;0
3507;0
3508;0
3509;0
3510;0
3511;0
3512;0
3513;0
3514;0
3515;0
3516;0
3517;0
3518;0
3519;0
3520;0
3521;0
3522;0
3523;0
3524;0
3525;0
3526;0
3527;0
3528;0
3529;0
3530;0
3531;0
3532;0
3533;0
3534;0
3535;0
3536;0
3537;0
3538;0
3539;0
3540;0
3541;0
3542;0
3543;0
3544;0
3545;0
3546;0
3547;0
3548;0
3549;0
3550;0
3551;0
3552;0
3553;0
3554;0
3555;0
3556;0
3557;0
3558;0
3559;0
3560;0
3561;0
3562;0
3563;0
3564;0
3565;0
3566;0
3567;0
3568;0
3569;0
3570;0
3571;0
3572;0
3573;0
3574;0
3575;0
3576;0
3577;0
3578;0
3579;0
3580;0
3581;0
3582;0
3583;0
3584;0
3585;0
3586;0
3587;0
3588;0
3589;0
3590;0
3591;0
3592;0
3593;0
3594;0
3595;0
3596;0
3597;0
3598;0
3599;0
3600;0
3601;0
3602;0
3603;0
3604;0
3605;0
3606;0
3607;0
3608;0
3609;0
3610;0
3611;0
3612;0
3613;0
3614;0
3615;0
3616;0
3617;0
3618;0
3619;0
3620;0
3621;0
3622;0
3623;0
3624;0
3625;0
3626;0
3627;0
3628;0
3629;0
3630;0
3631;0
3632;0
3633;0
3634;0
3635;0
3636;0
3637;0
3638;0
3639;0
3640;0
3641;0
3642;0
3643;0
3644;0
3645;0
3646;0
3647;0
3648;1
3649;0
3650;0
3651;0
3652;0
3653;0
3654;0
3655;0
3656;0
3657;0
3658;0
3659;0
3660;0
3661;0
3662;0
3663;0
3664;0
3665;0
3666;0
3667;0
3668;0
3669;0
3670;0
3671;0
3672;0
3673;0
3674;0
3675;0
3676;0
3677;0
3678;0
3679;0
3680;0
3681;0
3682;0
3683;0
3684;0
3685;0
3686;0
3687;0
3688;0
3689;0
3690;0
3691;0
3692;0
3693;0
3694;0
3695;0
3696;0
3697;0
3698;0
3699;0
3700;0
3701;0
3702;0
3703;0
3704;0
3705;0
3706;0
3707;0
3708;0
3709;0
3710;0
3711;0
3712;0
3713;0
3714;0
3715;0
3716;0
3717;0
3718;0
3719;0
3720;0
3721;0
3722;0
3723;0
3724;0
3725;0
3726;0
3727;0
3728;0
3729;0
3730;0
3731;0
3732;0
3733;0
3734;0
3735;0
3736;0
3737;0
3738;0
3739;0
3740;0
3741;0
3742;0
3743;0
3744;0
3745;0
3746;0
3747;0
3748;0
3749;0
3750;0
3751;1
3752;0
3753;0
3754;0
3755;0
3756;0
3757;0
3758;0
3759;0
3760;0
3761;0
3762;0
3763;0
3764;0
3765;0
3766;0
3767;0
3768;0
3769;0
3770;0
3771;0
3772;0
3773;0
3774;0
3775;0
3776;0
3777;0
3778;0
3779;0
3780;0
3781;0
3782;0
3783;0
3784;1
3785;0
3786;0
3787;0
3788;0
3789;0
3790;0
3791;0
3792;0
3793;0
3794;0
3795;0
3796;0
3797;0
3798;0
3799;0
3800;0
3801;0
3802;0
3803;0
3804;0
3805;0
3806;0
3807;0
3808;0
3809;0
3810;0
3811;0
3812;0
3813;0
3814;0
3815;0
3816;0
3817;0
3818;0
3819;0
3820;0
3821;0
3822;0
3823;0
3824;1
3825;0
3826;0
3827;0
3828;0
3829;0
3830;0
3831;0
3832;0
3833;0
3834;0
3835;0
3836;0
3837;0
3838;0
3839;0
3840;0
3841;0
3842;0
3843;2
3844;0
3845;0
3846;0
3847;1
3848;0
3849;0
3850;0
3851;0
3852;0
3853;0
3854;0
3855;0
3856;0
3857;0
3858;0
3859;0
3860;0
3861;0
3862;0
3863;1
3864;0
3865;0
3866;0
3867;0
3868;0
3869;1
3870;0
3871;1
3872;0
3873;0
3874;0
3875;0
3876;1
3877;0
3878;0
3879;0
3880;1
3881;0
3882;0
3883;0
3884;1
3885;0
3886;1
3887;0
3888;0
3889;0
3890;0
3891;0
3892;1
3893;0
3894;0
3895;0
3896;0
3897;2
3898;0
3899;0
3900;0
3901;0
3902;1
3903;0
3904;0
3905;0
3906;0
3907;1
3908;1
3909;0
3910;1
3911;0
3912;0
3913;1
3914;0
3915;3
3916;1
3917;0
3918;0
3919;0
3920;0
3921;0
3922;1
3923;0
3924;0
3925;1
3926;0
3927;1
3928;1
3929;0
3930;1
3931;0
3932;1
3933;0
3934;2
3935;2
3936;0
3937;1
3938;0
3939;2
3940;3
3941;2
3942;0
3943;0
3944;0
3945;2
3946;1
3947;1
3948;0
3949;0
3950;0
3951;0
3952;0
3953;2
3954;1
3955;1
3956;1
3957;1
3958;2
3959;2
3960;0
3961;2
3962;1
3963;1
3964;1
3965;1
3966;0
3967;0
3968;0
3969;0
3970;0
3971;2
3972;1
3973;2
3974;0
3975;1
3976;2
3977;0
3978;1
3979;2
3980;3
3981;2
3982;1
3983;2
3984;1
3985;2
3986;3
3987;2
3988;1
3989;1
3990;0
3991;2
3992;1
3993;2
3994;2
3995;0
3996;1
3997;2
3998;5
3999;3
4000;4
4001;1
4002;3
4003;2
4004;3
4005;2
4006;3
4007;5
4008;2
4009;4
4010;5
4011;3
4012;3
4013;3
4014;6
4015;6
4016;3
4017;3
4018;4
4019;2
4020;3
4021;4
4022;2
4023;1
4024;3
4025;3
4026;5
4027;5
4028;3
4029;7
4030;8
4031;4
4032;4
4033;4
4034;4
4035;3
4036;4
4037;3
4038;0
4039;2
4040;5
4041;5
4042;3
4043;6
4044;2
4045;3
4046;5
4047;4
4048;3
4049;5
4050;6
4051;2
4052;6
4053;3
4054;4
4055;5
4056;5
4057;5
4058;6
4059;8
4060;6
4061;7
4062;6
4063;4
4064;8
4065;2
4066;6
4067;13
4068;5
4069;7
4070;3
4071;5
4072;3
4073;7
4074;6
4075;8
4076;7
4077;9
4078;7
4079;6
4080;10
4081;12
4082;3
4083;6
4084;11
4085;5
4086;4
4087;5
4088;9
4089;6
4090;12
4091;9
4092;8
4093;6
4094;10
4095;8
4096;7
4097;5
4098;7
4099;13
4100;5
4101;9
4102;8
4103;10
4104;7
4105;6
4106;6
4107;10
4108;11
4109;14
4110;13
4111;12
4112;6
4113;8
4114;7
4115;6
4116;9
4117;12
4118;11
4119;8
4120;7
4121;9
4122;1
4123;8
4124;9
4125;11
4126;12
4127;11
4128;8
4129;11
4130;9
4131;7
4132;7
4133;7
4134;7
4135;5
4136;9
4137;5
4138;9
4139;7
4140;13
4141;7
4142;11
4143;8
4144;8
4145;17
4146;8
4147;6
4148;7
4149;6
4150;11
4151;19
4152;12
4153;6
4154;12
4155;8
4156;8
4157;8
4158;6
4159;10
4160;8
4161;5
4162;13
4163;6
4164;10
4165;13
4166;11
4167;16
4168;11
4169;7
4170;10
4171;13
4172;11
4173;6
4174;6
4175;16
4176;9
4177;8
4178;16
4179;4
4180;8
4181;10
4182;15
4183;15
4184;13
4185;12
4186;11
4187;6
4188;8
4189;8
4190;8
4191;11
4192;4
4193;10
4194;9
4195;9
4196;12
4197;9
4198;10
4199;8
4200;5
4201;9
4202;9
4203;5
4204;7
4205;1
4206;10
4207;8
4208;8
4209;10
4210;7
4211;5
4212;7
4213;8
4214;9
4215;6
4216;10
4217;7
4218;9
4219;4
4220;10
4221;11
4222;8
4223;10
4224;6
4225;7
4226;4
4227;5
4228;10
4229;10
4230;6
4231;5
4232;10
4233;9
4234;7
4235;7
4236;7
4237;1
4238;7
4239;7
4240;6
4241;2
4242;8
4243;6
4244;10
4245;12
4246;9
4247;5
4248;7
4249;2
4250;11
4251;8
4252;5
4253;4
4254;5
4255;9
4256;5
4257;4
4258;8
4259;3
4260;7
4261;7
4262;4
4263;6
4264;7
4265;4
4266;4
4267;6
4268;8
4269;8
4270;9
4271;10
4272;5
4273;8
4274;5
4275;8
4276;2
4277;2
4278;9
4279;3
4280;4
4281;7
4282;3
4283;5
4284;3
4285;5
4286;3
4287;2
4288;3
4289;3
4290;4
4291;3
4292;3
4293;1
4294;4
4295;7
4296;5
4297;3
4298;4
4299;3
4300;3
4301;3
4302;3
4303;2
4304;2
4305;1
4306;2
4307;4
4308;2
4309;2
4310;3
4311;4
4312;4
4313;2
4314;1
4315;3
4316;3
4317;3
4318;1
4319;1
4320;3
4321;3
4322;3
4323;1
4324;2
4325;2
4326;2
4327;3
4328;3
4329;3
4330;2
4331;3
4332;2
4333;2
4334;2
4335;4
4336;1
4337;3
4338;2
4339;0
4340;2
4341;1
4342;1
4343;2
4344;1
4345;1
4346;0
4347;0
4348;1
4349;3
4350;5
4351;0
4352;2
4353;3
4354;1
4355;1
4356;2
4357;2
4358;2
4359;0
4360;1
4361;2
4362;0
4363;1
4364;2
4365;1
4366;0
4367;0
4368;1
4369;2
4370;0
4371;2
4372;0
4373;2
4374;1
4375;0
4376;2
4377;0
4378;0
4379;0
4380;0
4381;0
4382;2
4383;0
4384;0
4385;0
4386;0
4387;2
4388;0
4389;0
4390;0
4391;2
4392;1
4393;2
4394;0
4395;0
4396;0
4397;0
4398;1
4399;0
4400;1
4401;0
4402;0
4403;0
4404;0
4405;0
4406;0
4407;0
4408;2
4409;0
4410;0
4411;0
4412;0
4413;0
4414;0
4415;0
4416;0
4417;0
4418;0
4419;0
4420;0
4421;1
4422;0
4423;0
4424;0
4425;0
4426;0
4427;0
4428;0
4429;0
4430;0
4431;0
4432;0
4433;1
4434;0
4435;0
4436;0
4437;1
4438;0
4439;0
4440;0
4441;0
4442;0
4443;0
4444;0
4445;0
4446;0
4447;0
4448;0
4449;0
4450;0
4451;0
4452;1
4453;0
4454;0
4455;0
4456;0
4457;0
4458;0
4459;1
4460;0
4461;0
4462;0
4463;0
4464;0
4465;0
4466;1
4467;0
4468;0
4469;0
4470;0
4471;0
4472;0
4473;0
4474;0
4475;0
4476;0
4477;0
4478;0
4479;0
4480;0
4481;0
4482;0
4483;0
4484;0
4485;0
4486;0
4487;0
4488;0
4489;0
4490;0
4491;0
4492;0
4493;0
4494;0
4495;0
4496;0
4497;0
4498;0
4499;0
4500;0
4501;0
4502;0
4503;0
4504;0
4505;0
4506;0
4507;0
4508;0
4509;0
4510;0
4511;0
4512;0
4513;0
4514;0
4515;0
4516;0
4517;0
4518;0
4519;0
4520;0
4521;0
4522;0
4523;0
4524;0
4525;0
4526;0
4527;0
4528;0
4529;1
4530;0
4531;0
4532;0
4533;0
4534;0
4535;0
4536;0
4537;0
4538;0
4539;0
4540;0
4541;0
4542;0
4543;0
4544;0
4545;0
4546;0
4547;0
4548;0
4549;0
4550;0
4551;0
4552;0
4553;0
4554;0
4555;0
4556;0
4557;0
4558;0
4559;0
4560;1
4561;0
4562;0
4563;0
4564;0
4565;0
4566;0
4567;0
4568;0
4569;0
4570;0
4571;0
4572;0
4573;0
4574;0
4575;0
4576;0
4577;0
4578;0
4579;0
4580;0
4581;0
4582;0
4583;0
4584;0
4585;0
4586;0
4587;0
4588;0
4589;0
4590;0
4591;0
4592;0
4593;0
4594;0
4595;1
4596;0
4597;0
4598;0
4599;0
4600;0
4601;0
4602;0
4603;0
4604;0
4605;0
4606;0
4607;0
4608;0
4609;0
4610;0
4611;0
4612;0
4613;0
4614;0
4615;0
4616;0
4617;0
4618;0
4619;0
4620;1
4621;0
4622;0
4623;0
4624;0
4625;0
4626;0
4627;0
4628;0
4629;0
4630;0
4631;0
4632;0
4633;0
4634;0
4635;0
4636;0
4637;0
4638;0
4639;0
4640;0
4641;0
4642;0
4643;0
4644;0
4645;0
4646;0
4647;0
4648;0
4649;0
4650;0
4651;0
4652;0
4653;0
4654;0
4655;0
4656;0
4657;0
4658;0
4659;0
4660;0
4661;0
4662;0
4663;0
4664;0
4665;0
4666;0
4667;0
4668;0
4669;0
4670;0
4671;0
4672;0
4673;0
4674;0
4675;0
4676;0
4677;0
4678;0
4679;0
4680;0
4681;0
4682;0
4683;0
4684;0
4685;0
4686;0
4687;0
4688;0
4689;0
4690;0
4691;0
4692;0
4693;0
4694;0
4695;0
4696;0
4697;0
4698;0
4699;0
4700;0
4701;0
4702;0
4703;0
4704;0
4705;0
4706;0
4707;0
4708;0
4709;0
4710;0
4711;0
4712;0
4713;0
4714;0
4715;0
4716;0
4717;0
4718;0
4719;0
4720;0
4721;0
4722;0
4723;0
4724;0
4725;0
4726;0
4727;0
4728;0
4729;0
4730;0
4731;0
4732;0
4733;0
4734;0
4735;0
4736;0
4737;0
4738;0
4739;0
4740;0
4741;0
4742;0
4743;0
4744;0
4745;0
4746;0
4747;0
4748;0
4749;0
4750;0
4751;0
4752;0
4753;0
4754;0
4755;0
4756;0
4757;0
4758;0
4759;1
4760;0
4761;0
4762;0
4763;0
4764;0
4765;0
4766;0
4767;0
4768;0
4769;0
4770;1
4771;0
4772;0
4773;0
4774;0
4775;0
4776;0
4777;0
4778;0
4779;0
4780;0
4781;0
4782;0
4783;0
4784;0
4785;0
4786;0
4787;0
4788;0
4789;0
4790;0
4791;0
4792;0
4793;0
4794;0
4795;0
4796;0
4797;0
4798;0
4799;0
4800;0
4801;0
4802;0
4803;0
4804;0
4805;0
4806;0
4807;0
4808;0
4809;0
4810;0
4811;0
4812;0
4813;0
4814;0
4815;0
4816;0
4817;0
4818;0
4819;0
4820;0
4821;0
4822;0
4823;0
4824;0
4825;0
4826;0
4827;0
4828;0
4829;0
4830;0
4831;0
4832;0
4833;0
4834;0
4835;0
4836;0
4837;0
4838;0
4839;0
4840;0
4841;0
4842;0
4843;0
4844;0
4845;0
4846;0
4847;0
4848;0
4849;0
4850;0
4851;0
4852;0
4853;0
4854;0
4855;0
4856;0
4857;0
4858;0
4859;0
4860;0
4861;0
4862;0
4863;0
4864;0
4865;0
4866;0
4867;0
4868;0
4869;0
4870;0
4871;0
4872;0
4873;0
4874;0
4875;0
4876;0
4877;0
4878;0
4879;0
4880;0
4881;0
4882;0
4883;0
4884;0
4885;0
4886;1
4887;0
4888;0
4889;0
4890;0
4891;0
4892;0
4893;0
4894;0
4895;0
4896;0
4897;0
4898;0
4899;0
4900;0
4901;0
4902;0
4903;0
4904;0
4905;0
4906;0
4907;0
4908;0
4909;0
4910;0
4911;0
4912;0
4913;0
4914;0
4915;0
4916;0
4917;0
4918;0
4919;0
4920;0
4921;0
4922;0
4923;0
4924;0
4925;0
4926;0
4927;0
4928;0
4929;0
4930;0
4931;0
4932;0
4933;0
4934;0
4935;0
4936;0
4937;0
4938;0
4939;0
4940;0
4941;0
4942;0
4943;0
4944;0
4945;0
4946;0
4947;0
4948;0
4949;0
4950;0
4951;0
4952;0
4953;0
4954;0
4955;0
4956;0
4957;0
4958;0
4959;0
4960;0
4961;0
4962;0
4963;0
4964;0
4965;0
4966;0
4967;0
4968;0
4969;0
4970;0
4971;0
4972;0
4973;0
4974;0
4975;0
4976;0
4977;0
4978;0
4979;0
4980;0
4981;0
4982;0
4983;0
4984;0
4985;0
4986;0
4987;0
4988;0
4989;0
4990;0
4991;0
4992;0
4993;0
4994;0
4995;0
4996;0
4997;0
4998;0
4999;0
5000;0
5001;0
5002;0
5003;0
5004;0
5005;0
5006;0
5007;0
5008;0
5009;0
5010;1
5011;0
5012;0
5013;0
5014;0
5015;0
5016;0
5017;0
5018;1
5019;0
5020;0
5021;0
5022;0
5023;0
5024;0
5025;0
5026;0
5027;0
5028;0
5029;0
5030;0
5031;0
5032;0
5033;0
5034;0
5035;0
5036;0
5037;0
5038;0
5039;1
5040;0
5041;0
5042;0
5043;0
5044;0
5045;0
5046;0
5047;0
5048;0
5049;0
5050;0
5051;0
5052;0
5053;0
5054;1
5055;0
5056;0
5057;0
5058;0
5059;0
5060;0
5061;1
5062;0
5063;0
5064;0
5065;0
5066;0
5067;0
5068;0
5069;0
5070;0
5071;0
5072;0
5073;0
5074;0
5075;0
5076;0
5077;0
5078;0
5079;0
5080;0
5081;0
5082;0
5083;0
5084;0
5085;0
5086;0
5087;0
5088;0
5089;0
5090;0
5091;0
5092;0
5093;0
5094;0
5095;1
5096;0
5097;0
5098;0
5099;0
5100;0
5101;0
5102;0
5103;0
5104;1
5105;0
5106;0
5107;0
5108;0
5109;0
5110;0
5111;0
5112;0
5113;0
5114;0
5115;0
5116;0
5117;0
5118;0
5119;0
5120;0
5121;0
5122;0
5123;0
5124;0
5125;0
5126;1
5127;0
5128;0
5129;1
5130;0
5131;0
5132;0
5133;1
5134;0
5135;0
5136;0
5137;0
5138;1
5139;0
5140;1
5141;2
5142;0
5143;0
5144;1
5145;0
5146;1
5147;1
5148;0
5149;0
5150;0
5151;1
5152;0
5153;0
5154;0
5155;2
5156;2
5157;1
5158;1
5159;1
5160;0
5161;1
5162;0
5163;0
5164;1
5165;0
5166;2
5167;0
5168;1
5169;0
5170;0
5171;1
5172;0
5173;2
5174;0
5175;2
5176;1
5177;2
5178;0
5179;1
5180;1
5181;0
5182;0
5183;2
5184;1
5185;3
5186;3
5187;1
5188;0
5189;0
5190;2
5191;1
5192;2
5193;0
5194;0
5195;1
5196;0
5197;1
5198;1
5199;1
5200;2
5201;1
5202;2
5203;2
5204;1
5205;2
5206;1
5207;1
5208;0
5209;0
5210;0
5211;2
5212;3
5213;2
5214;0
5215;0
5216;5
5217;0
5218;1
5219;2
5220;1
5221;3
5222;2
5223;0
5224;2
5225;1
5226;0
5227;1
5228;2
5229;2
5230;3
5231;3
5232;2
5233;1
5234;5
5235;4
5236;0
5237;2
5238;0
5239;1
5240;2
5241;2
5242;3
5243;1
5244;0
5245;1
5246;2
5247;1
5248;1
5249;2
5250;4
5251;2
5252;2
5253;2
5254;3
5255;0
5256;5
5257;7
5258;1
5259;3
5260;2
5261;2
5262;4
5263;2
5264;6
5265;4
5266;3
5267;4
5268;2
5269;2
5270;4
5271;3
5272;1
5273;3
5274;2
5275;3
5276;6
5277;4
5278;4
5279;6
5280;3
5281;3
5282;3
5283;3
5284;7
5285;5
5286;6
5287;7
5288;5
5289;4
5290;5
5291;5
5292;10
5293;4
5294;3
5295;9
5296;4
5297;5
5298;5
5299;3
5300;3
5301;3
5302;9
5303;6
5304;7
5305;5
5306;5
5307;5
5308;5
5309;8
5310;6
5311;2
5312;8
5313;8
5314;10
5315;4
5316;5
5317;6
5318;7
5319;5
5320;6
5321;5
5322;4
5323;3
5324;7
5325;4
5326;9
5327;6
5328;9
5329;2
5330;10
5331;4
5332;6
5333;6
5334;5
5335;9
5336;9
5337;5
5338;10
5339;8
5340;5
5341;6
5342;13
5343;5
5344;7
5345;10
5346;6
5347;9
5348;6
5349;13
5350;14
5351;11
5352;7
5353;8
5354;11
5355;12
5356;9
5357;7
5358;10
5359;11
5360;8
5361;8
5362;10
5363;7
5364;7
5365;12
5366;11
5367;7
5368;9
5369;11
5370;7
5371;8
5372;10
5373;7
5374;12
5375;10
5376;6
5377;11
5378;6
5379;12
5380;14
5381;14
5382;7
5383;15
5384;12
5385;3
5386;12
5387;7
5388;9
5389;12
5390;5
5391;7
5392;10
5393;11
5394;9
5395;7
5396;9
5397;10
5398;9
5399;11
5400;5
5401;13
5402;10
5403;6
5404;9
5405;8
5406;19
5407;4
5408;11
5409;12
5410;10
5411;8
5412;15
5413;13
5414;8
5415;13
5416;15
5417;7
5418;12
5419;16
5420;15
5421;8
5422;7
5423;11
5424;7
5425;4
5426;18
5427;17
5428;5
5429;13
5430;13
5431;7
5432;5
5433;14
5434;13
5435;7
5436;8
5437;3
5438;7
5439;6
5440;14
5441;7
5442;7
5443;7
5444;7
5445;11
5446;15
5447;12
5448;10
5449;10
5450;14
5451;10
5452;13
5453;8
5454;17
5455;7
5456;7
5457;11
5458;6
5459;10
5460;7
5461;15
5462;12
5463;12
5464;10
5465;7
5466;7
5467;5
5468;11
5469;7
5470;10
5471;9
5472;9
5473;6
5474;11
5475;9
5476;10
5477;9
5478;8
5479;6
5480;10
5481;8
5482;9
5483;2
5484;8
5485;8
5486;7
5487;10
5488;9
5489;9
5490;9
5491;7
5492;8
5493;4
5494;6
5495;3
5496;11
5497;3
5498;9
5499;7
5500;8
5501;7
5502;5
5503;3
5504;4
5505;7
5506;6
5507;5
5508;5
5509;5
5510;4
5511;5
5512;4
5513;6
5514;6
5515;4
5516;8
5517;2
5518;4
5519;6
5520;7
5521;2
5522;4
5523;5
5524;6
5525;7
5526;0
5527;5
5528;8
5529;4
5530;2
5531;6
5532;4
5533;1
5534;4
5535;4
5536;2
5537;6
5538;3
5539;1
5540;0
5541;0
5542;8
5543;5
5544;4
5545;6
5546;4
5547;2
5548;4
5549;4
5550;6
5551;5
5552;2
5553;1
5554;2
5555;4
5556;1
5557;2
5558;0
5559;3
5560;3
5561;2
5562;2
5563;3
5564;2
5565;2
5566;0
5567;1
5568;2
5569;1
5570;0
5571;1
5572;1
5573;1
5574;2
5575;3
5576;3
5577;3
5578;1
5579;4
5580;3
5581;2
5582;3
5583;0
5584;0
5585;1
5586;1
5587;2
5588;0
5589;3
5590;1
5591;2
5592;1
5593;0
5594;1
5595;3
5596;2
5597;1
5598;3
5599;1
5600;5
5601;2
5602;2
5603;1
5604;0
5605;2
5606;0
5607;3
5608;0
5609;2
5610;1
5611;0
5612;3
5613;0
5614;1
5615;2
5616;0
5617;0
5618;0
5619;0
5620;2
5621;0
5622;0
5623;1
5624;0
5625;0
5626;2
5627;0
5628;1
5629;0
5630;0
5631;1
5632;0
5633;0
5634;0
5635;0
5636;1
5637;0
5638;0
5639;0
5640;0
5641;0
5642;0
5643;1
5644;0
5645;1
5646;0
5647;0
5648;0
5649;0
5650;0
5651;0
5652;0
5653;1
5654;0
5655;1
5656;0
5657;0
5658;0
5659;0
5660;1
5661;0
5662;0
5663;1
5664;0
5665;0
5666;0
5667;0
5668;0
5669;1
5670;0
5671;0
5672;0
5673;0
5674;0
5675;0
5676;0
5677;0
5678;0
5679;0
5680;0
5681;1
5682;0
5683;0
5684;0
5685;0
5686;0
5687;0
5688;0
5689;0
5690;0
5691;0
5692;0
5693;0
5694;0
5695;0
5696;0
5697;0
5698;0
5699;0
5700;0
5701;0
5702;0
5703;0
5704;0
5705;0
5706;0
5707;0
5708;0
5709;0
5710;0
5711;0
5712;0
5713;0
5714;0
5715;0
5716;0
5717;0
5718;0
5719;0
5720;0
5721;0
5722;0
5723;0
5724;0
5725;0
5726;0
5727;0
5728;0
5729;0
5730;0
5731;0
5732;0
5733;0
5734;0
5735;0
5736;0
5737;0
5738;0
5739;0
5740;0
5741;0
5742;0
5743;0
5744;0
5745;0
5746;0
5747;0
5748;0
5749;0
5750;0
5751;0
5752;0
5753;0
5754;0
5755;0
5756;0
5757;0
5758;0
5759;0
5760;0
5761;0
5762;0
5763;0
5764;0
5765;0
5766;0
5767;0
5768;0
5769;0
5770;0
5771;0
5772;0
5773;0
5774;0
5775;0
5776;0
5777;0
5778;0
5779;0
5780;0
5781;0
5782;0
5783;0
5784;0
5785;0
5786;0
5787;0
5788;0
5789;0
5790;0
5791;0
5792;0
5793;0
5794;0
5795;0
5796;0
5797;0
5798;0
5799;1
5800;0
5801;0
5802;0
5803;0
5804;0
5805;0
5806;0
5807;0
5808;0
5809;0
5810;0
5811;0
5812;0
5813;0
5814;0
5815;0
5816;0
5817;0
5818;0
5819;0
5820;0
5821;0
5822;0
5823;0
5824;0
5825;0
5826;1
5827;0
5828;0
5829;0
5830;0
5831;0
5832;0
5833;0
5834;0
5835;0
5836;0
5837;0
5838;0
5839;0
5840;0
5841;0
5842;0
5843;0
5844;0
5845;0
5846;0
5847;1
5848;0
5849;0
5850;0
5851;0
5852;0
5853;0
5854;0
5855;0
5856;0
5857;0
5858;0
5859;0
5860;0
5861;0
5862;0
5863;0
5864;0
5865;0
5866;0
5867;0
5868;0
5869;0
5870;0
5871;0
5872;0
5873;0
5874;0
5875;0
5876;0
5877;0
5878;0
5879;0
5880;0
5881;0
5882;0
5883;0
5884;0
5885;0
5886;0
5887;0
5888;0
5889;0
5890;0
5891;0
5892;0
5893;0
5894;0
5895;0
5896;0
5897;0
5898;0
5899;0
5900;0
5901;0
5902;0
5903;0
5904;0
5905;0
5906;0
5907;0
5908;0
5909;0
5910;0
5911;0
5912;0
5913;0
5914;0
5915;0
5916;0
5917;0
5918;0
5919;1
5920;0
5921;0
5922;0
5923;0
5924;0
5925;0
5926;0
5927;0
5928;0
5929;0
5930;0
5931;0
5932;0
5933;0
5934;0
5935;0
5936;0
5937;0
5938;0
5939;0
5940;0
5941;0
5942;0
5943;0
5944;0
5945;0
5946;0
5947;0
5948;0
5949;0
5950;0
5951;0
5952;0
5953;0
5954;0
5955;0
5956;0
5957;0
5958;0
5959;0
5960;0
5961;0
5962;0
5963;0
5964;0
5965;0
5966;0
5967;0
5968;0
5969;0
5970;0
5971;0
5972;0
5973;0
5974;0
5975;0
5976;0
5977;0
5978;0
5979;0
5980;0
5981;0
5982;0
5983;0
5984;0
5985;0
5986;0
5987;0
5988;0
5989;0
5990;0
5991;0
5992;0
5993;0
5994;0
5995;0
5996;0
5997;0
5998;0
5999;0
6000;0
6001;0
6002;0
6003;0
6004;0
6005;0
6006;0
6007;0
6008;0
6009;0
6010;0
6011;0
6012;0
6013;0
6014;0
6015;0
6016;0
6017;0
6018;0
6019;0
6020;0
6021;0
6022;0
6023;0
6024;0
6025;0
6026;0
6027;0
6028;0
6029;0
6030;0
6031;0
6032;0
6033;0
6034;0
6035;0
6036;0
6037;0
6038;0
6039;0
6040;0
6041;0
6042;0
6043;0
6044;0
6045;0
6046;0
6047;0
6048;0
6049;0
6050;0
6051;0
6052;0
6053;0
6054;0
6055;0
6056;0
6057;0
6058;0
6059;0
6060;0
6061;0
6062;0
6063;0
6064;0
6065;0
6066;0
6067;0
6068;0
6069;0
6070;0
6071;0
6072;0
6073;0
6074;0
6075;0
6076;0
6077;0
6078;0
6079;0
6080;0
6081;0
6082;0
6083;0
6084;0
6085;0
6086;0
6087;0
6088;0
6089;0
6090;0
6091;0
6092;0
6093;0
6094;0
6095;0
6096;0
6097;0
6098;0
6099;0
6100;0
6101;0
6102;0
6103;0
6104;0
6105;0
6106;0
6107;0
6108;0
6109;0
6110;0
6111;0
6112;0
6113;0
6114;0
6115;0
6116;0
6117;0
6118;0
6119;0
6120;0
6121;0
6122;0
6123;0
6124;0
6125;0
6126;0
6127;0
6128;0
6129;0
6130;0
6131;0
6132;0
6133;0
6134;0
6135;0
6136;0
6137;0
6138;0
6139;0
6140;0
6141;0
6142;0
6143;0
6144;0
6145;0
6146;0
6147;0
6148;0
6149;0
6150;0
6151;0
6152;0
6153;0
6154;0
6155;0
6156;0
6157;0
6158;0
6159;0
6160;0
6161;0
6162;0
6163;0
6164;0
6165;0
6166;0
6167;0
6168;0
6169;0
6170;0
6171;0
6172;0
6173;0
6174;0
6175;0
6176;0
6177;0
6178;0
6179;0
6180;0
6181;0
6182;0
6183;0
6184;0
6185;0
6186;0
6187;0
6188;0
6189;1
6190;0
6191;0
6192;0
6193;0
6194;0
6195;0
6196;0
6197;0
6198;0
6199;0
6200;0
6201;0
6202;0
6203;0
6204;0
6205;0
6206;0
6207;0
6208;0
6209;0
6210;0
6211;1
6212;0
6213;1
6214;0
6215;0
6216;0
6217;0
6218;1
6219;0
6220;0
6221;0
6222;0
6223;0
6224;0
6225;0
6226;0
6227;0
6228;0
6229;0
6230;0
6231;0
6232;0
6233;0
6234;0
6235;0
6236;0
6237;0
6238;0
6239;0
6240;0
6241;0
6242;0
6243;0
6244;0
6245;0
6246;0
6247;0
6248;1
6249;0
6250;0
6251;0
6252;0
6253;0
6254;0
6255;0
6256;0
6257;0
6258;0
6259;0
6260;0
6261;0
6262;1
6263;0
6264;0
6265;0
6266;0
6267;0
6268;0
6269;0
6270;0
6271;0
6272;0
6273;0
6274;0
6275;0
6276;0
6277;0
6278;0
6279;0
6280;0
6281;0
6282;0
6283;0
6284;0
6285;0
6286;0
6287;0
6288;0
6289;0
6290;0
6291;0
6292;0
6293;0
6294;0
6295;0
6296;0
6297;0
6298;0
6299;0
6300;0
6301;0
6302;0
6303;0
6304;0
6305;0
6306;0
6307;0
6308;0
6309;0
6310;0
6311;0
6312;0
6313;0
6314;0
6315;1
6316;0
6317;0
6318;0
6319;0
6320;0
6321;0
6322;0
6323;0
6324;1
6325;0
6326;0
6327;0
6328;0
6329;0
6330;0
6331;0
6332;0
6333;0
6334;0
6335;1
6336;0
6337;0
6338;0
6339;0
6340;0
6341;0
6342;0
6343;2
6344;0
6345;1
6346;0
6347;2
6348;0
6349;0
6350;0
6351;0
6352;0
6353;0
6354;0
6355;0
6356;0
6357;0
6358;0
6359;1
6360;0
6361;0
6362;0
6363;0
6364;0
6365;0
6366;0
6367;0
6368;1
6369;1
6370;0
6371;0
6372;1
6373;0
6374;0
6375;0
6376;1
6377;0
6378;0
6379;1
6380;0
6381;0
6382;0
6383;0
6384;1
6385;0
6386;0
6387;1
6388;0
6389;1
6390;0
6391;1
6392;2
6393;2
6394;0
6395;0
6396;0
6397;0
6398;1
6399;0
6400;0
6401;0
6402;1
6403;0
6404;1
6405;0
6406;0
6407;1
6408;1
6409;0
6410;0
6411;0
6412;1
6413;0
6414;1
6415;1
6416;0
6417;0
6418;3
6419;0
6420;1
6421;1
6422;0
6423;2
6424;0
6425;0
6426;0
6427;1
6428;0
6429;1
6430;0
6431;1
6432;2
6433;1
6434;0
6435;0
6436;2
6437;2
6438;3
6439;1
6440;1
6441;0
6442;1
6443;0
6444;2
6445;0
6446;2
6447;4
6448;1
6449;1
6450;0
6451;4
6452;0
6453;1
6454;1
6455;0
6456;0
6457;1
6458;1
6459;0
6460;3
6461;1
6462;4
6463;0
6464;2
6465;1
6466;3
6467;1
6468;1
6469;3
6470;0
6471;1
6472;1
6473;3
6474;2
6475;2
6476;3
6477;3
6478;1
6479;4
6480;1
6481;2
6482;3
6483;1
6484;1
6485;0
6486;2
6487;6
6488;2
6489;1
6490;0
6491;2
6492;4
6493;3
6494;3
6495;6
6496;1
6497;5
6498;2
6499;3
6500;4
6501;4
6502;6
6503;3
6504;5
6505;3
6506;4
6507;5
6508;4
6509;4
6510;8
6511;2
6512;4
6513;7
6514;3
6515;2
6516;4
6517;8
6518;7
6519;5
6520;2
6521;5
6522;3
6523;4
6524;2
6525;3
6526;7
6527;4
6528;4
6529;4
6530;9
6531;9
6532;3
6533;3
6534;6
6535;5
6536;6
6537;3
6538;6
6539;4
6540;2
6541;8
6542;4
6543;3
6544;6
6545;9
6546;10
6547;4
6548;6
6549;4
6550;4
6551;5
6552;5
6553;3
6554;4
6555;5
6556;6
6557;5
6558;4
6559;3
6560;3
6561;6
6562;9
6563;3
6564;10
6565;5
6566;7
6567;6
6568;7
6569;10
6570;8
6571;10
6572;5
6573;6
6574;5
6575;5
6576;3
6577;8
6578;9
6579;6
6580;8
6581;8
6582;11
6583;7
6584;12
6585;11
6586;8
6587;11
6588;7
6589;6
6590;12
6591;10
6592;5
6593;8
6594;5
6595;7
6596;9
6597;15
6598;12
6599;5
6600;4
6601;13
6602;13
6603;8
6604;17
6605;8
6606;7
6607;9
6608;10
6609;11
6610;8
6611;8
6612;10
6613;9
6614;10
6615;12
6616;7
6617;8
6618;9
6619;10
6620;12
6621;9
6622;11
6623;14
6624;9
6625;8
6626;11
6627;7
6628;10
6629;12
6630;12
6631;10
6632;13
6633;12
6634;9
6635;8
6636;9
6637;11
6638;8
6639;6
6640;5
6641;6
6642;5
6643;10
6644;8
6645;9
6646;12
6647;13
6648;5
6649;7
6650;6
6651;14
6652;8
6653;14
6654;14
6655;7
6656;16
6657;13
6658;7
6659;10
6660;6
6661;12
6662;5
6663;14
6664;8
6665;14
6666;11
6667;12
6668;13
6669;16
6670;9
6671;11
6672;6
6673;14
6674;4
6675;17
6676;14
6677;10
6678;10
6679;6
6680;6
6681;7
6682;9
6683;8
6684;8
6685;4
6686;4
6687;7
6688;8
6689;10
6690;8
6691;12
6692;8
6693;8
6694;4
6695;6
6696;3
6697;14
6698;6
6699;9
6700;6
6701;5
6702;4
6703;3
6704;10
6705;3
6706;8
6707;10
6708;5
6709;7
6710;6
6711;4
6712;7
6713;9
6714;6
6715;7
6716;14
6717;9
6718;6
6719;3
6720;8
6721;4
6722;6
6723;5
6724;9
6725;6
6726;7
6727;10
6728;6
6729;7
6730;7
6731;8
6732;6
6733;7
6734;4
6735;12
6736;8
6737;3
6738;2
6739;7
6740;4
6741;4
6742;5
6743;9
6744;10
6745;3
6746;6
6747;2
6748;6
6749;3
6750;1
6751;3
6752;6
6753;4
6754;3
6755;2
6756;5
6757;5
6758;3
6759;5
6760;1
6761;5
6762;0
6763;5
6764;1
6765;2
6766;5
6767;4
6768;2
6769;4
6770;5
6771;5
6772;5
6773;1
6774;1
6775;5
6776;1
6777;2
6778;3
6779;6
6780;5
6781;4
6782;2
6783;2
6784;2
6785;5
6786;3
6787;2
6788;5
6789;4
6790;2
6791;8
6792;4
6793;2
6794;1
6795;4
6796;2
6797;2
6798;3
6799;2
6800;2
6801;3
6802;1
6803;2
6804;2
6805;3
6806;1
6807;1
6808;2
6809;2
6810;2
6811;1
6812;2
6813;5
6814;1
6815;0
6816;3
6817;1
6818;2
6819;2
6820;2
6821;1
6822;2
6823;3
6824;3
6825;1
6826;2
6827;3
6828;1
6829;0
6830;2
6831;1
6832;1
6833;0
6834;1
6835;2
6836;2
6837;1
6838;0
6839;1
6840;1
6841;0
6842;0
6843;1
6844;1
6845;1
6846;2
6847;1
6848;0
6849;2
6850;0
6851;0
6852;2
6853;1
6854;0
6855;0
6856;2
6857;2
6858;0
6859;0
6860;0
6861;0
6862;0
6863;0
6864;0
6865;0
6866;0
6867;1
6868;3
6869;1
6870;2
6871;1
6872;1
6873;0
6874;0
6875;0
6876;0
6877;0
6878;0
6879;0
6880;0
6881;1
6882;0
6883;1
6884;1
6885;0
6886;0
6887;1
6888;0
6889;2
6890;0
6891;0
6892;1
6893;0
6894;0
6895;0
6896;0
6897;0
6898;0
6899;0
6900;1
6901;0
6902;0
6903;0
6904;1
6905;0
6906;0
6907;0
6908;0
6909;0
6910;0
6911;1
6912;1
6913;0
6914;1
6915;0
6916;0
6917;0
6918;0
6919;0
6920;0
6921;0
6922;0
6923;0
6924;0
6925;0
6926;0
6927;0
6928;0
6929;0
6930;0
6931;0
6932;0
6933;0
6934;0
6935;0
6936;0
6937;0
6938;0
6939;0
6940;0
6941;0
6942;0
6943;0
6944;0
6945;0
6946;0
6947;0
6948;0
6949;0
6950;0
6951;0
6952;0
6953;0
6954;0
6955;0
6956;0
6957;0
6958;0
6959;0
6960;0
6961;0
6962;0
6963;0
6964;0
6965;0
6966;0
6967;0
6968;0
6969;0
6970;0
6971;0
6972;0
6973;0
6974;0
6975;0
6976;0
6977;0
6978;0
6979;0
6980;0
6981;0
6982;0
6983;0
6984;0
6985;0
6986;0
6987;0
6988;0
6989;0
6990;0
6991;0
6992;0
6993;0
6994;0
6995;0
6996;0
6997;0
6998;1
6999;0
7000;0
7001;0
7002;0
7003;0
7004;0
7005;0
7006;0
7007;0
7008;0
7009;0
7010;0
7011;0
7012;0
7013;0
7014;0
7015;0
7016;0
7017;0
7018;0
7019;0
7020;0
7021;0
7022;0
7023;0
7024;0
7025;0
7026;0
7027;0
7028;0
7029;0
7030;0
7031;0
7032;0
7033;0
7034;0
7035;0
7036;0
7037;0
7038;0
7039;0
7040;0
7041;0
7042;1
7043;0
7044;0
7045;0
7046;0
7047;0
7048;0
7049;0
7050;0
7051;0
7052;0
7053;0
7054;0
7055;0
7056;0
7057;0
7058;0
7059;0
7060;0
7061;0
7062;0
7063;0
7064;0
7065;0
7066;0
7067;0
7068;0
7069;0
7070;0
7071;0
7072;0
7073;0
7074;0
7075;0
7076;0
7077;0
7078;0
7079;0
7080;0
7081;0
7082;0
7083;0
7084;1
7085;0
7086;0
7087;0
7088;0
7089;0
7090;0
7091;0
7092;0
7093;0
7094;0
7095;0
7096;0
7097;0
7098;0
7099;0
7100;0
7101;0
7102;0
7103;0
7104;0
7105;0
7106;0
7107;0
7108;0
7109;0
7110;0
7111;0
7112;0
7113;0
7114;0
7115;0
7116;0
7117;0
7118;0
7119;0
7120;0
7121;0
7122;0
7123;0
7124;0
7125;0
7126;0
7127;0
7128;0
7129;0
7130;0
7131;0
7132;0
7133;0
7134;0
7135;0
7136;0
7137;0
7138;0
7139;0
7140;0
7141;0
7142;0
7143;0
7144;0
7145;0
7146;0
7147;0
7148;0
7149;0
7150;0
7151;0
7152;0
7153;0
7154;0
7155;0
7156;0
7157;0
7158;0
7159;0
7160;0
7161;0
7162;0
7163;0
7164;0
7165;0
7166;0
7167;0
7168;0
7169;0
7170;0
7171;0
7172;0
7173;0
7174;0
7175;0
7176;0
7177;0
7178;0
7179;0
7180;0
7181;0
7182;0
7183;0
7184;0
7185;0
7186;0
7187;0
7188;0
7189;0
7190;0
7191;0
7192;0
7193;0
7194;0
7195;0
7196;0
7197;0
7198;0
7199;0
7200;0
7201;0
7202;0
7203;0
7204;0
7205;0
7206;0
7207;0
7208;0
7209;0
7210;0
7211;0
7212;0
7213;0
7214;0
7215;0
7216;0
7217;0
7218;0
7219;0
7220;0
7221;0
7222;0
7223;0
7224;0
7225;0
7226;0
7227;0
7228;0
7229;0
7230;0
7231;0
7232;0
7233;0
7234;0
7235;0
7236;0
7237;0
7238;0
7239;0
7240;0
7241;0
7242;0
7243;0
7244;0
7245;0
7246;0
7247;0
7248;0
7249;0
7250;0
7251;0
7252;0
7253;0
7254;0
7255;0
7256;0
7257;0
7258;0
7259;0
7260;0
7261;0
7262;0
7263;0
7264;1
7265;0
7266;0
7267;0
7268;0
7269;0
7270;0
7271;0
7272;0
7273;0
7274;0
7275;0
7276;0
7277;0
7278;0
7279;0
7280;0
7281;0
7282;0
7283;0
7284;0
7285;0
7286;0
7287;0
7288;0
7289;0
7290;0
7291;0
7292;0
7293;0
7294;0
7295;0
7296;0
7297;0
7298;0
7299;0
7300;0
7301;0
7302;0
7303;0
7304;0
7305;0
7306;0
7307;0
7308;0
7309;0
7310;0
7311;0
7312;0
7313;0
7314;0
7315;0
7316;0
7317;0
7318;0
7319;0
7320;0
7321;0
7322;0
7323;0
7324;0
7325;0
7326;0
7327;0
7328;0
7329;0
7330;0
7331;0
7332;0
7333;0
7334;0
7335;0
7336;0
7337;0
7338;0
7339;0
7340;0
7341;0
7342;0
7343;0
7344;0
7345;0
7346;0
7347;0
7348;0
7349;0
7350;0
7351;0
7352;0
7353;0
7354;0
7355;0
7356;0
7357;0
7358;0
7359;0
7360;0
7361;0
7362;0
7363;0
7364;0
7365;0
7366;0
7367;0
7368;0
7369;0
7370;0
7371;0
7372;0
7373;0
7374;0
7375;0
7376;0
7377;0
7378;0
7379;0
7380;0
7381;0
7382;0
7383;0
7384;0
7385;0
7386;0
7387;0
7388;0
7389;0
7390;0
7391;0
7392;0
7393;0
7394;0
7395;0
7396;0
7397;0
7398;0
7399;0
7400;0
7401;0
7402;0
7403;0
7404;0
7405;0
7406;0
7407;0
7408;0
7409;0
7410;0
7411;0
7412;0
7413;0
7414;0
7415;0
7416;0
7417;0
7418;0
7419;0
7420;0
7421;0
7422;0
7423;0
7424;0
7425;0
7426;0
7427;0
7428;0
7429;0
7430;0
7431;0
7432;0
7433;0
7434;0
7435;0
7436;0
7437;0
7438;0
7439;0
7440;0
7441;0
7442;0
7443;0
7444;0
7445;0
7446;0
7447;0
7448;0
7449;0
7450;0
7451;0
7452;0
7453;0
7454;0
7455;0
7456;0
7457;0
7458;0
7459;0
7460;0
7461;0
7462;0
7463;0
7464;0
7465;0
7466;0
7467;0
7468;0
7469;0
7470;0
7471;0
7472;0
7473;0
7474;0
7475;0
7476;0
7477;0
7478;0
7479;0
7480;0
7481;0
7482;0
7483;0
7484;0
7485;0
7486;0
7487;0
7488;0
7489;0
7490;0
7491;0
7492;0
7493;0
7494;0
7495;0
7496;0
7497;0
7498;0
7499;0
7500;0
7501;0
7502;0
7503;0
7504;0
7505;0
7506;0
7507;0
7508;0
7509;0
7510;0
7511;0
7512;0
7513;0
7514;0
7515;0
7516;0
7517;0
7518;0
7519;0
7520;0
7521;0
7522;0
7523;0
7524;0
7525;0
7526;0
7527;0
7528;0
7529;0
7530;0
7531;0
7532;0
7533;0
7534;0
7535;0
7536;0
7537;0
7538;0
7539;0
7540;0
7541;0
7542;0
7543;0
7544;0
7545;0
7546;0
7547;0
7548;0
7549;0
7550;0
7551;0
7552;0
7553;0
7554;0
7555;0
7556;0
7557;0
7558;0
7559;0
7560;0
7561;0
7562;0
7563;0
7564;0
7565;0
7566;0
7567;0
7568;0
7569;0
7570;0
7571;0
7572;0
7573;0
7574;0
7575;0
7576;0
7577;0
7578;0
7579;0
7580;0
7581;0
7582;0
7583;0
7584;0
7585;0
7586;0
7587;0
7588;0
7589;0
7590;0
7591;0
7592;0
7593;0
7594;0
7595;0
7596;0
7597;0
7598;0
7599;0
7600;0
7601;0
7602;0
7603;0
7604;0
7605;0
7606;0
7607;0
7608;0
7609;0
7610;0
7611;0
7612;0
7613;0
7614;0
7615;0
7616;0
7617;0
7618;0
7619;0
7620;0
7621;0
7622;0
7623;0
7624;0
7625;0
7626;0
7627;0
7628;0
7629;0
7630;0
7631;0
7632;0
7633;0
7634;0
7635;0
7636;0
7637;0
7638;0
7639;0
7640;0
7641;0
7642;0
7643;0
7644;0
7645;0
7646;0
7647;0
7648;0
7649;0
7650;0
7651;0
7652;0
7653;0
7654;0
7655;0
7656;0
7657;0
7658;0
7659;0
7660;0
7661;0
7662;0
7663;0
7664;0
7665;0
7666;0
7667;0
7668;0
7669;0
7670;0
7671;0
7672;0
7673;0
7674;0
7675;0
7676;0
7677;0
7678;0
7679;0
7680;0
7681;0
7682;0
7683;0
7684;0
7685;0
7686;0
7687;0
7688;0
7689;0
7690;0
7691;0
7692;0
7693;0
7694;0
7695;0
7696;0
7697;0
7698;0
7699;0
7700;0
7701;0
7702;0
7703;0
7704;0
7705;0
7706;0
7707;0
7708;0
7709;0
7710;0
7711;0
7712;0
7713;0
7714;0
7715;0
7716;0
7717;0
7718;0
7719;0
7720;0
7721;0
7722;0
7723;0
7724;0
7725;0
7726;0
7727;0
7728;0
7729;0
7730;0
7731;0
7732;0
7733;0
7734;0
7735;0
7736;0
7737;0
7738;0
7739;0
7740;0
7741;0
7742;0
7743;0
7744;0
7745;0
7746;0
7747;0
7748;0
7749;0
7750;0
7751;0
7752;0
7753;0
7754;0
7755;0
7756;0
7757;0
7758;0
7759;0
7760;0
7761;0
7762;0
7763;0
7764;0
7765;0
7766;0
7767;0
7768;0
7769;0
7770;0
7771;0
7772;0
7773;0
7774;0
7775;0
7776;0
7777;0
7778;0
7779;0
7780;0
7781;0
7782;0
7783;0
7784;0
7785;0
7786;0
7787;0
7788;0
7789;0
7790;0
7791;0
7792;0
7793;0
7794;0
7795;0
7796;0
7797;0
7798;0
7799;0
7800;0
7801;0
7802;0
7803;0
7804;0
7805;0
7806;0
7807;0
7808;0
7809;0
7810;0
7811;0
7812;0
7813;0
7814;0
7815;0
7816;0
7817;0
7818;0
7819;0
7820;0
7821;0
7822;0
7823;0
7824;0
7825;0
7826;0
7827;0
7828;0
7829;0
7830;0
7831;0
7832;0
7833;0
7834;0
7835;0
7836;0
7837;0
7838;0
7839;0
7840;0
7841;0
7842;0
7843;0
7844;0
7845;0
7846;0
7847;0
7848;0
7849;0
7850;0
7851;0
7852;0
7853;0
7854;0
7855;0
7856;0
7857;0
7858;0
7859;0
7860;0
7861;0
7862;0
7863;0
7864;0
7865;0
7866;0
7867;0
7868;0
7869;0
7870;0
7871;0
7872;0
7873;0
7874;0
7875;0
7876;0
7877;0
7878;0
7879;0
7880;0
7881;0
7882;0
7883;0
7884;0
7885;0
7886;0
7887;0
7888;0
7889;0
7890;0
7891;0
7892;0
7893;0
7894;0
7895;0
7896;0
7897;0
7898;0
7899;0
7900;0
7901;0
7902;0
7903;0
7904;0
7905;0
7906;0
7907;0
7908;0
7909;0
7910;0
7911;0
7912;0
7913;0
7914;0
7915;0
7916;0
7917;0
7918;0
7919;0
7920;0
7921;0
7922;0
7923;0
7924;0
7925;0
7926;0
7927;0
7928;0
7929;0
7930;0
7931;0
7932;0
7933;0
7934;0
7935;0
7936;0
7937;0
7938;0
7939;0
7940;0
7941;0
7942;0
7943;0
7944;0
7945;0
7946;0
7947;0
7948;0
7949;0
7950;0
7951;0
7952;0
7953;0
7954;0
7955;0
7956;0
7957;0
7958;0
7959;0
7960;0
7961;0
7962;0
7963;0
7964;0
7965;0
7966;0
7967;0
7968;0
7969;0
7970;0
7971;0
7972;0
7973;0
7974;0
7975;0
7976;0
7977;0
7978;0
7979;0
7980;0
7981;0
7982;0
7983;0
7984;0
7985;0
7986;0
7987;0
7988;0
7989;0
7990;0
7991;0
7992;0
7993;0
7994;0
7995;0
7996;0
7997;0
7998;0
7999;0
8000;0
8001;0
8002;0
8003;0
8004;0
8005;0
8006;0
8007;0
8008;0
8009;0
8010;0
8011;0
8012;0
8013;0
8014;0
8015;0
8016;0
8017;0
8018;0
8019;0
8020;0
8021;0
8022;0
8023;0
8024;0
8025;0
8026;0
8027;0
8028;0
8029;0
8030;0
8031;0
8032;0
8033;0
8034;0
8035;0
8036;0
8037;0
8038;0
8039;0
8040;0
8041;0
8042;0
8043;0
8044;0
8045;0
8046;0
8047;0
8048;0
8049;0
8050;0
8051;0
8052;0
8053;0
8054;0
8055;0
8056;0
8057;0
8058;0
8059;0
8060;0
8061;0
8062;0
8063;0
8064;0
8065;0
8066;0
8067;0
8068;0
8069;0
8070;0
8071;0
8072;0
8073;0
8074;0
8075;0
8076;0
8077;0
8078;0
8079;0
8080;0
8081;0
8082;0
8083;0
8084;0
8085;0
8086;0
8087;0
8088;0
8089;0
8090;0
8091;0
8092;0
8093;0
8094;0
8095;0
8096;0
8097;0
8098;0
8099;0
8100;0
8101;0
8102;0
8103;0
8104;0
8105;0
8106;0
8107;0
8108;0
8109;0
8110;0
8111;0
8112;0
8113;0
8114;0
8115;0
8116;0
8117;0
8118;0
8119;0
8120;0
8121;0
8122;0
8123;0
8124;0
8125;0
8126;0
8127;0
8128;0
8129;0
8130;0
8131;0
8132;0
8133;0
8134;0
8135;0
8136;0
8137;0
8138;0
8139;0
8140;0
8141;0
8142;0
8143;0
8144;0
8145;0
8146;0
8147;0
8148;0
8149;0
8150;0
8151;0
8152;0
8153;0
8154;0
8155;0
8156;0
8157;0
8158;0
8159;0
8160;0
8161;0
8162;0
8163;0
8164;0
8165;0
8166;0
8167;0
8168;0
8169;0
8170;0
8171;0
8172;0
8173;0
8174;0
8175;0
8176;0
8177;0
8178;0
8179;0
8180;0
8181;0
8182;0
8183;0
8184;0
8185;0
8186;0
8187;0
8188;0
8189;0
8190;0
8191;0
