0;0
1;0
2;0
3;0
4;0
5;0
6;0
7;0
8;0
9;0
10;0
11;0
12;0
13;0
14;0
15;0
16;0
17;0
18;0
19;0
20;0
21;0
22;0
23;0
24;0
25;0
26;0
27;0
28;0
29;0
30;0
31;0
32;0
33;0
34;0
35;0
36;0
37;0
38;0
39;0
40;0
41;0
42;0
43;0
44;0
45;0
46;0
47;0
48;0
49;0
50;0
51;0
52;0
53;0
54;0
55;0
56;0
57;0
58;0
59;0
60;0
61;0
62;0
63;0
64;0
65;0
66;0
67;0
68;0
69;0
70;0
71;0
72;0
73;0
74;0
75;0
76;0
77;0
78;0
79;0
80;0
81;0
82;0
83;0
84;0
85;0
86;0
87;0
88;0
89;0
90;0
91;0
92;0
93;0
94;0
95;0
96;0
97;0
98;0
99;0
100;0
101;0
102;0
103;0
104;0
105;0
106;0
107;0
108;0
109;0
110;0
111;0
112;0
113;0
114;0
115;0
116;0
117;0
118;0
119;0
120;0
121;0
122;0
123;0
124;0
125;0
126;0
127;0
128;0
129;0
130;0
131;0
132;0
133;9
134;47
135;146
136;221
137;256
138;228
139;271
140;246
141;257
142;255
143;276
144;245
145;255
146;255
147;229
148;246
149;220
150;233
151;279
152;241
153;246
154;261
155;248
156;236
157;249
158;244
159;228
160;245
161;212
162;242
163;237
164;224
165;241
166;248
167;231
168;222
169;246
170;248
171;225
172;250
173;229
174;226
175;259
176;252
177;240
178;225
179;218
180;230
181;229
182;231
183;265
184;227
185;249
186;240
187;241
188;223
189;238
190;237
191;210
192;214
193;249
194;211
195;236
196;228
197;238
198;234
199;222
200;196
201;220
202;225
203;218
204;211
205;207
206;236
207;244
208;217
209;202
210;238
211;234
212;227
213;207
214;222
215;222
216;216
217;229
218;209
219;190
220;234
221;216
222;215
223;218
224;204
225;236
226;210
227;201
228;236
229;227
230;217
231;209
232;213
233;223
234;232
235;194
236;208
237;224
238;229
239;242
240;218
241;226
242;231
243;231
244;198
245;233
246;219
247;187
248;211
249;231
250;213
251;224
252;212
253;206
254;220
255;200
256;223
257;199
258;208
259;235
260;234
261;231
262;221
263;166
264;219
265;224
266;218
267;221
268;243
269;194
270;207
271;219
272;229
273;207
274;199
275;171
276;221
277;206
278;215
279;229
280;223
281;210
282;221
283;178
284;215
285;179
286;213
287;234
288;223
289;209
290;214
291;222
292;208
293;195
294;234
295;226
296;223
297;230
298;232
299;235
300;210
301;234
302;226
303;206
304;216
305;212
306;223
307;214
308;235
309;234
310;204
311;198
312;212
313;241
314;226
315;230
316;215
317;222
318;237
319;217
320;212
321;219
322;220
323;218
324;225
325;225
326;196
327;214
328;236
329;204
330;236
331;244
332;237
333;238
334;233
335;199
336;215
337;234
338;228
339;236
340;251
341;212
342;234
343;226
344;242
345;194
346;226
347;241
348;239
349;243
350;220
351;216
352;236
353;233
354;194
355;198
356;217
357;222
358;259
359;199
360;201
361;223
362;246
363;239
364;248
365;210
366;217
367;231
368;218
369;213
370;221
371;220
372;267
373;232
374;262
375;219
376;232
377;230
378;235
379;219
380;238
381;260
382;256
383;251
384;219
385;225
386;216
387;236
388;227
389;224
390;210
391;239
392;217
393;183
394;220
395;226
396;221
397;216
398;215
399;229
400;230
401;221
402;266
403;249
404;219
405;222
406;237
407;226
408;232
409;228
410;221
411;232
412;208
413;201
414;216
415;234
416;262
417;245
418;247
419;253
420;226
421;236
422;225
423;228
424;243
425;217
426;233
427;215
428;259
429;228
430;235
431;236
432;242
433;254
434;215
435;241
436;228
437;211
438;227
439;235
440;201
441;217
442;226
443;220
444;261
445;207
446;217
447;243
448;234
449;232
450;236
451;241
452;240
453;235
454;250
455;254
456;226
457;220
458;238
459;235
460;235
461;242
462;267
463;238
464;217
465;219
466;214
467;205
468;251
469;213
470;243
471;227
472;219
473;251
474;237
475;213
476;209
477;241
478;196
479;231
480;252
481;235
482;233
483;245
484;235
485;223
486;247
487;221
488;258
489;274
490;247
491;249
492;261
493;239
494;226
495;206
496;209
497;258
498;239
499;242
500;203
501;229
502;207
503;212
504;235
505;232
506;245
507;256
508;244
509;216
510;219
511;238
512;227
513;230
514;228
515;246
516;247
517;236
518;257
519;252
520;243
521;260
522;258
523;241
524;229
525;236
526;218
527;234
528;229
529;228
530;241
531;217
532;227
533;231
534;251
535;222
536;241
537;227
538;219
539;216
540;222
541;208
542;243
543;239
544;212
545;213
546;239
547;219
548;235
549;222
550;229
551;234
552;218
553;224
554;243
555;220
556;247
557;214
558;214
559;252
560;228
561;241
562;224
563;237
564;224
565;209
566;232
567;219
568;197
569;234
570;236
571;245
572;231
573;249
574;286
575;251
576;253
577;239
578;249
579;222
580;228
581;218
582;237
583;233
584;220
585;223
586;223
587;206
588;224
589;246
590;208
591;201
592;211
593;239
594;220
595;226
596;232
597;204
598;200
599;238
600;222
601;222
602;267
603;232
604;258
605;232
606;209
607;254
608;220
609;222
610;201
611;225
612;214
613;226
614;248
615;222
616;234
617;255
618;233
619;218
620;216
621;221
622;237
623;235
624;221
625;233
626;244
627;227
628;275
629;213
630;256
631;207
632;238
633;260
634;218
635;249
636;236
637;211
638;251
639;238
640;233
641;224
642;219
643;261
644;244
645;207
646;239
647;237
648;259
649;223
650;212
651;227
652;247
653;216
654;229
655;272
656;229
657;230
658;220
659;246
660;221
661;236
662;247
663;229
664;220
665;233
666;229
667;258
668;220
669;209
670;231
671;250
672;225
673;217
674;239
675;217
676;263
677;199
678;291
679;235
680;241
681;242
682;242
683;226
684;213
685;238
686;242
687;242
688;236
689;227
690;230
691;240
692;228
693;260
694;231
695;235
696;220
697;236
698;219
699;208
700;238
701;239
702;247
703;214
704;230
705;233
706;253
707;237
708;230
709;227
710;249
711;221
712;227
713;229
714;210
715;242
716;219
717;224
718;233
719;231
720;196
721;217
722;219
723;220
724;232
725;224
726;208
727;229
728;254
729;232
730;215
731;248
732;222
733;186
734;225
735;203
736;244
737;221
738;223
739;250
740;231
741;240
742;219
743;181
744;217
745;225
746;233
747;196
748;225
749;219
750;205
751;228
752;239
753;242
754;221
755;247
756;207
757;215
758;192
759;214
760;236
761;240
762;224
763;234
764;234
765;224
766;227
767;239
768;225
769;245
770;232
771;202
772;209
773;238
774;216
775;241
776;260
777;226
778;240
779;217
780;232
781;225
782;210
783;216
784;221
785;214
786;232
787;216
788;190
789;200
790;216
791;229
792;239
793;232
794;239
795;199
796;212
797;216
798;217
799;224
800;213
801;241
802;216
803;214
804;213
805;237
806;215
807;216
808;200
809;195
810;209
811;204
812;227
813;200
814;187
815;217
816;198
817;218
818;187
819;222
820;219
821;237
822;241
823;200
824;226
825;242
826;209
827;204
828;228
829;205
830;253
831;217
832;208
833;210
834;215
835;226
836;208
837;208
838;195
839;220
840;210
841;207
842;212
843;213
844;205
845;232
846;189
847;201
848;217
849;197
850;206
851;194
852;192
853;223
854;220
855;242
856;180
857;197
858;204
859;217
860;212
861;220
862;205
863;227
864;200
865;217
866;202
867;200
868;212
869;202
870;203
871;226
872;205
873;198
874;227
875;203
876;217
877;221
878;214
879;217
880;208
881;207
882;211
883;194
884;218
885;222
886;221
887;182
888;211
889;211
890;201
891;190
892;240
893;228
894;191
895;205
896;221
897;179
898;216
899;212
900;203
901;203
902;199
903;209
904;214
905;217
906;199
907;200
908;194
909;216
910;206
911;188
912;199
913;192
914;194
915;185
916;210
917;218
918;175
919;191
920;194
921;204
922;191
923;202
924;180
925;197
926;229
927;187
928;221
929;212
930;182
931;215
932;210
933;204
934;196
935;231
936;192
937;193
938;187
939;208
940;196
941;189
942;216
943;214
944;206
945;170
946;205
947;181
948;206
949;178
950;208
951;198
952;207
953;199
954;206
955;205
956;195
957;217
958;214
959;212
960;220
961;196
962;193
963;212
964;186
965;200
966;202
967;170
968;208
969;181
970;212
971;195
972;198
973;223
974;193
975;172
976;185
977;176
978;197
979;196
980;184
981;177
982;179
983;197
984;175
985;176
986;207
987;233
988;199
989;209
990;180
991;188
992;179
993;198
994;172
995;198
996;197
997;191
998;198
999;185
1000;178
1001;214
1002;195
1003;205
1004;164
1005;179
1006;165
1007;190
1008;193
1009;212
1010;188
1011;191
1012;162
1013;201
1014;208
1015;202
1016;204
1017;213
1018;173
1019;217
1020;174
1021;163
1022;234
1023;191
1024;186
1025;174
1026;203
1027;181
1028;194
1029;193
1030;189
1031;168
1032;180
1033;161
1034;214
1035;203
1036;210
1037;182
1038;211
1039;171
1040;191
1041;192
1042;196
1043;194
1044;208
1045;198
1046;198
1047;191
1048;205
1049;182
1050;200
1051;201
1052;169
1053;180
1054;201
1055;205
1056;186
1057;192
1058;199
1059;188
1060;197
1061;175
1062;213
1063;202
1064;181
1065;163
1066;182
1067;191
1068;199
1069;189
1070;173
1071;203
1072;213
1073;195
1074;208
1075;182
1076;183
1077;189
1078;194
1079;202
1080;218
1081;214
1082;234
1083;228
1084;226
1085;213
1086;170
1087;199
1088;197
1089;191
1090;218
1091;205
1092;227
1093;229
1094;247
1095;217
1096;204
1097;233
1098;218
1099;225
1100;221
1101;211
1102;223
1103;223
1104;220
1105;231
1106;214
1107;215
1108;235
1109;231
1110;227
1111;258
1112;216
1113;230
1114;223
1115;228
1116;233
1117;238
1118;232
1119;196
1120;244
1121;228
1122;225
1123;238
1124;251
1125;190
1126;265
1127;218
1128;261
1129;212
1130;198
1131;220
1132;223
1133;254
1134;205
1135;251
1136;252
1137;227
1138;212
1139;216
1140;219
1141;244
1142;236
1143;219
1144;230
1145;245
1146;255
1147;224
1148;209
1149;220
1150;236
1151;211
1152;229
1153;247
1154;235
1155;240
1156;218
1157;211
1158;227
1159;201
1160;220
1161;229
1162;189
1163;199
1164;218
1165;242
1166;236
1167;217
1168;222
1169;235
1170;233
1171;219
1172;208
1173;203
1174;243
1175;217
1176;212
1177;227
1178;220
1179;244
1180;218
1181;232
1182;194
1183;208
1184;198
1185;216
1186;227
1187;225
1188;219
1189;199
1190;220
1191;212
1192;235
1193;257
1194;221
1195;206
1196;217
1197;204
1198;177
1199;197
1200;237
1201;214
1202;211
1203;192
1204;195
1205;210
1206;222
1207;210
1208;196
1209;194
1210;232
1211;207
1212;215
1213;219
1214;234
1215;205
1216;203
1217;219
1218;206
1219;234
1220;234
1221;208
1222;224
1223;221
1224;216
1225;194
1226;245
1227;210
1228;209
1229;206
1230;233
1231;189
1232;195
1233;208
1234;232
1235;204
1236;242
1237;250
1238;239
1239;228
1240;195
1241;245
1242;178
1243;205
1244;183
1245;200
1246;200
1247;202
1248;205
1249;188
1250;194
1251;199
1252;216
1253;213
1254;229
1255;205
1256;203
1257;224
1258;177
1259;212
1260;212
1261;211
1262;208
1263;194
1264;176
1265;224
1266;238
1267;192
1268;206
1269;201
1270;219
1271;183
1272;191
1273;217
1274;212
1275;206
1276;201
1277;196
1278;208
1279;197
1280;222
1281;194
1282;221
1283;190
1284;190
1285;210
1286;203
1287;193
1288;192
1289;208
1290;195
1291;173
1292;193
1293;211
1294;186
1295;166
1296;196
1297;182
1298;197
1299;178
1300;195
1301;190
1302;203
1303;209
1304;204
1305;172
1306;205
1307;207
1308;215
1309;184
1310;192
1311;190
1312;170
1313;163
1314;199
1315;190
1316;215
1317;176
1318;207
1319;181
1320;215
1321;192
1322;204
1323;185
1324;196
1325;202
1326;188
1327;198
1328;186
1329;220
1330;173
1331;201
1332;214
1333;214
1334;212
1335;201
1336;192
1337;168
1338;191
1339;171
1340;199
1341;176
1342;190
1343;183
1344;191
1345;182
1346;173
1347;194
1348;183
1349;177
1350;227
1351;195
1352;212
1353;168
1354;208
1355;174
1356;185
1357;180
1358;191
1359;191
1360;183
1361;201
1362;185
1363;180
1364;173
1365;159
1366;181
1367;187
1368;193
1369;187
1370;170
1371;199
1372;174
1373;194
1374;180
1375;215
1376;161
1377;187
1378;174
1379;144
1380;202
1381;184
1382;207
1383;193
1384;186
1385;177
1386;184
1387;183
1388;165
1389;191
1390;178
1391;169
1392;194
1393;190
1394;153
1395;196
1396;182
1397;186
1398;162
1399;206
1400;185
1401;164
1402;192
1403;187
1404;187
1405;178
1406;162
1407;181
1408;192
1409;176
1410;182
1411;152
1412;176
1413;183
1414;181
1415;183
1416;179
1417;162
1418;166
1419;165
1420;176
1421;166
1422;174
1423;168
1424;155
1425;193
1426;179
1427;159
1428;161
1429;155
1430;179
1431;185
1432;181
1433;173
1434;158
1435;184
1436;179
1437;167
1438;159
1439;178
1440;167
1441;198
1442;171
1443;165
1444;165
1445;186
1446;163
1447;184
1448;179
1449;191
1450;181
1451;162
1452;180
1453;182
1454;176
1455;173
1456;160
1457;170
1458;156
1459;170
1460;194
1461;184
1462;170
1463;181
1464;177
1465;198
1466;165
1467;176
1468;176
1469;186
1470;168
1471;156
1472;172
1473;181
1474;173
1475;156
1476;168
1477;199
1478;172
1479;168
1480;175
1481;162
1482;165
1483;176
1484;184
1485;186
1486;152
1487;169
1488;163
1489;153
1490;153
1491;202
1492;168
1493;157
1494;176
1495;173
1496;185
1497;159
1498;180
1499;172
1500;173
1501;151
1502;162
1503;173
1504;180
1505;156
1506;181
1507;162
1508;179
1509;155
1510;168
1511;178
1512;151
1513;157
1514;161
1515;180
1516;172
1517;177
1518;173
1519;179
1520;161
1521;175
1522;162
1523;155
1524;156
1525;151
1526;166
1527;164
1528;171
1529;198
1530;175
1531;187
1532;186
1533;178
1534;175
1535;199
1536;185
1537;180
1538;181
1539;173
1540;157
1541;183
1542;153
1543;161
1544;166
1545;167
1546;161
1547;164
1548;140
1549;179
1550;158
1551;159
1552;171
1553;184
1554;167
1555;173
1556;147
1557;180
1558;165
1559;182
1560;175
1561;181
1562;171
1563;186
1564;155
1565;167
1566;181
1567;157
1568;165
1569;149
1570;177
1571;186
1572;165
1573;172
1574;190
1575;168
1576;174
1577;144
1578;181
1579;171
1580;160
1581;166
1582;138
1583;183
1584;172
1585;164
1586;172
1587;149
1588;151
1589;154
1590;145
1591;175
1592;148
1593;152
1594;160
1595;174
1596;165
1597;176
1598;173
1599;146
1600;130
1601;146
1602;146
1603;155
1604;136
1605;163
1606;152
1607;170
1608;167
1609;164
1610;167
1611;172
1612;187
1613;181
1614;174
1615;177
1616;198
1617;186
1618;184
1619;193
1620;179
1621;163
1622;137
1623;150
1624;167
1625;152
1626;152
1627;169
1628;184
1629;153
1630;168
1631;169
1632;178
1633;171
1634;154
1635;161
1636;158
1637;155
1638;148
1639;170
1640;159
1641;158
1642;161
1643;165
1644;181
1645;146
1646;149
1647;134
1648;183
1649;144
1650;192
1651;154
1652;163
1653;158
1654;156
1655;169
1656;128
1657;145
1658;169
1659;153
1660;148
1661;159
1662;176
1663;175
1664;154
1665;162
1666;151
1667;128
1668;136
1669;167
1670;154
1671;139
1672;171
1673;147
1674;163
1675;162
1676;155
1677;159
1678;159
1679;155
1680;164
1681;167
1682;156
1683;143
1684;157
1685;144
1686;137
1687;149
1688;150
1689;138
1690;135
1691;159
1692;166
1693;159
1694;149
1695;161
1696;147
1697;146
1698;169
1699;144
1700;157
1701;160
1702;158
1703;161
1704;150
1705;156
1706;155
1707;157
1708;156
1709;163
1710;174
1711;152
1712;149
1713;147
1714;142
1715;152
1716;174
1717;173
1718;143
1719;165
1720;165
1721;151
1722;160
1723;144
1724;147
1725;147
1726;150
1727;140
1728;160
1729;162
1730;155
1731;146
1732;136
1733;139
1734;141
1735;141
1736;154
1737;141
1738;143
1739;154
1740;131
1741;136
1742;138
1743;133
1744;159
1745;140
1746;146
1747;145
1748;178
1749;157
1750;142
1751;145
1752;143
1753;157
1754;136
1755;135
1756;134
1757;134
1758;169
1759;131
1760;140
1761;168
1762;144
1763;157
1764;155
1765;157
1766;156
1767;136
1768;155
1769;130
1770;149
1771;163
1772;166
1773;128
1774;153
1775;147
1776;162
1777;145
1778;148
1779;138
1780;149
1781;155
1782;155
1783;139
1784;158
1785;155
1786;168
1787;155
1788;157
1789;164
1790;146
1791;158
1792;147
1793;138
1794;152
1795;153
1796;152
1797;151
1798;167
1799;140
1800;151
1801;167
1802;144
1803;153
1804;152
1805;155
1806;153
1807;151
1808;150
1809;142
1810;149
1811;160
1812;137
1813;143
1814;161
1815;126
1816;149
1817;133
1818;164
1819;138
1820;146
1821;173
1822;135
1823;138
1824;154
1825;128
1826;140
1827;144
1828;139
1829;148
1830;123
1831;152
1832;157
1833;153
1834;171
1835;158
1836;191
1837;161
1838;148
1839;137
1840;128
1841;150
1842;146
1843;156
1844;144
1845;138
1846;138
1847;145
1848;147
1849;151
1850;135
1851;160
1852;151
1853;142
1854;138
1855;152
1856;119
1857;150
1858;158
1859;175
1860;126
1861;122
1862;132
1863;135
1864;140
1865;127
1866;142
1867;130
1868;128
1869;145
1870;140
1871;131
1872;126
1873;130
1874;122
1875;144
1876;135
1877;154
1878;147
1879;151
1880;161
1881;148
1882;125
1883;136
1884;126
1885;138
1886;155
1887;158
1888;148
1889;150
1890;134
1891;165
1892;156
1893;122
1894;133
1895;137
1896;129
1897;139
1898;126
1899;139
1900;156
1901;144
1902;139
1903;159
1904;160
1905;149
1906;152
1907;129
1908;125
1909;154
1910;143
1911;126
1912;143
1913;138
1914;134
1915;149
1916;144
1917;155
1918;158
1919;135
1920;165
1921;140
1922;138
1923;164
1924;162
1925;126
1926;141
1927;147
1928;139
1929;139
1930;140
1931;134
1932;139
1933;162
1934;138
1935;127
1936;146
1937;114
1938;168
1939;149
1940;129
1941;172
1942;144
1943;129
1944;105
1945;125
1946;158
1947;158
1948;128
1949;124
1950;155
1951;117
1952;122
1953;122
1954;147
1955;143
1956;145
1957;146
1958;146
1959;159
1960;142
1961;121
1962;122
1963;150
1964;142
1965;148
1966;144
1967;142
1968;148
1969;127
1970;162
1971;150
1972;112
1973;138
1974;134
1975;139
1976;153
1977;155
1978;140
1979;143
1980;131
1981;152
1982;129
1983;139
1984;141
1985;126
1986;165
1987;140
1988;135
1989;130
1990;143
1991;137
1992;129
1993;128
1994;135
1995;132
1996;157
1997;136
1998;145
1999;125
2000;131
2001;134
2002;144
2003;122
2004;137
2005;120
2006;123
2007;135
2008;140
2009;138
2010;139
2011;142
2012;135
2013;135
2014;143
2015;136
2016;117
2017;125
2018;109
2019;160
2020;143
2021;123
2022;123
2023;137
2024;135
2025;159
2026;147
2027;151
2028;127
2029;131
2030;130
2031;166
2032;130
2033;123
2034;143
2035;137
2036;126
2037;150
2038;135
2039;138
2040;124
2041;142
2042;126
2043;122
2044;127
2045;125
2046;136
2047;129
2048;124
2049;132
2050;116
2051;129
2052;139
2053;134
2054;138
2055;134
2056;137
2057;137
2058;118
2059;120
2060;134
2061;132
2062;151
2063;147
2064;149
2065;147
2066;134
2067;134
2068;118
2069;117
2070;139
2071;131
2072;131
2073;114
2074;126
2075;125
2076;131
2077;130
2078;144
2079;115
2080;129
2081;130
2082;142
2083;142
2084;132
2085;136
2086;136
2087;152
2088;129
2089;129
2090;133
2091;136
2092;147
2093;117
2094;137
2095;149
2096;121
2097;123
2098;118
2099;145
2100;139
2101;126
2102;144
2103;132
2104;139
2105;154
2106;144
2107;124
2108;133
2109;141
2110;130
2111;130
2112;142
2113;111
2114;127
2115;132
2116;123
2117;113
2118;146
2119;138
2120;126
2121;131
2122;116
2123;140
2124;144
2125;133
2126;149
2127;118
2128;145
2129;135
2130;119
2131;152
2132;124
2133;141
2134;145
2135;123
2136;122
2137;146
2138;134
2139;136
2140;114
2141;152
2142;135
2143;148
2144;118
2145;141
2146;121
2147;120
2148;136
2149;141
2150;114
2151;127
2152;131
2153;134
2154;149
2155;119
2156;122
2157;122
2158;128
2159;126
2160;126
2161;129
2162;133
2163;137
2164;146
2165;162
2166;143
2167;116
2168;140
2169;128
2170;137
2171;156
2172;125
2173;115
2174;138
2175;118
2176;117
2177;141
2178;115
2179;128
2180;134
2181;144
2182;140
2183;123
2184;130
2185;139
2186;152
2187;124
2188;129
2189;136
2190;127
2191;135
2192;114
2193;128
2194;151
2195;138
2196;135
2197;133
2198;125
2199;133
2200;146
2201;146
2202;138
2203;104
2204;133
2205;129
2206;134
2207;138
2208;143
2209;134
2210;137
2211;135
2212;135
2213;126
2214;113
2215;145
2216;138
2217;116
2218;138
2219;136
2220;119
2221;135
2222;150
2223;131
2224;121
2225;115
2226;140
2227;133
2228;127
2229;123
2230;113
2231;120
2232;96
2233;110
2234;136
2235;134
2236;121
2237;129
2238;147
2239;136
2240;106
2241;150
2242;133
2243;126
2244;118
2245;132
2246;103
2247;122
2248;128
2249;130
2250;153
2251;134
2252;137
2253;144
2254;110
2255;120
2256;127
2257;135
2258;134
2259;145
2260;139
2261;118
2262;140
2263;118
2264;149
2265;131
2266;129
2267;141
2268;137
2269;145
2270;110
2271;141
2272;120
2273;146
2274;124
2275;126
2276;143
2277;130
2278;135
2279;144
2280;127
2281;118
2282;141
2283;139
2284;157
2285;116
2286;147
2287;115
2288;142
2289;120
2290;139
2291;107
2292;121
2293;159
2294;115
2295;130
2296;135
2297;125
2298;119
2299;155
2300;133
2301;133
2302;129
2303;128
2304;132
2305;136
2306;105
2307;146
2308;138
2309;132
2310;151
2311;117
2312;129
2313;119
2314;130
2315;118
2316;116
2317;133
2318;115
2319;103
2320;142
2321;108
2322;148
2323;130
2324;138
2325;122
2326;134
2327;138
2328;135
2329;135
2330;114
2331;104
2332;134
2333;132
2334;145
2335;105
2336;121
2337;129
2338;146
2339;127
2340;130
2341;123
2342;127
2343;148
2344;145
2345;131
2346;130
2347;109
2348;115
2349;130
2350;142
2351;126
2352;128
2353;136
2354;130
2355;119
2356;121
2357;130
2358;105
2359;141
2360;125
2361;141
2362;119
2363;116
2364;119
2365;130
2366;127
2367;115
2368;126
2369;132
2370;130
2371;118
2372;137
2373;145
2374;106
2375;139
2376;135
2377;118
2378;133
2379;141
2380;139
2381;132
2382;134
2383;124
2384;112
2385;130
2386;116
2387;135
2388;110
2389;124
2390;133
2391;119
2392;142
2393;115
2394;99
2395;109
2396;129
2397;136
2398;127
2399;137
2400;127
2401;136
2402;147
2403;109
2404;120
2405;129
2406;129
2407;117
2408;108
2409;139
2410;119
2411;136
2412;131
2413;126
2414;133
2415;119
2416;121
2417;132
2418;127
2419;149
2420;130
2421;129
2422;136
2423;132
2424;122
2425;118
2426;122
2427;134
2428;124
2429;116
2430;131
2431;125
2432;114
2433;125
2434;117
2435;135
2436;119
2437;135
2438;121
2439;135
2440;146
2441;115
2442;128
2443;109
2444;126
2445;132
2446;116
2447;102
2448;120
2449;143
2450;137
2451;135
2452;111
2453;137
2454;126
2455;119
2456;115
2457;116
2458;125
2459;127
2460;123
2461;123
2462;130
2463;144
2464;116
2465;132
2466;117
2467;130
2468;136
2469;119
2470;131
2471;128
2472;122
2473;120
2474;137
2475;118
2476;120
2477;133
2478;134
2479;113
2480;116
2481;121
2482;123
2483;121
2484;120
2485;122
2486;126
2487;150
2488;117
2489;126
2490;119
2491;111
2492;127
2493;129
2494;120
2495;116
2496;103
2497;105
2498;125
2499;134
2500;117
2501;139
2502;128
2503;126
2504;141
2505;150
2506;129
2507;107
2508;113
2509;114
2510;124
2511;125
2512;121
2513;117
2514;116
2515;124
2516;117
2517;121
2518;111
2519;148
2520;130
2521;138
2522;104
2523;136
2524;119
2525;126
2526;140
2527;117
2528;130
2529;124
2530;137
2531;152
2532;119
2533;117
2534;136
2535;123
2536;113
2537;118
2538;126
2539;129
2540;137
2541;122
2542;136
2543;142
2544;128
2545;128
2546;149
2547;122
2548;133
2549;117
2550;132
2551;111
2552;124
2553;103
2554;121
2555;136
2556;125
2557;131
2558;133
2559;118
2560;135
2561;135
2562;147
2563;124
2564;124
2565;105
2566;119
2567;118
2568;136
2569;127
2570;105
2571;120
2572;137
2573;133
2574;110
2575;117
2576;138
2577;112
2578;112
2579;126
2580;129
2581;116
2582;112
2583;129
2584;146
2585;113
2586;116
2587;109
2588;106
2589;124
2590;106
2591;140
2592;126
2593;128
2594;144
2595;125
2596;135
2597;117
2598;115
2599;126
2600;121
2601;105
2602;125
2603;115
2604;127
2605;102
2606;137
2607;134
2608;114
2609;112
2610;124
2611;115
2612;122
2613;127
2614;108
2615;116
2616;122
2617;131
2618;114
2619;139
2620;120
2621;155
2622;122
2623;113
2624;115
2625;127
2626;139
2627;123
2628;110
2629;112
2630;110
2631;107
2632;111
2633;144
2634;136
2635;104
2636;111
2637;151
2638;144
2639;117
2640;138
2641;114
2642;123
2643;126
2644;122
2645;120
2646;126
2647;135
2648;146
2649;128
2650;131
2651;108
2652;128
2653;124
2654;122
2655;132
2656;126
2657;127
2658;130
2659;141
2660;99
2661;120
2662;135
2663;125
2664;111
2665;120
2666;125
2667;132
2668;127
2669;126
2670;127
2671;136
2672;136
2673;163
2674;139
2675;108
2676;131
2677;130
2678;134
2679;141
2680;115
2681;116
2682;139
2683;94
2684;105
2685;144
2686;140
2687;105
2688;125
2689;117
2690;129
2691;120
2692;139
2693;117
2694;118
2695;108
2696;144
2697;120
2698;90
2699;112
2700;135
2701;125
2702;133
2703;103
2704;138
2705;112
2706;103
2707;121
2708;118
2709;121
2710;118
2711;114
2712;120
2713;134
2714;131
2715;124
2716;112
2717;124
2718;131
2719;137
2720;137
2721;121
2722;129
2723;121
2724;128
2725;129
2726;149
2727;130
2728;133
2729;102
2730;112
2731;128
2732;118
2733;122
2734;115
2735;114
2736;125
2737;119
2738;103
2739;143
2740;125
2741;127
2742;103
2743;132
2744;115
2745;127
2746;114
2747;137
2748;111
2749;108
2750;120
2751;130
2752;115
2753;126
2754;111
2755;113
2756;126
2757;123
2758;102
2759;103
2760;119
2761;136
2762;114
2763;128
2764;122
2765;123
2766;110
2767;125
2768;129
2769;144
2770;101
2771;144
2772;109
2773;102
2774;123
2775;118
2776;110
2777;120
2778;114
2779;119
2780;108
2781;111
2782;127
2783;120
2784;135
2785;137
2786;115
2787;118
2788;121
2789;131
2790;103
2791;114
2792;121
2793;116
2794;132
2795;100
2796;111
2797;118
2798;127
2799;142
2800;115
2801;123
2802;134
2803;119
2804;118
2805;115
2806;113
2807;124
2808;130
2809;128
2810;118
2811;124
2812;115
2813;117
2814;117
2815;120
2816;134
2817;110
2818;123
2819;98
2820;135
2821;119
2822;104
2823;115
2824;118
2825;129
2826;122
2827;128
2828;131
2829;126
2830;109
2831;114
2832;136
2833;134
2834;124
2835;122
2836;108
2837;121
2838;137
2839;113
2840;144
2841;128
2842;132
2843;126
2844;130
2845;122
2846;130
2847;112
2848;133
2849;108
2850;130
2851;134
2852;118
2853;114
2854;111
2855;122
2856;110
2857;125
2858;124
2859;130
2860;126
2861;117
2862;120
2863;120
2864;103
2865;113
2866;128
2867;117
2868;111
2869;102
2870;121
2871;124
2872;138
2873;113
2874;128
2875;126
2876;114
2877;116
2878;141
2879;112
2880;134
2881;126
2882;119
2883;120
2884;123
2885;134
2886;130
2887;122
2888;117
2889;130
2890;127
2891;127
2892;125
2893;149
2894;133
2895;123
2896;115
2897;106
2898;115
2899;123
2900;124
2901;127
2902;124
2903;130
2904;113
2905;112
2906;134
2907;140
2908;110
2909;105
2910;133
2911;126
2912;116
2913;128
2914;120
2915;112
2916;124
2917;122
2918;114
2919;122
2920;118
2921;128
2922;115
2923;117
2924;109
2925;121
2926;103
2927;126
2928;114
2929;137
2930;108
2931;129
2932;106
2933;132
2934;115
2935;122
2936;122
2937;130
2938;129
2939;124
2940;132
2941;126
2942;128
2943;131
2944;121
2945;149
2946;134
2947;114
2948;125
2949;116
2950;128
2951;119
2952;121
2953;129
2954;122
2955;115
2956;127
2957;142
2958;116
2959;116
2960;103
2961;141
2962;147
2963;122
2964;121
2965;113
2966;127
2967;135
2968;129
2969;130
2970;108
2971;133
2972;102
2973;127
2974;125
2975;125
2976;131
2977;125
2978;115
2979;121
2980;128
2981;127
2982;100
2983;114
2984;114
2985;98
2986;125
2987;124
2988;133
2989;124
2990;138
2991;117
2992;127
2993;139
2994;117
2995;115
2996;118
2997;108
2998;134
2999;119
3000;123
3001;108
3002;126
3003;120
3004;130
3005;124
3006;117
3007;107
3008;131
3009;120
3010;133
3011;117
3012;129
3013;115
3014;125
3015;135
3016;135
3017;125
3018;101
3019;125
3020;105
3021;117
3022;105
3023;111
3024;129
3025;135
3026;118
3027;144
3028;124
3029;126
3030;135
3031;125
3032;124
3033;136
3034;137
3035;120
3036;115
3037;116
3038;130
3039;106
3040;105
3041;109
3042;119
3043;121
3044;113
3045;119
3046;114
3047;120
3048;124
3049;135
3050;128
3051;117
3052;121
3053;129
3054;136
3055;151
3056;126
3057;153
3058;125
3059;135
3060;110
3061;139
3062;133
3063;135
3064;134
3065;129
3066;128
3067;129
3068;137
3069;142
3070;123
3071;117
3072;124
3073;119
3074;122
3075;126
3076;123
3077;110
3078;135
3079;121
3080;131
3081;118
3082;118
3083;130
3084;101
3085;104
3086;124
3087;98
3088;117
3089;122
3090;108
3091;103
3092;121
3093;125
3094;110
3095;119
3096;121
3097;116
3098;115
3099;120
3100;119
3101;146
3102;125
3103;151
3104;126
3105;121
3106;139
3107;144
3108;101
3109;128
3110;130
3111;121
3112;127
3113;129
3114;115
3115;130
3116;124
3117;118
3118;116
3119;137
3120;139
3121;116
3122;129
3123;125
3124;142
3125;129
3126;104
3127;106
3128;124
3129;108
3130;130
3131;136
3132;119
3133;111
3134;123
3135;116
3136;111
3137;121
3138;119
3139;119
3140;127
3141;116
3142;121
3143;101
3144;111
3145;118
3146;123
3147;106
3148;111
3149;133
3150;117
3151;130
3152;112
3153;141
3154;156
3155;126
3156;119
3157;114
3158;133
3159;142
3160;119
3161;112
3162;133
3163;132
3164;110
3165;109
3166;143
3167;123
3168;137
3169;128
3170;116
3171;139
3172;119
3173;153
3174;126
3175;131
3176;129
3177;125
3178;105
3179;132
3180;113
3181;162
3182;120
3183;128
3184;109
3185;106
3186;144
3187;119
3188;118
3189;124
3190;148
3191;125
3192;132
3193;139
3194;128
3195;135
3196;133
3197;128
3198;114
3199;114
3200;140
3201;139
3202;130
3203;123
3204;118
3205;116
3206;133
3207;107
3208;118
3209;109
3210;125
3211;112
3212;147
3213;125
3214;114
3215;124
3216;137
3217;126
3218;128
3219;119
3220;130
3221;149
3222;127
3223;99
3224;111
3225;126
3226;117
3227;123
3228;107
3229;119
3230;111
3231;128
3232;123
3233;119
3234;137
3235;119
3236;107
3237;114
3238;121
3239;100
3240;138
3241;119
3242;122
3243;130
3244;111
3245;126
3246;129
3247;120
3248;125
3249;129
3250;133
3251;114
3252;139
3253;130
3254;115
3255;122
3256;132
3257;96
3258;130
3259;113
3260;130
3261;123
3262;127
3263;113
3264;123
3265;124
3266;133
3267;138
3268;117
3269;121
3270;124
3271;125
3272;122
3273;125
3274;119
3275;121
3276;136
3277;129
3278;126
3279;129
3280;101
3281;134
3282;122
3283;116
3284;121
3285;112
3286;131
3287;113
3288;118
3289;120
3290;104
3291;140
3292;120
3293;115
3294;102
3295;122
3296;130
3297;112
3298;129
3299;115
3300;106
3301;135
3302;136
3303;137
3304;114
3305;118
3306;132
3307;125
3308;114
3309;133
3310;131
3311;105
3312;114
3313;130
3314;126
3315;122
3316;126
3317;118
3318;129
3319;122
3320;125
3321;115
3322;122
3323;115
3324;125
3325;120
3326;115
3327;140
3328;116
3329;113
3330;122
3331;132
3332;141
3333;111
3334;122
3335;148
3336;103
3337;122
3338;131
3339;117
3340;138
3341;128
3342;117
3343;117
3344;120
3345;107
3346;108
3347;125
3348;120
3349;112
3350;121
3351;138
3352;127
3353;98
3354;107
3355;130
3356;142
3357;114
3358;110
3359;122
3360;122
3361;116
3362;124
3363;138
3364;138
3365;151
3366;118
3367;109
3368;123
3369;125
3370;114
3371;112
3372;131
3373;136
3374;109
3375;103
3376;108
3377;128
3378;113
3379;117
3380;110
3381;133
3382;119
3383;110
3384;132
3385;112
3386;119
3387;104
3388;118
3389;131
3390;114
3391;102
3392;111
3393;111
3394;133
3395;116
3396;127
3397;109
3398;129
3399;118
3400;126
3401;118
3402;122
3403;115
3404;120
3405;116
3406;144
3407;150
3408;150
3409;131
3410;112
3411;117
3412;111
3413;126
3414;139
3415;123
3416;124
3417;101
3418;111
3419;139
3420;107
3421;136
3422;107
3423;115
3424;138
3425;125
3426;150
3427;124
3428;119
3429;125
3430;132
3431;119
3432;117
3433;112
3434;138
3435;123
3436;128
3437;107
3438;117
3439;112
3440;125
3441;139
3442;104
3443;139
3444;109
3445;104
3446;142
3447;135
3448;115
3449;135
3450;129
3451;114
3452;131
3453;113
3454;114
3455;132
3456;131
3457;127
3458;124
3459;100
3460;133
3461;143
3462;133
3463;139
3464;122
3465;131
3466;128
3467;121
3468;133
3469;122
3470;137
3471;129
3472;136
3473;129
3474;157
3475;104
3476;124
3477;120
3478;130
3479;114
3480;131
3481;132
3482;141
3483;128
3484;122
3485;139
3486;128
3487;132
3488;121
3489;125
3490;121
3491;130
3492;124
3493;135
3494;140
3495;119
3496;128
3497;98
3498;109
3499;138
3500;134
3501;118
3502;111
3503;121
3504;125
3505;140
3506;118
3507;130
3508;124
3509;122
3510;133
3511;121
3512;130
3513;126
3514;141
3515;124
3516;124
3517;150
3518;120
3519;109
3520;121
3521;117
3522;136
3523;114
3524;113
3525;112
3526;143
3527;130
3528;125
3529;115
3530;119
3531;118
3532;146
3533;113
3534;134
3535;114
3536;107
3537;127
3538;115
3539;138
3540;129
3541;139
3542;128
3543;118
3544;126
3545;139
3546;126
3547;110
3548;116
3549;122
3550;134
3551;126
3552;105
3553;128
3554;140
3555;117
3556;126
3557;120
3558;113
3559;135
3560;102
3561;118
3562;110
3563;128
3564;116
3565;123
3566;120
3567;129
3568;105
3569;134
3570;117
3571;102
3572;138
3573;120
3574;148
3575;118
3576;132
3577;132
3578;136
3579;123
3580;125
3581;107
3582;124
3583;126
3584;147
3585;137
3586;124
3587;129
3588;136
3589;109
3590;125
3591;111
3592;129
3593;120
3594;133
3595;126
3596;127
3597;113
3598;114
3599;134
3600;130
3601;108
3602;115
3603;132
3604;126
3605;112
3606;128
3607;142
3608;122
3609;120
3610;132
3611;109
3612;136
3613;129
3614;117
3615;132
3616;122
3617;117
3618;121
3619;145
3620;141
3621;151
3622;136
3623;139
3624;115
3625;127
3626;137
3627;131
3628;139
3629;124
3630;112
3631;134
3632;117
3633;144
3634;131
3635;103
3636;132
3637;133
3638;108
3639;129
3640;126
3641;128
3642;136
3643;115
3644;128
3645;131
3646;134
3647;127
3648;105
3649;151
3650;139
3651;133
3652;133
3653;139
3654;112
3655;157
3656;116
3657;126
3658;132
3659;137
3660;127
3661;141
3662;122
3663;118
3664;125
3665;144
3666;120
3667;140
3668;126
3669;138
3670;136
3671;150
3672;122
3673;127
3674;140
3675;132
3676;105
3677;114
3678;135
3679;143
3680;116
3681;119
3682;122
3683;115
3684;122
3685;137
3686;130
3687;132
3688;131
3689;134
3690;128
3691;141
3692;140
3693;137
3694;143
3695;113
3696;122
3697;146
3698;112
3699;133
3700;136
3701;118
3702;146
3703;114
3704;131
3705;138
3706;117
3707;131
3708;95
3709;111
3710;134
3711;118
3712;122
3713;121
3714;139
3715;124
3716;123
3717;142
3718;131
3719;133
3720;150
3721;139
3722;132
3723;120
3724;105
3725;114
3726;123
3727;157
3728;145
3729;118
3730;130
3731;126
3732;122
3733;132
3734;144
3735;138
3736;128
3737;109
3738;124
3739;138
3740;140
3741;127
3742;131
3743;126
3744;131
3745;138
3746;130
3747;109
3748;126
3749;122
3750;149
3751;133
3752;123
3753;148
3754;151
3755;117
3756;121
3757;113
3758;121
3759;140
3760;122
3761;150
3762;137
3763;138
3764;133
3765;117
3766;135
3767;126
3768;146
3769;129
3770;122
3771;120
3772;139
3773;129
3774;128
3775;135
3776;117
3777;124
3778;134
3779;136
3780;122
3781;131
3782;130
3783;156
3784;128
3785;146
3786;130
3787;133
3788;116
3789;131
3790;146
3791;124
3792;162
3793;140
3794;142
3795;114
3796;146
3797;124
3798;158
3799;152
3800;109
3801;135
3802;114
3803;148
3804;120
3805;131
3806;158
3807;138
3808;112
3809;137
3810;141
3811;126
3812;138
3813;147
3814;137
3815;126
3816;136
3817;136
3818;134
3819;136
3820;129
3821;131
3822;130
3823;126
3824;135
3825;139
3826;116
3827;156
3828;137
3829;140
3830;120
3831;107
3832;130
3833;131
3834;134
3835;129
3836;135
3837;155
3838;130
3839;147
3840;136
3841;140
3842;110
3843;120
3844;132
3845;142
3846;114
3847;108
3848;141
3849;146
3850;124
3851;122
3852;161
3853;137
3854;135
3855;124
3856;146
3857;127
3858;132
3859;123
3860;147
3861;145
3862;136
3863;126
3864;128
3865;142
3866;144
3867;122
3868;142
3869;113
3870;133
3871;143
3872;121
3873;123
3874;122
3875;155
3876;147
3877;114
3878;126
3879;116
3880;120
3881;130
3882;139
3883;143
3884;114
3885;131
3886;123
3887;147
3888;139
3889;139
3890;142
3891;129
3892;142
3893;156
3894;123
3895;138
3896;121
3897;138
3898;137
3899;147
3900;148
3901;133
3902;135
3903;146
3904;128
3905;149
3906;146
3907;126
3908;107
3909;142
3910;163
3911;135
3912;127
3913;135
3914;127
3915;143
3916;132
3917;134
3918;136
3919;136
3920;140
3921;135
3922;132
3923;157
3924;143
3925;127
3926;147
3927;132
3928;132
3929;137
3930;128
3931;142
3932;140
3933;146
3934;142
3935;134
3936;141
3937;135
3938;152
3939;136
3940;138
3941;132
3942;143
3943;130
3944;130
3945;141
3946;147
3947;149
3948;132
3949;137
3950;136
3951;122
3952;132
3953;138
3954;115
3955;129
3956;128
3957;129
3958;147
3959;133
3960;130
3961;116
3962;122
3963;134
3964;127
3965;132
3966;132
3967;133
3968;130
3969;146
3970;132
3971;129
3972;132
3973;148
3974;146
3975;141
3976;130
3977;156
3978;152
3979;124
3980;131
3981;155
3982;143
3983;133
3984;154
3985;135
3986;161
3987;136
3988;135
3989;147
3990;134
3991;136
3992;109
3993;139
3994;150
3995;130
3996;141
3997;138
3998;134
3999;135
4000;117
4001;141
4002;152
4003;132
4004;131
4005;146
4006;137
4007;142
4008;146
4009;139
4010;139
4011;147
4012;138
4013;136
4014;140
4015;122
4016;137
4017;137
4018;117
4019;136
4020;147
4021;126
4022;154
4023;144
4024;157
4025;137
4026;168
4027;123
4028;124
4029;134
4030;138
4031;143
4032;153
4033;130
4034;143
4035;132
4036;169
4037;142
4038;160
4039;156
4040;135
4041;157
4042;140
4043;141
4044;144
4045;147
4046;159
4047;140
4048;136
4049;137
4050;128
4051;145
4052;145
4053;160
4054;131
4055;130
4056;147
4057;126
4058;149
4059;132
4060;154
4061;135
4062;143
4063;157
4064;131
4065;162
4066;143
4067;152
4068;146
4069;136
4070;125
4071;128
4072;127
4073;143
4074;139
4075;125
4076;136
4077;114
4078;157
4079;149
4080;144
4081;135
4082;150
4083;158
4084;129
4085;127
4086;128
4087;131
4088;173
4089;135
4090;126
4091;144
4092;151
4093;127
4094;148
4095;138
4096;133
4097;130
4098;110
4099;150
4100;141
4101;123
4102;116
4103;140
4104;131
4105;151
4106;147
4107;133
4108;142
4109;148
4110;167
4111;138
4112;141
4113;142
4114;134
4115;150
4116;169
4117;164
4118;134
4119;142
4120;138
4121;158
4122;162
4123;134
4124;138
4125;139
4126;141
4127;137
4128;136
4129;157
4130;161
4131;139
4132;144
4133;130
4134;142
4135;145
4136;151
4137;137
4138;158
4139;131
4140;157
4141;133
4142;147
4143;151
4144;123
4145;146
4146;152
4147;141
4148;154
4149;141
4150;132
4151;143
4152;136
4153;169
4154;138
4155;135
4156;144
4157;155
4158;134
4159;134
4160;158
4161;123
4162;147
4163;142
4164;141
4165;139
4166;156
4167;143
4168;170
4169;153
4170;147
4171;154
4172;138
4173;144
4174;152
4175;152
4176;154
4177;145
4178;138
4179;148
4180;165
4181;138
4182;147
4183;155
4184;142
4185;139
4186;140
4187;150
4188;159
4189;151
4190;155
4191;137
4192;130
4193;150
4194;146
4195;147
4196;141
4197;134
4198;136
4199;155
4200;154
4201;158
4202;119
4203;156
4204;126
4205;147
4206;156
4207;140
4208;143
4209;148
4210;169
4211;153
4212;125
4213;136
4214;163
4215;134
4216;136
4217;128
4218;128
4219;159
4220;153
4221;145
4222;141
4223;133
4224;142
4225;173
4226;146
4227;139
4228;148
4229;132
4230;145
4231;140
4232;132
4233;156
4234;154
4235;131
4236;153
4237;147
4238;144
4239;136
4240;142
4241;145
4242;142
4243;161
4244;113
4245;126
4246;147
4247;173
4248;136
4249;138
4250;147
4251;172
4252;148
4253;162
4254;149
4255;145
4256;148
4257;160
4258;144
4259;143
4260;168
4261;154
4262;164
4263;147
4264;149
4265;167
4266;122
4267;148
4268;160
4269;141
4270;145
4271;162
4272;136
4273;158
4274;168
4275;134
4276;140
4277;160
4278;155
4279;151
4280;155
4281;163
4282;146
4283;156
4284;158
4285;143
4286;163
4287;136
4288;153
4289;148
4290;144
4291;137
4292;161
4293;151
4294;155
4295;148
4296;170
4297;157
4298;138
4299;160
4300;165
4301;147
4302;147
4303;160
4304;148
4305;139
4306;164
4307;143
4308;141
4309;157
4310;173
4311;189
4312;154
4313;177
4314;191
4315;171
4316;163
4317;169
4318;157
4319;181
4320;167
4321;160
4322;166
4323;170
4324;165
4325;157
4326;152
4327;155
4328;172
4329;159
4330;147
4331;166
4332;163
4333;168
4334;151
4335;166
4336;144
4337;139
4338;145
4339;163
4340;174
4341;151
4342;146
4343;147
4344;158
4345;147
4346;145
4347;162
4348;155
4349;156
4350;160
4351;154
4352;162
4353;151
4354;153
4355;145
4356;164
4357;182
4358;166
4359;148
4360;161
4361;139
4362;173
4363;156
4364;155
4365;164
4366;151
4367;143
4368;150
4369;155
4370;171
4371;170
4372;157
4373;150
4374;160
4375;148
4376;156
4377;144
4378;165
4379;144
4380;157
4381;180
4382;169
4383;170
4384;180
4385;174
4386;155
4387;166
4388;179
4389;155
4390;146
4391;161
4392;153
4393;178
4394;168
4395;159
4396;155
4397;168
4398;167
4399;163
4400;161
4401;154
4402;157
4403;149
4404;145
4405;171
4406;154
4407;143
4408;188
4409;143
4410;158
4411;162
4412;146
4413;140
4414;169
4415;146
4416;150
4417;174
4418;179
4419;160
4420;143
4421;159
4422;151
4423;168
4424;147
4425;173
4426;173
4427;175
4428;166
4429;144
4430;131
4431;166
4432;160
4433;174
4434;151
4435;184
4436;175
4437;162
4438;175
4439;157
4440;150
4441;149
4442;165
4443;149
4444;151
4445;193
4446;168
4447;146
4448;154
4449;185
4450;145
4451;166
4452;176
4453;151
4454;168
4455;165
4456;192
4457;145
4458;135
4459;155
4460;180
4461;166
4462;144
4463;159
4464;164
4465;166
4466;160
4467;183
4468;176
4469;172
4470;182
4471;174
4472;152
4473;147
4474;150
4475;169
4476;180
4477;167
4478;156
4479;168
4480;164
4481;185
4482;169
4483;157
4484;159
4485;178
4486;145
4487;174
4488;146
4489;153
4490;164
4491;162
4492;143
4493;172
4494;165
4495;158
4496;163
4497;171
4498;169
4499;170
4500;178
4501;162
4502;176
4503;152
4504;141
4505;157
4506;166
4507;189
4508;173
4509;176
4510;166
4511;169
4512;148
4513;168
4514;159
4515;172
4516;153
4517;155
4518;188
4519;154
4520;176
4521;172
4522;168
4523;176
4524;195
4525;164
4526;155
4527;171
4528;169
4529;166
4530;148
4531;165
4532;173
4533;169
4534;165
4535;152
4536;193
4537;152
4538;158
4539;178
4540;148
4541;181
4542;171
4543;167
4544;165
4545;173
4546;158
4547;138
4548;167
4549;172
4550;167
4551;173
4552;173
4553;175
4554;187
4555;168
4556;157
4557;164
4558;174
4559;140
4560;150
4561;167
4562;155
4563;167
4564;153
4565;163
4566;161
4567;170
4568;199
4569;172
4570;167
4571;175
4572;155
4573;181
4574;183
4575;170
4576;174
4577;143
4578;170
4579;170
4580;166
4581;177
4582;182
4583;187
4584;163
4585;167
4586;165
4587;174
4588;161
4589;170
4590;160
4591;172
4592;176
4593;202
4594;163
4595;184
4596;171
4597;175
4598;153
4599;185
4600;155
4601;182
4602;185
4603;159
4604;178
4605;174
4606;146
4607;163
4608;172
4609;202
4610;173
4611;161
4612;190
4613;186
4614;173
4615;163
4616;167
4617;184
4618;173
4619;167
4620;162
4621;173
4622;173
4623;165
4624;157
4625;148
4626;176
4627;185
4628;172
4629;182
4630;195
4631;188
4632;160
4633;164
4634;200
4635;188
4636;161
4637;159
4638;166
4639;163
4640;177
4641;188
4642;190
4643;195
4644;196
4645;162
4646;174
4647;147
4648;181
4649;171
4650;172
4651;194
4652;191
4653;165
4654;187
4655;189
4656;162
4657;165
4658;185
4659;155
4660;186
4661;185
4662;183
4663;207
4664;180
4665;169
4666;191
4667;171
4668;166
4669;201
4670;204
4671;160
4672;175
4673;191
4674;184
4675;186
4676;159
4677;177
4678;198
4679;168
4680;171
4681;179
4682;215
4683;197
4684;185
4685;183
4686;182
4687;195
4688;177
4689;186
4690;198
4691;187
4692;189
4693;178
4694;184
4695;187
4696;180
4697;206
4698;191
4699;192
4700;187
4701;188
4702;165
4703;186
4704;168
4705;174
4706;166
4707;167
4708;173
4709;189
4710;180
4711;192
4712;198
4713;182
4714;170
4715;195
4716;166
4717;200
4718;206
4719;200
4720;193
4721;188
4722;186
4723;202
4724;175
4725;187
4726;167
4727;178
4728;196
4729;187
4730;186
4731;208
4732;181
4733;172
4734;187
4735;193
4736;170
4737;180
4738;161
4739;173
4740;177
4741;172
4742;194
4743;213
4744;184
4745;181
4746;187
4747;197
4748;197
4749;210
4750;196
4751;209
4752;194
4753;186
4754;208
4755;214
4756;177
4757;197
4758;210
4759;184
4760;188
4761;201
4762;203
4763;201
4764;185
4765;200
4766;183
4767;192
4768;186
4769;177
4770;200
4771;192
4772;208
4773;204
4774;215
4775;192
4776;188
4777;189
4778;199
4779;203
4780;196
4781;202
4782;181
4783;207
4784;186
4785;214
4786;199
4787;210
4788;190
4789;195
4790;206
4791;189
4792;227
4793;199
4794;206
4795;190
4796;195
4797;180
4798;199
4799;175
4800;175
4801;196
4802;165
4803;186
4804;181
4805;211
4806;184
4807;198
4808;169
4809;217
4810;193
4811;204
4812;201
4813;199
4814;205
4815;209
4816;178
4817;199
4818;202
4819;205
4820;212
4821;174
4822;205
4823;188
4824;154
4825;188
4826;184
4827;183
4828;208
4829;203
4830;203
4831;172
4832;189
4833;191
4834;181
4835;204
4836;214
4837;180
4838;202
4839;183
4840;207
4841;215
4842;199
4843;201
4844;203
4845;182
4846;185
4847;212
4848;219
4849;205
4850;204
4851;210
4852;196
4853;214
4854;187
4855;196
4856;209
4857;215
4858;182
4859;180
4860;201
4861;203
4862;233
4863;201
4864;191
4865;229
4866;229
4867;235
4868;216
4869;204
4870;198
4871;222
4872;204
4873;210
4874;222
4875;182
4876;212
4877;201
4878;237
4879;218
4880;189
4881;195
4882;206
4883;214
4884;218
4885;209
4886;211
4887;205
4888;187
4889;213
4890;206
4891;194
4892;250
4893;192
4894;227
4895;195
4896;212
4897;227
4898;213
4899;219
4900;224
4901;192
4902;212
4903;194
4904;191
4905;200
4906;202
4907;210
4908;219
4909;223
4910;215
4911;211
4912;215
4913;189
4914;207
4915;228
4916;233
4917;214
4918;213
4919;180
4920;198
4921;219
4922;200
4923;215
4924;226
4925;225
4926;212
4927;240
4928;207
4929;227
4930;221
4931;204
4932;202
4933;208
4934;222
4935;237
4936;202
4937;190
4938;211
4939;229
4940;232
4941;226
4942;198
4943;216
4944;231
4945;206
4946;248
4947;235
4948;217
4949;189
4950;267
4951;224
4952;212
4953;226
4954;239
4955;223
4956;224
4957;210
4958;210
4959;208
4960;216
4961;207
4962;208
4963;227
4964;244
4965;243
4966;233
4967;213
4968;216
4969;209
4970;206
4971;187
4972;211
4973;226
4974;225
4975;191
4976;201
4977;228
4978;206
4979;239
4980;229
4981;223
4982;232
4983;215
4984;222
4985;232
4986;222
4987;237
4988;190
4989;262
4990;213
4991;230
4992;207
4993;221
4994;217
4995;216
4996;196
4997;214
4998;218
4999;233
5000;240
5001;228
5002;223
5003;208
5004;255
5005;237
5006;241
5007;203
5008;212
5009;219
5010;220
5011;235
5012;217
5013;204
5014;223
5015;236
5016;251
5017;201
5018;229
5019;240
5020;249
5021;218
5022;214
5023;220
5024;258
5025;220
5026;211
5027;215
5028;222
5029;204
5030;211
5031;207
5032;227
5033;219
5034;231
5035;213
5036;237
5037;234
5038;214
5039;221
5040;224
5041;238
5042;221
5043;206
5044;226
5045;219
5046;228
5047;206
5048;199
5049;230
5050;191
5051;193
5052;227
5053;185
5054;191
5055;210
5056;205
5057;218
5058;232
5059;204
5060;221
5061;195
5062;232
5063;202
5064;200
5065;190
5066;191
5067;187
5068;194
5069;153
5070;200
5071;199
5072;192
5073;191
5074;201
5075;194
5076;185
5077;203
5078;180
5079;173
5080;214
5081;208
5082;188
5083;207
5084;173
5085;169
5086;198
5087;178
5088;190
5089;193
5090;195
5091;170
5092;197
5093;183
5094;169
5095;189
5096;169
5097;198
5098;192
5099;180
5100;166
5101;155
5102;200
5103;167
5104;176
5105;178
5106;180
5107;182
5108;168
5109;164
5110;169
5111;171
5112;163
5113;163
5114;183
5115;160
5116;165
5117;156
5118;171
5119;162
5120;162
5121;162
5122;175
5123;173
5124;171
5125;148
5126;140
5127;154
5128;180
5129;147
5130;160
5131;158
5132;182
5133;139
5134;136
5135;177
5136;173
5137;170
5138;185
5139;175
5140;147
5141;166
5142;183
5143;155
5144;186
5145;159
5146;165
5147;148
5148;165
5149;160
5150;148
5151;163
5152;180
5153;172
5154;161
5155;159
5156;159
5157;161
5158;169
5159;145
5160;150
5161;149
5162;139
5163;173
5164;179
5165;163
5166;150
5167;164
5168;179
5169;182
5170;160
5171;165
5172;161
5173;191
5174;160
5175;143
5176;179
5177;155
5178;159
5179;157
5180;181
5181;159
5182;170
5183;170
5184;163
5185;152
5186;132
5187;166
5188;149
5189;160
5190;168
5191;159
5192;142
5193;164
5194;171
5195;153
5196;143
5197;164
5198;146
5199;161
5200;159
5201;170
5202;175
5203;161
5204;148
5205;154
5206;169
5207;178
5208;161
5209;155
5210;154
5211;168
5212;146
5213;162
5214;155
5215;160
5216;162
5217;145
5218;160
5219;158
5220;147
5221;163
5222;160
5223;141
5224;150
5225;143
5226;162
5227;145
5228;163
5229;193
5230;148
5231;143
5232;167
5233;167
5234;165
5235;147
5236;154
5237;167
5238;159
5239;161
5240;165
5241;137
5242;171
5243;176
5244;149
5245;179
5246;160
5247;160
5248;148
5249;156
5250;157
5251;169
5252;136
5253;133
5254;160
5255;158
5256;142
5257;164
5258;190
5259;143
5260;143
5261;149
5262;155
5263;187
5264;148
5265;146
5266;149
5267;133
5268;146
5269;159
5270;159
5271;140
5272;164
5273;180
5274;154
5275;159
5276;168
5277;182
5278;183
5279;181
5280;134
5281;149
5282;153
5283;152
5284;163
5285;157
5286;174
5287;156
5288;157
5289;150
5290;163
5291;179
5292;168
5293;150
5294;147
5295;161
5296;166
5297;153
5298;143
5299;152
5300;181
5301;141
5302;155
5303;138
5304;133
5305;174
5306;137
5307;165
5308;144
5309;135
5310;152
5311;154
5312;146
5313;152
5314;151
5315;153
5316;149
5317;148
5318;152
5319;158
5320;126
5321;154
5322;157
5323;162
5324;168
5325;150
5326;158
5327;150
5328;173
5329;155
5330;167
5331;137
5332;145
5333;148
5334;174
5335;151
5336;139
5337;153
5338;135
5339;148
5340;155
5341;141
5342;165
5343;157
5344;140
5345;147
5346;176
5347;135
5348;154
5349;172
5350;142
5351;141
5352;145
5353;145
5354;171
5355;136
5356;139
5357;169
5358;161
5359;142
5360;164
5361;161
5362;148
5363;163
5364;177
5365;158
5366;146
5367;152
5368;144
5369;160
5370;190
5371;135
5372;165
5373;155
5374;159
5375;153
5376;148
5377;145
5378;142
5379;165
5380;148
5381;148
5382;146
5383;151
5384;145
5385;143
5386;163
5387;148
5388;169
5389;133
5390;147
5391;146
5392;158
5393;159
5394;129
5395;146
5396;159
5397;169
5398;144
5399;130
5400;153
5401;162
5402;166
5403;140
5404;136
5405;152
5406;145
5407;157
5408;137
5409;140
5410;157
5411;147
5412;150
5413;167
5414;143
5415;149
5416;169
5417;142
5418;164
5419;144
5420;151
5421;157
5422;155
5423;158
5424;135
5425;141
5426;149
5427;157
5428;161
5429;168
5430;166
5431;138
5432;150
5433;126
5434;148
5435;143
5436;142
5437;118
5438;151
5439;146
5440;156
5441;161
5442;171
5443;133
5444;154
5445;145
5446;136
5447;161
5448;155
5449;142
5450;134
5451;135
5452;173
5453;127
5454;144
5455;136
5456;171
5457;118
5458;129
5459;127
5460;152
5461;145
5462;154
5463;137
5464;185
5465;143
5466;161
5467;156
5468;144
5469;148
5470;141
5471;127
5472;128
5473;166
5474;138
5475;161
5476;127
5477;139
5478;157
5479;133
5480;120
5481;125
5482;153
5483;125
5484;150
5485;134
5486;141
5487;153
5488;134
5489;145
5490;137
5491;127
5492;140
5493;152
5494;146
5495;133
5496;157
5497;135
5498;140
5499;171
5500;139
5501;132
5502;134
5503;129
5504;149
5505;169
5506;130
5507;141
5508;151
5509;151
5510;140
5511;142
5512;125
5513;157
5514;162
5515;165
5516;137
5517;140
5518;138
5519;152
5520;144
5521;148
5522;141
5523;127
5524;159
5525;151
5526;130
5527;142
5528;127
5529;140
5530;130
5531;143
5532;120
5533;133
5534;139
5535;151
5536;143
5537;135
5538;137
5539;148
5540;155
5541;140
5542;133
5543;134
5544;156
5545;117
5546;131
5547;140
5548;146
5549;144
5550;145
5551;159
5552;158
5553;136
5554;131
5555;167
5556;130
5557;147
5558;152
5559;153
5560;136
5561;137
5562;147
5563;145
5564;138
5565;124
5566;143
5567;130
5568;154
5569;127
5570;157
5571;129
5572;142
5573;127
5574;139
5575;133
5576;111
5577;132
5578;135
5579;141
5580;141
5581;137
5582;140
5583;149
5584;139
5585;140
5586;134
5587;138
5588;147
5589;119
5590;128
5591;138
5592;134
5593;154
5594;148
5595;135
5596;121
5597;149
5598;155
5599;134
5600;149
5601;166
5602;141
5603;157
5604;158
5605;133
5606;128
5607;129
5608;136
5609;150
5610;167
5611;125
5612;138
5613;144
5614;150
5615;116
5616;143
5617;139
5618;127
5619;122
5620;161
5621;150
5622;146
5623;120
5624;145
5625;149
5626;148
5627;135
5628;164
5629;142
5630;130
5631;142
5632;150
5633;119
5634;140
5635;139
5636;137
5637;141
5638;134
5639;141
5640;131
5641;145
5642;150
5643;130
5644;140
5645;136
5646;125
5647;154
5648;152
5649;128
5650;142
5651;158
5652;141
5653;128
5654;132
5655;135
5656;119
5657;130
5658;126
5659;135
5660;144
5661;123
5662;133
5663;130
5664;146
5665;153
5666;128
5667;131
5668;163
5669;129
5670;148
5671;151
5672;156
5673;129
5674;132
5675;149
5676;165
5677;126
5678;139
5679;133
5680;119
5681;118
5682;131
5683;143
5684;132
5685;123
5686;149
5687;155
5688;133
5689;142
5690;150
5691;127
5692;147
5693;146
5694;126
5695;141
5696;125
5697;142
5698;158
5699;164
5700;153
5701;140
5702;151
5703;148
5704;154
5705;134
5706;135
5707;132
5708;149
5709;133
5710;151
5711;148
5712;128
5713;132
5714;134
5715;135
5716;138
5717;157
5718;148
5719;148
5720;128
5721;147
5722;141
5723;141
5724;110
5725;128
5726;135
5727;137
5728;150
5729;142
5730;143
5731;143
5732;165
5733;137
5734;141
5735;137
5736;130
5737;152
5738;131
5739;157
5740;143
5741;137
5742;146
5743;153
5744;126
5745;166
5746;135
5747;147
5748;162
5749;134
5750;142
5751;157
5752;148
5753;110
5754;151
5755;158
5756;156
5757;133
5758;144
5759;134
5760;130
5761;143
5762;159
5763;160
5764;124
5765;128
5766;154
5767;167
5768;119
5769;145
5770;164
5771;158
5772;155
5773;145
5774;134
5775;158
5776;142
5777;155
5778;163
5779;138
5780;154
5781;136
5782;125
5783;160
5784;148
5785;143
5786;157
5787;131
5788;136
5789;158
5790;128
5791;153
5792;156
5793;124
5794;151
5795;138
5796;135
5797;150
5798;164
5799;147
5800;136
5801;135
5802;180
5803;136
5804;144
5805;124
5806;143
5807;126
5808;142
5809;123
5810;138
5811;148
5812;157
5813;155
5814;132
5815;155
5816;164
5817;141
5818;141
5819;168
5820;160
5821;131
5822;161
5823;182
5824;167
5825;134
5826;138
5827;144
5828;137
5829;130
5830;129
5831;154
5832;170
5833;155
5834;148
5835;168
5836;160
5837;154
5838;144
5839;131
5840;142
5841;141
5842;139
5843;153
5844;141
5845;122
5846;123
5847;162
5848;133
5849;130
5850;137
5851;151
5852;144
5853;126
5854;132
5855;135
5856;135
5857;137
5858;130
5859;131
5860;152
5861;154
5862;146
5863;122
5864;126
5865;142
5866;135
5867;139
5868;136
5869;124
5870;145
5871;155
5872;144
5873;134
5874;131
5875;133
5876;115
5877;126
5878;124
5879;112
5880;132
5881;124
5882;122
5883;119
5884;146
5885;98
5886;140
5887;129
5888;112
5889;125
5890;135
5891;109
5892;129
5893;129
5894;115
5895;118
5896;114
5897;120
5898;106
5899;120
5900;109
5901;106
5902;101
5903;132
5904;99
5905;110
5906;91
5907;118
5908;92
5909;110
5910;107
5911;98
5912;99
5913;100
5914;98
5915;98
5916;111
5917;114
5918;96
5919;90
5920;103
5921;105
5922;117
5923;95
5924;86
5925;97
5926;95
5927;102
5928;96
5929;100
5930;87
5931;94
5932;90
5933;103
5934;89
5935;105
5936;75
5937;94
5938;92
5939;96
5940;104
5941;94
5942;84
5943;86
5944;93
5945;82
5946;90
5947;112
5948;89
5949;100
5950;91
5951;84
5952;102
5953;82
5954;98
5955;90
5956;98
5957;94
5958;77
5959;90
5960;84
5961;86
5962;90
5963;82
5964;85
5965;84
5966;74
5967;85
5968;91
5969;77
5970;93
5971;89
5972;80
5973;106
5974;81
5975;98
5976;68
5977;88
5978;89
5979;94
5980;70
5981;77
5982;76
5983;98
5984;82
5985;85
5986;89
5987;70
5988;77
5989;80
5990;72
5991;90
5992;69
5993;87
5994;89
5995;72
5996;92
5997;80
5998;82
5999;90
6000;85
6001;101
6002;98
6003;89
6004;90
6005;78
6006;85
6007;88
6008;92
6009;92
6010;97
6011;89
6012;74
6013;94
6014;81
6015;75
6016;77
6017;71
6018;90
6019;89
6020;94
6021;94
6022;81
6023;89
6024;88
6025;92
6026;66
6027;86
6028;84
6029;74
6030;88
6031;78
6032;86
6033;83
6034;98
6035;83
6036;80
6037;94
6038;71
6039;94
6040;105
6041;85
6042;80
6043;73
6044;97
6045;79
6046;70
6047;75
6048;68
6049;90
6050;74
6051;82
6052;76
6053;73
6054;72
6055;73
6056;72
6057;90
6058;80
6059;95
6060;73
6061;73
6062;83
6063;86
6064;98
6065;86
6066;82
6067;69
6068;85
6069;76
6070;86
6071;80
6072;75
6073;83
6074;75
6075;79
6076;73
6077;83
6078;70
6079;77
6080;84
6081;84
6082;63
6083;77
6084;74
6085;68
6086;67
6087;76
6088;80
6089;67
6090;68
6091;73
6092;92
6093;84
6094;67
6095;71
6096;61
6097;87
6098;82
6099;65
6100;61
6101;92
6102;69
6103;66
6104;78
6105;76
6106;95
6107;76
6108;75
6109;67
6110;59
6111;80
6112;82
6113;93
6114;73
6115;66
6116;71
6117;68
6118;79
6119;77
6120;58
6121;85
6122;88
6123;75
6124;71
6125;82
6126;73
6127;63
6128;70
6129;74
6130;81
6131;90
6132;72
6133;85
6134;76
6135;92
6136;72
6137;74
6138;93
6139;78
6140;81
6141;81
6142;82
6143;83
6144;81
6145;78
6146;78
6147;82
6148;73
6149;82
6150;100
6151;105
6152;126
6153;144
6154;151
6155;162
6156;174
6157;209
6158;242
6159;291
6160;327
6161;402
6162;482
6163;570
6164;698
6165;949
6166;1232
6167;1518
6168;2061
6169;2503
6170;3272
6171;3948
6172;4647
6173;5354
6174;5886
6175;6226
6176;6352
6177;6227
6178;5891
6179;5170
6180;4613
6181;3763
6182;3022
6183;2347
6184;1584
6185;1051
6186;764
6187;478
6188;287
6189;184
6190;133
6191;99
6192;74
6193;57
6194;59
6195;64
6196;70
6197;61
6198;50
6199;66
6200;61
6201;64
6202;72
6203;58
6204;58
6205;59
6206;65
6207;56
6208;71
6209;58
6210;75
6211;59
6212;48
6213;51
6214;63
6215;54
6216;65
6217;51
6218;59
6219;62
6220;52
6221;58
6222;66
6223;48
6224;61
6225;42
6226;66
6227;46
6228;66
6229;59
6230;59
6231;56
6232;51
6233;65
6234;47
6235;50
6236;52
6237;48
6238;48
6239;64
6240;58
6241;61
6242;58
6243;47
6244;49
6245;41
6246;43
6247;61
6248;52
6249;61
6250;70
6251;61
6252;67
6253;63
6254;43
6255;45
6256;64
6257;50
6258;58
6259;45
6260;67
6261;78
6262;52
6263;44
6264;59
6265;51
6266;51
6267;44
6268;55
6269;54
6270;39
6271;44
6272;47
6273;47
6274;39
6275;40
6276;53
6277;56
6278;65
6279;48
6280;52
6281;43
6282;53
6283;59
6284;55
6285;53
6286;49
6287;41
6288;45
6289;47
6290;56
6291;60
6292;57
6293;37
6294;53
6295;45
6296;46
6297;47
6298;45
6299;59
6300;44
6301;45
6302;42
6303;54
6304;54
6305;61
6306;38
6307;40
6308;52
6309;41
6310;44
6311;36
6312;56
6313;38
6314;44
6315;33
6316;40
6317;46
6318;52
6319;54
6320;48
6321;35
6322;46
6323;47
6324;47
6325;51
6326;40
6327;39
6328;43
6329;48
6330;42
6331;59
6332;48
6333;48
6334;39
6335;34
6336;40
6337;45
6338;51
6339;48
6340;36
6341;37
6342;41
6343;41
6344;34
6345;31
6346;38
6347;36
6348;44
6349;39
6350;47
6351;55
6352;51
6353;35
6354;42
6355;36
6356;32
6357;48
6358;43
6359;38
6360;45
6361;37
6362;33
6363;35
6364;36
6365;33
6366;44
6367;40
6368;31
6369;44
6370;39
6371;30
6372;38
6373;36
6374;39
6375;37
6376;31
6377;39
6378;37
6379;41
6380;39
6381;37
6382;30
6383;26
6384;31
6385;30
6386;38
6387;29
6388;31
6389;33
6390;34
6391;36
6392;33
6393;36
6394;37
6395;30
6396;32
6397;42
6398;28
6399;32
6400;37
6401;27
6402;37
6403;31
6404;28
6405;32
6406;41
6407;32
6408;35
6409;27
6410;40
6411;37
6412;42
6413;26
6414;36
6415;24
6416;36
6417;21
6418;27
6419;25
6420;43
6421;40
6422;31
6423;25
6424;21
6425;35
6426;32
6427;32
6428;27
6429;27
6430;34
6431;35
6432;32
6433;19
6434;23
6435;29
6436;27
6437;25
6438;34
6439;34
6440;25
6441;36
6442;26
6443;36
6444;30
6445;29
6446;31
6447;42
6448;27
6449;28
6450;32
6451;24
6452;29
6453;29
6454;27
6455;26
6456;37
6457;30
6458;30
6459;18
6460;27
6461;25
6462;28
6463;28
6464;27
6465;34
6466;29
6467;23
6468;31
6469;24
6470;23
6471;29
6472;28
6473;32
6474;27
6475;34
6476;35
6477;26
6478;29
6479;26
6480;26
6481;26
6482;20
6483;27
6484;29
6485;25
6486;19
6487;20
6488;32
6489;22
6490;25
6491;31
6492;20
6493;27
6494;22
6495;23
6496;30
6497;12
6498;28
6499;20
6500;30
6501;23
6502;29
6503;21
6504;20
6505;28
6506;30
6507;25
6508;27
6509;31
6510;27
6511;27
6512;22
6513;29
6514;24
6515;23
6516;32
6517;19
6518;27
6519;25
6520;13
6521;33
6522;23
6523;26
6524;25
6525;31
6526;26
6527;24
6528;27
6529;23
6530;23
6531;26
6532;23
6533;22
6534;19
6535;17
6536;14
6537;17
6538;24
6539;22
6540;22
6541;23
6542;28
6543;22
6544;28
6545;17
6546;23
6547;23
6548;26
6549;22
6550;15
6551;30
6552;18
6553;28
6554;23
6555;26
6556;20
6557;24
6558;20
6559;22
6560;24
6561;27
6562;21
6563;23
6564;24
6565;27
6566;24
6567;17
6568;20
6569;22
6570;22
6571;21
6572;25
6573;29
6574;22
6575;30
6576;21
6577;15
6578;21
6579;15
6580;22
6581;21
6582;15
6583;16
6584;16
6585;19
6586;23
6587;15
6588;23
6589;22
6590;20
6591;19
6592;20
6593;15
6594;13
6595;26
6596;16
6597;23
6598;18
6599;20
6600;22
6601;24
6602;20
6603;19
6604;18
6605;18
6606;23
6607;31
6608;15
6609;20
6610;18
6611;21
6612;19
6613;22
6614;10
6615;12
6616;16
6617;17
6618;25
6619;18
6620;22
6621;21
6622;18
6623;25
6624;16
6625;22
6626;18
6627;13
6628;18
6629;17
6630;15
6631;21
6632;19
6633;25
6634;15
6635;15
6636;15
6637;19
6638;14
6639;15
6640;24
6641;22
6642;17
6643;22
6644;17
6645;22
6646;15
6647;16
6648;16
6649;19
6650;16
6651;20
6652;19
6653;14
6654;12
6655;16
6656;13
6657;21
6658;16
6659;23
6660;21
6661;10
6662;24
6663;19
6664;16
6665;20
6666;18
6667;20
6668;13
6669;22
6670;13
6671;23
6672;11
6673;16
6674;17
6675;21
6676;21
6677;16
6678;5
6679;14
6680;15
6681;23
6682;8
6683;22
6684;23
6685;17
6686;10
6687;21
6688;17
6689;17
6690;19
6691;15
6692;24
6693;18
6694;18
6695;16
6696;16
6697;24
6698;24
6699;14
6700;17
6701;19
6702;17
6703;17
6704;13
6705;17
6706;28
6707;9
6708;24
6709;20
6710;15
6711;13
6712;24
6713;19
6714;17
6715;19
6716;15
6717;15
6718;13
6719;17
6720;26
6721;15
6722;11
6723;7
6724;7
6725;18
6726;19
6727;18
6728;17
6729;15
6730;19
6731;13
6732;16
6733;20
6734;10
6735;24
6736;22
6737;23
6738;15
6739;24
6740;23
6741;28
6742;22
6743;18
6744;17
6745;18
6746;17
6747;24
6748;24
6749;14
6750;20
6751;17
6752;19
6753;13
6754;17
6755;14
6756;20
6757;23
6758;23
6759;18
6760;22
6761;15
6762;20
6763;14
6764;20
6765;16
6766;8
6767;14
6768;19
6769;19
6770;21
6771;15
6772;22
6773;19
6774;17
6775;15
6776;10
6777;11
6778;18
6779;18
6780;14
6781;17
6782;11
6783;12
6784;14
6785;13
6786;23
6787;13
6788;20
6789;14
6790;15
6791;15
6792;15
6793;18
6794;21
6795;22
6796;15
6797;19
6798;15
6799;21
6800;18
6801;20
6802;20
6803;11
6804;21
6805;21
6806;13
6807;18
6808;20
6809;23
6810;17
6811;12
6812;14
6813;12
6814;13
6815;24
6816;17
6817;15
6818;13
6819;18
6820;20
6821;15
6822;21
6823;19
6824;17
6825;12
6826;9
6827;16
6828;12
6829;23
6830;15
6831;13
6832;16
6833;11
6834;20
6835;23
6836;18
6837;8
6838;13
6839;22
6840;19
6841;14
6842;16
6843;21
6844;12
6845;19
6846;14
6847;13
6848;14
6849;17
6850;7
6851;13
6852;16
6853;15
6854;14
6855;20
6856;23
6857;18
6858;14
6859;17
6860;15
6861;15
6862;14
6863;11
6864;17
6865;15
6866;20
6867;25
6868;19
6869;18
6870;19
6871;8
6872;24
6873;26
6874;11
6875;19
6876;13
6877;8
6878;18
6879;18
6880;18
6881;19
6882;15
6883;10
6884;16
6885;23
6886;22
6887;18
6888;12
6889;17
6890;19
6891;18
6892;20
6893;21
6894;13
6895;15
6896;27
6897;18
6898;12
6899;14
6900;19
6901;11
6902;19
6903;16
6904;17
6905;15
6906;19
6907;17
6908;15
6909;17
6910;16
6911;12
6912;17
6913;14
6914;16
6915;17
6916;14
6917;20
6918;10
6919;15
6920;13
6921;11
6922;9
6923;21
6924;21
6925;20
6926;11
6927;13
6928;21
6929;29
6930;20
6931;18
6932;21
6933;11
6934;14
6935;16
6936;13
6937;17
6938;15
6939;20
6940;18
6941;23
6942;15
6943;17
6944;15
6945;23
6946;15
6947;16
6948;16
6949;16
6950;21
6951;16
6952;15
6953;21
6954;18
6955;18
6956;25
6957;22
6958;16
6959;17
6960;18
6961;20
6962;16
6963;16
6964;14
6965;11
6966;21
6967;21
6968;19
6969;25
6970;12
6971;12
6972;22
6973;13
6974;18
6975;21
6976;19
6977;18
6978;20
6979;16
6980;21
6981;13
6982;23
6983;14
6984;33
6985;43
6986;31
6987;27
6988;33
6989;40
6990;43
6991;53
6992;57
6993;61
6994;64
6995;93
6996;118
6997;115
6998;143
6999;183
7000;217
7001;228
7002;269
7003;336
7004;471
7005;598
7006;752
7007;886
7008;1191
7009;1550
7010;1910
7011;2438
7012;2949
7013;3303
7014;3938
7015;4304
7016;4912
7017;5117
7018;5356
7019;5086
7020;4911
7021;4621
7022;3978
7023;3380
7024;2749
7025;2148
7026;1599
7027;1181
7028;788
7029;486
7030;335
7031;215
7032;120
7033;77
7034;41
7035;26
7036;20
7037;28
7038;18
7039;13
7040;12
7041;16
7042;13
7043;17
7044;15
7045;11
7046;10
7047;16
7048;16
7049;15
7050;9
7051;10
7052;19
7053;10
7054;12
7055;16
7056;10
7057;8
7058;12
7059;8
7060;11
7061;9
7062;13
7063;10
7064;12
7065;11
7066;13
7067;13
7068;11
7069;8
7070;6
7071;7
7072;10
7073;9
7074;11
7075;12
7076;13
7077;7
7078;9
7079;9
7080;15
7081;8
7082;9
7083;5
7084;13
7085;5
7086;6
7087;12
7088;7
7089;11
7090;12
7091;11
7092;9
7093;9
7094;11
7095;5
7096;4
7097;10
7098;9
7099;10
7100;3
7101;11
7102;12
7103;9
7104;6
7105;7
7106;10
7107;7
7108;8
7109;11
7110;9
7111;14
7112;6
7113;10
7114;8
7115;13
7116;13
7117;9
7118;9
7119;10
7120;8
7121;9
7122;7
7123;9
7124;5
7125;15
7126;11
7127;11
7128;8
7129;8
7130;10
7131;7
7132;11
7133;5
7134;5
7135;4
7136;8
7137;11
7138;7
7139;12
7140;10
7141;15
7142;7
7143;12
7144;9
7145;10
7146;9
7147;8
7148;5
7149;11
7150;3
7151;6
7152;9
7153;6
7154;11
7155;5
7156;8
7157;13
7158;6
7159;6
7160;9
7161;7
7162;7
7163;5
7164;7
7165;11
7166;11
7167;6
7168;13
7169;6
7170;6
7171;1
7172;8
7173;11
7174;10
7175;8
7176;8
7177;5
7178;6
7179;4
7180;11
7181;9
7182;6
7183;14
7184;7
7185;4
7186;5
7187;7
7188;3
7189;6
7190;9
7191;10
7192;5
7193;6
7194;9
7195;4
7196;7
7197;5
7198;7
7199;8
7200;3
7201;9
7202;7
7203;10
7204;9
7205;10
7206;7
7207;9
7208;8
7209;7
7210;11
7211;7
7212;7
7213;7
7214;9
7215;8
7216;10
7217;5
7218;11
7219;8
7220;5
7221;5
7222;5
7223;8
7224;2
7225;4
7226;11
7227;10
7228;5
7229;6
7230;7
7231;8
7232;6
7233;8
7234;7
7235;3
7236;12
7237;9
7238;4
7239;6
7240;8
7241;7
7242;7
7243;9
7244;2
7245;9
7246;8
7247;10
7248;7
7249;2
7250;8
7251;12
7252;6
7253;6
7254;9
7255;4
7256;11
7257;11
7258;5
7259;12
7260;3
7261;16
7262;10
7263;9
7264;8
7265;4
7266;12
7267;16
7268;12
7269;11
7270;8
7271;10
7272;12
7273;10
7274;6
7275;5
7276;11
7277;3
7278;6
7279;13
7280;11
7281;3
7282;10
7283;7
7284;5
7285;6
7286;12
7287;6
7288;3
7289;5
7290;3
7291;11
7292;8
7293;7
7294;7
7295;7
7296;7
7297;7
7298;5
7299;7
7300;8
7301;6
7302;8
7303;8
7304;9
7305;5
7306;8
7307;2
7308;11
7309;4
7310;8
7311;6
7312;12
7313;10
7314;7
7315;7
7316;8
7317;6
7318;9
7319;10
7320;8
7321;10
7322;6
7323;5
7324;14
7325;5
7326;10
7327;5
7328;12
7329;10
7330;4
7331;4
7332;6
7333;6
7334;9
7335;5
7336;6
7337;9
7338;4
7339;5
7340;11
7341;9
7342;8
7343;3
7344;8
7345;11
7346;13
7347;8
7348;5
7349;11
7350;9
7351;9
7352;6
7353;6
7354;10
7355;4
7356;7
7357;8
7358;6
7359;6
7360;3
7361;6
7362;5
7363;9
7364;5
7365;7
7366;3
7367;10
7368;3
7369;5
7370;9
7371;8
7372;8
7373;8
7374;8
7375;11
7376;5
7377;7
7378;7
7379;7
7380;5
7381;9
7382;8
7383;2
7384;6
7385;11
7386;5
7387;8
7388;4
7389;11
7390;5
7391;7
7392;10
7393;7
7394;16
7395;6
7396;8
7397;11
7398;8
7399;6
7400;7
7401;8
7402;10
7403;5
7404;9
7405;6
7406;10
7407;6
7408;8
7409;7
7410;9
7411;6
7412;10
7413;7
7414;7
7415;7
7416;7
7417;5
7418;4
7419;5
7420;7
7421;9
7422;6
7423;11
7424;6
7425;7
7426;5
7427;9
7428;6
7429;9
7430;10
7431;6
7432;11
7433;12
7434;3
7435;3
7436;8
7437;9
7438;1
7439;4
7440;3
7441;11
7442;5
7443;6
7444;5
7445;9
7446;8
7447;3
7448;4
7449;7
7450;6
7451;7
7452;8
7453;5
7454;11
7455;10
7456;10
7457;4
7458;11
7459;4
7460;5
7461;5
7462;5
7463;4
7464;5
7465;11
7466;4
7467;3
7468;5
7469;5
7470;9
7471;7
7472;8
7473;5
7474;5
7475;6
7476;3
7477;6
7478;7
7479;10
7480;5
7481;11
7482;10
7483;6
7484;7
7485;6
7486;9
7487;7
7488;8
7489;3
7490;8
7491;11
7492;7
7493;8
7494;9
7495;6
7496;8
7497;5
7498;5
7499;4
7500;7
7501;5
7502;8
7503;10
7504;7
7505;2
7506;9
7507;2
7508;5
7509;4
7510;10
7511;4
7512;8
7513;5
7514;3
7515;6
7516;5
7517;10
7518;4
7519;10
7520;6
7521;8
7522;5
7523;9
7524;5
7525;6
7526;8
7527;7
7528;7
7529;9
7530;8
7531;11
7532;2
7533;9
7534;7
7535;6
7536;5
7537;12
7538;2
7539;8
7540;6
7541;6
7542;9
7543;5
7544;5
7545;5
7546;4
7547;9
7548;8
7549;9
7550;15
7551;6
7552;5
7553;0
7554;6
7555;2
7556;11
7557;8
7558;3
7559;10
7560;7
7561;10
7562;7
7563;6
7564;7
7565;1
7566;8
7567;8
7568;11
7569;8
7570;4
7571;4
7572;6
7573;7
7574;5
7575;5
7576;4
7577;5
7578;8
7579;7
7580;7
7581;7
7582;6
7583;8
7584;2
7585;4
7586;5
7587;12
7588;5
7589;5
7590;7
7591;5
7592;4
7593;11
7594;6
7595;5
7596;7
7597;8
7598;9
7599;3
7600;5
7601;8
7602;7
7603;8
7604;3
7605;8
7606;2
7607;7
7608;9
7609;8
7610;10
7611;3
7612;3
7613;6
7614;3
7615;5
7616;6
7617;6
7618;6
7619;4
7620;6
7621;9
7622;6
7623;8
7624;7
7625;7
7626;5
7627;8
7628;10
7629;4
7630;4
7631;6
7632;4
7633;7
7634;5
7635;4
7636;5
7637;10
7638;8
7639;5
7640;6
7641;10
7642;6
7643;12
7644;6
7645;8
7646;6
7647;6
7648;8
7649;5
7650;5
7651;6
7652;2
7653;5
7654;4
7655;6
7656;4
7657;7
7658;5
7659;8
7660;5
7661;7
7662;3
7663;9
7664;6
7665;15
7666;2
7667;8
7668;1
7669;8
7670;5
7671;3
7672;9
7673;7
7674;9
7675;5
7676;4
7677;7
7678;8
7679;11
7680;7
7681;6
7682;13
7683;7
7684;12
7685;17
7686;18
7687;26
7688;19
7689;32
7690;28
7691;34
7692;44
7693;47
7694;44
7695;42
7696;62
7697;48
7698;48
7699;49
7700;37
7701;28
7702;28
7703;19
7704;22
7705;22
7706;17
7707;13
7708;14
7709;6
7710;9
7711;6
7712;3
7713;11
7714;7
7715;7
7716;7
7717;8
7718;3
7719;5
7720;4
7721;5
7722;12
7723;5
7724;2
7725;10
7726;9
7727;4
7728;2
7729;6
7730;8
7731;8
7732;7
7733;6
7734;7
7735;10
7736;3
7737;9
7738;11
7739;5
7740;3
7741;8
7742;6
7743;5
7744;8
7745;5
7746;10
7747;4
7748;1
7749;6
7750;6
7751;9
7752;9
7753;5
7754;2
7755;8
7756;7
7757;4
7758;2
7759;3
7760;5
7761;8
7762;6
7763;8
7764;6
7765;9
7766;5
7767;9
7768;5
7769;14
7770;4
7771;1
7772;6
7773;5
7774;8
7775;5
7776;4
7777;6
7778;6
7779;4
7780;6
7781;2
7782;4
7783;4
7784;7
7785;7
7786;5
7787;7
7788;2
7789;6
7790;5
7791;5
7792;5
7793;3
7794;4
7795;7
7796;4
7797;5
7798;8
7799;4
7800;4
7801;7
7802;11
7803;5
7804;5
7805;5
7806;5
7807;0
7808;6
7809;4
7810;6
7811;6
7812;2
7813;5
7814;4
7815;10
7816;9
7817;6
7818;4
7819;13
7820;10
7821;7
7822;7
7823;8
7824;5
7825;3
7826;7
7827;3
7828;7
7829;1
7830;3
7831;9
7832;5
7833;7
7834;4
7835;9
7836;8
7837;3
7838;4
7839;6
7840;10
7841;4
7842;5
7843;4
7844;6
7845;4
7846;7
7847;3
7848;5
7849;4
7850;6
7851;5
7852;9
7853;6
7854;6
7855;6
7856;6
7857;10
7858;9
7859;9
7860;4
7861;6
7862;6
7863;5
7864;6
7865;2
7866;3
7867;7
7868;4
7869;2
7870;6
7871;4
7872;5
7873;10
7874;8
7875;5
7876;6
7877;6
7878;10
7879;6
7880;6
7881;6
7882;8
7883;4
7884;11
7885;6
7886;4
7887;2
7888;8
7889;9
7890;11
7891;9
7892;3
7893;3
7894;9
7895;10
7896;5
7897;7
7898;5
7899;3
7900;10
7901;7
7902;3
7903;8
7904;7
7905;4
7906;9
7907;9
7908;4
7909;6
7910;6
7911;3
7912;6
7913;4
7914;3
7915;4
7916;7
7917;10
7918;8
7919;5
7920;10
7921;4
7922;3
7923;6
7924;4
7925;6
7926;6
7927;4
7928;6
7929;5
7930;4
7931;5
7932;7
7933;9
7934;4
7935;3
7936;10
7937;5
7938;9
7939;5
7940;7
7941;6
7942;2
7943;6
7944;5
7945;8
7946;5
7947;9
7948;6
7949;3
7950;10
7951;9
7952;3
7953;1
7954;1
7955;4
7956;6
7957;8
7958;2
7959;5
7960;6
7961;6
7962;7
7963;6
7964;2
7965;5
7966;6
7967;8
7968;8
7969;2
7970;2
7971;4
7972;7
7973;7
7974;6
7975;3
7976;9
7977;6
7978;7
7979;6
7980;6
7981;5
7982;3
7983;4
7984;7
7985;8
7986;6
7987;7
7988;10
7989;7
7990;6
7991;7
7992;5
7993;7
7994;3
7995;8
7996;5
7997;3
7998;7
7999;5
8000;4
8001;2
8002;3
8003;7
8004;4
8005;6
8006;6
8007;8
8008;7
8009;5
8010;2
8011;7
8012;5
8013;4
8014;3
8015;5
8016;6
8017;6
8018;5
8019;4
8020;5
8021;6
8022;3
8023;4
8024;6
8025;2
8026;9
8027;5
8028;10
8029;6
8030;2
8031;7
8032;6
8033;8
8034;6
8035;5
8036;8
8037;2
8038;2
8039;10
8040;8
8041;8
8042;10
8043;5
8044;8
8045;4
8046;10
8047;6
8048;11
8049;7
8050;6
8051;6
8052;5
8053;3
8054;5
8055;8
8056;2
8057;7
8058;10
8059;6
8060;6
8061;3
8062;7
8063;5
8064;6
8065;8
8066;7
8067;3
8068;4
8069;7
8070;8
8071;5
8072;2
8073;5
8074;5
8075;8
8076;5
8077;5
8078;4
8079;6
8080;2
8081;10
8082;6
8083;5
8084;12
8085;6
8086;8
8087;8
8088;6
8089;8
8090;9
8091;9
8092;7
8093;4
8094;5
8095;9
8096;5
8097;7
8098;6
8099;5
8100;2
8101;6
8102;6
8103;7
8104;6
8105;5
8106;4
8107;6
8108;8
8109;4
8110;6
8111;6
8112;5
8113;7
8114;4
8115;7
8116;6
8117;5
8118;4
8119;6
8120;4
8121;9
8122;1
8123;6
8124;7
8125;5
8126;5
8127;3
8128;7
8129;4
8130;4
8131;9
8132;9
8133;8
8134;8
8135;3
8136;8
8137;8
8138;7
8139;1
8140;7
8141;4
8142;4
8143;9
8144;3
8145;1
8146;2
8147;2
8148;0
8149;0
8150;1
8151;0
8152;0
8153;0
8154;0
8155;0
8156;0
8157;0
8158;0
8159;0
8160;1
8161;0
8162;0
8163;0
8164;0
8165;0
8166;0
8167;0
8168;0
8169;0
8170;0
8171;0
8172;0
8173;0
8174;0
8175;0
8176;0
8177;0
8178;0
8179;0
8180;0
8181;0
8182;0
8183;0
8184;0
8185;0
8186;0
8187;0
8188;0
8189;0
8190;0
8191;0
