0;0
1;0
2;0
3;0
4;0
5;0
6;0
7;0
8;0
9;0
10;0
11;0
12;0
13;0
14;0
15;0
16;0
17;0
18;0
19;0
20;0
21;0
22;0
23;0
24;0
25;0
26;0
27;0
28;0
29;0
30;0
31;0
32;0
33;0
34;0
35;0
36;0
37;0
38;0
39;0
40;0
41;0
42;0
43;0
44;0
45;0
46;0
47;0
48;0
49;0
50;0
51;0
52;0
53;0
54;0
55;0
56;0
57;0
58;0
59;0
60;0
61;0
62;0
63;0
64;0
65;0
66;0
67;0
68;0
69;0
70;0
71;0
72;0
73;0
74;0
75;0
76;0
77;0
78;0
79;0
80;0
81;0
82;0
83;0
84;0
85;0
86;0
87;0
88;0
89;0
90;0
91;0
92;0
93;0
94;0
95;0
96;0
97;0
98;0
99;0
100;0
101;0
102;0
103;0
104;0
105;0
106;0
107;0
108;0
109;0
110;0
111;0
112;0
113;0
114;0
115;0
116;0
117;0
118;0
119;0
120;0
121;0
122;0
123;0
124;0
125;0
126;0
127;0
128;0
129;0
130;0
131;0
132;0
133;7
134;33
135;83
136;99
137;92
138;95
139;104
140;109
141;78
142;98
143;101
144;118
145;99
146;114
147;99
148;106
149;113
150;105
151;90
152;86
153;84
154;94
155;79
156;91
157;120
158;99
159;85
160;118
161;100
162;93
163;91
164;102
165;106
166;100
167;118
168;107
169;91
170;100
171;103
172;97
173;109
174;96
175;100
176;102
177;89
178;90
179;92
180;96
181;112
182;113
183;97
184;108
185;93
186;121
187;106
188;93
189;116
190;92
191;101
192;91
193;98
194;103
195;106
196;111
197;95
198;107
199;90
200;105
201;89
202;98
203;99
204;113
205;99
206;95
207;102
208;108
209;101
210;101
211;104
212;117
213;120
214;95
215;124
216;122
217;99
218;124
219;100
220;99
221;95
222;106
223;113
224;93
225;97
226;89
227;119
228;107
229;102
230;104
231;106
232;110
233;117
234;109
235;118
236;97
237;106
238;95
239;98
240;101
241;115
242;101
243;98
244;109
245;105
246;107
247;119
248;134
249;112
250;118
251;109
252;106
253;107
254;100
255;114
256;115
257;127
258;112
259;132
260;109
261;116
262;107
263;118
264;120
265;131
266;126
267;114
268;146
269;135
270;99
271;141
272;129
273;104
274;132
275;110
276;109
277;113
278;141
279;120
280;136
281;130
282;117
283;136
284;111
285;111
286;147
287;119
288;127
289;135
290;109
291;116
292;116
293;125
294;120
295;116
296;132
297;132
298;109
299;125
300;134
301;117
302;111
303;136
304;132
305;151
306;120
307;138
308;122
309;134
310;159
311;110
312;140
313;141
314;114
315;124
316;134
317;151
318;132
319;149
320;129
321;141
322;124
323;153
324;117
325;129
326;137
327;127
328;160
329;135
330;139
331;132
332;142
333;145
334;137
335;138
336;149
337;141
338;115
339;142
340;136
341;149
342;136
343;142
344;126
345;157
346;152
347;145
348;157
349;159
350;149
351;167
352;157
353;169
354;150
355;157
356;174
357;141
358;162
359;161
360;145
361;146
362;151
363;128
364;162
365;143
366;174
367;161
368;161
369;140
370;135
371;158
372;182
373;139
374;155
375;144
376;160
377;167
378;160
379;155
380;183
381;165
382;149
383;163
384;155
385;162
386;171
387;149
388;162
389;179
390;150
391;161
392;178
393;170
394;151
395;174
396;158
397;141
398;176
399;147
400;167
401;154
402;179
403;170
404;167
405;163
406;151
407;157
408;166
409;160
410;163
411;170
412;170
413;158
414;178
415;176
416;169
417;174
418;173
419;154
420;152
421;141
422;144
423;150
424;160
425;134
426;150
427;150
428;165
429;154
430;158
431;157
432;139
433;175
434;158
435;193
436;146
437;161
438;151
439;158
440;169
441;162
442;180
443;147
444;174
445;153
446;172
447;177
448;146
449;156
450;163
451;150
452;163
453;189
454;143
455;172
456;190
457;157
458;163
459;166
460;173
461;160
462;181
463;159
464;149
465;160
466;135
467;152
468;161
469;168
470;173
471;154
472;147
473;168
474;163
475;178
476;151
477;192
478;161
479;155
480;164
481;167
482;183
483;171
484;168
485;180
486;157
487;142
488;179
489;164
490;158
491;152
492;139
493;146
494;179
495;169
496;158
497;147
498;169
499;167
500;151
501;152
502;158
503;169
504;177
505;159
506;174
507;180
508;165
509;164
510;167
511;157
512;153
513;148
514;149
515;175
516;173
517;172
518;190
519;155
520;160
521;155
522;168
523;168
524;170
525;158
526;148
527;163
528;183
529;167
530;183
531;184
532;154
533;153
534;147
535;162
536;165
537;158
538;140
539;170
540;159
541;157
542;158
543;176
544;167
545;145
546;148
547;167
548;174
549;162
550;162
551;155
552;171
553;154
554;158
555;163
556;165
557;165
558;164
559;149
560;146
561;158
562;159
563;161
564;175
565;151
566;151
567;156
568;169
569;179
570;174
571;164
572;148
573;164
574;157
575;140
576;169
577;139
578;162
579;165
580;152
581;197
582;166
583;209
584;152
585;168
586;144
587;175
588;171
589;156
590;190
591;163
592;174
593;153
594;163
595;141
596;168
597;184
598;160
599;180
600;166
601;175
602;164
603;166
604;162
605;175
606;174
607;152
608;164
609;180
610;163
611;158
612;152
613;148
614;165
615;171
616;157
617;163
618;165
619;185
620;154
621;139
622;174
623;163
624;153
625;179
626;190
627;153
628;156
629;167
630;156
631;155
632;154
633;163
634;172
635;160
636;176
637;163
638;181
639;177
640;154
641;177
642;164
643;171
644;177
645;173
646;156
647;139
648;164
649;154
650;149
651;157
652;162
653;170
654;187
655;161
656;174
657;161
658;173
659;179
660;175
661;174
662;166
663;169
664;147
665;181
666;176
667;171
668;153
669;165
670;163
671;169
672;163
673;178
674;148
675;187
676;153
677;160
678;150
679;158
680;169
681;177
682;157
683;169
684;166
685;172
686;191
687;152
688;183
689;164
690;149
691;160
692;171
693;162
694;172
695;143
696;169
697;161
698;162
699;173
700;169
701;173
702;145
703;174
704;165
705;164
706;148
707;158
708;192
709;142
710;176
711;151
712;175
713;153
714;168
715;185
716;173
717;153
718;130
719;176
720;153
721;161
722;142
723;178
724;136
725;175
726;160
727;149
728;174
729;178
730;163
731;163
732;162
733;163
734;169
735;169
736;175
737;162
738;142
739;147
740;145
741;161
742;167
743;178
744;155
745;175
746;159
747;166
748;164
749;160
750;145
751;169
752;173
753;166
754;177
755;155
756;154
757;160
758;130
759;142
760;151
761;157
762;157
763;148
764;159
765;160
766;168
767;175
768;161
769;154
770;167
771;147
772;171
773;146
774;166
775;159
776;148
777;147
778;144
779;171
780;162
781;177
782;156
783;165
784;168
785;166
786;154
787;172
788;176
789;168
790;159
791;148
792;162
793;166
794;153
795;151
796;139
797;151
798;162
799;147
800;184
801;163
802;142
803;145
804;128
805;167
806;162
807;177
808;137
809;159
810;137
811;176
812;147
813;155
814;151
815;161
816;155
817;178
818;159
819;176
820;158
821;142
822;157
823;142
824;150
825;151
826;162
827;165
828;168
829;153
830;159
831;136
832;154
833;154
834;159
835;143
836;134
837;157
838;163
839;153
840;134
841;168
842;154
843;170
844;162
845;161
846;149
847;146
848;156
849;143
850;174
851;155
852;180
853;152
854;149
855;147
856;133
857;164
858;181
859;168
860;134
861;154
862;158
863;149
864;136
865;158
866;166
867;159
868;138
869;112
870;136
871;178
872;142
873;153
874;158
875;166
876;158
877;151
878;146
879;143
880;173
881;152
882;144
883;124
884;143
885;139
886;134
887;151
888;148
889;144
890;149
891;174
892;160
893;161
894;165
895;164
896;137
897;165
898;126
899;156
900;142
901;139
902;141
903;137
904;123
905;145
906;159
907;137
908;139
909;149
910;159
911;148
912;151
913;152
914;156
915;135
916;145
917;149
918;148
919;163
920;134
921;144
922;153
923;159
924;156
925;154
926;155
927;145
928;125
929;155
930;134
931;149
932;135
933;173
934;153
935;158
936;150
937;147
938;156
939;170
940;149
941;147
942;145
943;174
944;151
945;141
946;163
947;154
948;140
949;166
950;168
951;143
952;172
953;139
954;176
955;153
956;190
957;160
958;143
959;157
960;180
961;152
962;156
963;179
964;133
965;175
966;148
967;150
968;168
969;172
970;172
971;169
972;156
973;172
974;145
975;164
976;151
977;193
978;161
979;164
980;164
981;153
982;160
983;166
984;183
985;157
986;155
987;174
988;155
989;155
990;171
991;163
992;153
993;164
994;140
995;163
996;187
997;143
998;175
999;180
1000;170
1001;145
1002;169
1003;195
1004;166
1005;149
1006;154
1007;164
1008;182
1009;163
1010;180
1011;157
1012;171
1013;173
1014;155
1015;169
1016;156
1017;150
1018;144
1019;153
1020;165
1021;158
1022;138
1023;146
1024;200
1025;175
1026;162
1027;154
1028;158
1029;145
1030;162
1031;149
1032;162
1033;155
1034;174
1035;161
1036;165
1037;173
1038;154
1039;164
1040;154
1041;143
1042;157
1043;168
1044;154
1045;170
1046;159
1047;168
1048;150
1049;174
1050;156
1051;167
1052;168
1053;149
1054;157
1055;151
1056;159
1057;157
1058;146
1059;149
1060;175
1061;156
1062;146
1063;157
1064;170
1065;158
1066;156
1067;157
1068;147
1069;160
1070;161
1071;137
1072;180
1073;146
1074;151
1075;175
1076;147
1077;164
1078;176
1079;168
1080;179
1081;161
1082;151
1083;137
1084;142
1085;128
1086;167
1087;161
1088;171
1089;163
1090;170
1091;162
1092;136
1093;133
1094;153
1095;145
1096;158
1097;162
1098;166
1099;154
1100;141
1101;165
1102;134
1103;155
1104;161
1105;144
1106;145
1107;177
1108;180
1109;167
1110;166
1111;171
1112;173
1113;162
1114;159
1115;160
1116;162
1117;148
1118;166
1119;133
1120;147
1121;186
1122;169
1123;153
1124;152
1125;143
1126;176
1127;130
1128;177
1129;155
1130;153
1131;165
1132;199
1133;165
1134;164
1135;158
1136;157
1137;160
1138;183
1139;147
1140;172
1141;156
1142;175
1143;147
1144;164
1145;134
1146;147
1147;143
1148;180
1149;156
1150;165
1151;151
1152;160
1153;169
1154;134
1155;153
1156;153
1157;170
1158;170
1159;176
1160;148
1161;157
1162;142
1163;165
1164;156
1165;168
1166;154
1167;144
1168;153
1169;155
1170;150
1171;144
1172;165
1173;167
1174;173
1175;179
1176;167
1177;163
1178;165
1179;173
1180;168
1181;175
1182;159
1183;139
1184;176
1185;139
1186;154
1187;149
1188;145
1189;156
1190;142
1191;181
1192;164
1193;135
1194;160
1195;149
1196;175
1197;146
1198;161
1199;148
1200;151
1201;158
1202;156
1203;166
1204;161
1205;138
1206;176
1207;164
1208;144
1209;159
1210;176
1211;146
1212;144
1213;133
1214;154
1215;180
1216;172
1217;147
1218;140
1219;151
1220;137
1221;155
1222;160
1223;170
1224;167
1225;165
1226;157
1227;158
1228;155
1229;148
1230;132
1231;160
1232;160
1233;152
1234;118
1235;126
1236;147
1237;163
1238;158
1239;172
1240;140
1241;137
1242;147
1243;133
1244;160
1245;148
1246;133
1247;167
1248;158
1249;155
1250;156
1251;152
1252;153
1253;143
1254;156
1255;153
1256;169
1257;143
1258;144
1259;135
1260;132
1261;167
1262;165
1263;144
1264;151
1265;154
1266;133
1267;151
1268;137
1269;157
1270;141
1271;145
1272;140
1273;155
1274;153
1275;127
1276;162
1277;146
1278;124
1279;139
1280;140
1281;138
1282;129
1283;157
1284;139
1285;149
1286;118
1287;152
1288;147
1289;138
1290;137
1291;144
1292;115
1293;151
1294;142
1295;145
1296;109
1297;143
1298;155
1299;134
1300;158
1301;158
1302;144
1303;145
1304;143
1305;128
1306;137
1307;141
1308;159
1309;135
1310;117
1311;153
1312;140
1313;140
1314;136
1315;140
1316;143
1317;143
1318;136
1319;125
1320;120
1321;155
1322;149
1323;126
1324;148
1325;128
1326;114
1327;122
1328;133
1329;125
1330;133
1331;145
1332;128
1333;130
1334;142
1335;141
1336;132
1337;133
1338;140
1339;153
1340;135
1341;151
1342;118
1343;123
1344;134
1345;141
1346;117
1347;147
1348;128
1349;139
1350;111
1351;131
1352;127
1353;118
1354;125
1355;150
1356;123
1357;116
1358;108
1359;145
1360;136
1361;98
1362;121
1363;137
1364;115
1365;138
1366;142
1367;129
1368;122
1369;126
1370;137
1371;113
1372;120
1373;133
1374;133
1375;118
1376;119
1377;129
1378;120
1379;128
1380;108
1381;127
1382;116
1383;117
1384;106
1385;141
1386;127
1387;122
1388;104
1389;129
1390;134
1391;116
1392;118
1393;143
1394;135
1395;133
1396;142
1397;120
1398;144
1399;131
1400;130
1401;124
1402;129
1403;131
1404;130
1405;98
1406;148
1407;124
1408;119
1409;106
1410;121
1411;109
1412;133
1413;131
1414;122
1415;129
1416;97
1417;128
1418;115
1419;113
1420;123
1421;134
1422;133
1423;119
1424;116
1425;99
1426;117
1427;111
1428;131
1429;125
1430;110
1431;133
1432;104
1433;119
1434;146
1435;133
1436;142
1437;111
1438;129
1439;144
1440;123
1441;115
1442;100
1443;123
1444;138
1445;98
1446;124
1447;126
1448;126
1449;120
1450;114
1451;113
1452;108
1453;131
1454;103
1455;118
1456;126
1457;113
1458;96
1459;122
1460;115
1461;126
1462;113
1463;109
1464;121
1465;116
1466;118
1467;98
1468;133
1469;115
1470;113
1471;120
1472;134
1473;115
1474;112
1475;113
1476;117
1477;124
1478;125
1479;104
1480;120
1481;104
1482;111
1483;119
1484;128
1485;101
1486;109
1487;117
1488;91
1489;106
1490;89
1491;91
1492;101
1493;107
1494;104
1495;124
1496;121
1497;110
1498;90
1499;108
1500;104
1501;116
1502;112
1503;113
1504;105
1505;113
1506;129
1507;135
1508;120
1509;101
1510;117
1511;113
1512;109
1513;123
1514;104
1515;100
1516;115
1517;116
1518;82
1519;104
1520;111
1521;120
1522;110
1523;105
1524;108
1525;91
1526;102
1527;102
1528;88
1529;119
1530;126
1531;110
1532;119
1533;109
1534;107
1535;105
1536;123
1537;103
1538;91
1539;93
1540;114
1541;126
1542;113
1543;109
1544;99
1545;115
1546;97
1547;120
1548;98
1549;114
1550;124
1551;98
1552;131
1553;117
1554;97
1555;83
1556;107
1557;97
1558;112
1559;112
1560;94
1561;112
1562;131
1563;109
1564;125
1565;108
1566;115
1567;111
1568;112
1569;114
1570;113
1571;117
1572;96
1573;97
1574;100
1575;130
1576;98
1577;106
1578;136
1579;111
1580;106
1581;83
1582;109
1583;126
1584;106
1585;95
1586;112
1587;97
1588;103
1589;84
1590;98
1591;101
1592;127
1593;124
1594;115
1595;96
1596;94
1597;109
1598;112
1599;112
1600;104
1601;107
1602;114
1603;103
1604;116
1605;117
1606;98
1607;110
1608;97
1609;87
1610;102
1611;80
1612;115
1613;106
1614;109
1615;86
1616;97
1617;102
1618;108
1619;115
1620;105
1621;122
1622;101
1623;100
1624;108
1625;111
1626;115
1627;106
1628;116
1629;96
1630;96
1631;91
1632;107
1633;127
1634;111
1635;111
1636;113
1637;109
1638;113
1639;99
1640;90
1641;110
1642;109
1643;98
1644;90
1645;90
1646;94
1647;102
1648;87
1649;129
1650;107
1651;113
1652;109
1653;98
1654;98
1655;105
1656;89
1657;95
1658;118
1659;90
1660;101
1661;100
1662;108
1663;105
1664;92
1665;86
1666;91
1667;88
1668;108
1669;93
1670;103
1671;110
1672;100
1673;94
1674;92
1675;110
1676;92
1677;113
1678;98
1679;96
1680;111
1681;99
1682;83
1683;106
1684;95
1685;115
1686;95
1687;102
1688;105
1689;94
1690;100
1691;106
1692;118
1693;105
1694;96
1695;85
1696;105
1697;95
1698;98
1699;96
1700;100
1701;121
1702;88
1703;100
1704;98
1705;106
1706;96
1707;99
1708;102
1709;89
1710;105
1711;93
1712;98
1713;118
1714;112
1715;106
1716;91
1717;94
1718;94
1719;91
1720;82
1721;80
1722;91
1723;103
1724;94
1725;106
1726;75
1727;100
1728;89
1729;97
1730;105
1731;115
1732;95
1733;86
1734;99
1735;93
1736;78
1737;71
1738;106
1739;108
1740;117
1741;87
1742;92
1743;103
1744;99
1745;91
1746;99
1747;90
1748;91
1749;102
1750;88
1751;115
1752;86
1753;104
1754;113
1755;89
1756;92
1757;79
1758;123
1759;81
1760;94
1761;108
1762;88
1763;94
1764;94
1765;103
1766;86
1767;100
1768;104
1769;101
1770;84
1771;81
1772;92
1773;82
1774;85
1775;92
1776;98
1777;91
1778;88
1779;95
1780;81
1781;100
1782;81
1783;100
1784;91
1785;83
1786;98
1787;108
1788;92
1789;81
1790;110
1791;77
1792;77
1793;88
1794;88
1795;86
1796;88
1797;86
1798;93
1799;81
1800;104
1801;89
1802;94
1803;83
1804;108
1805;86
1806;95
1807;92
1808;96
1809;88
1810;92
1811;107
1812;84
1813;102
1814;92
1815;99
1816;96
1817;83
1818;91
1819;78
1820;82
1821;80
1822;108
1823;101
1824;96
1825;74
1826;81
1827;89
1828;102
1829;103
1830;109
1831;87
1832;71
1833;79
1834;103
1835;86
1836;75
1837;88
1838;97
1839;96
1840;92
1841;93
1842;91
1843;100
1844;87
1845;84
1846;109
1847;95
1848;85
1849;99
1850;105
1851;83
1852;104
1853;83
1854;85
1855;94
1856;79
1857;102
1858;90
1859;93
1860;93
1861;85
1862;98
1863;106
1864;88
1865;90
1866;78
1867;80
1868;78
1869;83
1870;93
1871;85
1872;80
1873;86
1874;80
1875;85
1876;106
1877;92
1878;88
1879;96
1880;91
1881;96
1882;103
1883;97
1884;95
1885;97
1886;92
1887;81
1888;91
1889;83
1890;88
1891;102
1892;71
1893;100
1894;95
1895;80
1896;85
1897;79
1898;81
1899;88
1900;75
1901;73
1902;93
1903;91
1904;82
1905;102
1906;99
1907;89
1908;72
1909;68
1910;85
1911;77
1912;95
1913;65
1914;85
1915;77
1916;91
1917;81
1918;84
1919;75
1920;87
1921;80
1922;89
1923;78
1924;80
1925;91
1926;82
1927;68
1928;78
1929;70
1930;93
1931;77
1932;77
1933;67
1934;73
1935;70
1936;83
1937;87
1938;100
1939;74
1940;101
1941;79
1942;75
1943;112
1944;89
1945;78
1946;77
1947;77
1948;69
1949;91
1950;71
1951;81
1952;87
1953;68
1954;84
1955;86
1956;92
1957;80
1958;87
1959;83
1960;81
1961;86
1962;79
1963;84
1964;92
1965;94
1966;80
1967;84
1968;92
1969;93
1970;86
1971;76
1972;86
1973;86
1974;86
1975;78
1976;88
1977;81
1978;86
1979;88
1980;89
1981;93
1982;81
1983;74
1984;78
1985;87
1986;75
1987;78
1988;83
1989;89
1990;65
1991;77
1992;77
1993;75
1994;83
1995;88
1996;79
1997;82
1998;75
1999;85
2000;71
2001;90
2002;100
2003;67
2004;85
2005;94
2006;70
2007;96
2008;76
2009;96
2010;83
2011;68
2012;80
2013;96
2014;80
2015;71
2016;88
2017;67
2018;82
2019;94
2020;70
2021;91
2022;96
2023;88
2024;74
2025;78
2026;71
2027;87
2028;78
2029;81
2030;79
2031;88
2032;75
2033;93
2034;64
2035;78
2036;64
2037;67
2038;81
2039;75
2040;74
2041;83
2042;90
2043;69
2044;84
2045;72
2046;66
2047;78
2048;76
2049;70
2050;91
2051;73
2052;84
2053;78
2054;69
2055;66
2056;80
2057;63
2058;81
2059;75
2060;76
2061;67
2062;75
2063;89
2064;69
2065;92
2066;69
2067;90
2068;86
2069;82
2070;86
2071;94
2072;73
2073;80
2074;90
2075;73
2076;84
2077;76
2078;74
2079;75
2080;67
2081;80
2082;85
2083;70
2084;86
2085;77
2086;79
2087;88
2088;74
2089;85
2090;81
2091;73
2092;82
2093;85
2094;74
2095;73
2096;76
2097;74
2098;73
2099;76
2100;71
2101;84
2102;87
2103;87
2104;79
2105;97
2106;78
2107;68
2108;72
2109;83
2110;83
2111;74
2112;81
2113;78
2114;89
2115;77
2116;70
2117;83
2118;79
2119;80
2120;73
2121;69
2122;84
2123;72
2124;66
2125;86
2126;86
2127;72
2128;62
2129;56
2130;76
2131;71
2132;84
2133;77
2134;68
2135;87
2136;84
2137;86
2138;63
2139;76
2140;81
2141;74
2142;67
2143;71
2144;85
2145;66
2146;59
2147;73
2148;80
2149;76
2150;83
2151;90
2152;64
2153;80
2154;90
2155;81
2156;82
2157;77
2158;61
2159;84
2160;72
2161;70
2162;84
2163;74
2164;90
2165;74
2166;81
2167;80
2168;83
2169;77
2170;65
2171;83
2172;65
2173;73
2174;89
2175;87
2176;76
2177;72
2178;76
2179;86
2180;76
2181;74
2182;93
2183;74
2184;70
2185;75
2186;66
2187;71
2188;87
2189;64
2190;84
2191;67
2192;71
2193;55
2194;79
2195;70
2196;72
2197;79
2198;70
2199;73
2200;88
2201;87
2202;71
2203;91
2204;75
2205;62
2206;73
2207;67
2208;73
2209;83
2210;74
2211;70
2212;74
2213;70
2214;65
2215;75
2216;78
2217;75
2218;88
2219;67
2220;76
2221;92
2222;65
2223;75
2224;67
2225;64
2226;70
2227;71
2228;76
2229;79
2230;65
2231;61
2232;72
2233;69
2234;71
2235;80
2236;83
2237;60
2238;70
2239;71
2240;80
2241;79
2242;79
2243;67
2244;73
2245;87
2246;83
2247;68
2248;85
2249;77
2250;83
2251;77
2252;67
2253;69
2254;76
2255;58
2256;87
2257;74
2258;65
2259;67
2260;78
2261;61
2262;52
2263;69
2264;64
2265;75
2266;70
2267;65
2268;84
2269;84
2270;83
2271;96
2272;73
2273;70
2274;76
2275;53
2276;69
2277;69
2278;74
2279;83
2280;74
2281;72
2282;65
2283;70
2284;80
2285;79
2286;65
2287;82
2288;73
2289;76
2290;63
2291;76
2292;69
2293;72
2294;74
2295;66
2296;85
2297;58
2298;83
2299;69
2300;69
2301;68
2302;73
2303;87
2304;75
2305;61
2306;83
2307;69
2308;56
2309;58
2310;66
2311;68
2312;82
2313;77
2314;81
2315;68
2316;77
2317;59
2318;68
2319;81
2320;70
2321;74
2322;76
2323;66
2324;78
2325;67
2326;65
2327;93
2328;89
2329;72
2330;77
2331;69
2332;65
2333;83
2334;67
2335;66
2336;78
2337;67
2338;76
2339;71
2340;64
2341;55
2342;79
2343;71
2344;74
2345;66
2346;68
2347;71
2348;62
2349;72
2350;59
2351;68
2352;76
2353;68
2354;82
2355;80
2356;67
2357;56
2358;81
2359;70
2360;86
2361;79
2362;65
2363;65
2364;73
2365;67
2366;76
2367;69
2368;74
2369;64
2370;58
2371;66
2372;88
2373;71
2374;74
2375;85
2376;79
2377;68
2378;73
2379;74
2380;69
2381;64
2382;58
2383;84
2384;79
2385;77
2386;74
2387;70
2388;69
2389;74
2390;74
2391;76
2392;75
2393;65
2394;56
2395;68
2396;78
2397;69
2398;76
2399;92
2400;76
2401;79
2402;69
2403;77
2404;68
2405;75
2406;63
2407;67
2408;82
2409;69
2410;79
2411;68
2412;77
2413;67
2414;77
2415;82
2416;66
2417;68
2418;53
2419;55
2420;78
2421;68
2422;57
2423;77
2424;67
2425;78
2426;84
2427;70
2428;73
2429;80
2430;72
2431;71
2432;72
2433;68
2434;73
2435;71
2436;72
2437;85
2438;76
2439;60
2440;68
2441;76
2442;56
2443;77
2444;64
2445;73
2446;68
2447;71
2448;60
2449;74
2450;63
2451;68
2452;59
2453;72
2454;74
2455;65
2456;65
2457;59
2458;66
2459;75
2460;71
2461;67
2462;77
2463;79
2464;70
2465;82
2466;71
2467;57
2468;55
2469;73
2470;79
2471;67
2472;74
2473;67
2474;70
2475;78
2476;74
2477;72
2478;73
2479;77
2480;69
2481;75
2482;67
2483;54
2484;73
2485;76
2486;82
2487;82
2488;81
2489;91
2490;65
2491;58
2492;56
2493;80
2494;72
2495;63
2496;65
2497;64
2498;76
2499;72
2500;68
2501;63
2502;67
2503;79
2504;74
2505;60
2506;75
2507;91
2508;67
2509;71
2510;82
2511;76
2512;69
2513;69
2514;72
2515;71
2516;51
2517;71
2518;73
2519;77
2520;72
2521;65
2522;76
2523;71
2524;69
2525;74
2526;56
2527;67
2528;71
2529;64
2530;70
2531;65
2532;61
2533;77
2534;80
2535;65
2536;78
2537;76
2538;74
2539;61
2540;66
2541;69
2542;80
2543;90
2544;58
2545;84
2546;68
2547;62
2548;61
2549;92
2550;75
2551;75
2552;68
2553;67
2554;61
2555;74
2556;62
2557;63
2558;75
2559;67
2560;80
2561;57
2562;73
2563;72
2564;91
2565;61
2566;75
2567;63
2568;68
2569;73
2570;66
2571;80
2572;59
2573;64
2574;74
2575;77
2576;59
2577;62
2578;77
2579;64
2580;73
2581;66
2582;73
2583;69
2584;82
2585;68
2586;79
2587;61
2588;66
2589;66
2590;66
2591;73
2592;53
2593;77
2594;87
2595;73
2596;71
2597;79
2598;64
2599;67
2600;96
2601;62
2602;65
2603;64
2604;61
2605;69
2606;80
2607;68
2608;86
2609;68
2610;68
2611;58
2612;80
2613;67
2614;48
2615;66
2616;92
2617;75
2618;70
2619;60
2620;80
2621;65
2622;78
2623;65
2624;68
2625;68
2626;67
2627;65
2628;65
2629;80
2630;57
2631;61
2632;74
2633;59
2634;79
2635;71
2636;69
2637;63
2638;78
2639;70
2640;65
2641;62
2642;72
2643;69
2644;72
2645;88
2646;57
2647;52
2648;72
2649;54
2650;63
2651;70
2652;69
2653;67
2654;75
2655;75
2656;68
2657;75
2658;57
2659;85
2660;59
2661;86
2662;67
2663;68
2664;73
2665;62
2666;73
2667;76
2668;64
2669;71
2670;72
2671;66
2672;58
2673;84
2674;82
2675;68
2676;72
2677;76
2678;69
2679;78
2680;73
2681;69
2682;69
2683;62
2684;66
2685;65
2686;69
2687;64
2688;61
2689;71
2690;66
2691;65
2692;71
2693;65
2694;72
2695;66
2696;61
2697;62
2698;61
2699;60
2700;64
2701;71
2702;74
2703;63
2704;65
2705;82
2706;59
2707;65
2708;72
2709;83
2710;56
2711;71
2712;70
2713;66
2714;67
2715;62
2716;71
2717;70
2718;78
2719;66
2720;73
2721;58
2722;71
2723;59
2724;69
2725;83
2726;61
2727;79
2728;66
2729;80
2730;64
2731;72
2732;65
2733;62
2734;74
2735;63
2736;71
2737;65
2738;67
2739;68
2740;71
2741;72
2742;73
2743;71
2744;69
2745;66
2746;75
2747;71
2748;80
2749;70
2750;70
2751;64
2752;86
2753;55
2754;58
2755;71
2756;70
2757;65
2758;61
2759;74
2760;73
2761;71
2762;68
2763;74
2764;57
2765;76
2766;78
2767;58
2768;67
2769;61
2770;67
2771;65
2772;69
2773;63
2774;58
2775;65
2776;59
2777;61
2778;53
2779;58
2780;55
2781;57
2782;76
2783;71
2784;72
2785;58
2786;71
2787;62
2788;65
2789;62
2790;54
2791;72
2792;55
2793;56
2794;77
2795;64
2796;59
2797;59
2798;68
2799;78
2800;73
2801;74
2802;65
2803;80
2804;69
2805;66
2806;66
2807;54
2808;58
2809;68
2810;62
2811;70
2812;63
2813;63
2814;65
2815;71
2816;78
2817;64
2818;68
2819;62
2820;74
2821;64
2822;59
2823;69
2824;68
2825;89
2826;69
2827;64
2828;61
2829;68
2830;68
2831;69
2832;76
2833;53
2834;64
2835;79
2836;64
2837;66
2838;74
2839;71
2840;58
2841;67
2842;68
2843;72
2844;59
2845;52
2846;67
2847;78
2848;68
2849;68
2850;50
2851;72
2852;58
2853;65
2854;69
2855;72
2856;72
2857;65
2858;61
2859;83
2860;69
2861;72
2862;68
2863;63
2864;72
2865;69
2866;71
2867;70
2868;72
2869;78
2870;68
2871;64
2872;61
2873;77
2874;72
2875;71
2876;49
2877;71
2878;56
2879;53
2880;51
2881;66
2882;56
2883;69
2884;83
2885;63
2886;59
2887;87
2888;62
2889;65
2890;60
2891;73
2892;65
2893;56
2894;69
2895;60
2896;72
2897;70
2898;55
2899;61
2900;59
2901;61
2902;57
2903;67
2904;68
2905;71
2906;70
2907;77
2908;46
2909;77
2910;81
2911;71
2912;53
2913;82
2914;58
2915;80
2916;57
2917;63
2918;52
2919;68
2920;70
2921;72
2922;70
2923;58
2924;60
2925;65
2926;61
2927;65
2928;71
2929;68
2930;71
2931;60
2932;64
2933;73
2934;73
2935;61
2936;74
2937;58
2938;68
2939;62
2940;60
2941;69
2942;57
2943;60
2944;57
2945;61
2946;60
2947;51
2948;80
2949;68
2950;63
2951;73
2952;58
2953;60
2954;66
2955;76
2956;62
2957;60
2958;68
2959;75
2960;68
2961;72
2962;69
2963;63
2964;68
2965;72
2966;57
2967;67
2968;66
2969;70
2970;66
2971;66
2972;67
2973;62
2974;66
2975;62
2976;71
2977;68
2978;54
2979;64
2980;64
2981;56
2982;77
2983;55
2984;67
2985;71
2986;63
2987;71
2988;63
2989;76
2990;58
2991;70
2992;50
2993;58
2994;61
2995;64
2996;60
2997;58
2998;70
2999;50
3000;65
3001;64
3002;71
3003;77
3004;69
3005;67
3006;57
3007;65
3008;59
3009;78
3010;56
3011;76
3012;78
3013;70
3014;68
3015;67
3016;69
3017;45
3018;58
3019;58
3020;63
3021;54
3022;78
3023;66
3024;66
3025;56
3026;57
3027;60
3028;74
3029;65
3030;65
3031;84
3032;58
3033;70
3034;57
3035;64
3036;77
3037;73
3038;79
3039;56
3040;68
3041;61
3042;74
3043;75
3044;55
3045;60
3046;66
3047;70
3048;65
3049;67
3050;70
3051;87
3052;55
3053;79
3054;60
3055;69
3056;59
3057;63
3058;65
3059;63
3060;76
3061;70
3062;60
3063;61
3064;74
3065;78
3066;64
3067;68
3068;67
3069;95
3070;50
3071;70
3072;78
3073;63
3074;82
3075;56
3076;74
3077;64
3078;68
3079;54
3080;74
3081;66
3082;56
3083;76
3084;63
3085;67
3086;68
3087;62
3088;78
3089;74
3090;63
3091;61
3092;74
3093;64
3094;59
3095;62
3096;59
3097;69
3098;59
3099;71
3100;60
3101;65
3102;63
3103;64
3104;75
3105;76
3106;68
3107;64
3108;70
3109;73
3110;61
3111;71
3112;63
3113;59
3114;69
3115;64
3116;63
3117;73
3118;72
3119;58
3120;74
3121;63
3122;76
3123;61
3124;74
3125;68
3126;65
3127;58
3128;72
3129;82
3130;67
3131;50
3132;57
3133;81
3134;59
3135;46
3136;71
3137;71
3138;57
3139;71
3140;73
3141;76
3142;59
3143;65
3144;54
3145;64
3146;72
3147;74
3148;71
3149;65
3150;43
3151;66
3152;66
3153;65
3154;81
3155;56
3156;72
3157;72
3158;74
3159;67
3160;69
3161;66
3162;63
3163;62
3164;66
3165;64
3166;64
3167;67
3168;60
3169;74
3170;66
3171;59
3172;68
3173;71
3174;65
3175;80
3176;66
3177;57
3178;70
3179;70
3180;58
3181;55
3182;67
3183;58
3184;71
3185;76
3186;58
3187;67
3188;58
3189;82
3190;66
3191;62
3192;74
3193;67
3194;68
3195;65
3196;63
3197;70
3198;56
3199;56
3200;74
3201;64
3202;56
3203;68
3204;69
3205;73
3206;62
3207;65
3208;65
3209;75
3210;68
3211;55
3212;74
3213;50
3214;57
3215;73
3216;52
3217;69
3218;55
3219;66
3220;73
3221;57
3222;78
3223;66
3224;73
3225;76
3226;59
3227;64
3228;63
3229;57
3230;69
3231;73
3232;61
3233;76
3234;57
3235;72
3236;55
3237;63
3238;76
3239;64
3240;64
3241;69
3242;77
3243;65
3244;77
3245;56
3246;77
3247;68
3248;62
3249;64
3250;81
3251;58
3252;54
3253;53
3254;56
3255;65
3256;60
3257;57
3258;63
3259;65
3260;63
3261;65
3262;60
3263;78
3264;62
3265;71
3266;59
3267;69
3268;66
3269;51
3270;62
3271;61
3272;73
3273;55
3274;60
3275;41
3276;62
3277;80
3278;64
3279;61
3280;69
3281;58
3282;57
3283;67
3284;59
3285;62
3286;60
3287;58
3288;56
3289;72
3290;55
3291;59
3292;60
3293;64
3294;74
3295;60
3296;70
3297;54
3298;66
3299;58
3300;50
3301;72
3302;58
3303;68
3304;48
3305;74
3306;50
3307;71
3308;70
3309;53
3310;65
3311;53
3312;60
3313;66
3314;50
3315;55
3316;57
3317;51
3318;55
3319;55
3320;67
3321;66
3322;63
3323;63
3324;63
3325;69
3326;78
3327;55
3328;62
3329;58
3330;72
3331;65
3332;61
3333;64
3334;62
3335;46
3336;60
3337;69
3338;78
3339;74
3340;73
3341;70
3342;79
3343;62
3344;54
3345;76
3346;60
3347;57
3348;58
3349;73
3350;62
3351;49
3352;75
3353;72
3354;57
3355;53
3356;68
3357;64
3358;56
3359;58
3360;63
3361;76
3362;74
3363;76
3364;83
3365;66
3366;62
3367;65
3368;56
3369;62
3370;69
3371;62
3372;62
3373;62
3374;53
3375;59
3376;73
3377;58
3378;68
3379;67
3380;72
3381;67
3382;57
3383;59
3384;67
3385;64
3386;64
3387;64
3388;68
3389;50
3390;56
3391;76
3392;68
3393;68
3394;60
3395;69
3396;52
3397;67
3398;71
3399;70
3400;66
3401;67
3402;73
3403;66
3404;62
3405;56
3406;59
3407;75
3408;68
3409;77
3410;37
3411;77
3412;64
3413;59
3414;73
3415;63
3416;78
3417;61
3418;67
3419;61
3420;69
3421;61
3422;66
3423;78
3424;68
3425;64
3426;67
3427;51
3428;74
3429;63
3430;78
3431;61
3432;63
3433;62
3434;73
3435;73
3436;73
3437;69
3438;57
3439;78
3440;65
3441;62
3442;66
3443;73
3444;60
3445;67
3446;52
3447;66
3448;73
3449;71
3450;65
3451;69
3452;62
3453;71
3454;77
3455;73
3456;65
3457;75
3458;67
3459;48
3460;73
3461;68
3462;84
3463;59
3464;59
3465;78
3466;65
3467;63
3468;58
3469;72
3470;62
3471;62
3472;65
3473;74
3474;72
3475;61
3476;76
3477;64
3478;52
3479;66
3480;64
3481;69
3482;68
3483;66
3484;67
3485;74
3486;54
3487;68
3488;80
3489;60
3490;51
3491;61
3492;73
3493;62
3494;82
3495;64
3496;63
3497;68
3498;65
3499;68
3500;63
3501;55
3502;65
3503;45
3504;63
3505;74
3506;55
3507;82
3508;61
3509;58
3510;57
3511;66
3512;74
3513;68
3514;70
3515;48
3516;65
3517;57
3518;76
3519;75
3520;64
3521;75
3522;49
3523;76
3524;84
3525;70
3526;66
3527;72
3528;69
3529;70
3530;79
3531;64
3532;75
3533;70
3534;58
3535;61
3536;75
3537;52
3538;66
3539;77
3540;65
3541;65
3542;49
3543;69
3544;76
3545;66
3546;63
3547;66
3548;75
3549;63
3550;66
3551;52
3552;79
3553;63
3554;64
3555;66
3556;73
3557;72
3558;66
3559;64
3560;82
3561;61
3562;72
3563;68
3564;62
3565;59
3566;75
3567;69
3568;57
3569;64
3570;67
3571;63
3572;64
3573;55
3574;70
3575;53
3576;59
3577;55
3578;57
3579;63
3580;59
3581;70
3582;75
3583;79
3584;80
3585;68
3586;70
3587;57
3588;84
3589;69
3590;61
3591;74
3592;69
3593;60
3594;63
3595;73
3596;89
3597;66
3598;73
3599;74
3600;73
3601;62
3602;79
3603;84
3604;54
3605;69
3606;47
3607;62
3608;78
3609;62
3610;55
3611;81
3612;55
3613;58
3614;65
3615;67
3616;55
3617;63
3618;61
3619;67
3620;71
3621;64
3622;54
3623;69
3624;72
3625;72
3626;69
3627;69
3628;65
3629;82
3630;57
3631;75
3632;69
3633;69
3634;68
3635;80
3636;56
3637;77
3638;57
3639;81
3640;55
3641;75
3642;65
3643;72
3644;76
3645;76
3646;68
3647;81
3648;68
3649;78
3650;68
3651;71
3652;64
3653;74
3654;97
3655;85
3656;69
3657;74
3658;68
3659;57
3660;65
3661;59
3662;65
3663;70
3664;57
3665;64
3666;57
3667;58
3668;74
3669;91
3670;77
3671;68
3672;68
3673;83
3674;73
3675;52
3676;73
3677;59
3678;62
3679;65
3680;59
3681;72
3682;68
3683;61
3684;71
3685;67
3686;66
3687;80
3688;66
3689;72
3690;69
3691;73
3692;56
3693;63
3694;67
3695;70
3696;57
3697;64
3698;74
3699;75
3700;56
3701;56
3702;68
3703;70
3704;67
3705;66
3706;58
3707;60
3708;75
3709;51
3710;82
3711;61
3712;69
3713;55
3714;68
3715;74
3716;74
3717;72
3718;77
3719;60
3720;65
3721;49
3722;60
3723;75
3724;86
3725;72
3726;69
3727;76
3728;69
3729;66
3730;66
3731;70
3732;76
3733;59
3734;89
3735;70
3736;69
3737;76
3738;75
3739;54
3740;70
3741;73
3742;59
3743;66
3744;70
3745;56
3746;53
3747;78
3748;72
3749;61
3750;67
3751;61
3752;74
3753;52
3754;71
3755;62
3756;92
3757;63
3758;48
3759;61
3760;63
3761;63
3762;68
3763;70
3764;57
3765;69
3766;64
3767;66
3768;73
3769;65
3770;72
3771;88
3772;74
3773;69
3774;72
3775;71
3776;72
3777;63
3778;70
3779;70
3780;54
3781;67
3782;69
3783;57
3784;69
3785;66
3786;68
3787;61
3788;69
3789;57
3790;66
3791;58
3792;56
3793;73
3794;70
3795;66
3796;66
3797;59
3798;66
3799;59
3800;66
3801;66
3802;69
3803;70
3804;59
3805;69
3806;64
3807;61
3808;80
3809;68
3810;79
3811;73
3812;74
3813;51
3814;52
3815;86
3816;73
3817;81
3818;70
3819;70
3820;66
3821;71
3822;81
3823;74
3824;82
3825;66
3826;68
3827;63
3828;75
3829;71
3830;89
3831;69
3832;72
3833;70
3834;60
3835;80
3836;67
3837;71
3838;53
3839;54
3840;81
3841;72
3842;77
3843;51
3844;70
3845;76
3846;68
3847;71
3848;59
3849;60
3850;62
3851;82
3852;65
3853;86
3854;64
3855;69
3856;56
3857;65
3858;65
3859;75
3860;67
3861;65
3862;65
3863;76
3864;73
3865;82
3866;66
3867;75
3868;61
3869;59
3870;74
3871;82
3872;69
3873;83
3874;88
3875;62
3876;66
3877;64
3878;74
3879;64
3880;70
3881;83
3882;66
3883;74
3884;74
3885;69
3886;78
3887;56
3888;61
3889;62
3890;69
3891;53
3892;79
3893;74
3894;68
3895;47
3896;73
3897;57
3898;64
3899;67
3900;55
3901;70
3902;79
3903;67
3904;83
3905;70
3906;69
3907;72
3908;74
3909;53
3910;76
3911;64
3912;72
3913;82
3914;59
3915;79
3916;79
3917;88
3918;88
3919;63
3920;60
3921;70
3922;65
3923;72
3924;60
3925;45
3926;82
3927;73
3928;68
3929;69
3930;62
3931;68
3932;70
3933;68
3934;74
3935;70
3936;78
3937;60
3938;59
3939;69
3940;70
3941;81
3942;74
3943;61
3944;74
3945;70
3946;75
3947;69
3948;68
3949;73
3950;84
3951;66
3952;70
3953;88
3954;74
3955;65
3956;88
3957;76
3958;77
3959;73
3960;67
3961;73
3962;79
3963;70
3964;90
3965;55
3966;65
3967;68
3968;68
3969;81
3970;69
3971;59
3972;63
3973;56
3974;79
3975;74
3976;70
3977;68
3978;63
3979;67
3980;65
3981;70
3982;66
3983;66
3984;57
3985;58
3986;74
3987;74
3988;83
3989;69
3990;80
3991;73
3992;65
3993;66
3994;78
3995;73
3996;61
3997;59
3998;65
3999;62
4000;60
4001;76
4002;58
4003;82
4004;79
4005;74
4006;61
4007;70
4008;75
4009;64
4010;66
4011;71
4012;74
4013;65
4014;80
4015;69
4016;71
4017;70
4018;75
4019;55
4020;68
4021;69
4022;75
4023;64
4024;71
4025;71
4026;67
4027;64
4028;65
4029;74
4030;57
4031;55
4032;75
4033;65
4034;59
4035;63
4036;84
4037;73
4038;81
4039;73
4040;62
4041;77
4042;85
4043;77
4044;70
4045;80
4046;78
4047;73
4048;60
4049;77
4050;55
4051;70
4052;65
4053;78
4054;75
4055;86
4056;77
4057;48
4058;75
4059;76
4060;77
4061;75
4062;66
4063;73
4064;91
4065;65
4066;76
4067;71
4068;80
4069;51
4070;64
4071;61
4072;75
4073;78
4074;73
4075;61
4076;82
4077;77
4078;59
4079;67
4080;59
4081;74
4082;61
4083;69
4084;77
4085;68
4086;61
4087;67
4088;78
4089;72
4090;72
4091;78
4092;70
4093;78
4094;73
4095;75
4096;76
4097;81
4098;63
4099;65
4100;74
4101;69
4102;78
4103;64
4104;84
4105;67
4106;56
4107;58
4108;72
4109;63
4110;78
4111;72
4112;53
4113;59
4114;59
4115;82
4116;67
4117;84
4118;68
4119;76
4120;73
4121;67
4122;74
4123;73
4124;62
4125;57
4126;84
4127;58
4128;68
4129;75
4130;56
4131;70
4132;73
4133;92
4134;77
4135;67
4136;76
4137;77
4138;70
4139;75
4140;71
4141;80
4142;72
4143;57
4144;74
4145;91
4146;81
4147;66
4148;76
4149;68
4150;68
4151;62
4152;79
4153;77
4154;78
4155;82
4156;81
4157;75
4158;75
4159;82
4160;65
4161;68
4162;65
4163;76
4164;66
4165;74
4166;77
4167;77
4168;74
4169;82
4170;69
4171;66
4172;78
4173;54
4174;80
4175;82
4176;71
4177;71
4178;81
4179;85
4180;73
4181;69
4182;76
4183;80
4184;86
4185;79
4186;70
4187;72
4188;74
4189;68
4190;60
4191;85
4192;79
4193;67
4194;79
4195;78
4196;56
4197;87
4198;81
4199;71
4200;90
4201;75
4202;81
4203;76
4204;80
4205;81
4206;72
4207;72
4208;70
4209;67
4210;57
4211;77
4212;82
4213;91
4214;76
4215;61
4216;63
4217;87
4218;84
4219;79
4220;63
4221;75
4222;84
4223;86
4224;66
4225;78
4226;81
4227;70
4228;68
4229;65
4230;75
4231;71
4232;71
4233;85
4234;84
4235;69
4236;67
4237;80
4238;71
4239;71
4240;74
4241;73
4242;69
4243;80
4244;63
4245;73
4246;64
4247;62
4248;67
4249;77
4250;71
4251;82
4252;64
4253;68
4254;80
4255;75
4256;58
4257;73
4258;103
4259;60
4260;66
4261;80
4262;83
4263;61
4264;97
4265;65
4266;80
4267;72
4268;87
4269;61
4270;78
4271;69
4272;81
4273;70
4274;70
4275;73
4276;68
4277;78
4278;67
4279;76
4280;62
4281;73
4282;73
4283;80
4284;66
4285;78
4286;73
4287;61
4288;70
4289;79
4290;75
4291;63
4292;74
4293;90
4294;68
4295;81
4296;67
4297;86
4298;77
4299;62
4300;67
4301;78
4302;61
4303;75
4304;71
4305;82
4306;59
4307;75
4308;71
4309;79
4310;69
4311;87
4312;79
4313;66
4314;66
4315;60
4316;59
4317;84
4318;67
4319;75
4320;81
4321;80
4322;77
4323;72
4324;90
4325;73
4326;72
4327;70
4328;71
4329;72
4330;74
4331;81
4332;81
4333;83
4334;69
4335;64
4336;68
4337;89
4338;83
4339;78
4340;75
4341;70
4342;66
4343;79
4344;83
4345;75
4346;67
4347;72
4348;76
4349;82
4350;83
4351;96
4352;62
4353;81
4354;86
4355;67
4356;82
4357;75
4358;96
4359;75
4360;73
4361;76
4362;80
4363;65
4364;59
4365;69
4366;78
4367;79
4368;91
4369;86
4370;60
4371;80
4372;72
4373;63
4374;96
4375;73
4376;83
4377;66
4378;55
4379;78
4380;80
4381;70
4382;84
4383;75
4384;88
4385;81
4386;73
4387;88
4388;90
4389;101
4390;69
4391;74
4392;92
4393;89
4394;88
4395;71
4396;76
4397;73
4398;78
4399;76
4400;78
4401;74
4402;87
4403;81
4404;79
4405;90
4406;76
4407;73
4408;78
4409;71
4410;82
4411;79
4412;65
4413;83
4414;80
4415;69
4416;89
4417;68
4418;81
4419;86
4420;79
4421;70
4422;73
4423;69
4424;77
4425;87
4426;83
4427;83
4428;80
4429;81
4430;70
4431;80
4432;65
4433;77
4434;77
4435;78
4436;64
4437;80
4438;74
4439;89
4440;75
4441;90
4442;86
4443;76
4444;77
4445;77
4446;71
4447;85
4448;77
4449;82
4450;64
4451;77
4452;75
4453;81
4454;81
4455;88
4456;60
4457;68
4458;68
4459;81
4460;74
4461;82
4462;81
4463;72
4464;87
4465;82
4466;68
4467;85
4468;81
4469;66
4470;73
4471;76
4472;80
4473;86
4474;68
4475;85
4476;86
4477;84
4478;78
4479;80
4480;73
4481;75
4482;89
4483;77
4484;78
4485;87
4486;79
4487;70
4488;76
4489;77
4490;89
4491;66
4492;87
4493;71
4494;80
4495;74
4496;79
4497;81
4498;76
4499;78
4500;85
4501;68
4502;79
4503;72
4504;69
4505;88
4506;75
4507;71
4508;83
4509;86
4510;77
4511;62
4512;75
4513;82
4514;84
4515;85
4516;97
4517;72
4518;65
4519;85
4520;87
4521;64
4522;68
4523;73
4524;70
4525;77
4526;87
4527;88
4528;75
4529;79
4530;77
4531;88
4532;81
4533;69
4534;92
4535;75
4536;92
4537;70
4538;73
4539;87
4540;68
4541;77
4542;82
4543;74
4544;70
4545;85
4546;72
4547;90
4548;68
4549;66
4550;75
4551;90
4552;72
4553;88
4554;54
4555;81
4556;80
4557;73
4558;83
4559;83
4560;86
4561;81
4562;80
4563;85
4564;86
4565;94
4566;75
4567;72
4568;68
4569;78
4570;74
4571;77
4572;81
4573;69
4574;76
4575;79
4576;78
4577;71
4578;85
4579;101
4580;95
4581;82
4582;81
4583;64
4584;82
4585;75
4586;70
4587;84
4588;77
4589;88
4590;74
4591;83
4592;63
4593;72
4594;91
4595;73
4596;86
4597;85
4598;66
4599;88
4600;78
4601;78
4602;75
4603;59
4604;77
4605;75
4606;79
4607;65
4608;67
4609;95
4610;67
4611;69
4612;90
4613;68
4614;66
4615;85
4616;71
4617;79
4618;80
4619;72
4620;61
4621;71
4622;73
4623;64
4624;89
4625;82
4626;76
4627;63
4628;71
4629;76
4630;83
4631;77
4632;85
4633;72
4634;71
4635;65
4636;87
4637;91
4638;71
4639;78
4640;87
4641;63
4642;76
4643;77
4644;78
4645;74
4646;62
4647;80
4648;86
4649;69
4650;91
4651;65
4652;81
4653;69
4654;67
4655;80
4656;82
4657;94
4658;75
4659;64
4660;77
4661;67
4662;81
4663;70
4664;86
4665;74
4666;72
4667;71
4668;68
4669;61
4670;66
4671;71
4672;73
4673;74
4674;68
4675;77
4676;64
4677;59
4678;81
4679;60
4680;91
4681;61
4682;85
4683;65
4684;74
4685;65
4686;72
4687;75
4688;75
4689;59
4690;74
4691;78
4692;82
4693;58
4694;55
4695;75
4696;71
4697;70
4698;73
4699;73
4700;87
4701;74
4702;70
4703;77
4704;57
4705;84
4706;73
4707;69
4708;80
4709;79
4710;63
4711;67
4712;65
4713;71
4714;74
4715;63
4716;78
4717;69
4718;81
4719;60
4720;72
4721;68
4722;73
4723;66
4724;61
4725;74
4726;72
4727;62
4728;64
4729;71
4730;72
4731;64
4732;66
4733;81
4734;66
4735;59
4736;70
4737;67
4738;58
4739;90
4740;75
4741;75
4742;61
4743;76
4744;49
4745;63
4746;75
4747;69
4748;63
4749;59
4750;65
4751;68
4752;64
4753;77
4754;70
4755;80
4756;67
4757;60
4758;52
4759;61
4760;64
4761;68
4762;61
4763;78
4764;54
4765;58
4766;61
4767;63
4768;72
4769;57
4770;80
4771;58
4772;58
4773;66
4774;78
4775;61
4776;66
4777;71
4778;60
4779;72
4780;71
4781;56
4782;78
4783;48
4784;64
4785;69
4786;71
4787;67
4788;67
4789;67
4790;73
4791;63
4792;67
4793;64
4794;74
4795;53
4796;65
4797;52
4798;79
4799;75
4800;54
4801;66
4802;69
4803;55
4804;57
4805;57
4806;58
4807;79
4808;70
4809;70
4810;64
4811;56
4812;61
4813;67
4814;63
4815;60
4816;63
4817;56
4818;65
4819;69
4820;63
4821;61
4822;60
4823;56
4824;70
4825;57
4826;56
4827;73
4828;58
4829;73
4830;83
4831;63
4832;50
4833;82
4834;57
4835;74
4836;46
4837;50
4838;77
4839;72
4840;53
4841;68
4842;51
4843;56
4844;68
4845;67
4846;54
4847;50
4848;64
4849;56
4850;54
4851;61
4852;72
4853;63
4854;57
4855;79
4856;65
4857;61
4858;55
4859;65
4860;52
4861;69
4862;56
4863;61
4864;72
4865;52
4866;71
4867;57
4868;49
4869;52
4870;65
4871;61
4872;64
4873;60
4874;57
4875;52
4876;60
4877;68
4878;55
4879;60
4880;61
4881;64
4882;54
4883;49
4884;67
4885;69
4886;49
4887;58
4888;44
4889;76
4890;73
4891;51
4892;51
4893;64
4894;62
4895;66
4896;58
4897;72
4898;62
4899;68
4900;41
4901;63
4902;56
4903;49
4904;53
4905;62
4906;57
4907;68
4908;54
4909;54
4910;57
4911;51
4912;47
4913;52
4914;51
4915;62
4916;55
4917;65
4918;47
4919;52
4920;53
4921;57
4922;57
4923;55
4924;63
4925;59
4926;56
4927;57
4928;69
4929;52
4930;58
4931;61
4932;61
4933;58
4934;63
4935;46
4936;47
4937;52
4938;49
4939;67
4940;50
4941;54
4942;69
4943;69
4944;59
4945;59
4946;58
4947;51
4948;52
4949;64
4950;63
4951;50
4952;62
4953;71
4954;53
4955;56
4956;55
4957;53
4958;44
4959;55
4960;70
4961;52
4962;48
4963;50
4964;56
4965;48
4966;51
4967;61
4968;67
4969;52
4970;48
4971;52
4972;55
4973;40
4974;64
4975;55
4976;40
4977;53
4978;59
4979;68
4980;56
4981;56
4982;57
4983;49
4984;51
4985;64
4986;49
4987;63
4988;52
4989;37
4990;63
4991;52
4992;52
4993;51
4994;67
4995;44
4996;46
4997;49
4998;54
4999;60
5000;51
5001;46
5002;39
5003;46
5004;43
5005;55
5006;52
5007;55
5008;50
5009;52
5010;52
5011;55
5012;61
5013;50
5014;39
5015;53
5016;58
5017;65
5018;60
5019;49
5020;50
5021;52
5022;58
5023;52
5024;50
5025;48
5026;69
5027;54
5028;49
5029;49
5030;63
5031;54
5032;46
5033;48
5034;53
5035;53
5036;50
5037;47
5038;44
5039;47
5040;55
5041;53
5042;54
5043;53
5044;55
5045;62
5046;50
5047;51
5048;55
5049;59
5050;42
5051;62
5052;56
5053;50
5054;49
5055;55
5056;63
5057;56
5058;54
5059;47
5060;59
5061;42
5062;40
5063;53
5064;61
5065;46
5066;59
5067;47
5068;73
5069;61
5070;52
5071;50
5072;57
5073;54
5074;51
5075;61
5076;43
5077;53
5078;57
5079;47
5080;53
5081;49
5082;47
5083;46
5084;48
5085;45
5086;55
5087;51
5088;47
5089;49
5090;38
5091;41
5092;44
5093;41
5094;48
5095;49
5096;41
5097;57
5098;48
5099;56
5100;39
5101;54
5102;43
5103;48
5104;55
5105;53
5106;50
5107;50
5108;50
5109;55
5110;59
5111;54
5112;70
5113;54
5114;36
5115;55
5116;41
5117;53
5118;57
5119;44
5120;59
5121;55
5122;45
5123;47
5124;51
5125;52
5126;59
5127;55
5128;51
5129;53
5130;46
5131;63
5132;55
5133;43
5134;46
5135;49
5136;51
5137;58
5138;41
5139;54
5140;59
5141;58
5142;58
5143;54
5144;54
5145;41
5146;47
5147;42
5148;55
5149;53
5150;37
5151;47
5152;47
5153;44
5154;55
5155;49
5156;57
5157;61
5158;56
5159;58
5160;47
5161;54
5162;45
5163;51
5164;61
5165;50
5166;42
5167;46
5168;69
5169;48
5170;61
5171;63
5172;52
5173;64
5174;52
5175;47
5176;60
5177;47
5178;56
5179;53
5180;66
5181;61
5182;46
5183;59
5184;51
5185;56
5186;49
5187;46
5188;53
5189;48
5190;57
5191;49
5192;58
5193;50
5194;51
5195;44
5196;46
5197;52
5198;39
5199;59
5200;46
5201;51
5202;44
5203;50
5204;36
5205;47
5206;54
5207;61
5208;45
5209;56
5210;45
5211;36
5212;45
5213;41
5214;51
5215;50
5216;47
5217;66
5218;53
5219;43
5220;40
5221;50
5222;50
5223;47
5224;50
5225;49
5226;63
5227;46
5228;56
5229;65
5230;51
5231;44
5232;51
5233;42
5234;44
5235;45
5236;48
5237;49
5238;49
5239;57
5240;55
5241;48
5242;54
5243;52
5244;59
5245;52
5246;50
5247;40
5248;47
5249;54
5250;42
5251;50
5252;45
5253;48
5254;61
5255;46
5256;47
5257;49
5258;47
5259;39
5260;40
5261;55
5262;45
5263;43
5264;50
5265;59
5266;57
5267;50
5268;54
5269;44
5270;51
5271;31
5272;54
5273;47
5274;43
5275;53
5276;54
5277;46
5278;40
5279;36
5280;54
5281;54
5282;46
5283;50
5284;54
5285;51
5286;59
5287;38
5288;38
5289;40
5290;47
5291;41
5292;62
5293;46
5294;49
5295;49
5296;49
5297;42
5298;59
5299;48
5300;51
5301;39
5302;44
5303;49
5304;48
5305;45
5306;41
5307;38
5308;49
5309;50
5310;47
5311;36
5312;46
5313;45
5314;40
5315;54
5316;49
5317;48
5318;46
5319;43
5320;54
5321;51
5322;49
5323;47
5324;52
5325;57
5326;48
5327;50
5328;45
5329;42
5330;59
5331;51
5332;38
5333;56
5334;42
5335;50
5336;39
5337;45
5338;49
5339;49
5340;43
5341;55
5342;48
5343;50
5344;41
5345;41
5346;57
5347;51
5348;54
5349;47
5350;39
5351;58
5352;52
5353;48
5354;43
5355;57
5356;50
5357;48
5358;49
5359;55
5360;42
5361;47
5362;57
5363;54
5364;50
5365;59
5366;54
5367;56
5368;39
5369;52
5370;34
5371;42
5372;38
5373;58
5374;56
5375;43
5376;44
5377;52
5378;48
5379;45
5380;53
5381;44
5382;42
5383;49
5384;50
5385;47
5386;48
5387;57
5388;53
5389;49
5390;44
5391;49
5392;46
5393;41
5394;41
5395;57
5396;42
5397;49
5398;49
5399;42
5400;43
5401;34
5402;40
5403;41
5404;54
5405;46
5406;58
5407;39
5408;38
5409;51
5410;55
5411;42
5412;52
5413;47
5414;47
5415;46
5416;59
5417;37
5418;44
5419;36
5420;45
5421;46
5422;45
5423;53
5424;48
5425;45
5426;33
5427;33
5428;58
5429;55
5430;48
5431;30
5432;44
5433;40
5434;50
5435;48
5436;51
5437;37
5438;43
5439;41
5440;38
5441;64
5442;38
5443;43
5444;46
5445;31
5446;43
5447;47
5448;29
5449;47
5450;61
5451;39
5452;49
5453;44
5454;53
5455;57
5456;44
5457;38
5458;39
5459;38
5460;50
5461;43
5462;43
5463;41
5464;46
5465;43
5466;33
5467;47
5468;35
5469;55
5470;41
5471;47
5472;35
5473;49
5474;34
5475;38
5476;41
5477;35
5478;49
5479;39
5480;41
5481;35
5482;45
5483;38
5484;32
5485;40
5486;43
5487;32
5488;35
5489;34
5490;35
5491;44
5492;33
5493;33
5494;37
5495;32
5496;39
5497;49
5498;37
5499;40
5500;44
5501;40
5502;51
5503;54
5504;38
5505;49
5506;44
5507;48
5508;37
5509;37
5510;36
5511;30
5512;38
5513;33
5514;27
5515;50
5516;31
5517;43
5518;47
5519;39
5520;37
5521;36
5522;54
5523;43
5524;50
5525;31
5526;32
5527;49
5528;51
5529;54
5530;36
5531;39
5532;38
5533;37
5534;40
5535;34
5536;36
5537;50
5538;34
5539;44
5540;46
5541;24
5542;43
5543;54
5544;51
5545;33
5546;33
5547;38
5548;36
5549;38
5550;44
5551;40
5552;39
5553;47
5554;31
5555;32
5556;44
5557;37
5558;34
5559;46
5560;48
5561;26
5562;36
5563;35
5564;33
5565;42
5566;40
5567;41
5568;55
5569;36
5570;37
5571;47
5572;43
5573;26
5574;36
5575;27
5576;41
5577;29
5578;37
5579;45
5580;24
5581;39
5582;47
5583;37
5584;39
5585;32
5586;44
5587;35
5588;33
5589;32
5590;34
5591;40
5592;37
5593;43
5594;52
5595;35
5596;33
5597;38
5598;39
5599;38
5600;37
5601;44
5602;41
5603;53
5604;50
5605;39
5606;43
5607;46
5608;43
5609;41
5610;39
5611;29
5612;37
5613;43
5614;38
5615;48
5616;33
5617;38
5618;33
5619;44
5620;43
5621;37
5622;35
5623;45
5624;35
5625;48
5626;32
5627;51
5628;43
5629;54
5630;49
5631;40
5632;48
5633;51
5634;62
5635;39
5636;55
5637;49
5638;39
5639;43
5640;65
5641;39
5642;34
5643;43
5644;37
5645;51
5646;56
5647;42
5648;31
5649;51
5650;67
5651;47
5652;46
5653;57
5654;47
5655;38
5656;40
5657;42
5658;36
5659;50
5660;41
5661;45
5662;56
5663;41
5664;51
5665;50
5666;43
5667;46
5668;38
5669;45
5670;58
5671;53
5672;44
5673;51
5674;54
5675;49
5676;43
5677;43
5678;44
5679;44
5680;56
5681;51
5682;49
5683;50
5684;52
5685;62
5686;52
5687;57
5688;45
5689;54
5690;59
5691;62
5692;47
5693;58
5694;56
5695;57
5696;46
5697;59
5698;63
5699;58
5700;55
5701;76
5702;46
5703;59
5704;71
5705;50
5706;75
5707;50
5708;68
5709;60
5710;61
5711;56
5712;62
5713;78
5714;62
5715;58
5716;56
5717;50
5718;78
5719;60
5720;71
5721;49
5722;90
5723;59
5724;81
5725;69
5726;75
5727;57
5728;85
5729;66
5730;59
5731;54
5732;61
5733;75
5734;74
5735;63
5736;64
5737;79
5738;82
5739;91
5740;54
5741;68
5742;80
5743;65
5744;53
5745;69
5746;70
5747;75
5748;67
5749;85
5750;77
5751;66
5752;79
5753;69
5754;80
5755;68
5756;67
5757;72
5758;79
5759;63
5760;95
5761;80
5762;71
5763;91
5764;87
5765;80
5766;82
5767;81
5768;75
5769;92
5770;94
5771;85
5772;80
5773;79
5774;89
5775;92
5776;77
5777;91
5778;83
5779;82
5780;96
5781;98
5782;100
5783;90
5784;92
5785;95
5786;90
5787;94
5788;103
5789;93
5790;107
5791;87
5792;101
5793;86
5794;91
5795;103
5796;105
5797;84
5798;86
5799;98
5800;109
5801;90
5802;72
5803;79
5804;96
5805;97
5806;110
5807;101
5808;115
5809;106
5810;110
5811;121
5812;97
5813;117
5814;105
5815;94
5816;106
5817;102
5818;104
5819;99
5820;106
5821;104
5822;112
5823;108
5824;105
5825;109
5826;128
5827;112
5828;95
5829;102
5830;100
5831;127
5832;122
5833;105
5834;101
5835;134
5836;114
5837;116
5838;126
5839;111
5840;124
5841;122
5842;120
5843;120
5844;117
5845;116
5846;115
5847;128
5848;125
5849;121
5850;116
5851;118
5852;131
5853;129
5854;122
5855;142
5856;117
5857;117
5858;140
5859;135
5860;110
5861;111
5862;113
5863;135
5864;109
5865;134
5866;135
5867;130
5868;122
5869;122
5870;130
5871;141
5872;142
5873;150
5874;140
5875;153
5876;143
5877;120
5878;139
5879;146
5880;133
5881;153
5882;138
5883;154
5884;130
5885;127
5886;144
5887;140
5888;142
5889;134
5890;142
5891;152
5892;159
5893;161
5894;133
5895;145
5896;143
5897;156
5898;120
5899;143
5900;148
5901;155
5902;153
5903;164
5904;151
5905;140
5906;138
5907;153
5908;128
5909;156
5910;152
5911;158
5912;149
5913;170
5914;142
5915;162
5916;136
5917;156
5918;143
5919;150
5920;136
5921;143
5922;153
5923;142
5924;171
5925;150
5926;138
5927;136
5928;144
5929;153
5930;137
5931;143
5932;140
5933;154
5934;162
5935;148
5936;126
5937;142
5938;130
5939;173
5940;155
5941;169
5942;152
5943;140
5944;156
5945;171
5946;172
5947;160
5948;147
5949;143
5950;149
5951;158
5952;151
5953;168
5954;154
5955;156
5956;149
5957;151
5958;158
5959;159
5960;146
5961;137
5962;135
5963;167
5964;145
5965;160
5966;168
5967;166
5968;151
5969;157
5970;144
5971;173
5972;168
5973;130
5974;151
5975;130
5976;131
5977;148
5978;160
5979;170
5980;142
5981;163
5982;130
5983;136
5984;157
5985;143
5986;163
5987;132
5988;175
5989;141
5990;173
5991;144
5992;145
5993;155
5994;154
5995;143
5996;142
5997;140
5998;166
5999;143
6000;136
6001;122
6002;132
6003;151
6004;129
6005;156
6006;128
6007;132
6008;148
6009;138
6010;157
6011;157
6012;145
6013;131
6014;137
6015;144
6016;146
6017;149
6018;136
6019;108
6020;140
6021;148
6022;140
6023;121
6024;149
6025;149
6026;140
6027;139
6028;124
6029;136
6030;130
6031;134
6032;119
6033;143
6034;127
6035;130
6036;114
6037;138
6038;135
6039;112
6040;119
6041;140
6042;142
6043;110
6044;116
6045;136
6046;100
6047;128
6048;126
6049;121
6050;124
6051;121
6052;96
6053;98
6054;130
6055;143
6056;108
6057;108
6058;108
6059;114
6060;106
6061;116
6062;118
6063;113
6064;110
6065;132
6066;117
6067;101
6068;116
6069;108
6070;107
6071;101
6072;117
6073;101
6074;112
6075;110
6076;106
6077;99
6078;85
6079;103
6080;106
6081;82
6082;120
6083;111
6084;84
6085;88
6086;93
6087;89
6088;105
6089;83
6090;103
6091;92
6092;108
6093;81
6094;95
6095;108
6096;92
6097;86
6098;97
6099;87
6100;74
6101;87
6102;86
6103;106
6104;84
6105;93
6106;88
6107;91
6108;83
6109;95
6110;90
6111;92
6112;83
6113;86
6114;70
6115;87
6116;99
6117;81
6118;70
6119;84
6120;76
6121;76
6122;79
6123;69
6124;72
6125;68
6126;68
6127;64
6128;52
6129;87
6130;76
6131;74
6132;85
6133;75
6134;80
6135;67
6136;74
6137;60
6138;58
6139;70
6140;72
6141;66
6142;63
6143;71
6144;63
6145;62
6146;51
6147;71
6148;49
6149;68
6150;61
6151;63
6152;63
6153;65
6154;55
6155;59
6156;70
6157;51
6158;53
6159;51
6160;56
6161;51
6162;50
6163;52
6164;51
6165;61
6166;50
6167;46
6168;47
6169;60
6170;55
6171;48
6172;48
6173;49
6174;49
6175;57
6176;51
6177;53
6178;57
6179;50
6180;39
6181;44
6182;46
6183;31
6184;34
6185;36
6186;43
6187;33
6188;36
6189;40
6190;36
6191;49
6192;36
6193;36
6194;37
6195;35
6196;39
6197;29
6198;37
6199;40
6200;55
6201;32
6202;37
6203;41
6204;38
6205;30
6206;38
6207;38
6208;39
6209;38
6210;37
6211;42
6212;44
6213;29
6214;25
6215;47
6216;29
6217;33
6218;36
6219;37
6220;35
6221;40
6222;28
6223;29
6224;23
6225;25
6226;35
6227;22
6228;22
6229;29
6230;23
6231;31
6232;26
6233;24
6234;22
6235;27
6236;28
6237;18
6238;28
6239;31
6240;31
6241;26
6242;21
6243;24
6244;26
6245;18
6246;35
6247;24
6248;28
6249;22
6250;30
6251;24
6252;20
6253;29
6254;23
6255;15
6256;20
6257;13
6258;21
6259;19
6260;20
6261;15
6262;24
6263;34
6264;19
6265;24
6266;12
6267;26
6268;24
6269;20
6270;17
6271;24
6272;20
6273;19
6274;13
6275;22
6276;19
6277;17
6278;18
6279;14
6280;20
6281;21
6282;16
6283;21
6284;14
6285;22
6286;25
6287;16
6288;16
6289;20
6290;19
6291;16
6292;22
6293;15
6294;17
6295;22
6296;15
6297;12
6298;13
6299;17
6300;17
6301;22
6302;19
6303;19
6304;12
6305;24
6306;12
6307;23
6308;23
6309;15
6310;15
6311;18
6312;13
6313;11
6314;11
6315;11
6316;16
6317;22
6318;14
6319;29
6320;16
6321;9
6322;19
6323;27
6324;16
6325;17
6326;19
6327;28
6328;18
6329;11
6330;8
6331;27
6332;15
6333;21
6334;20
6335;17
6336;21
6337;21
6338;22
6339;24
6340;15
6341;23
6342;10
6343;15
6344;6
6345;16
6346;18
6347;20
6348;19
6349;14
6350;15
6351;14
6352;22
6353;16
6354;10
6355;20
6356;15
6357;8
6358;17
6359;16
6360;20
6361;21
6362;17
6363;17
6364;21
6365;23
6366;13
6367;18
6368;14
6369;19
6370;17
6371;21
6372;15
6373;14
6374;19
6375;21
6376;19
6377;17
6378;16
6379;29
6380;14
6381;22
6382;20
6383;22
6384;15
6385;20
6386;15
6387;18
6388;14
6389;23
6390;19
6391;15
6392;28
6393;20
6394;24
6395;11
6396;22
6397;24
6398;32
6399;19
6400;21
6401;19
6402;22
6403;28
6404;16
6405;16
6406;20
6407;24
6408;26
6409;26
6410;18
6411;31
6412;19
6413;19
6414;18
6415;30
6416;23
6417;17
6418;23
6419;18
6420;18
6421;21
6422;30
6423;19
6424;29
6425;23
6426;11
6427;29
6428;23
6429;26
6430;37
6431;26
6432;26
6433;21
6434;23
6435;24
6436;29
6437;30
6438;19
6439;24
6440;24
6441;29
6442;26
6443;33
6444;29
6445;34
6446;25
6447;30
6448;39
6449;35
6450;26
6451;32
6452;31
6453;29
6454;18
6455;36
6456;41
6457;36
6458;30
6459;26
6460;26
6461;30
6462;25
6463;25
6464;29
6465;28
6466;31
6467;26
6468;35
6469;32
6470;38
6471;32
6472;30
6473;22
6474;34
6475;33
6476;34
6477;37
6478;36
6479;34
6480;43
6481;32
6482;30
6483;41
6484;36
6485;42
6486;33
6487;41
6488;32
6489;36
6490;29
6491;37
6492;49
6493;44
6494;44
6495;43
6496;41
6497;44
6498;44
6499;39
6500;30
6501;34
6502;48
6503;44
6504;41
6505;48
6506;42
6507;41
6508;51
6509;40
6510;43
6511;50
6512;33
6513;53
6514;45
6515;51
6516;49
6517;59
6518;44
6519;54
6520;35
6521;43
6522;54
6523;46
6524;44
6525;50
6526;49
6527;51
6528;58
6529;41
6530;44
6531;37
6532;45
6533;43
6534;55
6535;53
6536;54
6537;54
6538;51
6539;62
6540;31
6541;52
6542;50
6543;57
6544;57
6545;63
6546;70
6547;45
6548;61
6549;56
6550;67
6551;67
6552;43
6553;52
6554;57
6555;57
6556;62
6557;70
6558;56
6559;59
6560;62
6561;71
6562;61
6563;63
6564;77
6565;72
6566;59
6567;58
6568;71
6569;76
6570;69
6571;72
6572;70
6573;77
6574;58
6575;59
6576;59
6577;89
6578;65
6579;66
6580;61
6581;77
6582;65
6583;83
6584;64
6585;83
6586;67
6587;71
6588;69
6589;75
6590;83
6591;81
6592;76
6593;73
6594;86
6595;70
6596;68
6597;73
6598;69
6599;83
6600;92
6601;88
6602;85
6603;74
6604;83
6605;69
6606;79
6607;91
6608;69
6609;83
6610;83
6611;90
6612;103
6613;95
6614;91
6615;73
6616;95
6617;78
6618;108
6619;70
6620;94
6621;100
6622;96
6623;101
6624;85
6625;82
6626;85
6627;88
6628;104
6629;97
6630;83
6631;78
6632;92
6633;84
6634;109
6635;83
6636;89
6637;92
6638;86
6639;90
6640;89
6641;94
6642;92
6643;108
6644;99
6645;92
6646;92
6647;96
6648;98
6649;99
6650;105
6651;103
6652;99
6653;94
6654;104
6655;98
6656;111
6657;87
6658;80
6659;107
6660;96
6661;110
6662;97
6663;110
6664;97
6665;101
6666;109
6667;108
6668;102
6669;116
6670;100
6671;99
6672;113
6673;91
6674;109
6675;119
6676;105
6677;121
6678;112
6679;94
6680;111
6681;105
6682;107
6683;120
6684;114
6685;108
6686;106
6687;115
6688;96
6689;115
6690;123
6691;115
6692;100
6693;107
6694;120
6695;102
6696;97
6697;112
6698;96
6699;104
6700;114
6701;103
6702;118
6703;136
6704;125
6705;109
6706;110
6707;98
6708;91
6709;137
6710;96
6711;118
6712;117
6713;118
6714;118
6715;132
6716;108
6717;123
6718;112
6719;121
6720;142
6721;111
6722;110
6723;123
6724;104
6725;127
6726;102
6727;131
6728;117
6729;118
6730;107
6731;131
6732;99
6733;120
6734;117
6735;123
6736;123
6737;127
6738;135
6739;112
6740;130
6741;100
6742;114
6743;120
6744;104
6745;119
6746;117
6747;108
6748;107
6749;102
6750;130
6751;113
6752;115
6753;106
6754;114
6755;104
6756;115
6757;114
6758;109
6759;116
6760;101
6761;97
6762;117
6763;95
6764;103
6765;120
6766;118
6767;129
6768;135
6769;108
6770;97
6771;119
6772;116
6773;116
6774;93
6775;111
6776;102
6777;125
6778;135
6779;145
6780;104
6781;114
6782;134
6783;104
6784;97
6785;102
6786;121
6787;112
6788;124
6789;128
6790;102
6791;110
6792;123
6793;90
6794;91
6795;118
6796;135
6797;110
6798;84
6799;126
6800;99
6801;104
6802;122
6803;99
6804;111
6805;110
6806;132
6807;121
6808;104
6809;104
6810;97
6811;118
6812;105
6813;105
6814;123
6815;112
6816;87
6817;93
6818;114
6819;103
6820;120
6821;86
6822;98
6823;119
6824;98
6825;110
6826;129
6827;94
6828;101
6829;103
6830;103
6831;93
6832;80
6833;115
6834;105
6835;89
6836;101
6837;91
6838;95
6839;89
6840;102
6841;102
6842;103
6843;84
6844;97
6845;88
6846;78
6847;91
6848;97
6849;86
6850;80
6851;99
6852;102
6853;80
6854;93
6855;78
6856;99
6857;84
6858;88
6859;85
6860;99
6861;83
6862;100
6863;89
6864;81
6865;72
6866;81
6867;69
6868;82
6869;72
6870;86
6871;91
6872;78
6873;92
6874;91
6875;74
6876;78
6877;113
6878;73
6879;85
6880;88
6881;64
6882;77
6883;82
6884;86
6885;71
6886;89
6887;64
6888;86
6889;74
6890;61
6891;80
6892;82
6893;63
6894;66
6895;83
6896;68
6897;67
6898;63
6899;71
6900;69
6901;72
6902;67
6903;67
6904;81
6905;57
6906;53
6907;66
6908;77
6909;60
6910;61
6911;74
6912;64
6913;67
6914;62
6915;68
6916;62
6917;59
6918;68
6919;55
6920;73
6921;59
6922;55
6923;67
6924;57
6925;74
6926;60
6927;54
6928;64
6929;56
6930;69
6931;43
6932;64
6933;61
6934;45
6935;61
6936;68
6937;56
6938;53
6939;52
6940;45
6941;54
6942;58
6943;56
6944;45
6945;44
6946;46
6947;54
6948;55
6949;51
6950;65
6951;45
6952;45
6953;57
6954;43
6955;51
6956;39
6957;40
6958;38
6959;42
6960;35
6961;49
6962;42
6963;47
6964;47
6965;43
6966;42
6967;42
6968;41
6969;42
6970;41
6971;37
6972;27
6973;34
6974;30
6975;42
6976;41
6977;40
6978;38
6979;35
6980;35
6981;28
6982;38
6983;38
6984;27
6985;33
6986;29
6987;48
6988;21
6989;35
6990;32
6991;37
6992;42
6993;40
6994;37
6995;34
6996;32
6997;31
6998;22
6999;30
7000;23
7001;29
7002;29
7003;28
7004;20
7005;31
7006;23
7007;24
7008;32
7009;29
7010;33
7011;20
7012;24
7013;27
7014;25
7015;21
7016;21
7017;19
7018;27
7019;14
7020;32
7021;32
7022;20
7023;19
7024;23
7025;24
7026;21
7027;26
7028;22
7029;20
7030;20
7031;12
7032;11
7033;35
7034;13
7035;19
7036;24
7037;29
7038;17
7039;10
7040;22
7041;29
7042;15
7043;22
7044;18
7045;20
7046;9
7047;29
7048;20
7049;12
7050;16
7051;12
7052;14
7053;14
7054;13
7055;14
7056;20
7057;19
7058;10
7059;19
7060;17
7061;10
7062;12
7063;18
7064;11
7065;10
7066;12
7067;14
7068;13
7069;14
7070;17
7071;12
7072;14
7073;23
7074;13
7075;20
7076;13
7077;8
7078;13
7079;14
7080;12
7081;17
7082;11
7083;7
7084;4
7085;5
7086;9
7087;8
7088;11
7089;16
7090;8
7091;9
7092;12
7093;6
7094;10
7095;7
7096;12
7097;7
7098;9
7099;12
7100;8
7101;7
7102;11
7103;8
7104;5
7105;10
7106;3
7107;6
7108;8
7109;12
7110;9
7111;8
7112;7
7113;5
7114;10
7115;10
7116;3
7117;12
7118;6
7119;4
7120;15
7121;5
7122;5
7123;5
7124;10
7125;11
7126;6
7127;7
7128;7
7129;10
7130;7
7131;1
7132;5
7133;4
7134;4
7135;4
7136;12
7137;5
7138;8
7139;6
7140;12
7141;6
7142;4
7143;5
7144;4
7145;3
7146;11
7147;6
7148;8
7149;6
7150;7
7151;5
7152;5
7153;6
7154;3
7155;7
7156;4
7157;5
7158;5
7159;5
7160;3
7161;6
7162;1
7163;3
7164;3
7165;4
7166;4
7167;6
7168;2
7169;3
7170;7
7171;6
7172;3
7173;4
7174;9
7175;5
7176;5
7177;2
7178;2
7179;6
7180;5
7181;8
7182;1
7183;4
7184;4
7185;2
7186;5
7187;1
7188;2
7189;10
7190;1
7191;4
7192;5
7193;5
7194;4
7195;6
7196;5
7197;6
7198;8
7199;2
7200;5
7201;5
7202;5
7203;5
7204;1
7205;7
7206;4
7207;2
7208;2
7209;3
7210;3
7211;3
7212;3
7213;3
7214;1
7215;4
7216;0
7217;2
7218;4
7219;3
7220;2
7221;2
7222;4
7223;5
7224;0
7225;5
7226;3
7227;3
7228;4
7229;2
7230;3
7231;2
7232;1
7233;4
7234;3
7235;6
7236;8
7237;6
7238;4
7239;2
7240;3
7241;3
7242;2
7243;3
7244;2
7245;6
7246;2
7247;5
7248;3
7249;2
7250;4
7251;3
7252;3
7253;8
7254;2
7255;3
7256;2
7257;4
7258;3
7259;2
7260;2
7261;1
7262;2
7263;0
7264;3
7265;4
7266;8
7267;2
7268;2
7269;3
7270;7
7271;4
7272;2
7273;2
7274;3
7275;4
7276;3
7277;0
7278;5
7279;2
7280;3
7281;5
7282;4
7283;2
7284;6
7285;3
7286;0
7287;4
7288;3
7289;1
7290;3
7291;2
7292;5
7293;4
7294;5
7295;6
7296;5
7297;2
7298;1
7299;2
7300;1
7301;4
7302;4
7303;4
7304;3
7305;5
7306;5
7307;5
7308;6
7309;3
7310;2
7311;4
7312;4
7313;5
7314;4
7315;4
7316;4
7317;2
7318;1
7319;3
7320;6
7321;3
7322;3
7323;3
7324;3
7325;4
7326;4
7327;2
7328;1
7329;5
7330;6
7331;2
7332;3
7333;6
7334;1
7335;3
7336;5
7337;0
7338;4
7339;4
7340;2
7341;3
7342;0
7343;2
7344;5
7345;6
7346;2
7347;2
7348;2
7349;1
7350;2
7351;2
7352;1
7353;3
7354;5
7355;5
7356;5
7357;7
7358;1
7359;5
7360;2
7361;2
7362;3
7363;5
7364;1
7365;5
7366;4
7367;3
7368;4
7369;5
7370;4
7371;5
7372;2
7373;2
7374;5
7375;6
7376;1
7377;1
7378;5
7379;3
7380;4
7381;6
7382;2
7383;2
7384;3
7385;1
7386;1
7387;10
7388;3
7389;3
7390;2
7391;3
7392;2
7393;5
7394;5
7395;4
7396;4
7397;4
7398;5
7399;5
7400;5
7401;3
7402;5
7403;3
7404;2
7405;7
7406;3
7407;2
7408;3
7409;0
7410;2
7411;4
7412;1
7413;2
7414;1
7415;2
7416;4
7417;4
7418;4
7419;0
7420;2
7421;3
7422;6
7423;3
7424;3
7425;0
7426;4
7427;2
7428;3
7429;3
7430;2
7431;4
7432;6
7433;2
7434;3
7435;2
7436;5
7437;3
7438;1
7439;4
7440;5
7441;2
7442;3
7443;1
7444;1
7445;3
7446;0
7447;1
7448;2
7449;1
7450;2
7451;8
7452;4
7453;2
7454;0
7455;1
7456;5
7457;4
7458;3
7459;2
7460;2
7461;0
7462;6
7463;3
7464;2
7465;4
7466;1
7467;2
7468;4
7469;3
7470;1
7471;2
7472;5
7473;1
7474;3
7475;3
7476;1
7477;2
7478;3
7479;5
7480;3
7481;5
7482;4
7483;3
7484;1
7485;4
7486;2
7487;4
7488;2
7489;1
7490;0
7491;1
7492;1
7493;5
7494;5
7495;2
7496;1
7497;2
7498;2
7499;6
7500;0
7501;1
7502;1
7503;6
7504;3
7505;5
7506;1
7507;2
7508;3
7509;4
7510;4
7511;5
7512;0
7513;2
7514;2
7515;0
7516;2
7517;2
7518;1
7519;2
7520;5
7521;2
7522;3
7523;1
7524;3
7525;3
7526;1
7527;1
7528;4
7529;2
7530;3
7531;1
7532;3
7533;4
7534;1
7535;2
7536;3
7537;5
7538;2
7539;3
7540;4
7541;0
7542;2
7543;2
7544;0
7545;3
7546;2
7547;3
7548;3
7549;2
7550;4
7551;1
7552;2
7553;0
7554;0
7555;4
7556;5
7557;1
7558;2
7559;1
7560;0
7561;4
7562;3
7563;1
7564;2
7565;2
7566;1
7567;4
7568;0
7569;3
7570;5
7571;1
7572;1
7573;4
7574;1
7575;1
7576;2
7577;4
7578;3
7579;4
7580;1
7581;4
7582;3
7583;2
7584;1
7585;2
7586;4
7587;2
7588;3
7589;2
7590;1
7591;0
7592;3
7593;1
7594;1
7595;2
7596;1
7597;3
7598;1
7599;2
7600;0
7601;1
7602;2
7603;3
7604;1
7605;3
7606;0
7607;2
7608;2
7609;2
7610;3
7611;3
7612;1
7613;3
7614;1
7615;6
7616;0
7617;0
7618;3
7619;0
7620;0
7621;2
7622;3
7623;3
7624;2
7625;2
7626;3
7627;2
7628;3
7629;0
7630;3
7631;3
7632;2
7633;3
7634;1
7635;1
7636;0
7637;1
7638;1
7639;3
7640;3
7641;3
7642;0
7643;8
7644;1
7645;2
7646;2
7647;1
7648;3
7649;3
7650;1
7651;4
7652;2
7653;2
7654;1
7655;4
7656;2
7657;2
7658;1
7659;1
7660;2
7661;0
7662;2
7663;5
7664;4
7665;2
7666;0
7667;1
7668;1
7669;4
7670;4
7671;3
7672;0
7673;2
7674;3
7675;2
7676;1
7677;1
7678;0
7679;2
7680;0
7681;1
7682;4
7683;2
7684;3
7685;0
7686;1
7687;0
7688;2
7689;1
7690;1
7691;2
7692;3
7693;3
7694;4
7695;1
7696;0
7697;1
7698;1
7699;1
7700;2
7701;1
7702;2
7703;1
7704;3
7705;2
7706;2
7707;1
7708;0
7709;1
7710;0
7711;1
7712;3
7713;2
7714;1
7715;0
7716;2
7717;2
7718;1
7719;2
7720;1
7721;1
7722;3
7723;0
7724;1
7725;0
7726;0
7727;1
7728;1
7729;1
7730;1
7731;2
7732;2
7733;2
7734;1
7735;3
7736;2
7737;2
7738;3
7739;1
7740;0
7741;1
7742;4
7743;1
7744;0
7745;2
7746;3
7747;4
7748;3
7749;2
7750;1
7751;1
7752;0
7753;0
7754;1
7755;1
7756;2
7757;3
7758;0
7759;1
7760;1
7761;2
7762;2
7763;1
7764;1
7765;3
7766;3
7767;6
7768;1
7769;1
7770;0
7771;2
7772;2
7773;0
7774;3
7775;0
7776;1
7777;1
7778;2
7779;1
7780;1
7781;1
7782;2
7783;0
7784;2
7785;1
7786;4
7787;5
7788;0
7789;0
7790;2
7791;1
7792;1
7793;4
7794;1
7795;1
7796;1
7797;0
7798;1
7799;2
7800;1
7801;1
7802;2
7803;1
7804;1
7805;0
7806;2
7807;3
7808;0
7809;2
7810;0
7811;0
7812;2
7813;1
7814;2
7815;2
7816;2
7817;2
7818;0
7819;3
7820;1
7821;1
7822;1
7823;1
7824;1
7825;0
7826;0
7827;2
7828;0
7829;0
7830;1
7831;2
7832;1
7833;0
7834;0
7835;0
7836;1
7837;2
7838;1
7839;1
7840;1
7841;1
7842;0
7843;2
7844;0
7845;3
7846;3
7847;1
7848;3
7849;1
7850;1
7851;6
7852;1
7853;1
7854;3
7855;0
7856;2
7857;2
7858;0
7859;0
7860;0
7861;0
7862;3
7863;0
7864;4
7865;2
7866;1
7867;3
7868;2
7869;1
7870;1
7871;0
7872;2
7873;1
7874;1
7875;0
7876;1
7877;4
7878;2
7879;2
7880;2
7881;0
7882;0
7883;1
7884;5
7885;3
7886;6
7887;1
7888;1
7889;0
7890;1
7891;0
7892;1
7893;0
7894;1
7895;1
7896;1
7897;1
7898;3
7899;0
7900;0
7901;0
7902;1
7903;1
7904;1
7905;1
7906;1
7907;3
7908;3
7909;2
7910;1
7911;0
7912;3
7913;1
7914;4
7915;1
7916;3
7917;0
7918;2
7919;3
7920;2
7921;1
7922;1
7923;0
7924;0
7925;1
7926;1
7927;2
7928;2
7929;3
7930;0
7931;2
7932;1
7933;4
7934;2
7935;2
7936;2
7937;2
7938;3
7939;3
7940;1
7941;3
7942;1
7943;2
7944;1
7945;0
7946;1
7947;0
7948;0
7949;1
7950;0
7951;3
7952;3
7953;2
7954;1
7955;2
7956;2
7957;1
7958;1
7959;3
7960;1
7961;3
7962;0
7963;0
7964;2
7965;0
7966;1
7967;0
7968;2
7969;2
7970;1
7971;3
7972;1
7973;3
7974;2
7975;2
7976;2
7977;3
7978;1
7979;3
7980;2
7981;2
7982;3
7983;3
7984;1
7985;3
7986;0
7987;1
7988;4
7989;0
7990;1
7991;0
7992;1
7993;1
7994;2
7995;1
7996;0
7997;1
7998;3
7999;1
8000;1
8001;0
8002;2
8003;1
8004;2
8005;1
8006;0
8007;0
8008;0
8009;1
8010;0
8011;2
8012;3
8013;0
8014;1
8015;0
8016;1
8017;0
8018;1
8019;2
8020;2
8021;1
8022;1
8023;1
8024;1
8025;0
8026;0
8027;2
8028;0
8029;1
8030;1
8031;2
8032;0
8033;4
8034;2
8035;1
8036;1
8037;2
8038;0
8039;0
8040;2
8041;1
8042;2
8043;0
8044;1
8045;2
8046;2
8047;5
8048;0
8049;6
8050;1
8051;3
8052;0
8053;4
8054;1
8055;1
8056;3
8057;0
8058;3
8059;0
8060;0
8061;1
8062;4
8063;3
8064;1
8065;2
8066;3
8067;1
8068;1
8069;3
8070;1
8071;2
8072;1
8073;2
8074;3
8075;1
8076;1
8077;1
8078;1
8079;1
8080;6
8081;1
8082;2
8083;2
8084;1
8085;3
8086;3
8087;0
8088;1
8089;4
8090;1
8091;4
8092;3
8093;0
8094;3
8095;1
8096;1
8097;1
8098;1
8099;2
8100;0
8101;2
8102;4
8103;1
8104;0
8105;4
8106;0
8107;1
8108;4
8109;0
8110;2
8111;2
8112;1
8113;2
8114;1
8115;0
8116;0
8117;0
8118;0
8119;0
8120;0
8121;0
8122;0
8123;0
8124;0
8125;0
8126;1
8127;0
8128;0
8129;0
8130;0
8131;0
8132;0
8133;0
8134;0
8135;0
8136;0
8137;0
8138;0
8139;0
8140;0
8141;0
8142;0
8143;0
8144;0
8145;0
8146;0
8147;0
8148;0
8149;0
8150;0
8151;0
8152;0
8153;0
8154;0
8155;0
8156;0
8157;0
8158;0
8159;0
8160;0
8161;0
8162;0
8163;0
8164;0
8165;0
8166;0
8167;0
8168;0
8169;0
8170;0
8171;0
8172;0
8173;0
8174;0
8175;0
8176;0
8177;0
8178;0
8179;0
8180;0
8181;0
8182;0
8183;0
8184;0
8185;0
8186;0
8187;0
8188;0
8189;0
8190;0
8191;0
