0;0
1;0
2;0
3;0
4;0
5;0
6;0
7;0
8;0
9;0
10;0
11;0
12;0
13;0
14;0
15;0
16;0
17;0
18;0
19;0
20;0
21;0
22;0
23;0
24;0
25;0
26;0
27;0
28;0
29;0
30;0
31;0
32;0
33;0
34;0
35;0
36;0
37;0
38;0
39;0
40;0
41;0
42;0
43;0
44;0
45;0
46;0
47;0
48;0
49;0
50;0
51;0
52;0
53;0
54;0
55;0
56;0
57;0
58;0
59;0
60;0
61;0
62;0
63;0
64;0
65;0
66;0
67;0
68;0
69;0
70;0
71;0
72;0
73;0
74;0
75;0
76;0
77;0
78;0
79;0
80;0
81;0
82;0
83;0
84;0
85;0
86;0
87;0
88;0
89;0
90;0
91;0
92;0
93;0
94;0
95;0
96;0
97;0
98;0
99;0
100;0
101;0
102;0
103;0
104;0
105;0
106;0
107;0
108;0
109;0
110;0
111;0
112;0
113;0
114;0
115;0
116;0
117;0
118;0
119;0
120;0
121;0
122;0
123;0
124;0
125;0
126;0
127;0
128;0
129;0
130;0
131;0
132;1
133;5
134;46
135;190
136;285
137;305
138;323
139;324
140;324
141;335
142;326
143;337
144;349
145;361
146;357
147;322
148;295
149;293
150;325
151;345
152;353
153;299
154;313
155;331
156;297
157;327
158;310
159;325
160;271
161;316
162;323
163;351
164;325
165;333
166;305
167;287
168;316
169;339
170;315
171;308
172;302
173;310
174;302
175;314
176;298
177;311
178;309
179;301
180;299
181;329
182;301
183;308
184;284
185;304
186;359
187;302
188;327
189;340
190;301
191;293
192;327
193;328
194;317
195;314
196;288
197;319
198;328
199;300
200;303
201;288
202;309
203;316
204;295
205;298
206;299
207;298
208;297
209;280
210;272
211;296
212;273
213;300
214;280
215;348
216;271
217;308
218;294
219;311
220;319
221;300
222;285
223;309
224;277
225;308
226;345
227;314
228;286
229;310
230;294
231;301
232;319
233;292
234;293
235;296
236;265
237;321
238;329
239;299
240;285
241;314
242;318
243;325
244;309
245;295
246;291
247;316
248;316
249;317
250;308
251;266
252;270
253;288
254;286
255;299
256;304
257;305
258;282
259;297
260;293
261;275
262;323
263;316
264;298
265;315
266;282
267;293
268;305
269;305
270;319
271;301
272;312
273;322
274;308
275;285
276;299
277;289
278;277
279;294
280;288
281;314
282;310
283;312
284;317
285;284
286;322
287;295
288;318
289;303
290;315
291;313
292;297
293;310
294;337
295;320
296;282
297;312
298;302
299;307
300;269
301;309
302;325
303;291
304;329
305;318
306;285
307;308
308;332
309;304
310;292
311;361
312;285
313;325
314;301
315;306
316;302
317;312
318;302
319;309
320;296
321;345
322;307
323;325
324;307
325;313
326;315
327;296
328;310
329;304
330;307
331;308
332;304
333;341
334;311
335;295
336;328
337;323
338;293
339;323
340;303
341;330
342;318
343;334
344;297
345;351
346;281
347;326
348;310
349;295
350;336
351;324
352;327
353;337
354;313
355;283
356;352
357;338
358;332
359;330
360;301
361;340
362;328
363;353
364;351
365;294
366;320
367;310
368;342
369;357
370;335
371;360
372;347
373;341
374;314
375;356
376;328
377;323
378;345
379;334
380;329
381;306
382;340
383;339
384;334
385;307
386;342
387;339
388;322
389;340
390;358
391;301
392;325
393;317
394;315
395;325
396;322
397;318
398;340
399;314
400;350
401;360
402;352
403;342
404;365
405;341
406;336
407;319
408;309
409;340
410;331
411;360
412;325
413;312
414;326
415;344
416;345
417;328
418;357
419;304
420;324
421;372
422;345
423;360
424;352
425;305
426;334
427;383
428;321
429;341
430;352
431;374
432;330
433;349
434;388
435;338
436;341
437;366
438;359
439;333
440;341
441;367
442;347
443;335
444;334
445;384
446;375
447;314
448;383
449;347
450;354
451;299
452;323
453;383
454;339
455;341
456;335
457;340
458;322
459;330
460;340
461;344
462;332
463;347
464;333
465;353
466;338
467;370
468;380
469;334
470;339
471;349
472;313
473;383
474;358
475;350
476;339
477;329
478;349
479;362
480;338
481;350
482;347
483;353
484;354
485;370
486;378
487;356
488;369
489;368
490;364
491;334
492;331
493;319
494;339
495;339
496;335
497;371
498;378
499;370
500;353
501;353
502;353
503;346
504;349
505;333
506;329
507;334
508;328
509;329
510;349
511;373
512;361
513;364
514;329
515;365
516;340
517;352
518;393
519;366
520;363
521;388
522;348
523;370
524;343
525;338
526;314
527;339
528;362
529;349
530;335
531;358
532;359
533;367
534;352
535;352
536;330
537;354
538;349
539;366
540;367
541;388
542;353
543;343
544;350
545;346
546;306
547;353
548;379
549;373
550;354
551;337
552;324
553;359
554;365
555;358
556;362
557;362
558;341
559;393
560;378
561;359
562;364
563;360
564;362
565;370
566;349
567;362
568;369
569;373
570;375
571;391
572;398
573;329
574;401
575;391
576;366
577;360
578;401
579;395
580;361
581;374
582;366
583;363
584;334
585;361
586;391
587;397
588;389
589;391
590;354
591;375
592;369
593;345
594;346
595;396
596;399
597;384
598;389
599;384
600;325
601;354
602;385
603;348
604;370
605;367
606;340
607;366
608;393
609;388
610;397
611;378
612;383
613;329
614;345
615;332
616;388
617;345
618;367
619;370
620;386
621;385
622;390
623;348
624;391
625;352
626;413
627;376
628;400
629;372
630;375
631;374
632;351
633;393
634;374
635;384
636;391
637;417
638;373
639;341
640;375
641;366
642;333
643;362
644;378
645;414
646;368
647;362
648;376
649;364
650;370
651;373
652;368
653;371
654;398
655;394
656;368
657;378
658;371
659;386
660;381
661;371
662;355
663;384
664;358
665;378
666;370
667;346
668;372
669;364
670;382
671;380
672;377
673;380
674;374
675;347
676;390
677;372
678;378
679;361
680;374
681;377
682;378
683;342
684;361
685;393
686;357
687;344
688;371
689;390
690;388
691;350
692;379
693;377
694;383
695;352
696;360
697;386
698;375
699;355
700;355
701;367
702;349
703;362
704;360
705;375
706;368
707;358
708;390
709;390
710;383
711;359
712;379
713;371
714;356
715;319
716;374
717;380
718;382
719;373
720;387
721;365
722;351
723;359
724;368
725;386
726;370
727;378
728;353
729;362
730;339
731;382
732;384
733;377
734;401
735;350
736;364
737;374
738;389
739;345
740;346
741;359
742;330
743;349
744;374
745;338
746;365
747;386
748;346
749;370
750;356
751;344
752;362
753;371
754;364
755;384
756;364
757;393
758;367
759;335
760;358
761;360
762;351
763;357
764;362
765;327
766;396
767;345
768;338
769;386
770;357
771;370
772;340
773;351
774;344
775;337
776;328
777;342
778;359
779;370
780;368
781;348
782;373
783;346
784;318
785;342
786;352
787;394
788;366
789;344
790;363
791;350
792;331
793;363
794;323
795;378
796;403
797;361
798;366
799;350
800;381
801;348
802;341
803;346
804;309
805;348
806;365
807;354
808;342
809;341
810;352
811;328
812;334
813;347
814;310
815;347
816;353
817;350
818;342
819;375
820;348
821;343
822;347
823;358
824;357
825;364
826;381
827;317
828;346
829;335
830;332
831;334
832;360
833;370
834;357
835;339
836;360
837;358
838;351
839;329
840;344
841;312
842;344
843;332
844;328
845;377
846;363
847;337
848;359
849;329
850;352
851;366
852;325
853;345
854;336
855;347
856;346
857;379
858;381
859;331
860;385
861;382
862;340
863;330
864;363
865;329
866;353
867;350
868;327
869;348
870;324
871;354
872;333
873;305
874;341
875;364
876;346
877;340
878;346
879;347
880;366
881;331
882;358
883;320
884;364
885;316
886;345
887;341
888;336
889;328
890;303
891;354
892;330
893;360
894;310
895;334
896;352
897;297
898;320
899;322
900;315
901;387
902;338
903;328
904;365
905;349
906;342
907;337
908;349
909;348
910;359
911;361
912;368
913;347
914;340
915;356
916;341
917;366
918;352
919;335
920;372
921;357
922;368
923;361
924;356
925;357
926;363
927;328
928;308
929;337
930;360
931;343
932;344
933;337
934;362
935;386
936;357
937;359
938;358
939;354
940;378
941;356
942;391
943;412
944;381
945;417
946;397
947;349
948;438
949;409
950;413
951;402
952;460
953;398
954;434
955;452
956;412
957;440
958;393
959;443
960;465
961;491
962;452
963;441
964;440
965;426
966;459
967;454
968;439
969;441
970;446
971;432
972;440
973;421
974;449
975;432
976;440
977;412
978;461
979;432
980;449
981;482
982;415
983;483
984;436
985;410
986;418
987;434
988;398
989;437
990;426
991;429
992;443
993;431
994;452
995;427
996;440
997;412
998;399
999;417
1000;482
1001;452
1002;423
1003;381
1004;422
1005;423
1006;422
1007;435
1008;421
1009;414
1010;433
1011;433
1012;381
1013;423
1014;396
1015;373
1016;409
1017;401
1018;397
1019;407
1020;398
1021;379
1022;369
1023;414
1024;399
1025;382
1026;404
1027;403
1028;416
1029;403
1030;401
1031;390
1032;403
1033;391
1034;405
1035;369
1036;396
1037;405
1038;381
1039;377
1040;360
1041;384
1042;392
1043;393
1044;353
1045;369
1046;366
1047;406
1048;362
1049;382
1050;398
1051;391
1052;356
1053;378
1054;360
1055;398
1056;369
1057;378
1058;374
1059;395
1060;357
1061;358
1062;328
1063;364
1064;352
1065;380
1066;355
1067;363
1068;335
1069;349
1070;386
1071;375
1072;406
1073;359
1074;370
1075;371
1076;325
1077;386
1078;338
1079;366
1080;391
1081;360
1082;374
1083;336
1084;390
1085;354
1086;340
1087;351
1088;363
1089;376
1090;347
1091;363
1092;387
1093;355
1094;369
1095;362
1096;347
1097;327
1098;354
1099;342
1100;370
1101;353
1102;337
1103;377
1104;343
1105;345
1106;350
1107;353
1108;367
1109;358
1110;322
1111;339
1112;335
1113;360
1114;331
1115;353
1116;338
1117;315
1118;372
1119;338
1120;353
1121;384
1122;374
1123;310
1124;313
1125;292
1126;355
1127;342
1128;352
1129;306
1130;330
1131;394
1132;349
1133;365
1134;337
1135;346
1136;320
1137;325
1138;357
1139;335
1140;366
1141;336
1142;375
1143;329
1144;338
1145;354
1146;352
1147;336
1148;336
1149;359
1150;367
1151;346
1152;371
1153;358
1154;315
1155;319
1156;354
1157;314
1158;317
1159;350
1160;314
1161;329
1162;332
1163;348
1164;322
1165;328
1166;339
1167;334
1168;372
1169;329
1170;316
1171;342
1172;371
1173;339
1174;347
1175;336
1176;313
1177;338
1178;321
1179;328
1180;326
1181;321
1182;333
1183;333
1184;357
1185;363
1186;318
1187;335
1188;312
1189;318
1190;342
1191;343
1192;342
1193;306
1194;348
1195;339
1196;325
1197;293
1198;336
1199;355
1200;353
1201;345
1202;318
1203;360
1204;315
1205;330
1206;326
1207;302
1208;325
1209;329
1210;307
1211;306
1212;300
1213;325
1214;341
1215;313
1216;314
1217;315
1218;297
1219;312
1220;338
1221;324
1222;352
1223;335
1224;314
1225;291
1226;333
1227;321
1228;317
1229;345
1230;303
1231;331
1232;319
1233;314
1234;351
1235;313
1236;324
1237;364
1238;364
1239;347
1240;370
1241;299
1242;329
1243;297
1244;295
1245;299
1246;292
1247;286
1248;351
1249;320
1250;345
1251;307
1252;335
1253;303
1254;321
1255;348
1256;275
1257;301
1258;316
1259;319
1260;312
1261;303
1262;327
1263;324
1264;316
1265;299
1266;319
1267;317
1268;310
1269;304
1270;302
1271;305
1272;325
1273;316
1274;320
1275;263
1276;324
1277;329
1278;301
1279;296
1280;293
1281;288
1282;296
1283;286
1284;302
1285;308
1286;334
1287;326
1288;316
1289;301
1290;272
1291;303
1292;301
1293;322
1294;297
1295;293
1296;295
1297;335
1298;275
1299;339
1300;267
1301;335
1302;283
1303;282
1304;295
1305;336
1306;296
1307;298
1308;321
1309;324
1310;259
1311;320
1312;290
1313;292
1314;294
1315;329
1316;292
1317;340
1318;325
1319;314
1320;286
1321;274
1322;296
1323;274
1324;278
1325;276
1326;277
1327;290
1328;268
1329;295
1330;308
1331;327
1332;309
1333;348
1334;308
1335;284
1336;304
1337;279
1338;283
1339;277
1340;287
1341;332
1342;297
1343;272
1344;299
1345;298
1346;292
1347;324
1348;307
1349;290
1350;317
1351;300
1352;264
1353;296
1354;278
1355;294
1356;288
1357;290
1358;263
1359;287
1360;278
1361;294
1362;305
1363;276
1364;272
1365;267
1366;296
1367;262
1368;290
1369;271
1370;308
1371;291
1372;288
1373;269
1374;306
1375;315
1376;298
1377;294
1378;283
1379;293
1380;316
1381;292
1382;272
1383;300
1384;299
1385;321
1386;284
1387;258
1388;287
1389;265
1390;284
1391;293
1392;276
1393;262
1394;285
1395;284
1396;294
1397;288
1398;296
1399;317
1400;277
1401;254
1402;285
1403;258
1404;277
1405;302
1406;303
1407;276
1408;266
1409;252
1410;299
1411;282
1412;292
1413;245
1414;296
1415;289
1416;255
1417;274
1418;336
1419;258
1420;265
1421;310
1422;278
1423;284
1424;326
1425;287
1426;285
1427;251
1428;314
1429;262
1430;267
1431;271
1432;298
1433;281
1434;280
1435;280
1436;277
1437;248
1438;265
1439;308
1440;269
1441;303
1442;303
1443;271
1444;251
1445;294
1446;272
1447;288
1448;257
1449;278
1450;287
1451;270
1452;301
1453;254
1454;255
1455;265
1456;271
1457;279
1458;274
1459;261
1460;292
1461;278
1462;256
1463;294
1464;264
1465;263
1466;279
1467;275
1468;270
1469;285
1470;284
1471;269
1472;288
1473;286
1474;290
1475;284
1476;268
1477;259
1478;248
1479;248
1480;266
1481;262
1482;271
1483;260
1484;281
1485;263
1486;232
1487;253
1488;281
1489;275
1490;244
1491;262
1492;243
1493;275
1494;245
1495;292
1496;240
1497;315
1498;260
1499;243
1500;257
1501;289
1502;279
1503;271
1504;282
1505;273
1506;226
1507;272
1508;273
1509;241
1510;267
1511;246
1512;267
1513;250
1514;259
1515;264
1516;231
1517;253
1518;255
1519;231
1520;268
1521;265
1522;239
1523;238
1524;245
1525;282
1526;239
1527;262
1528;306
1529;260
1530;267
1531;240
1532;235
1533;274
1534;270
1535;263
1536;292
1537;261
1538;304
1539;284
1540;284
1541;254
1542;253
1543;259
1544;240
1545;234
1546;261
1547;218
1548;225
1549;246
1550;239
1551;250
1552;255
1553;246
1554;249
1555;229
1556;247
1557;245
1558;272
1559;271
1560;235
1561;239
1562;266
1563;250
1564;261
1565;236
1566;252
1567;259
1568;224
1569;266
1570;243
1571;269
1572;270
1573;224
1574;236
1575;257
1576;249
1577;258
1578;263
1579;260
1580;217
1581;255
1582;297
1583;243
1584;265
1585;230
1586;281
1587;256
1588;235
1589;250
1590;239
1591;224
1592;248
1593;254
1594;263
1595;261
1596;260
1597;221
1598;247
1599;219
1600;266
1601;252
1602;245
1603;223
1604;258
1605;267
1606;236
1607;252
1608;220
1609;229
1610;255
1611;247
1612;256
1613;249
1614;247
1615;252
1616;255
1617;259
1618;213
1619;245
1620;247
1621;241
1622;246
1623;233
1624;251
1625;267
1626;261
1627;245
1628;228
1629;226
1630;255
1631;283
1632;209
1633;215
1634;247
1635;228
1636;216
1637;266
1638;240
1639;231
1640;257
1641;209
1642;223
1643;238
1644;239
1645;242
1646;241
1647;228
1648;240
1649;247
1650;258
1651;270
1652;248
1653;246
1654;214
1655;240
1656;238
1657;280
1658;249
1659;238
1660;255
1661;246
1662;250
1663;244
1664;235
1665;247
1666;248
1667;210
1668;220
1669;227
1670;250
1671;231
1672;257
1673;226
1674;237
1675;231
1676;224
1677;241
1678;216
1679;239
1680;248
1681;199
1682;237
1683;262
1684;247
1685;218
1686;229
1687;215
1688;221
1689;244
1690;248
1691;261
1692;239
1693;219
1694;218
1695;214
1696;255
1697;220
1698;231
1699;223
1700;241
1701;242
1702;260
1703;228
1704;232
1705;228
1706;263
1707;231
1708;236
1709;248
1710;237
1711;236
1712;240
1713;206
1714;218
1715;248
1716;226
1717;219
1718;214
1719;227
1720;253
1721;239
1722;242
1723;213
1724;251
1725;218
1726;245
1727;228
1728;241
1729;236
1730;234
1731;245
1732;229
1733;264
1734;241
1735;242
1736;206
1737;220
1738;250
1739;230
1740;224
1741;215
1742;222
1743;252
1744;222
1745;236
1746;217
1747;233
1748;218
1749;217
1750;222
1751;231
1752;201
1753;229
1754;238
1755;214
1756;239
1757;234
1758;208
1759;235
1760;229
1761;215
1762;216
1763;234
1764;225
1765;233
1766;265
1767;251
1768;244
1769;229
1770;225
1771;226
1772;219
1773;216
1774;228
1775;233
1776;266
1777;223
1778;214
1779;236
1780;219
1781;218
1782;218
1783;243
1784;227
1785;228
1786;208
1787;219
1788;203
1789;238
1790;217
1791;219
1792;235
1793;229
1794;216
1795;231
1796;207
1797;218
1798;242
1799;222
1800;202
1801;226
1802;242
1803;199
1804;214
1805;255
1806;216
1807;258
1808;221
1809;211
1810;214
1811;237
1812;236
1813;205
1814;223
1815;230
1816;247
1817;225
1818;222
1819;239
1820;224
1821;224
1822;249
1823;211
1824;236
1825;232
1826;243
1827;228
1828;225
1829;221
1830;222
1831;223
1832;210
1833;216
1834;250
1835;256
1836;245
1837;224
1838;247
1839;277
1840;223
1841;240
1842;222
1843;194
1844;230
1845;243
1846;226
1847;207
1848;188
1849;233
1850;208
1851;224
1852;232
1853;234
1854;245
1855;221
1856;233
1857;209
1858;235
1859;219
1860;234
1861;211
1862;209
1863;239
1864;232
1865;218
1866;218
1867;235
1868;233
1869;217
1870;206
1871;221
1872;230
1873;214
1874;240
1875;226
1876;214
1877;200
1878;228
1879;232
1880;219
1881;210
1882;241
1883;234
1884;222
1885;228
1886;196
1887;240
1888;201
1889;217
1890;235
1891;229
1892;260
1893;204
1894;227
1895;234
1896;237
1897;206
1898;209
1899;205
1900;208
1901;242
1902;228
1903;202
1904;227
1905;228
1906;253
1907;237
1908;227
1909;227
1910;230
1911;260
1912;229
1913;234
1914;214
1915;221
1916;233
1917;205
1918;256
1919;239
1920;222
1921;213
1922;219
1923;200
1924;220
1925;246
1926;212
1927;228
1928;224
1929;220
1930;209
1931;240
1932;223
1933;232
1934;210
1935;224
1936;231
1937;220
1938;223
1939;234
1940;220
1941;231
1942;233
1943;226
1944;235
1945;227
1946;216
1947;234
1948;243
1949;231
1950;210
1951;209
1952;229
1953;252
1954;233
1955;226
1956;239
1957;244
1958;230
1959;220
1960;191
1961;231
1962;240
1963;233
1964;218
1965;211
1966;216
1967;231
1968;235
1969;235
1970;202
1971;221
1972;230
1973;216
1974;218
1975;232
1976;238
1977;201
1978;223
1979;244
1980;214
1981;238
1982;234
1983;211
1984;245
1985;240
1986;219
1987;218
1988;230
1989;233
1990;232
1991;218
1992;232
1993;235
1994;235
1995;253
1996;244
1997;230
1998;245
1999;226
2000;240
2001;230
2002;213
2003;250
2004;245
2005;224
2006;262
2007;246
2008;220
2009;236
2010;230
2011;208
2012;241
2013;229
2014;229
2015;229
2016;219
2017;249
2018;239
2019;223
2020;247
2021;230
2022;222
2023;244
2024;252
2025;232
2026;225
2027;240
2028;221
2029;212
2030;234
2031;254
2032;229
2033;254
2034;263
2035;232
2036;244
2037;238
2038;242
2039;230
2040;224
2041;222
2042;196
2043;245
2044;247
2045;233
2046;257
2047;217
2048;282
2049;243
2050;249
2051;253
2052;259
2053;221
2054;246
2055;256
2056;250
2057;233
2058;219
2059;261
2060;244
2061;248
2062;240
2063;238
2064;234
2065;252
2066;201
2067;240
2068;235
2069;216
2070;226
2071;244
2072;237
2073;227
2074;218
2075;210
2076;252
2077;238
2078;235
2079;231
2080;218
2081;225
2082;253
2083;251
2084;238
2085;238
2086;247
2087;219
2088;218
2089;281
2090;268
2091;255
2092;260
2093;248
2094;261
2095;249
2096;260
2097;242
2098;224
2099;256
2100;267
2101;223
2102;227
2103;246
2104;236
2105;271
2106;233
2107;217
2108;237
2109;228
2110;253
2111;245
2112;252
2113;224
2114;245
2115;252
2116;222
2117;221
2118;224
2119;212
2120;244
2121;214
2122;258
2123;235
2124;255
2125;236
2126;238
2127;247
2128;252
2129;230
2130;255
2131;234
2132;222
2133;227
2134;252
2135;226
2136;228
2137;225
2138;248
2139;258
2140;266
2141;268
2142;286
2143;245
2144;224
2145;260
2146;272
2147;265
2148;237
2149;252
2150;248
2151;268
2152;243
2153;252
2154;254
2155;246
2156;250
2157;230
2158;251
2159;256
2160;252
2161;236
2162;273
2163;277
2164;227
2165;258
2166;252
2167;261
2168;260
2169;246
2170;228
2171;229
2172;267
2173;228
2174;241
2175;258
2176;242
2177;237
2178;261
2179;267
2180;254
2181;261
2182;266
2183;264
2184;255
2185;262
2186;244
2187;266
2188;245
2189;225
2190;258
2191;246
2192;257
2193;263
2194;265
2195;257
2196;226
2197;251
2198;266
2199;250
2200;238
2201;251
2202;248
2203;297
2204;255
2205;247
2206;256
2207;259
2208;249
2209;257
2210;258
2211;268
2212;240
2213;256
2214;266
2215;263
2216;258
2217;267
2218;248
2219;254
2220;269
2221;272
2222;271
2223;255
2224;275
2225;269
2226;254
2227;276
2228;280
2229;270
2230;271
2231;261
2232;250
2233;273
2234;291
2235;250
2236;276
2237;266
2238;286
2239;254
2240;250
2241;283
2242;261
2243;265
2244;280
2245;264
2246;299
2247;279
2248;282
2249;286
2250;257
2251;280
2252;302
2253;277
2254;256
2255;266
2256;271
2257;264
2258;288
2259;290
2260;234
2261;273
2262;301
2263;273
2264;267
2265;272
2266;245
2267;269
2268;271
2269;299
2270;249
2271;254
2272;290
2273;279
2274;287
2275;235
2276;256
2277;292
2278;300
2279;267
2280;303
2281;268
2282;308
2283;266
2284;270
2285;259
2286;280
2287;261
2288;275
2289;290
2290;283
2291;286
2292;267
2293;273
2294;292
2295;253
2296;277
2297;288
2298;309
2299;336
2300;269
2301;258
2302;309
2303;286
2304;297
2305;308
2306;275
2307;294
2308;297
2309;282
2310;263
2311;277
2312;286
2313;297
2314;315
2315;276
2316;290
2317;287
2318;277
2319;310
2320;275
2321;285
2322;316
2323;336
2324;294
2325;270
2326;321
2327;282
2328;285
2329;299
2330;253
2331;290
2332;301
2333;306
2334;337
2335;305
2336;308
2337;306
2338;292
2339;326
2340;267
2341;302
2342;291
2343;292
2344;287
2345;304
2346;319
2347;274
2348;276
2349;293
2350;299
2351;288
2352;279
2353;314
2354;331
2355;303
2356;304
2357;297
2358;331
2359;325
2360;306
2361;272
2362;314
2363;295
2364;280
2365;302
2366;283
2367;289
2368;297
2369;302
2370;280
2371;303
2372;325
2373;314
2374;296
2375;328
2376;315
2377;312
2378;308
2379;286
2380;311
2381;308
2382;276
2383;310
2384;263
2385;314
2386;293
2387;296
2388;328
2389;317
2390;300
2391;284
2392;300
2393;277
2394;304
2395;326
2396;335
2397;306
2398;283
2399;320
2400;307
2401;323
2402;345
2403;321
2404;310
2405;342
2406;331
2407;327
2408;297
2409;298
2410;336
2411;286
2412;355
2413;328
2414;325
2415;310
2416;349
2417;327
2418;336
2419;335
2420;316
2421;310
2422;330
2423;297
2424;323
2425;285
2426;343
2427;325
2428;302
2429;312
2430;339
2431;303
2432;307
2433;306
2434;320
2435;304
2436;328
2437;324
2438;308
2439;354
2440;334
2441;341
2442;312
2443;327
2444;321
2445;319
2446;318
2447;307
2448;313
2449;337
2450;302
2451;326
2452;322
2453;318
2454;314
2455;337
2456;337
2457;342
2458;312
2459;337
2460;340
2461;311
2462;323
2463;301
2464;312
2465;295
2466;313
2467;320
2468;314
2469;281
2470;318
2471;337
2472;345
2473;290
2474;306
2475;319
2476;311
2477;314
2478;325
2479;315
2480;298
2481;256
2482;291
2483;278
2484;301
2485;282
2486;307
2487;289
2488;303
2489;263
2490;319
2491;297
2492;267
2493;282
2494;270
2495;281
2496;256
2497;276
2498;271
2499;243
2500;259
2501;282
2502;260
2503;234
2504;231
2505;244
2506;239
2507;201
2508;238
2509;236
2510;203
2511;222
2512;217
2513;192
2514;213
2515;205
2516;179
2517;224
2518;206
2519;204
2520;188
2521;192
2522;170
2523;194
2524;214
2525;207
2526;200
2527;203
2528;201
2529;191
2530;210
2531;205
2532;190
2533;184
2534;197
2535;166
2536;179
2537;204
2538;181
2539;185
2540;187
2541;199
2542;191
2543;189
2544;183
2545;170
2546;186
2547;152
2548;167
2549;193
2550;160
2551;175
2552;177
2553;175
2554;179
2555;163
2556;178
2557;179
2558;161
2559;162
2560;176
2561;179
2562;179
2563;156
2564;174
2565;165
2566;171
2567;153
2568;174
2569;167
2570;166
2571;158
2572;156
2573;165
2574;162
2575;140
2576;154
2577;133
2578;185
2579;153
2580;169
2581;173
2582;154
2583;150
2584;187
2585;160
2586;155
2587;174
2588;135
2589;141
2590;165
2591;174
2592;151
2593;146
2594;141
2595;160
2596;140
2597;131
2598;154
2599;140
2600;146
2601;176
2602;165
2603;140
2604;144
2605;177
2606;157
2607;130
2608;149
2609;151
2610;151
2611;155
2612;147
2613;147
2614;133
2615;125
2616;151
2617;147
2618;140
2619;147
2620;160
2621;146
2622;141
2623;138
2624;141
2625;112
2626;127
2627;135
2628;132
2629;126
2630;140
2631;119
2632;157
2633;132
2634;123
2635;142
2636;129
2637;141
2638;133
2639;132
2640;141
2641;146
2642;139
2643;144
2644;132
2645;136
2646;146
2647;120
2648;132
2649;144
2650;139
2651;146
2652;123
2653;114
2654;160
2655;128
2656;124
2657;143
2658;128
2659;133
2660;126
2661;141
2662;128
2663;126
2664;140
2665;124
2666;135
2667;118
2668;136
2669;147
2670;119
2671;125
2672;116
2673;133
2674;148
2675;149
2676;118
2677;119
2678;133
2679;138
2680;124
2681;105
2682;119
2683;116
2684;116
2685;123
2686;126
2687;122
2688;135
2689;115
2690;103
2691;121
2692;109
2693;137
2694;90
2695;110
2696;116
2697;126
2698;110
2699;140
2700;110
2701;110
2702;111
2703;140
2704;136
2705;119
2706;113
2707;120
2708;101
2709;121
2710;124
2711;104
2712;126
2713;128
2714;107
2715;118
2716;122
2717;102
2718;131
2719;116
2720;107
2721;117
2722;89
2723;91
2724;117
2725;121
2726;99
2727;94
2728;96
2729;97
2730;99
2731;122
2732;115
2733;104
2734;114
2735;128
2736;88
2737;83
2738;114
2739;113
2740;110
2741;103
2742;110
2743;97
2744;110
2745;109
2746;95
2747;95
2748;124
2749;119
2750;102
2751;62
2752;104
2753;115
2754;94
2755;97
2756;86
2757;100
2758;115
2759;111
2760;115
2761;109
2762;109
2763;112
2764;98
2765;84
2766;99
2767;86
2768;92
2769;93
2770;114
2771;83
2772;95
2773;78
2774;95
2775;87
2776;87
2777;87
2778;100
2779;96
2780;82
2781;96
2782;85
2783;82
2784;107
2785;108
2786;76
2787;101
2788;88
2789;91
2790;91
2791;78
2792;92
2793;98
2794;90
2795;91
2796;84
2797;94
2798;75
2799;93
2800;85
2801;83
2802;83
2803;92
2804;99
2805;78
2806;86
2807;81
2808;91
2809;93
2810;75
2811;85
2812;84
2813;90
2814;85
2815;92
2816;72
2817;86
2818;89
2819;84
2820;80
2821;95
2822;78
2823;92
2824;90
2825;86
2826;89
2827;90
2828;75
2829;85
2830;95
2831;71
2832;89
2833;71
2834;91
2835;76
2836;87
2837;68
2838;79
2839;62
2840;69
2841;76
2842;82
2843;71
2844;78
2845;85
2846;83
2847;84
2848;67
2849;88
2850;68
2851;61
2852;69
2853;89
2854;65
2855;74
2856;67
2857;65
2858;78
2859;61
2860;68
2861;71
2862;69
2863;84
2864;72
2865;81
2866;65
2867;88
2868;78
2869;71
2870;61
2871;72
2872;57
2873;65
2874;85
2875;60
2876;72
2877;73
2878;54
2879;74
2880;63
2881;62
2882;72
2883;62
2884;62
2885;65
2886;73
2887;64
2888;77
2889;63
2890;61
2891;49
2892;60
2893;63
2894;65
2895;58
2896;53
2897;54
2898;51
2899;58
2900;54
2901;61
2902;61
2903;70
2904;75
2905;47
2906;67
2907;54
2908;58
2909;62
2910;66
2911;51
2912;61
2913;62
2914;58
2915;54
2916;54
2917;55
2918;64
2919;55
2920;53
2921;55
2922;58
2923;48
2924;58
2925;59
2926;51
2927;54
2928;51
2929;43
2930;69
2931;49
2932;55
2933;61
2934;56
2935;41
2936;58
2937;54
2938;59
2939;58
2940;53
2941;49
2942;61
2943;58
2944;72
2945;46
2946;50
2947;54
2948;63
2949;48
2950;52
2951;49
2952;52
2953;74
2954;60
2955;47
2956;55
2957;66
2958;55
2959;45
2960;59
2961;46
2962;52
2963;53
2964;58
2965;48
2966;38
2967;61
2968;56
2969;55
2970;46
2971;45
2972;40
2973;46
2974;56
2975;32
2976;47
2977;54
2978;55
2979;51
2980;44
2981;41
2982;62
2983;59
2984;37
2985;48
2986;40
2987;65
2988;72
2989;53
2990;61
2991;36
2992;49
2993;49
2994;50
2995;53
2996;52
2997;37
2998;50
2999;37
3000;48
3001;50
3002;48
3003;50
3004;52
3005;46
3006;43
3007;58
3008;41
3009;47
3010;37
3011;49
3012;44
3013;45
3014;39
3015;48
3016;52
3017;48
3018;45
3019;48
3020;47
3021;42
3022;41
3023;47
3024;49
3025;46
3026;39
3027;52
3028;41
3029;29
3030;49
3031;31
3032;57
3033;43
3034;51
3035;37
3036;48
3037;43
3038;35
3039;60
3040;42
3041;54
3042;45
3043;40
3044;40
3045;47
3046;41
3047;55
3048;41
3049;53
3050;43
3051;43
3052;38
3053;50
3054;54
3055;56
3056;67
3057;53
3058;61
3059;64
3060;60
3061;46
3062;50
3063;40
3064;42
3065;47
3066;48
3067;34
3068;44
3069;41
3070;51
3071;37
3072;47
3073;47
3074;44
3075;43
3076;42
3077;42
3078;38
3079;44
3080;39
3081;46
3082;42
3083;38
3084;42
3085;46
3086;55
3087;35
3088;46
3089;35
3090;35
3091;46
3092;46
3093;43
3094;35
3095;57
3096;26
3097;39
3098;38
3099;34
3100;43
3101;39
3102;40
3103;43
3104;40
3105;46
3106;41
3107;43
3108;50
3109;39
3110;42
3111;46
3112;40
3113;37
3114;41
3115;46
3116;34
3117;41
3118;42
3119;44
3120;37
3121;36
3122;37
3123;32
3124;49
3125;37
3126;39
3127;34
3128;42
3129;38
3130;36
3131;30
3132;34
3133;40
3134;43
3135;46
3136;40
3137;39
3138;39
3139;39
3140;39
3141;39
3142;44
3143;41
3144;42
3145;38
3146;36
3147;43
3148;50
3149;52
3150;37
3151;40
3152;45
3153;49
3154;45
3155;46
3156;40
3157;49
3158;39
3159;31
3160;48
3161;61
3162;43
3163;45
3164;40
3165;43
3166;38
3167;50
3168;38
3169;38
3170;29
3171;44
3172;42
3173;36
3174;47
3175;38
3176;37
3177;40
3178;23
3179;27
3180;44
3181;39
3182;45
3183;39
3184;34
3185;44
3186;41
3187;37
3188;44
3189;39
3190;53
3191;38
3192;48
3193;57
3194;50
3195;67
3196;61
3197;60
3198;36
3199;42
3200;41
3201;51
3202;42
3203;26
3204;44
3205;45
3206;31
3207;44
3208;43
3209;38
3210;33
3211;63
3212;49
3213;31
3214;43
3215;34
3216;46
3217;40
3218;44
3219;28
3220;26
3221;37
3222;37
3223;41
3224;43
3225;40
3226;47
3227;47
3228;28
3229;33
3230;35
3231;40
3232;42
3233;40
3234;43
3235;32
3236;41
3237;38
3238;39
3239;38
3240;49
3241;28
3242;28
3243;35
3244;34
3245;33
3246;43
3247;35
3248;48
3249;40
3250;48
3251;33
3252;35
3253;42
3254;38
3255;38
3256;35
3257;45
3258;47
3259;34
3260;35
3261;39
3262;39
3263;27
3264;47
3265;35
3266;36
3267;30
3268;35
3269;26
3270;31
3271;37
3272;36
3273;36
3274;30
3275;34
3276;39
3277;42
3278;44
3279;49
3280;33
3281;26
3282;34
3283;25
3284;30
3285;35
3286;28
3287;47
3288;31
3289;34
3290;41
3291;37
3292;46
3293;33
3294;39
3295;38
3296;36
3297;35
3298;38
3299;31
3300;41
3301;41
3302;33
3303;34
3304;31
3305;32
3306;35
3307;45
3308;31
3309;30
3310;39
3311;25
3312;38
3313;38
3314;33
3315;36
3316;37
3317;29
3318;35
3319;37
3320;52
3321;30
3322;40
3323;51
3324;32
3325;40
3326;38
3327;34
3328;41
3329;39
3330;31
3331;35
3332;55
3333;27
3334;33
3335;31
3336;41
3337;35
3338;33
3339;37
3340;40
3341;42
3342;32
3343;35
3344;32
3345;25
3346;26
3347;36
3348;36
3349;33
3350;30
3351;41
3352;36
3353;42
3354;32
3355;34
3356;36
3357;25
3358;31
3359;36
3360;35
3361;37
3362;26
3363;36
3364;39
3365;31
3366;35
3367;45
3368;37
3369;36
3370;29
3371;43
3372;38
3373;34
3374;39
3375;37
3376;30
3377;35
3378;38
3379;42
3380;38
3381;38
3382;35
3383;52
3384;39
3385;37
3386;27
3387;43
3388;33
3389;37
3390;34
3391;33
3392;39
3393;26
3394;39
3395;38
3396;38
3397;37
3398;37
3399;34
3400;34
3401;48
3402;30
3403;47
3404;44
3405;32
3406;39
3407;42
3408;35
3409;37
3410;35
3411;44
3412;29
3413;28
3414;38
3415;38
3416;32
3417;44
3418;35
3419;39
3420;43
3421;37
3422;36
3423;28
3424;45
3425;39
3426;44
3427;38
3428;47
3429;42
3430;37
3431;38
3432;48
3433;41
3434;36
3435;41
3436;45
3437;41
3438;55
3439;49
3440;53
3441;53
3442;52
3443;58
3444;54
3445;51
3446;54
3447;44
3448;55
3449;57
3450;57
3451;65
3452;69
3453;98
3454;78
3455;134
3456;158
3457;195
3458;262
3459;378
3460;572
3461;901
3462;1346
3463;2037
3464;3260
3465;4985
3466;7132
3467;10113
3468;13497
3469;16397
3470;18875
3471;19491
3472;18994
3473;17097
3474;14205
3475;10648
3476;7326
3477;4660
3478;2728
3479;1517
3480;718
3481;308
3482;121
3483;66
3484;32
3485;22
3486;17
3487;12
3488;18
3489;16
3490;15
3491;14
3492;13
3493;17
3494;16
3495;15
3496;8
3497;16
3498;10
3499;9
3500;8
3501;9
3502;11
3503;13
3504;12
3505;8
3506;11
3507;10
3508;13
3509;5
3510;7
3511;17
3512;15
3513;9
3514;8
3515;5
3516;11
3517;12
3518;5
3519;15
3520;6
3521;6
3522;4
3523;8
3524;6
3525;5
3526;10
3527;12
3528;2
3529;4
3530;7
3531;12
3532;13
3533;1
3534;6
3535;7
3536;13
3537;5
3538;6
3539;11
3540;11
3541;9
3542;11
3543;8
3544;9
3545;5
3546;4
3547;5
3548;5
3549;7
3550;14
3551;1
3552;6
3553;11
3554;6
3555;9
3556;11
3557;4
3558;7
3559;3
3560;6
3561;10
3562;5
3563;4
3564;5
3565;5
3566;9
3567;8
3568;5
3569;3
3570;9
3571;6
3572;4
3573;9
3574;4
3575;6
3576;2
3577;4
3578;3
3579;6
3580;4
3581;5
3582;2
3583;5
3584;3
3585;7
3586;9
3587;4
3588;6
3589;7
3590;5
3591;4
3592;5
3593;10
3594;7
3595;6
3596;4
3597;9
3598;3
3599;5
3600;5
3601;10
3602;5
3603;7
3604;7
3605;6
3606;4
3607;4
3608;6
3609;6
3610;4
3611;7
3612;4
3613;3
3614;5
3615;8
3616;6
3617;2
3618;9
3619;4
3620;7
3621;5
3622;8
3623;5
3624;7
3625;8
3626;5
3627;6
3628;9
3629;3
3630;6
3631;4
3632;9
3633;6
3634;5
3635;3
3636;7
3637;6
3638;5
3639;6
3640;10
3641;4
3642;4
3643;2
3644;7
3645;11
3646;5
3647;6
3648;5
3649;3
3650;5
3651;3
3652;5
3653;4
3654;5
3655;3
3656;1
3657;3
3658;10
3659;4
3660;1
3661;8
3662;4
3663;2
3664;3
3665;5
3666;4
3667;4
3668;4
3669;4
3670;8
3671;1
3672;6
3673;6
3674;8
3675;4
3676;7
3677;2
3678;11
3679;7
3680;11
3681;2
3682;5
3683;8
3684;8
3685;2
3686;2
3687;2
3688;1
3689;5
3690;5
3691;4
3692;10
3693;5
3694;3
3695;4
3696;3
3697;5
3698;6
3699;2
3700;5
3701;4
3702;6
3703;6
3704;5
3705;8
3706;5
3707;5
3708;5
3709;3
3710;7
3711;4
3712;4
3713;1
3714;5
3715;4
3716;3
3717;3
3718;5
3719;3
3720;1
3721;6
3722;3
3723;6
3724;8
3725;3
3726;6
3727;2
3728;5
3729;5
3730;3
3731;6
3732;7
3733;7
3734;8
3735;4
3736;6
3737;3
3738;2
3739;2
3740;4
3741;3
3742;8
3743;7
3744;6
3745;3
3746;8
3747;5
3748;2
3749;7
3750;6
3751;2
3752;6
3753;6
3754;4
3755;3
3756;6
3757;4
3758;2
3759;3
3760;5
3761;1
3762;7
3763;5
3764;3
3765;6
3766;11
3767;5
3768;1
3769;2
3770;5
3771;10
3772;7
3773;6
3774;2
3775;6
3776;3
3777;6
3778;5
3779;5
3780;4
3781;8
3782;4
3783;7
3784;3
3785;2
3786;4
3787;7
3788;3
3789;3
3790;3
3791;7
3792;4
3793;2
3794;7
3795;4
3796;5
3797;7
3798;2
3799;3
3800;6
3801;4
3802;3
3803;3
3804;3
3805;3
3806;4
3807;3
3808;4
3809;5
3810;6
3811;4
3812;2
3813;6
3814;7
3815;7
3816;9
3817;6
3818;3
3819;8
3820;10
3821;6
3822;8
3823;6
3824;2
3825;4
3826;6
3827;5
3828;1
3829;4
3830;2
3831;3
3832;4
3833;3
3834;6
3835;5
3836;5
3837;6
3838;1
3839;3
3840;2
3841;4
3842;0
3843;3
3844;9
3845;6
3846;7
3847;6
3848;4
3849;0
3850;0
3851;11
3852;3
3853;2
3854;1
3855;5
3856;2
3857;4
3858;2
3859;4
3860;11
3861;5
3862;2
3863;4
3864;6
3865;5
3866;6
3867;5
3868;2
3869;3
3870;9
3871;5
3872;5
3873;2
3874;3
3875;9
3876;6
3877;2
3878;8
3879;5
3880;7
3881;4
3882;4
3883;6
3884;3
3885;5
3886;1
3887;5
3888;4
3889;5
3890;9
3891;7
3892;2
3893;6
3894;3
3895;7
3896;4
3897;7
3898;4
3899;9
3900;5
3901;6
3902;7
3903;3
3904;5
3905;5
3906;5
3907;4
3908;3
3909;9
3910;2
3911;3
3912;2
3913;2
3914;2
3915;5
3916;2
3917;4
3918;5
3919;3
3920;3
3921;4
3922;3
3923;6
3924;3
3925;1
3926;2
3927;3
3928;1
3929;8
3930;4
3931;4
3932;6
3933;6
3934;4
3935;4
3936;4
3937;6
3938;6
3939;4
3940;2
3941;2
3942;0
3943;7
3944;4
3945;7
3946;6
3947;1
3948;3
3949;7
3950;5
3951;4
3952;4
3953;5
3954;3
3955;4
3956;2
3957;7
3958;3
3959;4
3960;2
3961;3
3962;3
3963;1
3964;3
3965;4
3966;4
3967;5
3968;6
3969;7
3970;8
3971;4
3972;1
3973;2
3974;8
3975;5
3976;6
3977;1
3978;5
3979;3
3980;4
3981;4
3982;4
3983;5
3984;2
3985;3
3986;7
3987;5
3988;5
3989;3
3990;3
3991;7
3992;3
3993;2
3994;3
3995;7
3996;4
3997;3
3998;5
3999;4
4000;6
4001;4
4002;4
4003;4
4004;5
4005;7
4006;3
4007;4
4008;6
4009;1
4010;3
4011;3
4012;7
4013;4
4014;3
4015;2
4016;3
4017;2
4018;7
4019;3
4020;4
4021;4
4022;7
4023;8
4024;4
4025;4
4026;4
4027;4
4028;6
4029;4
4030;4
4031;4
4032;4
4033;3
4034;8
4035;5
4036;2
4037;5
4038;2
4039;4
4040;5
4041;3
4042;3
4043;4
4044;8
4045;4
4046;2
4047;2
4048;5
4049;4
4050;3
4051;3
4052;2
4053;2
4054;2
4055;5
4056;6
4057;1
4058;5
4059;1
4060;2
4061;5
4062;3
4063;1
4064;3
4065;6
4066;6
4067;4
4068;6
4069;3
4070;4
4071;5
4072;3
4073;3
4074;3
4075;7
4076;7
4077;4
4078;4
4079;5
4080;5
4081;5
4082;5
4083;2
4084;5
4085;3
4086;4
4087;5
4088;5
4089;5
4090;2
4091;4
4092;3
4093;2
4094;1
4095;6
4096;6
4097;4
4098;2
4099;3
4100;2
4101;1
4102;2
4103;5
4104;1
4105;2
4106;1
4107;3
4108;1
4109;4
4110;2
4111;3
4112;1
4113;1
4114;7
4115;2
4116;3
4117;5
4118;4
4119;2
4120;3
4121;3
4122;2
4123;1
4124;3
4125;2
4126;5
4127;4
4128;4
4129;6
4130;2
4131;1
4132;1
4133;1
4134;3
4135;2
4136;2
4137;1
4138;2
4139;4
4140;3
4141;3
4142;3
4143;4
4144;4
4145;1
4146;5
4147;4
4148;4
4149;1
4150;5
4151;6
4152;3
4153;2
4154;3
4155;3
4156;3
4157;3
4158;5
4159;3
4160;0
4161;1
4162;5
4163;3
4164;2
4165;5
4166;1
4167;1
4168;1
4169;6
4170;4
4171;2
4172;4
4173;5
4174;5
4175;5
4176;7
4177;6
4178;6
4179;2
4180;5
4181;3
4182;4
4183;4
4184;1
4185;4
4186;1
4187;4
4188;4
4189;4
4190;5
4191;3
4192;3
4193;2
4194;5
4195;2
4196;5
4197;2
4198;2
4199;3
4200;5
4201;4
4202;6
4203;2
4204;2
4205;4
4206;8
4207;3
4208;1
4209;2
4210;7
4211;5
4212;1
4213;3
4214;2
4215;2
4216;3
4217;4
4218;2
4219;2
4220;0
4221;5
4222;2
4223;0
4224;6
4225;4
4226;2
4227;5
4228;3
4229;4
4230;0
4231;4
4232;2
4233;3
4234;6
4235;3
4236;1
4237;4
4238;3
4239;1
4240;4
4241;5
4242;3
4243;2
4244;3
4245;3
4246;3
4247;2
4248;3
4249;6
4250;4
4251;4
4252;3
4253;8
4254;3
4255;4
4256;3
4257;2
4258;1
4259;3
4260;4
4261;2
4262;0
4263;2
4264;2
4265;3
4266;1
4267;3
4268;3
4269;7
4270;3
4271;1
4272;3
4273;5
4274;3
4275;3
4276;5
4277;5
4278;3
4279;3
4280;1
4281;3
4282;3
4283;5
4284;2
4285;6
4286;3
4287;1
4288;4
4289;2
4290;3
4291;5
4292;6
4293;3
4294;6
4295;4
4296;4
4297;3
4298;5
4299;3
4300;3
4301;1
4302;2
4303;4
4304;5
4305;2
4306;3
4307;3
4308;4
4309;0
4310;6
4311;1
4312;3
4313;6
4314;5
4315;2
4316;2
4317;6
4318;1
4319;3
4320;3
4321;3
4322;0
4323;3
4324;3
4325;3
4326;5
4327;4
4328;4
4329;1
4330;4
4331;5
4332;2
4333;4
4334;3
4335;0
4336;2
4337;2
4338;4
4339;3
4340;5
4341;4
4342;2
4343;2
4344;1
4345;4
4346;4
4347;7
4348;3
4349;4
4350;2
4351;0
4352;3
4353;2
4354;4
4355;5
4356;2
4357;1
4358;1
4359;1
4360;1
4361;1
4362;3
4363;1
4364;4
4365;1
4366;5
4367;4
4368;3
4369;3
4370;1
4371;3
4372;2
4373;3
4374;4
4375;1
4376;3
4377;3
4378;3
4379;4
4380;4
4381;1
4382;2
4383;2
4384;5
4385;3
4386;2
4387;3
4388;3
4389;3
4390;3
4391;6
4392;5
4393;1
4394;5
4395;1
4396;4
4397;4
4398;1
4399;4
4400;2
4401;5
4402;4
4403;4
4404;1
4405;6
4406;0
4407;2
4408;1
4409;5
4410;4
4411;1
4412;2
4413;1
4414;1
4415;2
4416;3
4417;5
4418;3
4419;1
4420;3
4421;0
4422;2
4423;2
4424;3
4425;1
4426;1
4427;2
4428;3
4429;1
4430;4
4431;2
4432;4
4433;1
4434;3
4435;3
4436;0
4437;3
4438;3
4439;2
4440;3
4441;5
4442;3
4443;2
4444;3
4445;4
4446;2
4447;1
4448;1
4449;0
4450;1
4451;4
4452;3
4453;3
4454;2
4455;4
4456;0
4457;6
4458;2
4459;3
4460;2
4461;0
4462;2
4463;3
4464;3
4465;1
4466;5
4467;4
4468;3
4469;4
4470;4
4471;2
4472;2
4473;3
4474;2
4475;0
4476;2
4477;6
4478;2
4479;5
4480;1
4481;4
4482;4
4483;4
4484;3
4485;4
4486;4
4487;4
4488;2
4489;3
4490;1
4491;1
4492;2
4493;3
4494;5
4495;1
4496;4
4497;2
4498;2
4499;2
4500;3
4501;0
4502;4
4503;4
4504;1
4505;2
4506;2
4507;4
4508;6
4509;2
4510;4
4511;3
4512;0
4513;3
4514;2
4515;2
4516;1
4517;6
4518;4
4519;8
4520;4
4521;3
4522;6
4523;5
4524;3
4525;6
4526;3
4527;3
4528;3
4529;4
4530;2
4531;3
4532;4
4533;1
4534;1
4535;2
4536;3
4537;2
4538;2
4539;5
4540;2
4541;3
4542;4
4543;1
4544;3
4545;1
4546;5
4547;4
4548;3
4549;2
4550;4
4551;4
4552;6
4553;5
4554;6
4555;1
4556;0
4557;4
4558;2
4559;4
4560;4
4561;3
4562;1
4563;1
4564;3
4565;4
4566;0
4567;4
4568;3
4569;1
4570;0
4571;6
4572;3
4573;3
4574;3
4575;5
4576;1
4577;3
4578;2
4579;3
4580;4
4581;3
4582;3
4583;1
4584;3
4585;2
4586;1
4587;2
4588;4
4589;1
4590;2
4591;4
4592;4
4593;1
4594;3
4595;2
4596;3
4597;1
4598;1
4599;4
4600;2
4601;2
4602;2
4603;3
4604;5
4605;1
4606;6
4607;2
4608;2
4609;2
4610;1
4611;1
4612;4
4613;2
4614;0
4615;0
4616;3
4617;3
4618;3
4619;2
4620;1
4621;2
4622;5
4623;3
4624;3
4625;5
4626;5
4627;0
4628;0
4629;4
4630;7
4631;1
4632;4
4633;2
4634;3
4635;2
4636;4
4637;2
4638;1
4639;3
4640;1
4641;0
4642;2
4643;2
4644;2
4645;3
4646;2
4647;5
4648;5
4649;2
4650;1
4651;4
4652;1
4653;5
4654;1
4655;1
4656;0
4657;4
4658;4
4659;5
4660;1
4661;6
4662;3
4663;1
4664;3
4665;2
4666;4
4667;3
4668;2
4669;0
4670;3
4671;3
4672;3
4673;4
4674;5
4675;1
4676;3
4677;5
4678;1
4679;2
4680;2
4681;3
4682;3
4683;2
4684;3
4685;2
4686;1
4687;0
4688;3
4689;3
4690;1
4691;1
4692;4
4693;3
4694;3
4695;3
4696;5
4697;1
4698;1
4699;2
4700;4
4701;4
4702;2
4703;1
4704;2
4705;2
4706;1
4707;0
4708;1
4709;4
4710;2
4711;1
4712;3
4713;3
4714;2
4715;2
4716;2
4717;5
4718;0
4719;1
4720;2
4721;4
4722;1
4723;3
4724;1
4725;3
4726;1
4727;1
4728;1
4729;3
4730;2
4731;6
4732;0
4733;4
4734;5
4735;1
4736;2
4737;3
4738;2
4739;3
4740;2
4741;3
4742;2
4743;1
4744;5
4745;3
4746;0
4747;2
4748;3
4749;3
4750;3
4751;2
4752;3
4753;1
4754;8
4755;0
4756;3
4757;2
4758;4
4759;4
4760;2
4761;3
4762;0
4763;3
4764;5
4765;3
4766;5
4767;5
4768;1
4769;3
4770;0
4771;4
4772;2
4773;0
4774;2
4775;5
4776;0
4777;0
4778;3
4779;3
4780;7
4781;4
4782;3
4783;4
4784;4
4785;7
4786;6
4787;8
4788;8
4789;10
4790;14
4791;12
4792;15
4793;17
4794;7
4795;6
4796;7
4797;6
4798;6
4799;1
4800;1
4801;5
4802;4
4803;2
4804;3
4805;3
4806;1
4807;3
4808;4
4809;3
4810;2
4811;2
4812;2
4813;3
4814;2
4815;1
4816;2
4817;1
4818;2
4819;2
4820;3
4821;3
4822;2
4823;1
4824;3
4825;0
4826;1
4827;3
4828;2
4829;1
4830;0
4831;3
4832;1
4833;2
4834;1
4835;2
4836;3
4837;1
4838;7
4839;4
4840;2
4841;4
4842;0
4843;2
4844;2
4845;1
4846;3
4847;2
4848;9
4849;0
4850;0
4851;7
4852;3
4853;4
4854;3
4855;1
4856;2
4857;5
4858;3
4859;2
4860;1
4861;2
4862;5
4863;2
4864;2
4865;8
4866;1
4867;2
4868;4
4869;1
4870;3
4871;0
4872;2
4873;2
4874;2
4875;1
4876;2
4877;0
4878;6
4879;2
4880;1
4881;4
4882;1
4883;2
4884;0
4885;1
4886;1
4887;0
4888;3
4889;0
4890;0
4891;3
4892;0
4893;1
4894;3
4895;5
4896;1
4897;1
4898;0
4899;0
4900;3
4901;2
4902;0
4903;3
4904;2
4905;2
4906;4
4907;3
4908;2
4909;1
4910;3
4911;1
4912;2
4913;0
4914;4
4915;2
4916;2
4917;1
4918;1
4919;1
4920;1
4921;4
4922;1
4923;3
4924;3
4925;3
4926;3
4927;0
4928;0
4929;1
4930;0
4931;3
4932;0
4933;0
4934;1
4935;1
4936;2
4937;5
4938;1
4939;2
4940;2
4941;2
4942;2
4943;3
4944;3
4945;5
4946;1
4947;1
4948;2
4949;3
4950;4
4951;2
4952;2
4953;2
4954;3
4955;3
4956;1
4957;2
4958;1
4959;5
4960;3
4961;5
4962;0
4963;4
4964;3
4965;5
4966;6
4967;3
4968;0
4969;2
4970;3
4971;1
4972;2
4973;8
4974;4
4975;5
4976;2
4977;2
4978;2
4979;2
4980;1
4981;1
4982;3
4983;3
4984;1
4985;2
4986;3
4987;5
4988;2
4989;1
4990;2
4991;1
4992;4
4993;1
4994;3
4995;2
4996;2
4997;1
4998;2
4999;3
5000;5
5001;1
5002;2
5003;2
5004;2
5005;4
5006;0
5007;1
5008;0
5009;4
5010;3
5011;3
5012;1
5013;2
5014;1
5015;2
5016;3
5017;3
5018;0
5019;3
5020;3
5021;1
5022;0
5023;3
5024;1
5025;4
5026;2
5027;3
5028;2
5029;3
5030;0
5031;3
5032;4
5033;2
5034;4
5035;1
5036;0
5037;3
5038;2
5039;3
5040;4
5041;2
5042;3
5043;1
5044;2
5045;1
5046;0
5047;0
5048;5
5049;3
5050;0
5051;2
5052;3
5053;1
5054;0
5055;3
5056;1
5057;3
5058;3
5059;4
5060;1
5061;4
5062;4
5063;4
5064;2
5065;3
5066;2
5067;3
5068;3
5069;0
5070;3
5071;4
5072;7
5073;3
5074;3
5075;7
5076;1
5077;7
5078;2
5079;1
5080;2
5081;2
5082;2
5083;3
5084;3
5085;3
5086;2
5087;6
5088;5
5089;3
5090;3
5091;8
5092;7
5093;11
5094;5
5095;6
5096;6
5097;8
5098;10
5099;6
5100;6
5101;4
5102;5
5103;3
5104;2
5105;2
5106;2
5107;1
5108;3
5109;1
5110;2
5111;4
5112;0
5113;2
5114;3
5115;2
5116;4
5117;1
5118;2
5119;4
5120;2
5121;0
5122;2
5123;2
5124;4
5125;1
5126;1
5127;2
5128;2
5129;2
5130;3
5131;4
5132;2
5133;2
5134;1
5135;1
5136;0
5137;3
5138;3
5139;2
5140;1
5141;2
5142;1
5143;4
5144;3
5145;2
5146;4
5147;2
5148;4
5149;0
5150;2
5151;2
5152;3
5153;3
5154;2
5155;1
5156;1
5157;3
5158;2
5159;2
5160;0
5161;2
5162;6
5163;0
5164;1
5165;0
5166;1
5167;4
5168;0
5169;4
5170;3
5171;3
5172;3
5173;4
5174;1
5175;2
5176;1
5177;3
5178;2
5179;0
5180;2
5181;1
5182;1
5183;3
5184;2
5185;4
5186;2
5187;3
5188;1
5189;1
5190;3
5191;8
5192;0
5193;3
5194;3
5195;1
5196;3
5197;1
5198;3
5199;3
5200;1
5201;0
5202;1
5203;2
5204;2
5205;6
5206;3
5207;0
5208;4
5209;2
5210;0
5211;0
5212;2
5213;2
5214;2
5215;3
5216;5
5217;0
5218;1
5219;0
5220;3
5221;2
5222;1
5223;2
5224;0
5225;2
5226;2
5227;2
5228;2
5229;0
5230;4
5231;1
5232;1
5233;1
5234;0
5235;1
5236;2
5237;1
5238;1
5239;1
5240;1
5241;1
5242;7
5243;0
5244;1
5245;0
5246;1
5247;0
5248;4
5249;1
5250;2
5251;4
5252;3
5253;3
5254;1
5255;0
5256;3
5257;3
5258;1
5259;2
5260;2
5261;3
5262;3
5263;3
5264;0
5265;2
5266;4
5267;2
5268;1
5269;1
5270;1
5271;1
5272;0
5273;3
5274;2
5275;1
5276;2
5277;2
5278;0
5279;1
5280;1
5281;0
5282;1
5283;3
5284;4
5285;2
5286;2
5287;1
5288;3
5289;1
5290;3
5291;2
5292;4
5293;3
5294;2
5295;4
5296;3
5297;1
5298;1
5299;0
5300;5
5301;4
5302;2
5303;2
5304;5
5305;1
5306;0
5307;2
5308;0
5309;1
5310;1
5311;1
5312;0
5313;4
5314;1
5315;2
5316;1
5317;2
5318;2
5319;0
5320;2
5321;0
5322;2
5323;3
5324;3
5325;1
5326;2
5327;3
5328;1
5329;1
5330;4
5331;0
5332;0
5333;2
5334;0
5335;1
5336;2
5337;1
5338;0
5339;3
5340;5
5341;1
5342;2
5343;4
5344;2
5345;5
5346;1
5347;2
5348;1
5349;2
5350;3
5351;0
5352;1
5353;1
5354;0
5355;1
5356;2
5357;1
5358;1
5359;2
5360;4
5361;1
5362;8
5363;6
5364;2
5365;0
5366;1
5367;0
5368;1
5369;1
5370;1
5371;3
5372;1
5373;2
5374;0
5375;1
5376;0
5377;1
5378;2
5379;1
5380;2
5381;2
5382;2
5383;2
5384;0
5385;1
5386;1
5387;0
5388;0
5389;1
5390;2
5391;0
5392;2
5393;4
5394;2
5395;5
5396;0
5397;4
5398;3
5399;0
5400;0
5401;3
5402;1
5403;0
5404;0
5405;1
5406;1
5407;0
5408;1
5409;1
5410;6
5411;0
5412;2
5413;0
5414;4
5415;0
5416;2
5417;4
5418;2
5419;3
5420;1
5421;1
5422;0
5423;1
5424;2
5425;2
5426;4
5427;3
5428;2
5429;1
5430;5
5431;4
5432;0
5433;3
5434;1
5435;0
5436;1
5437;3
5438;3
5439;2
5440;3
5441;2
5442;2
5443;4
5444;1
5445;1
5446;1
5447;6
5448;1
5449;2
5450;0
5451;4
5452;0
5453;4
5454;3
5455;2
5456;2
5457;2
5458;1
5459;2
5460;3
5461;0
5462;1
5463;4
5464;2
5465;3
5466;0
5467;2
5468;0
5469;2
5470;1
5471;0
5472;2
5473;2
5474;2
5475;2
5476;1
5477;3
5478;4
5479;4
5480;1
5481;6
5482;1
5483;3
5484;0
5485;2
5486;3
5487;1
5488;4
5489;2
5490;3
5491;2
5492;0
5493;2
5494;0
5495;1
5496;3
5497;0
5498;0
5499;1
5500;1
5501;5
5502;2
5503;3
5504;5
5505;0
5506;2
5507;1
5508;1
5509;4
5510;3
5511;3
5512;1
5513;2
5514;3
5515;1
5516;2
5517;3
5518;3
5519;3
5520;3
5521;1
5522;3
5523;5
5524;2
5525;1
5526;1
5527;2
5528;0
5529;2
5530;4
5531;0
5532;1
5533;0
5534;1
5535;2
5536;4
5537;1
5538;3
5539;3
5540;0
5541;5
5542;1
5543;2
5544;2
5545;2
5546;1
5547;1
5548;1
5549;1
5550;1
5551;1
5552;2
5553;3
5554;1
5555;0
5556;1
5557;1
5558;3
5559;1
5560;4
5561;1
5562;3
5563;1
5564;2
5565;5
5566;4
5567;3
5568;3
5569;2
5570;1
5571;2
5572;2
5573;0
5574;4
5575;1
5576;1
5577;1
5578;1
5579;5
5580;5
5581;1
5582;3
5583;5
5584;2
5585;3
5586;2
5587;2
5588;2
5589;3
5590;2
5591;0
5592;1
5593;4
5594;2
5595;1
5596;1
5597;1
5598;2
5599;1
5600;1
5601;4
5602;4
5603;1
5604;0
5605;1
5606;5
5607;3
5608;1
5609;1
5610;0
5611;5
5612;2
5613;0
5614;1
5615;0
5616;4
5617;0
5618;0
5619;4
5620;0
5621;0
5622;2
5623;0
5624;4
5625;3
5626;3
5627;4
5628;0
5629;0
5630;3
5631;4
5632;1
5633;1
5634;4
5635;1
5636;0
5637;1
5638;1
5639;3
5640;2
5641;3
5642;2
5643;2
5644;0
5645;4
5646;1
5647;4
5648;2
5649;1
5650;3
5651;4
5652;0
5653;2
5654;4
5655;3
5656;0
5657;5
5658;0
5659;1
5660;1
5661;2
5662;2
5663;1
5664;1
5665;1
5666;2
5667;1
5668;1
5669;1
5670;1
5671;2
5672;3
5673;2
5674;3
5675;2
5676;3
5677;3
5678;3
5679;1
5680;2
5681;4
5682;0
5683;3
5684;0
5685;0
5686;0
5687;3
5688;1
5689;2
5690;3
5691;1
5692;2
5693;3
5694;1
5695;3
5696;8
5697;4
5698;2
5699;2
5700;2
5701;0
5702;1
5703;1
5704;1
5705;0
5706;4
5707;2
5708;3
5709;2
5710;0
5711;2
5712;0
5713;1
5714;5
5715;0
5716;2
5717;4
5718;3
5719;1
5720;3
5721;1
5722;1
5723;0
5724;2
5725;4
5726;4
5727;1
5728;2
5729;1
5730;1
5731;2
5732;1
5733;2
5734;0
5735;3
5736;1
5737;0
5738;3
5739;2
5740;1
5741;2
5742;2
5743;4
5744;3
5745;3
5746;1
5747;2
5748;4
5749;0
5750;5
5751;0
5752;1
5753;2
5754;2
5755;2
5756;2
5757;2
5758;2
5759;0
5760;1
5761;0
5762;6
5763;1
5764;2
5765;2
5766;3
5767;0
5768;2
5769;1
5770;3
5771;0
5772;0
5773;1
5774;0
5775;1
5776;1
5777;2
5778;2
5779;1
5780;0
5781;1
5782;1
5783;3
5784;2
5785;5
5786;2
5787;3
5788;1
5789;1
5790;2
5791;2
5792;1
5793;3
5794;1
5795;0
5796;0
5797;1
5798;1
5799;2
5800;1
5801;2
5802;1
5803;2
5804;3
5805;3
5806;0
5807;3
5808;1
5809;2
5810;1
5811;2
5812;0
5813;2
5814;3
5815;2
5816;1
5817;2
5818;0
5819;1
5820;2
5821;1
5822;1
5823;2
5824;2
5825;0
5826;4
5827;0
5828;3
5829;3
5830;3
5831;2
5832;1
5833;0
5834;2
5835;3
5836;1
5837;1
5838;3
5839;3
5840;0
5841;2
5842;1
5843;0
5844;0
5845;0
5846;2
5847;1
5848;2
5849;4
5850;2
5851;1
5852;0
5853;0
5854;3
5855;2
5856;1
5857;1
5858;3
5859;1
5860;6
5861;2
5862;2
5863;0
5864;1
5865;3
5866;3
5867;1
5868;1
5869;1
5870;3
5871;3
5872;2
5873;1
5874;0
5875;1
5876;4
5877;3
5878;2
5879;2
5880;2
5881;2
5882;0
5883;0
5884;1
5885;3
5886;3
5887;4
5888;3
5889;3
5890;3
5891;3
5892;4
5893;5
5894;5
5895;5
5896;12
5897;3
5898;5
5899;3
5900;4
5901;3
5902;4
5903;1
5904;4
5905;3
5906;0
5907;2
5908;2
5909;3
5910;0
5911;1
5912;4
5913;1
5914;3
5915;1
5916;1
5917;2
5918;1
5919;1
5920;1
5921;1
5922;0
5923;4
5924;2
5925;0
5926;2
5927;1
5928;1
5929;1
5930;2
5931;1
5932;0
5933;1
5934;0
5935;3
5936;0
5937;2
5938;0
5939;2
5940;2
5941;3
5942;0
5943;1
5944;1
5945;1
5946;0
5947;1
5948;0
5949;2
5950;0
5951;0
5952;3
5953;1
5954;2
5955;1
5956;0
5957;2
5958;2
5959;2
5960;2
5961;0
5962;1
5963;2
5964;2
5965;0
5966;1
5967;2
5968;4
5969;3
5970;3
5971;3
5972;3
5973;2
5974;0
5975;1
5976;0
5977;0
5978;3
5979;1
5980;3
5981;1
5982;2
5983;2
5984;1
5985;4
5986;1
5987;4
5988;1
5989;2
5990;3
5991;0
5992;3
5993;2
5994;2
5995;4
5996;2
5997;2
5998;1
5999;3
6000;3
6001;2
6002;2
6003;0
6004;3
6005;6
6006;0
6007;1
6008;2
6009;2
6010;1
6011;1
6012;1
6013;3
6014;2
6015;1
6016;3
6017;1
6018;2
6019;1
6020;1
6021;1
6022;3
6023;1
6024;2
6025;2
6026;1
6027;1
6028;2
6029;3
6030;0
6031;4
6032;2
6033;3
6034;2
6035;2
6036;4
6037;4
6038;1
6039;2
6040;2
6041;2
6042;2
6043;1
6044;3
6045;1
6046;0
6047;0
6048;1
6049;2
6050;1
6051;2
6052;3
6053;1
6054;3
6055;1
6056;3
6057;1
6058;1
6059;1
6060;2
6061;3
6062;0
6063;0
6064;0
6065;0
6066;1
6067;1
6068;0
6069;1
6070;1
6071;6
6072;0
6073;1
6074;1
6075;2
6076;0
6077;3
6078;0
6079;2
6080;2
6081;1
6082;4
6083;3
6084;3
6085;0
6086;5
6087;1
6088;1
6089;1
6090;3
6091;1
6092;1
6093;1
6094;4
6095;0
6096;2
6097;1
6098;2
6099;1
6100;2
6101;3
6102;4
6103;1
6104;0
6105;3
6106;2
6107;2
6108;0
6109;1
6110;0
6111;3
6112;0
6113;3
6114;4
6115;0
6116;2
6117;2
6118;1
6119;0
6120;1
6121;1
6122;1
6123;1
6124;1
6125;0
6126;0
6127;2
6128;4
6129;0
6130;4
6131;1
6132;1
6133;3
6134;1
6135;1
6136;1
6137;0
6138;1
6139;0
6140;1
6141;3
6142;1
6143;3
6144;1
6145;4
6146;1
6147;2
6148;2
6149;0
6150;5
6151;1
6152;4
6153;4
6154;1
6155;1
6156;2
6157;2
6158;3
6159;0
6160;3
6161;6
6162;0
6163;0
6164;2
6165;0
6166;1
6167;2
6168;2
6169;3
6170;5
6171;2
6172;2
6173;3
6174;0
6175;3
6176;3
6177;3
6178;4
6179;1
6180;1
6181;2
6182;2
6183;1
6184;0
6185;3
6186;4
6187;2
6188;2
6189;2
6190;2
6191;1
6192;3
6193;2
6194;4
6195;1
6196;1
6197;3
6198;2
6199;2
6200;0
6201;0
6202;1
6203;4
6204;1
6205;1
6206;1
6207;4
6208;0
6209;0
6210;1
6211;2
6212;0
6213;2
6214;5
6215;0
6216;1
6217;1
6218;0
6219;0
6220;1
6221;1
6222;2
6223;2
6224;4
6225;3
6226;1
6227;3
6228;1
6229;0
6230;1
6231;1
6232;0
6233;1
6234;5
6235;2
6236;0
6237;0
6238;2
6239;2
6240;0
6241;0
6242;1
6243;1
6244;2
6245;2
6246;1
6247;2
6248;1
6249;1
6250;3
6251;0
6252;1
6253;2
6254;2
6255;1
6256;1
6257;1
6258;0
6259;2
6260;4
6261;0
6262;2
6263;0
6264;2
6265;3
6266;3
6267;1
6268;2
6269;2
6270;2
6271;6
6272;2
6273;1
6274;2
6275;0
6276;2
6277;3
6278;2
6279;2
6280;1
6281;1
6282;1
6283;1
6284;2
6285;1
6286;2
6287;2
6288;0
6289;4
6290;2
6291;1
6292;3
6293;3
6294;2
6295;4
6296;1
6297;2
6298;1
6299;4
6300;1
6301;2
6302;3
6303;2
6304;0
6305;1
6306;3
6307;3
6308;2
6309;2
6310;4
6311;1
6312;2
6313;3
6314;1
6315;1
6316;2
6317;3
6318;4
6319;1
6320;4
6321;4
6322;1
6323;2
6324;1
6325;2
6326;3
6327;1
6328;1
6329;1
6330;3
6331;1
6332;3
6333;4
6334;1
6335;2
6336;1
6337;3
6338;2
6339;1
6340;5
6341;2
6342;2
6343;0
6344;2
6345;2
6346;3
6347;1
6348;1
6349;0
6350;4
6351;2
6352;4
6353;1
6354;0
6355;3
6356;3
6357;0
6358;1
6359;4
6360;2
6361;1
6362;1
6363;5
6364;4
6365;6
6366;0
6367;1
6368;2
6369;0
6370;1
6371;6
6372;1
6373;1
6374;0
6375;2
6376;0
6377;3
6378;1
6379;3
6380;2
6381;3
6382;2
6383;0
6384;2
6385;2
6386;3
6387;1
6388;3
6389;3
6390;2
6391;2
6392;3
6393;3
6394;0
6395;1
6396;2
6397;0
6398;2
6399;1
6400;4
6401;1
6402;4
6403;3
6404;3
6405;2
6406;4
6407;3
6408;6
6409;1
6410;1
6411;0
6412;0
6413;3
6414;1
6415;0
6416;4
6417;0
6418;1
6419;3
6420;1
6421;1
6422;0
6423;5
6424;0
6425;2
6426;5
6427;1
6428;0
6429;2
6430;2
6431;2
6432;3
6433;4
6434;3
6435;3
6436;1
6437;5
6438;4
6439;1
6440;1
6441;5
6442;2
6443;0
6444;3
6445;0
6446;4
6447;2
6448;1
6449;2
6450;1
6451;0
6452;3
6453;3
6454;0
6455;1
6456;0
6457;2
6458;2
6459;2
6460;2
6461;1
6462;3
6463;2
6464;2
6465;1
6466;4
6467;7
6468;3
6469;0
6470;1
6471;1
6472;2
6473;1
6474;5
6475;0
6476;3
6477;3
6478;1
6479;2
6480;5
6481;1
6482;3
6483;1
6484;1
6485;1
6486;2
6487;2
6488;1
6489;4
6490;2
6491;0
6492;2
6493;3
6494;1
6495;3
6496;3
6497;2
6498;3
6499;2
6500;2
6501;3
6502;2
6503;5
6504;5
6505;2
6506;2
6507;2
6508;4
6509;1
6510;2
6511;0
6512;1
6513;1
6514;5
6515;3
6516;3
6517;4
6518;7
6519;2
6520;3
6521;3
6522;5
6523;4
6524;3
6525;0
6526;5
6527;0
6528;3
6529;0
6530;1
6531;1
6532;2
6533;1
6534;2
6535;2
6536;1
6537;1
6538;0
6539;5
6540;6
6541;6
6542;1
6543;3
6544;3
6545;1
6546;2
6547;1
6548;3
6549;3
6550;3
6551;1
6552;0
6553;0
6554;2
6555;1
6556;1
6557;2
6558;2
6559;3
6560;2
6561;3
6562;2
6563;3
6564;3
6565;2
6566;0
6567;3
6568;1
6569;0
6570;2
6571;0
6572;1
6573;1
6574;2
6575;1
6576;0
6577;2
6578;3
6579;1
6580;3
6581;1
6582;4
6583;0
6584;1
6585;2
6586;1
6587;1
6588;1
6589;1
6590;0
6591;1
6592;3
6593;1
6594;3
6595;3
6596;2
6597;2
6598;3
6599;2
6600;2
6601;2
6602;1
6603;0
6604;1
6605;2
6606;2
6607;0
6608;0
6609;3
6610;2
6611;3
6612;2
6613;1
6614;2
6615;2
6616;3
6617;1
6618;0
6619;0
6620;1
6621;1
6622;2
6623;3
6624;0
6625;1
6626;1
6627;0
6628;1
6629;0
6630;0
6631;3
6632;1
6633;1
6634;1
6635;2
6636;3
6637;1
6638;2
6639;2
6640;0
6641;2
6642;1
6643;1
6644;2
6645;2
6646;0
6647;0
6648;1
6649;0
6650;1
6651;0
6652;2
6653;2
6654;2
6655;1
6656;0
6657;0
6658;2
6659;3
6660;2
6661;0
6662;1
6663;1
6664;1
6665;1
6666;0
6667;0
6668;0
6669;1
6670;0
6671;1
6672;2
6673;1
6674;2
6675;1
6676;2
6677;3
6678;0
6679;2
6680;1
6681;0
6682;3
6683;0
6684;0
6685;0
6686;2
6687;0
6688;2
6689;2
6690;3
6691;0
6692;0
6693;2
6694;1
6695;3
6696;1
6697;0
6698;0
6699;0
6700;1
6701;2
6702;0
6703;0
6704;2
6705;0
6706;0
6707;0
6708;2
6709;0
6710;1
6711;1
6712;2
6713;4
6714;2
6715;1
6716;0
6717;1
6718;3
6719;1
6720;3
6721;2
6722;1
6723;1
6724;2
6725;2
6726;1
6727;0
6728;1
6729;2
6730;0
6731;0
6732;1
6733;0
6734;5
6735;1
6736;0
6737;0
6738;2
6739;0
6740;1
6741;2
6742;5
6743;2
6744;1
6745;3
6746;4
6747;4
6748;2
6749;2
6750;0
6751;0
6752;1
6753;2
6754;1
6755;1
6756;1
6757;1
6758;2
6759;2
6760;0
6761;0
6762;2
6763;4
6764;1
6765;1
6766;2
6767;1
6768;0
6769;0
6770;0
6771;0
6772;1
6773;4
6774;0
6775;3
6776;1
6777;0
6778;0
6779;6
6780;1
6781;0
6782;1
6783;2
6784;0
6785;0
6786;1
6787;1
6788;0
6789;2
6790;2
6791;0
6792;1
6793;0
6794;0
6795;0
6796;0
6797;1
6798;1
6799;1
6800;0
6801;2
6802;1
6803;2
6804;3
6805;0
6806;3
6807;0
6808;1
6809;1
6810;0
6811;0
6812;2
6813;1
6814;2
6815;1
6816;1
6817;2
6818;2
6819;2
6820;0
6821;0
6822;0
6823;0
6824;2
6825;0
6826;1
6827;0
6828;2
6829;1
6830;1
6831;1
6832;1
6833;1
6834;2
6835;2
6836;3
6837;2
6838;1
6839;2
6840;1
6841;1
6842;0
6843;2
6844;2
6845;0
6846;0
6847;1
6848;1
6849;1
6850;0
6851;1
6852;1
6853;1
6854;1
6855;4
6856;1
6857;2
6858;1
6859;2
6860;2
6861;1
6862;1
6863;1
6864;2
6865;0
6866;2
6867;1
6868;1
6869;2
6870;0
6871;2
6872;1
6873;0
6874;0
6875;4
6876;1
6877;2
6878;1
6879;2
6880;0
6881;0
6882;0
6883;2
6884;0
6885;3
6886;0
6887;1
6888;1
6889;0
6890;2
6891;1
6892;1
6893;0
6894;1
6895;1
6896;0
6897;1
6898;0
6899;1
6900;0
6901;0
6902;2
6903;1
6904;1
6905;0
6906;0
6907;0
6908;1
6909;3
6910;1
6911;0
6912;0
6913;0
6914;2
6915;0
6916;1
6917;2
6918;1
6919;1
6920;0
6921;2
6922;1
6923;3
6924;0
6925;2
6926;1
6927;3
6928;0
6929;5
6930;0
6931;2
6932;0
6933;0
6934;1
6935;1
6936;0
6937;3
6938;0
6939;0
6940;0
6941;1
6942;2
6943;3
6944;1
6945;1
6946;0
6947;2
6948;1
6949;0
6950;0
6951;1
6952;1
6953;0
6954;0
6955;0
6956;3
6957;1
6958;2
6959;2
6960;1
6961;2
6962;0
6963;5
6964;2
6965;1
6966;2
6967;3
6968;0
6969;2
6970;0
6971;0
6972;0
6973;1
6974;0
6975;3
6976;3
6977;0
6978;1
6979;3
6980;0
6981;0
6982;1
6983;0
6984;0
6985;0
6986;1
6987;1
6988;0
6989;2
6990;0
6991;1
6992;1
6993;0
6994;2
6995;0
6996;0
6997;2
6998;1
6999;1
7000;0
7001;1
7002;0
7003;3
7004;1
7005;3
7006;0
7007;1
7008;0
7009;2
7010;3
7011;1
7012;1
7013;0
7014;0
7015;0
7016;2
7017;1
7018;0
7019;1
7020;2
7021;1
7022;0
7023;1
7024;0
7025;1
7026;2
7027;2
7028;1
7029;1
7030;0
7031;0
7032;1
7033;0
7034;0
7035;0
7036;2
7037;0
7038;0
7039;0
7040;1
7041;0
7042;0
7043;1
7044;1
7045;1
7046;0
7047;1
7048;0
7049;0
7050;0
7051;0
7052;0
7053;0
7054;0
7055;0
7056;2
7057;1
7058;1
7059;1
7060;0
7061;1
7062;0
7063;0
7064;0
7065;1
7066;0
7067;0
7068;0
7069;1
7070;0
7071;2
7072;0
7073;0
7074;1
7075;1
7076;0
7077;0
7078;0
7079;0
7080;2
7081;0
7082;1
7083;1
7084;1
7085;0
7086;0
7087;1
7088;0
7089;0
7090;2
7091;1
7092;1
7093;1
7094;0
7095;0
7096;0
7097;0
7098;0
7099;0
7100;2
7101;0
7102;2
7103;0
7104;1
7105;0
7106;0
7107;0
7108;0
7109;1
7110;0
7111;2
7112;0
7113;0
7114;1
7115;2
7116;0
7117;2
7118;0
7119;0
7120;0
7121;0
7122;0
7123;2
7124;1
7125;1
7126;2
7127;1
7128;0
7129;1
7130;0
7131;0
7132;1
7133;0
7134;0
7135;1
7136;1
7137;3
7138;0
7139;1
7140;1
7141;0
7142;0
7143;0
7144;1
7145;0
7146;0
7147;1
7148;1
7149;0
7150;1
7151;1
7152;2
7153;1
7154;1
7155;1
7156;1
7157;0
7158;0
7159;0
7160;0
7161;0
7162;2
7163;2
7164;2
7165;0
7166;0
7167;0
7168;2
7169;0
7170;0
7171;1
7172;1
7173;0
7174;0
7175;0
7176;0
7177;0
7178;1
7179;0
7180;0
7181;0
7182;0
7183;0
7184;1
7185;0
7186;0
7187;0
7188;1
7189;0
7190;0
7191;1
7192;1
7193;0
7194;1
7195;0
7196;2
7197;2
7198;1
7199;1
7200;0
7201;0
7202;0
7203;0
7204;0
7205;0
7206;1
7207;1
7208;0
7209;1
7210;0
7211;0
7212;0
7213;2
7214;0
7215;0
7216;0
7217;0
7218;2
7219;0
7220;1
7221;0
7222;1
7223;0
7224;1
7225;2
7226;1
7227;0
7228;1
7229;3
7230;0
7231;1
7232;0
7233;0
7234;1
7235;1
7236;0
7237;2
7238;0
7239;3
7240;1
7241;1
7242;1
7243;0
7244;0
7245;2
7246;0
7247;0
7248;1
7249;1
7250;0
7251;0
7252;0
7253;1
7254;2
7255;0
7256;2
7257;2
7258;3
7259;3
7260;2
7261;3
7262;0
7263;2
7264;1
7265;2
7266;0
7267;1
7268;0
7269;0
7270;0
7271;0
7272;2
7273;0
7274;0
7275;1
7276;3
7277;1
7278;1
7279;0
7280;0
7281;0
7282;1
7283;0
7284;0
7285;1
7286;1
7287;0
7288;0
7289;0
7290;0
7291;1
7292;1
7293;0
7294;0
7295;1
7296;1
7297;1
7298;1
7299;1
7300;2
7301;2
7302;0
7303;0
7304;0
7305;0
7306;0
7307;1
7308;0
7309;1
7310;0
7311;1
7312;0
7313;1
7314;2
7315;0
7316;0
7317;1
7318;0
7319;1
7320;1
7321;0
7322;0
7323;0
7324;2
7325;1
7326;0
7327;0
7328;0
7329;2
7330;0
7331;0
7332;0
7333;2
7334;2
7335;1
7336;3
7337;0
7338;1
7339;1
7340;1
7341;0
7342;1
7343;0
7344;0
7345;0
7346;0
7347;0
7348;0
7349;0
7350;0
7351;1
7352;1
7353;0
7354;0
7355;1
7356;1
7357;0
7358;0
7359;3
7360;1
7361;2
7362;1
7363;3
7364;0
7365;2
7366;1
7367;1
7368;0
7369;1
7370;0
7371;1
7372;1
7373;0
7374;1
7375;2
7376;1
7377;0
7378;0
7379;0
7380;2
7381;0
7382;0
7383;0
7384;1
7385;2
7386;2
7387;0
7388;1
7389;0
7390;1
7391;0
7392;0
7393;0
7394;0
7395;0
7396;0
7397;0
7398;1
7399;0
7400;2
7401;0
7402;3
7403;2
7404;1
7405;0
7406;1
7407;1
7408;0
7409;0
7410;0
7411;0
7412;1
7413;0
7414;1
7415;1
7416;2
7417;1
7418;0
7419;2
7420;0
7421;2
7422;1
7423;3
7424;1
7425;1
7426;0
7427;1
7428;0
7429;2
7430;1
7431;0
7432;1
7433;1
7434;0
7435;1
7436;0
7437;0
7438;0
7439;0
7440;1
7441;0
7442;0
7443;0
7444;1
7445;1
7446;1
7447;0
7448;1
7449;0
7450;0
7451;0
7452;0
7453;0
7454;0
7455;3
7456;1
7457;1
7458;0
7459;1
7460;0
7461;1
7462;0
7463;1
7464;0
7465;0
7466;0
7467;0
7468;1
7469;1
7470;0
7471;0
7472;0
7473;0
7474;1
7475;0
7476;1
7477;1
7478;1
7479;1
7480;0
7481;0
7482;1
7483;1
7484;1
7485;0
7486;0
7487;0
7488;0
7489;1
7490;0
7491;1
7492;0
7493;2
7494;1
7495;0
7496;0
7497;2
7498;0
7499;2
7500;0
7501;1
7502;0
7503;1
7504;0
7505;0
7506;1
7507;0
7508;1
7509;0
7510;0
7511;0
7512;0
7513;1
7514;2
7515;1
7516;1
7517;2
7518;0
7519;2
7520;0
7521;0
7522;0
7523;1
7524;0
7525;1
7526;0
7527;0
7528;1
7529;1
7530;1
7531;1
7532;0
7533;0
7534;0
7535;1
7536;1
7537;1
7538;1
7539;0
7540;0
7541;0
7542;1
7543;2
7544;1
7545;1
7546;0
7547;0
7548;0
7549;2
7550;0
7551;1
7552;0
7553;2
7554;0
7555;1
7556;0
7557;0
7558;1
7559;1
7560;0
7561;0
7562;2
7563;1
7564;1
7565;0
7566;0
7567;1
7568;0
7569;1
7570;1
7571;0
7572;1
7573;1
7574;1
7575;0
7576;0
7577;0
7578;0
7579;0
7580;0
7581;0
7582;0
7583;0
7584;0
7585;0
7586;0
7587;0
7588;3
7589;1
7590;0
7591;0
7592;0
7593;0
7594;1
7595;0
7596;1
7597;0
7598;1
7599;0
7600;1
7601;2
7602;1
7603;0
7604;2
7605;1
7606;0
7607;0
7608;0
7609;0
7610;0
7611;1
7612;0
7613;0
7614;0
7615;0
7616;0
7617;0
7618;1
7619;2
7620;1
7621;0
7622;0
7623;1
7624;1
7625;0
7626;0
7627;0
7628;1
7629;1
7630;1
7631;0
7632;0
7633;0
7634;2
7635;0
7636;0
7637;1
7638;0
7639;0
7640;0
7641;1
7642;1
7643;1
7644;0
7645;0
7646;1
7647;1
7648;1
7649;0
7650;0
7651;0
7652;0
7653;0
7654;0
7655;0
7656;1
7657;1
7658;1
7659;1
7660;0
7661;0
7662;0
7663;1
7664;0
7665;0
7666;0
7667;0
7668;0
7669;1
7670;2
7671;0
7672;0
7673;1
7674;2
7675;0
7676;1
7677;4
7678;1
7679;2
7680;2
7681;5
7682;3
7683;1
7684;7
7685;10
7686;16
7687;14
7688;17
7689;25
7690;25
7691;37
7692;29
7693;43
7694;53
7695;51
7696;54
7697;46
7698;41
7699;39
7700;35
7701;38
7702;18
7703;19
7704;13
7705;13
7706;10
7707;5
7708;8
7709;3
7710;2
7711;0
7712;1
7713;1
7714;0
7715;0
7716;0
7717;0
7718;1
7719;0
7720;1
7721;0
7722;0
7723;0
7724;0
7725;0
7726;0
7727;1
7728;0
7729;0
7730;1
7731;0
7732;0
7733;0
7734;1
7735;0
7736;0
7737;0
7738;2
7739;0
7740;1
7741;0
7742;1
7743;1
7744;0
7745;0
7746;0
7747;0
7748;0
7749;1
7750;1
7751;0
7752;0
7753;1
7754;0
7755;0
7756;1
7757;0
7758;1
7759;1
7760;0
7761;0
7762;0
7763;0
7764;0
7765;1
7766;0
7767;0
7768;0
7769;0
7770;0
7771;0
7772;1
7773;0
7774;1
7775;0
7776;0
7777;0
7778;0
7779;1
7780;0
7781;0
7782;0
7783;1
7784;1
7785;0
7786;0
7787;0
7788;0
7789;0
7790;0
7791;0
7792;0
7793;0
7794;0
7795;1
7796;2
7797;0
7798;1
7799;0
7800;0
7801;0
7802;0
7803;1
7804;0
7805;0
7806;1
7807;0
7808;1
7809;0
7810;0
7811;0
7812;0
7813;0
7814;0
7815;0
7816;2
7817;0
7818;0
7819;0
7820;0
7821;1
7822;0
7823;0
7824;0
7825;0
7826;1
7827;0
7828;0
7829;0
7830;0
7831;0
7832;0
7833;0
7834;0
7835;0
7836;0
7837;0
7838;0
7839;0
7840;0
7841;0
7842;0
7843;0
7844;0
7845;1
7846;0
7847;0
7848;2
7849;0
7850;1
7851;0
7852;0
7853;0
7854;0
7855;0
7856;0
7857;1
7858;1
7859;0
7860;0
7861;0
7862;0
7863;1
7864;0
7865;0
7866;0
7867;0
7868;0
7869;0
7870;1
7871;0
7872;0
7873;1
7874;0
7875;1
7876;1
7877;2
7878;0
7879;1
7880;0
7881;0
7882;0
7883;2
7884;1
7885;0
7886;0
7887;0
7888;0
7889;0
7890;0
7891;0
7892;2
7893;1
7894;0
7895;1
7896;1
7897;1
7898;2
7899;2
7900;0
7901;0
7902;0
7903;1
7904;1
7905;0
7906;0
7907;0
7908;0
7909;0
7910;2
7911;0
7912;1
7913;0
7914;0
7915;0
7916;2
7917;1
7918;0
7919;0
7920;0
7921;0
7922;0
7923;0
7924;0
7925;0
7926;1
7927;0
7928;1
7929;1
7930;1
7931;0
7932;0
7933;0
7934;0
7935;0
7936;0
7937;0
7938;0
7939;0
7940;0
7941;0
7942;0
7943;0
7944;0
7945;0
7946;0
7947;0
7948;3
7949;0
7950;0
7951;1
7952;0
7953;0
7954;3
7955;0
7956;1
7957;1
7958;1
7959;0
7960;1
7961;1
7962;0
7963;0
7964;0
7965;0
7966;0
7967;0
7968;0
7969;1
7970;1
7971;0
7972;1
7973;0
7974;0
7975;0
7976;0
7977;1
7978;0
7979;0
7980;0
7981;1
7982;0
7983;0
7984;0
7985;1
7986;0
7987;0
7988;1
7989;0
7990;1
7991;0
7992;0
7993;0
7994;0
7995;1
7996;1
7997;0
7998;0
7999;0
8000;1
8001;0
8002;1
8003;1
8004;0
8005;0
8006;0
8007;0
8008;1
8009;0
8010;1
8011;0
8012;1
8013;0
8014;0
8015;0
8016;0
8017;1
8018;0
8019;0
8020;1
8021;1
8022;0
8023;0
8024;0
8025;0
8026;1
8027;0
8028;0
8029;0
8030;0
8031;0
8032;0
8033;0
8034;0
8035;0
8036;0
8037;0
8038;1
8039;1
8040;1
8041;1
8042;1
8043;0
8044;0
8045;1
8046;1
8047;0
8048;0
8049;2
8050;0
8051;0
8052;2
8053;1
8054;0
8055;0
8056;0
8057;0
8058;0
8059;0
8060;0
8061;0
8062;0
8063;1
8064;0
8065;1
8066;1
8067;0
8068;0
8069;0
8070;1
8071;0
8072;0
8073;1
8074;0
8075;0
8076;0
8077;0
8078;0
8079;0
8080;0
8081;0
8082;0
8083;1
8084;0
8085;0
8086;0
8087;0
8088;0
8089;0
8090;0
8091;0
8092;0
8093;0
8094;0
8095;1
8096;0
8097;0
8098;0
8099;0
8100;0
8101;0
8102;0
8103;2
8104;0
8105;0
8106;0
8107;0
8108;0
8109;0
8110;0
8111;0
8112;0
8113;1
8114;0
8115;0
8116;1
8117;0
8118;0
8119;1
8120;1
8121;1
8122;0
8123;1
8124;1
8125;1
8126;1
8127;0
8128;0
8129;0
8130;0
8131;0
8132;0
8133;0
8134;0
8135;0
8136;0
8137;0
8138;0
8139;0
8140;0
8141;0
8142;0
8143;0
8144;0
8145;0
8146;0
8147;0
8148;0
8149;0
8150;0
8151;0
8152;0
8153;0
8154;0
8155;0
8156;0
8157;0
8158;0
8159;0
8160;0
8161;0
8162;0
8163;0
8164;0
8165;0
8166;0
8167;0
8168;0
8169;0
8170;0
8171;0
8172;0
8173;0
8174;0
8175;0
8176;0
8177;0
8178;0
8179;0
8180;0
8181;0
8182;0
8183;0
8184;0
8185;0
8186;0
8187;0
8188;0
8189;0
8190;0
8191;0
