0;0
1;0
2;0
3;0
4;0
5;0
6;0
7;0
8;0
9;0
10;0
11;0
12;0
13;0
14;0
15;0
16;0
17;0
18;0
19;0
20;0
21;0
22;0
23;0
24;0
25;0
26;0
27;0
28;0
29;0
30;0
31;0
32;0
33;0
34;0
35;0
36;0
37;0
38;0
39;0
40;0
41;0
42;0
43;0
44;0
45;0
46;0
47;0
48;0
49;0
50;0
51;0
52;0
53;0
54;0
55;0
56;0
57;0
58;0
59;0
60;0
61;0
62;0
63;0
64;0
65;0
66;0
67;0
68;0
69;0
70;0
71;0
72;0
73;0
74;0
75;0
76;0
77;0
78;0
79;0
80;0
81;0
82;0
83;0
84;0
85;0
86;0
87;0
88;0
89;0
90;0
91;0
92;0
93;0
94;0
95;0
96;0
97;0
98;0
99;0
100;0
101;0
102;0
103;0
104;0
105;0
106;0
107;0
108;0
109;0
110;0
111;0
112;0
113;0
114;0
115;0
116;0
117;0
118;0
119;0
120;0
121;0
122;0
123;0
124;0
125;0
126;0
127;0
128;0
129;0
130;0
131;0
132;3
133;23
134;177
135;458
136;668
137;701
138;733
139;710
140;800
141;812
142;808
143;749
144;832
145;820
146;847
147;796
148;790
149;805
150;837
151;805
152;743
153;772
154;714
155;725
156;702
157;686
158;729
159;689
160;641
161;654
162;640
163;559
164;572
165;531
166;511
167;511
168;500
169;448
170;440
171;454
172;440
173;396
174;441
175;422
176;348
177;335
178;346
179;323
180;332
181;318
182;321
183;316
184;322
185;297
186;274
187;300
188;274
189;290
190;267
191;237
192;253
193;241
194;228
195;237
196;202
197;236
198;235
199;249
200;230
201;252
202;240
203;228
204;207
205;211
206;235
207;225
208;199
209;231
210;210
211;236
212;185
213;207
214;232
215;232
216;216
217;226
218;245
219;241
220;233
221;222
222;212
223;231
224;221
225;241
226;222
227;238
228;201
229;204
230;223
231;238
232;209
233;232
234;261
235;237
236;237
237;256
238;220
239;232
240;214
241;221
242;219
243;254
244;242
245;243
246;237
247;228
248;224
249;249
250;207
251;196
252;235
253;214
254;222
255;212
256;238
257;234
258;237
259;251
260;237
261;233
262;271
263;261
264;269
265;251
266;223
267;207
268;241
269;236
270;226
271;263
272;229
273;249
274;210
275;228
276;292
277;223
278;245
279;234
280;261
281;255
282;263
283;223
284;262
285;247
286;251
287;260
288;233
289;228
290;238
291;261
292;245
293;254
294;230
295;267
296;274
297;271
298;258
299;254
300;256
301;272
302;233
303;245
304;267
305;259
306;299
307;254
308;278
309;260
310;239
311;257
312;266
313;262
314;281
315;263
316;288
317;260
318;279
319;275
320;282
321;283
322;249
323;270
324;278
325;278
326;275
327;272
328;257
329;282
330;268
331;271
332;278
333;276
334;289
335;256
336;305
337;282
338;307
339;295
340;293
341;243
342;301
343;282
344;283
345;277
346;249
347;299
348;297
349;299
350;299
351;277
352;274
353;289
354;288
355;284
356;299
357;282
358;272
359;292
360;276
361;312
362;276
363;273
364;348
365;290
366;280
367;287
368;291
369;313
370;301
371;321
372;306
373;300
374;296
375;303
376;337
377;319
378;279
379;315
380;321
381;346
382;291
383;315
384;320
385;320
386;292
387;339
388;321
389;321
390;336
391;295
392;346
393;325
394;322
395;296
396;322
397;304
398;323
399;283
400;302
401;316
402;365
403;334
404;344
405;310
406;334
407;321
408;330
409;306
410;343
411;310
412;288
413;336
414;340
415;339
416;285
417;332
418;303
419;304
420;331
421;322
422;309
423;342
424;308
425;323
426;315
427;329
428;314
429;321
430;311
431;357
432;337
433;319
434;339
435;330
436;315
437;333
438;338
439;315
440;357
441;342
442;292
443;317
444;317
445;318
446;337
447;364
448;334
449;316
450;335
451;330
452;352
453;310
454;334
455;337
456;310
457;315
458;325
459;341
460;354
461;315
462;302
463;283
464;356
465;326
466;322
467;360
468;328
469;292
470;333
471;359
472;326
473;346
474;365
475;320
476;321
477;310
478;353
479;332
480;363
481;297
482;342
483;325
484;359
485;340
486;352
487;311
488;345
489;339
490;336
491;359
492;322
493;301
494;349
495;360
496;343
497;370
498;344
499;294
500;316
501;309
502;333
503;329
504;319
505;322
506;313
507;311
508;325
509;334
510;324
511;313
512;361
513;337
514;303
515;335
516;405
517;330
518;343
519;316
520;325
521;364
522;376
523;323
524;343
525;356
526;341
527;345
528;336
529;351
530;320
531;309
532;352
533;325
534;311
535;325
536;346
537;308
538;345
539;356
540;353
541;358
542;341
543;358
544;342
545;354
546;362
547;317
548;366
549;318
550;354
551;315
552;321
553;329
554;322
555;355
556;334
557;326
558;323
559;358
560;365
561;358
562;331
563;370
564;335
565;342
566;352
567;377
568;333
569;342
570;330
571;340
572;332
573;351
574;350
575;363
576;334
577;336
578;346
579;346
580;362
581;345
582;321
583;358
584;339
585;336
586;343
587;361
588;348
589;321
590;334
591;370
592;351
593;320
594;357
595;396
596;342
597;350
598;348
599;375
600;366
601;352
602;372
603;368
604;360
605;364
606;319
607;343
608;377
609;360
610;360
611;381
612;407
613;355
614;367
615;413
616;383
617;365
618;357
619;373
620;377
621;364
622;355
623;350
624;372
625;365
626;367
627;340
628;340
629;384
630;379
631;354
632;365
633;362
634;362
635;360
636;410
637;381
638;398
639;379
640;344
641;372
642;386
643;390
644;339
645;402
646;375
647;357
648;381
649;374
650;373
651;372
652;397
653;383
654;387
655;382
656;373
657;390
658;399
659;420
660;380
661;339
662;361
663;387
664;340
665;353
666;373
667;340
668;377
669;397
670;404
671;352
672;365
673;348
674;397
675;389
676;381
677;350
678;346
679;376
680;386
681;375
682;401
683;346
684;323
685;390
686;377
687;366
688;392
689;364
690;345
691;339
692;392
693;394
694;372
695;372
696;369
697;362
698;373
699;367
700;393
701;374
702;386
703;392
704;411
705;386
706;338
707;380
708;368
709;385
710;328
711;361
712;355
713;395
714;362
715;372
716;389
717;349
718;394
719;389
720;422
721;352
722;348
723;372
724;356
725;363
726;371
727;384
728;319
729;347
730;392
731;360
732;353
733;365
734;384
735;362
736;393
737;369
738;379
739;346
740;401
741;370
742;381
743;365
744;399
745;401
746;370
747;344
748;390
749;370
750;383
751;390
752;359
753;364
754;414
755;352
756;375
757;371
758;387
759;328
760;374
761;374
762;381
763;382
764;355
765;380
766;346
767;359
768;341
769;394
770;384
771;360
772;388
773;372
774;340
775;359
776;340
777;390
778;381
779;375
780;337
781;390
782;400
783;352
784;381
785;361
786;360
787;386
788;377
789;371
790;360
791;371
792;375
793;354
794;376
795;369
796;408
797;409
798;361
799;353
800;369
801;366
802;362
803;346
804;391
805;380
806;365
807;366
808;391
809;361
810;352
811;350
812;351
813;402
814;370
815;409
816;391
817;363
818;390
819;407
820;318
821;357
822;348
823;387
824;351
825;330
826;362
827;367
828;355
829;377
830;380
831;350
832;416
833;375
834;369
835;358
836;366
837;366
838;364
839;354
840;361
841;344
842;369
843;364
844;337
845;358
846;358
847;393
848;338
849;359
850;347
851;372
852;363
853;388
854;377
855;367
856;377
857;349
858;407
859;362
860;371
861;378
862;369
863;356
864;374
865;368
866;337
867;408
868;369
869;368
870;372
871;366
872;354
873;378
874;329
875;374
876;343
877;385
878;373
879;373
880;361
881;355
882;412
883;373
884;364
885;349
886;382
887;379
888;375
889;334
890;362
891;383
892;380
893;362
894;363
895;377
896;360
897;392
898;395
899;364
900;383
901;373
902;373
903;388
904;408
905;397
906;413
907;372
908;352
909;384
910;374
911;399
912;373
913;392
914;387
915;361
916;391
917;367
918;390
919;415
920;396
921;394
922;393
923;469
924;402
925;399
926;403
927;436
928;372
929;436
930;398
931;425
932;389
933;425
934;449
935;472
936;470
937;435
938;416
939;431
940;422
941;438
942;396
943;419
944;464
945;411
946;417
947;420
948;442
949;445
950;406
951;504
952;397
953;427
954;419
955;478
956;441
957;488
958;462
959;456
960;450
961;517
962;477
963;492
964;450
965;492
966;520
967;457
968;489
969;473
970;480
971;514
972;483
973;519
974;523
975;506
976;502
977;516
978;495
979;503
980;532
981;534
982;514
983;507
984;501
985;514
986;501
987;549
988;503
989;499
990;557
991;508
992;494
993;565
994;505
995;497
996;519
997;515
998;491
999;553
1000;518
1001;520
1002;492
1003;549
1004;507
1005;519
1006;527
1007;523
1008;532
1009;537
1010;534
1011;505
1012;500
1013;525
1014;556
1015;491
1016;517
1017;541
1018;541
1019;518
1020;504
1021;510
1022;498
1023;505
1024;492
1025;525
1026;495
1027;486
1028;468
1029;487
1030;460
1031;490
1032;494
1033;476
1034;464
1035;483
1036;484
1037;457
1038;460
1039;451
1040;469
1041;446
1042;477
1043;479
1044;504
1045;449
1046;433
1047;464
1048;452
1049;431
1050;445
1051;441
1052;449
1053;431
1054;426
1055;432
1056;440
1057;426
1058;448
1059;425
1060;432
1061;431
1062;411
1063;432
1064;423
1065;458
1066;422
1067;415
1068;406
1069;407
1070;424
1071;405
1072;439
1073;413
1074;406
1075;397
1076;419
1077;400
1078;397
1079;384
1080;394
1081;414
1082;388
1083;370
1084;412
1085;383
1086;408
1087;388
1088;435
1089;369
1090;375
1091;395
1092;376
1093;386
1094;387
1095;330
1096;376
1097;344
1098;380
1099;351
1100;388
1101;358
1102;400
1103;368
1104;401
1105;405
1106;365
1107;395
1108;369
1109;353
1110;377
1111;356
1112;362
1113;370
1114;371
1115;362
1116;369
1117;366
1118;355
1119;374
1120;366
1121;373
1122;355
1123;352
1124;361
1125;323
1126;350
1127;351
1128;355
1129;364
1130;354
1131;373
1132;334
1133;351
1134;363
1135;358
1136;385
1137;333
1138;353
1139;356
1140;366
1141;356
1142;384
1143;344
1144;354
1145;387
1146;359
1147;340
1148;357
1149;364
1150;379
1151;390
1152;346
1153;366
1154;380
1155;364
1156;372
1157;339
1158;345
1159;323
1160;350
1161;324
1162;336
1163;335
1164;340
1165;330
1166;345
1167;339
1168;337
1169;362
1170;366
1171;382
1172;355
1173;327
1174;364
1175;373
1176;333
1177;333
1178;353
1179;388
1180;371
1181;369
1182;330
1183;342
1184;322
1185;341
1186;342
1187;326
1188;341
1189;376
1190;336
1191;349
1192;379
1193;347
1194;369
1195;347
1196;323
1197;292
1198;331
1199;341
1200;338
1201;376
1202;376
1203;325
1204;349
1205;370
1206;348
1207;365
1208;351
1209;327
1210;334
1211;361
1212;373
1213;341
1214;336
1215;349
1216;366
1217;376
1218;353
1219;358
1220;373
1221;339
1222;332
1223;353
1224;335
1225;316
1226;352
1227;332
1228;344
1229;339
1230;313
1231;322
1232;334
1233;345
1234;340
1235;338
1236;301
1237;340
1238;336
1239;329
1240;342
1241;341
1242;327
1243;352
1244;332
1245;380
1246;325
1247;325
1248;327
1249;330
1250;327
1251;327
1252;360
1253;326
1254;361
1255;344
1256;356
1257;347
1258;363
1259;334
1260;386
1261;358
1262;342
1263;388
1264;347
1265;338
1266;302
1267;365
1268;339
1269;344
1270;350
1271;353
1272;315
1273;327
1274;322
1275;377
1276;360
1277;322
1278;386
1279;321
1280;333
1281;318
1282;301
1283;340
1284;326
1285;298
1286;345
1287;299
1288;359
1289;336
1290;358
1291;328
1292;317
1293;309
1294;330
1295;330
1296;343
1297;318
1298;347
1299;333
1300;318
1301;324
1302;307
1303;327
1304;331
1305;324
1306;323
1307;315
1308;326
1309;342
1310;330
1311;329
1312;345
1313;357
1314;320
1315;335
1316;311
1317;353
1318;312
1319;336
1320;292
1321;347
1322;338
1323;308
1324;333
1325;287
1326;321
1327;317
1328;324
1329;339
1330;316
1331;342
1332;328
1333;335
1334;315
1335;324
1336;313
1337;327
1338;320
1339;307
1340;285
1341;282
1342;327
1343;362
1344;305
1345;321
1346;308
1347;284
1348;301
1349;304
1350;301
1351;334
1352;316
1353;271
1354;325
1355;296
1356;315
1357;291
1358;308
1359;339
1360;297
1361;352
1362;293
1363;323
1364;305
1365;326
1366;288
1367;286
1368;297
1369;348
1370;334
1371;289
1372;314
1373;331
1374;312
1375;329
1376;310
1377;317
1378;288
1379;315
1380;302
1381;315
1382;320
1383;295
1384;299
1385;335
1386;311
1387;327
1388;339
1389;286
1390;275
1391;283
1392;296
1393;302
1394;351
1395;331
1396;304
1397;298
1398;310
1399;276
1400;304
1401;325
1402;320
1403;296
1404;306
1405;289
1406;295
1407;300
1408;258
1409;344
1410;282
1411;260
1412;285
1413;278
1414;284
1415;302
1416;285
1417;324
1418;301
1419;305
1420;317
1421;315
1422;319
1423;289
1424;290
1425;314
1426;307
1427;300
1428;295
1429;270
1430;299
1431;316
1432;264
1433;270
1434;297
1435;294
1436;304
1437;286
1438;326
1439;266
1440;327
1441;280
1442;298
1443;293
1444;292
1445;282
1446;279
1447;318
1448;281
1449;290
1450;275
1451;255
1452;302
1453;262
1454;285
1455;277
1456;286
1457;286
1458;302
1459;276
1460;293
1461;275
1462;287
1463;282
1464;282
1465;271
1466;289
1467;259
1468;297
1469;257
1470;305
1471;271
1472;274
1473;285
1474;258
1475;244
1476;278
1477;269
1478;294
1479;275
1480;309
1481;271
1482;315
1483;270
1484;300
1485;268
1486;282
1487;287
1488;285
1489;275
1490;255
1491;275
1492;279
1493;266
1494;313
1495;249
1496;299
1497;290
1498;311
1499;273
1500;293
1501;273
1502;260
1503;286
1504;276
1505;251
1506;233
1507;281
1508;256
1509;262
1510;283
1511;272
1512;274
1513;260
1514;299
1515;264
1516;262
1517;264
1518;299
1519;278
1520;274
1521;270
1522;265
1523;273
1524;266
1525;265
1526;253
1527;251
1528;261
1529;258
1530;268
1531;240
1532;289
1533;266
1534;275
1535;300
1536;254
1537;237
1538;259
1539;258
1540;252
1541;236
1542;275
1543;297
1544;265
1545;258
1546;246
1547;268
1548;244
1549;247
1550;261
1551;289
1552;270
1553;282
1554;255
1555;275
1556;272
1557;242
1558;262
1559;261
1560;236
1561;285
1562;273
1563;240
1564;272
1565;246
1566;256
1567;265
1568;286
1569;250
1570;249
1571;243
1572;253
1573;277
1574;260
1575;219
1576;267
1577;277
1578;260
1579;279
1580;258
1581;239
1582;246
1583;237
1584;245
1585;254
1586;262
1587;253
1588;242
1589;247
1590;273
1591;276
1592;244
1593;251
1594;239
1595;246
1596;244
1597;283
1598;253
1599;252
1600;248
1601;281
1602;257
1603;224
1604;247
1605;219
1606;244
1607;270
1608;268
1609;267
1610;230
1611;247
1612;261
1613;245
1614;264
1615;253
1616;239
1617;228
1618;232
1619;243
1620;246
1621;236
1622;242
1623;230
1624;246
1625;257
1626;229
1627;244
1628;258
1629;267
1630;247
1631;249
1632;238
1633;239
1634;225
1635;232
1636;249
1637;251
1638;232
1639;241
1640;231
1641;243
1642;223
1643;257
1644;254
1645;235
1646;237
1647;221
1648;232
1649;195
1650;231
1651;239
1652;232
1653;232
1654;236
1655;234
1656;226
1657;216
1658;223
1659;233
1660;230
1661;234
1662;233
1663;242
1664;229
1665;220
1666;247
1667;238
1668;229
1669;255
1670;243
1671;223
1672;240
1673;228
1674;253
1675;246
1676;237
1677;212
1678;209
1679;229
1680;239
1681;240
1682;227
1683;218
1684;229
1685;236
1686;241
1687;237
1688;247
1689;215
1690;257
1691;254
1692;225
1693;224
1694;236
1695;214
1696;260
1697;222
1698;212
1699;246
1700;216
1701;243
1702;236
1703;257
1704;193
1705;248
1706;243
1707;214
1708;228
1709;246
1710;245
1711;236
1712;224
1713;244
1714;236
1715;213
1716;229
1717;207
1718;210
1719;194
1720;212
1721;257
1722;211
1723;211
1724;224
1725;221
1726;240
1727;212
1728;191
1729;232
1730;222
1731;200
1732;213
1733;199
1734;241
1735;238
1736;217
1737;241
1738;203
1739;210
1740;231
1741;202
1742;223
1743;217
1744;204
1745;225
1746;201
1747;196
1748;192
1749;210
1750;196
1751;200
1752;239
1753;226
1754;211
1755;224
1756;225
1757;224
1758;230
1759;211
1760;237
1761;223
1762;222
1763;201
1764;208
1765;203
1766;227
1767;210
1768;200
1769;197
1770;211
1771;214
1772;216
1773;196
1774;215
1775;229
1776;194
1777;193
1778;231
1779;216
1780;196
1781;224
1782;222
1783;214
1784;203
1785;204
1786;217
1787;223
1788;227
1789;196
1790;212
1791;223
1792;207
1793;212
1794;193
1795;234
1796;218
1797;195
1798;212
1799;224
1800;206
1801;198
1802;185
1803;218
1804;205
1805;200
1806;198
1807;225
1808;214
1809;197
1810;197
1811;198
1812;207
1813;220
1814;210
1815;200
1816;210
1817;200
1818;216
1819;218
1820;229
1821;198
1822;211
1823;184
1824;216
1825;217
1826;185
1827;205
1828;194
1829;197
1830;233
1831;196
1832;208
1833;208
1834;212
1835;193
1836;180
1837;214
1838;224
1839;201
1840;212
1841;226
1842;216
1843;197
1844;192
1845;218
1846;184
1847;212
1848;214
1849;207
1850;201
1851;207
1852;207
1853;208
1854;228
1855;195
1856;202
1857;184
1858;215
1859;196
1860;191
1861;195
1862;195
1863;192
1864;205
1865;210
1866;230
1867;185
1868;172
1869;207
1870;196
1871;199
1872;189
1873;199
1874;219
1875;196
1876;206
1877;206
1878;205
1879;184
1880;237
1881;176
1882;206
1883;195
1884;182
1885;195
1886;177
1887;204
1888;200
1889;187
1890;235
1891;191
1892;201
1893;186
1894;222
1895;198
1896;194
1897;207
1898;177
1899;208
1900;207
1901;166
1902;204
1903;200
1904;203
1905;184
1906;181
1907;205
1908;195
1909;194
1910;222
1911;195
1912;200
1913;230
1914;208
1915;194
1916;194
1917;214
1918;196
1919;206
1920;176
1921;194
1922;206
1923;211
1924;198
1925;197
1926;204
1927;205
1928;170
1929;199
1930;223
1931;196
1932;178
1933;186
1934;188
1935;221
1936;188
1937;184
1938;187
1939;192
1940;194
1941;228
1942;210
1943;205
1944;215
1945;194
1946;183
1947;190
1948;187
1949;193
1950;184
1951;214
1952;167
1953;192
1954;196
1955;185
1956;197
1957;212
1958;189
1959;183
1960;184
1961;200
1962;188
1963;203
1964;180
1965;173
1966;198
1967;175
1968;182
1969;172
1970;186
1971;208
1972;213
1973;188
1974;185
1975;211
1976;197
1977;184
1978;177
1979;178
1980;176
1981;192
1982;191
1983;197
1984;203
1985;187
1986;187
1987;202
1988;181
1989;176
1990;188
1991;193
1992;186
1993;179
1994;194
1995;177
1996;197
1997;202
1998;197
1999;199
2000;168
2001;198
2002;204
2003;158
2004;176
2005;193
2006;165
2007;186
2008;200
2009;184
2010;184
2011;210
2012;185
2013;203
2014;178
2015;176
2016;187
2017;168
2018;184
2019;197
2020;215
2021;183
2022;186
2023;204
2024;174
2025;170
2026;212
2027;198
2028;208
2029;174
2030;158
2031;179
2032;183
2033;185
2034;208
2035;201
2036;215
2037;190
2038;192
2039;179
2040;186
2041;189
2042;198
2043;175
2044;174
2045;171
2046;181
2047;173
2048;192
2049;198
2050;174
2051;199
2052;203
2053;166
2054;200
2055;199
2056;184
2057;173
2058;186
2059;195
2060;164
2061;180
2062;176
2063;148
2064;159
2065;187
2066;190
2067;173
2068;199
2069;197
2070;164
2071;166
2072;177
2073;176
2074;178
2075;182
2076;175
2077;174
2078;187
2079;210
2080;192
2081;171
2082;192
2083;204
2084;223
2085;168
2086;204
2087;188
2088;190
2089;189
2090;199
2091;178
2092;171
2093;184
2094;203
2095;190
2096;182
2097;157
2098;185
2099;167
2100;215
2101;170
2102;178
2103;192
2104;163
2105;190
2106;162
2107;177
2108;183
2109;179
2110;185
2111;170
2112;166
2113;173
2114;183
2115;201
2116;181
2117;181
2118;177
2119;167
2120;197
2121;176
2122;196
2123;184
2124;227
2125;181
2126;202
2127;199
2128;179
2129;173
2130;205
2131;183
2132;183
2133;164
2134;199
2135;203
2136;158
2137;180
2138;184
2139;199
2140;211
2141;180
2142;179
2143;199
2144;175
2145;184
2146;176
2147;184
2148;163
2149;171
2150;177
2151;161
2152;162
2153;175
2154;179
2155;202
2156;196
2157;213
2158;182
2159;185
2160;169
2161;184
2162;195
2163;192
2164;182
2165;190
2166;194
2167;207
2168;181
2169;155
2170;168
2171;170
2172;228
2173;170
2174;197
2175;217
2176;195
2177;183
2178;176
2179;176
2180;179
2181;200
2182;168
2183;160
2184;173
2185;189
2186;181
2187;214
2188;185
2189;188
2190;198
2191;168
2192;187
2193;182
2194;186
2195;193
2196;175
2197;180
2198;182
2199;184
2200;166
2201;160
2202;194
2203;179
2204;188
2205;160
2206;190
2207;174
2208;172
2209;203
2210;175
2211;195
2212;197
2213;199
2214;157
2215;202
2216;185
2217;175
2218;183
2219;179
2220;183
2221;188
2222;190
2223;167
2224;180
2225;191
2226;167
2227;176
2228;188
2229;194
2230;174
2231;175
2232;174
2233;181
2234;199
2235;167
2236;172
2237;179
2238;204
2239;174
2240;185
2241;186
2242;199
2243;191
2244;176
2245;183
2246;176
2247;208
2248;179
2249;182
2250;165
2251;189
2252;181
2253;177
2254;166
2255;194
2256;180
2257;173
2258;153
2259;181
2260;179
2261;207
2262;173
2263;174
2264;179
2265;184
2266;177
2267;172
2268;187
2269;158
2270;184
2271;153
2272;203
2273;179
2274;169
2275;159
2276;186
2277;192
2278;180
2279;182
2280;184
2281;173
2282;196
2283;179
2284;158
2285;185
2286;170
2287;175
2288;181
2289;172
2290;172
2291;169
2292;171
2293;186
2294;196
2295;165
2296;189
2297;189
2298;182
2299;178
2300;157
2301;184
2302;172
2303;170
2304;175
2305;161
2306;173
2307;153
2308;166
2309;172
2310;154
2311;178
2312;203
2313;167
2314;193
2315;168
2316;197
2317;154
2318;168
2319;160
2320;159
2321;171
2322;160
2323;157
2324;150
2325;155
2326;156
2327;160
2328;164
2329;177
2330;160
2331;164
2332;161
2333;168
2334;171
2335;166
2336;153
2337;185
2338;146
2339;157
2340;173
2341;174
2342;156
2343;145
2344;168
2345;143
2346;162
2347;157
2348;142
2349;141
2350;147
2351;179
2352;163
2353;138
2354;166
2355;141
2356;145
2357;190
2358;138
2359;152
2360;139
2361;153
2362;162
2363;155
2364;156
2365;138
2366;149
2367;130
2368;171
2369;130
2370;143
2371;124
2372;160
2373;158
2374;123
2375;139
2376;129
2377;147
2378;139
2379;154
2380;157
2381;136
2382;131
2383;134
2384;129
2385;150
2386;158
2387;124
2388;151
2389;133
2390;158
2391;142
2392;140
2393;138
2394;149
2395;140
2396;139
2397;145
2398;124
2399;142
2400;133
2401;140
2402;137
2403;131
2404;130
2405;136
2406;128
2407;139
2408;108
2409;130
2410;139
2411;113
2412;135
2413;136
2414;119
2415;152
2416;135
2417;123
2418;131
2419;102
2420;129
2421;125
2422;138
2423;131
2424;120
2425;122
2426;128
2427;103
2428;114
2429;135
2430;123
2431;132
2432;100
2433;112
2434;127
2435;105
2436;138
2437;102
2438;113
2439;122
2440;110
2441;110
2442;108
2443;85
2444;103
2445;112
2446;118
2447;94
2448;110
2449;91
2450;97
2451;114
2452;100
2453;95
2454;101
2455;100
2456;104
2457;107
2458;90
2459;85
2460;100
2461;97
2462;110
2463;114
2464;108
2465;98
2466;101
2467;83
2468;101
2469;102
2470;98
2471;117
2472;117
2473;94
2474;100
2475;95
2476;94
2477;95
2478;77
2479;100
2480;109
2481;103
2482;85
2483;95
2484;82
2485;77
2486;93
2487;108
2488;90
2489;87
2490;93
2491;79
2492;97
2493;100
2494;93
2495;110
2496;91
2497;87
2498;69
2499;80
2500;94
2501;90
2502;77
2503;74
2504;71
2505;69
2506;80
2507;76
2508;96
2509;78
2510;70
2511;86
2512;66
2513;72
2514;80
2515;73
2516;73
2517;76
2518;83
2519;62
2520;68
2521;76
2522;76
2523;74
2524;77
2525;75
2526;81
2527;73
2528;85
2529;85
2530;71
2531;67
2532;76
2533;79
2534;84
2535;62
2536;62
2537;83
2538;67
2539;62
2540;84
2541;51
2542;78
2543;81
2544;63
2545;85
2546;75
2547;68
2548;71
2549;75
2550;80
2551;66
2552;60
2553;75
2554;60
2555;60
2556;82
2557;57
2558;77
2559;71
2560;60
2561;63
2562;70
2563;60
2564;71
2565;77
2566;73
2567;55
2568;62
2569;76
2570;56
2571;64
2572;74
2573;72
2574;71
2575;65
2576;71
2577;64
2578;63
2579;63
2580;66
2581;62
2582;78
2583;60
2584;69
2585;63
2586;80
2587;69
2588;67
2589;73
2590;49
2591;72
2592;67
2593;61
2594;70
2595;42
2596;62
2597;52
2598;67
2599;56
2600;70
2601;57
2602;58
2603;56
2604;52
2605;73
2606;51
2607;59
2608;65
2609;57
2610;62
2611;57
2612;65
2613;61
2614;59
2615;71
2616;52
2617;59
2618;61
2619;59
2620;66
2621;61
2622;56
2623;60
2624;53
2625;49
2626;61
2627;52
2628;47
2629;49
2630;40
2631;58
2632;61
2633;69
2634;65
2635;57
2636;50
2637;47
2638;70
2639;48
2640;65
2641;42
2642;49
2643;68
2644;61
2645;49
2646;57
2647;50
2648;57
2649;54
2650;76
2651;56
2652;40
2653;41
2654;52
2655;54
2656;54
2657;59
2658;43
2659;58
2660;62
2661;62
2662;46
2663;58
2664;64
2665;44
2666;44
2667;50
2668;65
2669;48
2670;51
2671;39
2672;50
2673;47
2674;50
2675;35
2676;58
2677;58
2678;53
2679;60
2680;43
2681;51
2682;71
2683;56
2684;48
2685;49
2686;39
2687;53
2688;45
2689;50
2690;45
2691;38
2692;47
2693;48
2694;48
2695;48
2696;47
2697;54
2698;59
2699;48
2700;40
2701;53
2702;57
2703;53
2704;48
2705;39
2706;54
2707;49
2708;48
2709;30
2710;60
2711;51
2712;43
2713;51
2714;47
2715;50
2716;49
2717;48
2718;45
2719;50
2720;44
2721;46
2722;57
2723;34
2724;47
2725;59
2726;47
2727;54
2728;48
2729;35
2730;50
2731;32
2732;38
2733;48
2734;50
2735;35
2736;44
2737;37
2738;40
2739;45
2740;48
2741;36
2742;45
2743;43
2744;45
2745;57
2746;32
2747;34
2748;42
2749;46
2750;40
2751;45
2752;35
2753;35
2754;33
2755;57
2756;32
2757;36
2758;37
2759;38
2760;40
2761;41
2762;52
2763;46
2764;44
2765;47
2766;44
2767;38
2768;36
2769;44
2770;47
2771;37
2772;37
2773;54
2774;44
2775;47
2776;45
2777;49
2778;47
2779;35
2780;40
2781;37
2782;45
2783;45
2784;40
2785;44
2786;49
2787;49
2788;47
2789;33
2790;41
2791;34
2792;41
2793;50
2794;43
2795;34
2796;28
2797;42
2798;34
2799;44
2800;46
2801;52
2802;34
2803;46
2804;49
2805;31
2806;37
2807;36
2808;44
2809;33
2810;42
2811;24
2812;38
2813;43
2814;32
2815;32
2816;34
2817;41
2818;38
2819;36
2820;43
2821;40
2822;33
2823;38
2824;47
2825;46
2826;40
2827;34
2828;43
2829;37
2830;41
2831;37
2832;43
2833;37
2834;32
2835;36
2836;40
2837;33
2838;45
2839;44
2840;40
2841;37
2842;35
2843;44
2844;58
2845;36
2846;30
2847;48
2848;47
2849;38
2850;35
2851;35
2852;35
2853;43
2854;31
2855;38
2856;45
2857;42
2858;37
2859;39
2860;40
2861;38
2862;43
2863;38
2864;38
2865;42
2866;39
2867;37
2868;28
2869;33
2870;53
2871;37
2872;36
2873;36
2874;29
2875;39
2876;43
2877;29
2878;51
2879;36
2880;35
2881;34
2882;25
2883;40
2884;39
2885;30
2886;35
2887;37
2888;37
2889;29
2890;37
2891;44
2892;33
2893;47
2894;27
2895;37
2896;28
2897;43
2898;33
2899;35
2900;31
2901;27
2902;27
2903;33
2904;38
2905;37
2906;27
2907;34
2908;30
2909;36
2910;32
2911;24
2912;39
2913;35
2914;33
2915;41
2916;49
2917;36
2918;49
2919;44
2920;35
2921;34
2922;42
2923;53
2924;39
2925;38
2926;33
2927;44
2928;29
2929;33
2930;30
2931;31
2932;32
2933;42
2934;39
2935;31
2936;38
2937;30
2938;49
2939;42
2940;41
2941;27
2942;45
2943;38
2944;29
2945;37
2946;45
2947;40
2948;31
2949;53
2950;44
2951;41
2952;41
2953;28
2954;31
2955;29
2956;50
2957;38
2958;29
2959;38
2960;34
2961;46
2962;42
2963;39
2964;43
2965;42
2966;29
2967;44
2968;35
2969;46
2970;24
2971;21
2972;41
2973;35
2974;44
2975;27
2976;47
2977;32
2978;54
2979;48
2980;25
2981;43
2982;42
2983;37
2984;26
2985;32
2986;46
2987;31
2988;33
2989;37
2990;25
2991;35
2992;39
2993;29
2994;35
2995;46
2996;36
2997;33
2998;33
2999;39
3000;44
3001;45
3002;42
3003;40
3004;32
3005;32
3006;28
3007;42
3008;33
3009;37
3010;45
3011;24
3012;49
3013;47
3014;39
3015;35
3016;35
3017;39
3018;35
3019;41
3020;48
3021;27
3022;44
3023;42
3024;26
3025;40
3026;38
3027;40
3028;33
3029;51
3030;41
3031;34
3032;42
3033;40
3034;39
3035;37
3036;37
3037;46
3038;45
3039;44
3040;45
3041;34
3042;43
3043;34
3044;47
3045;38
3046;48
3047;47
3048;45
3049;34
3050;43
3051;38
3052;37
3053;46
3054;29
3055;37
3056;45
3057;47
3058;52
3059;43
3060;39
3061;37
3062;47
3063;39
3064;35
3065;40
3066;39
3067;40
3068;45
3069;39
3070;43
3071;56
3072;40
3073;49
3074;49
3075;49
3076;37
3077;42
3078;39
3079;50
3080;62
3081;37
3082;33
3083;45
3084;49
3085;43
3086;51
3087;47
3088;45
3089;36
3090;38
3091;42
3092;44
3093;44
3094;51
3095;46
3096;38
3097;49
3098;53
3099;57
3100;49
3101;42
3102;53
3103;42
3104;44
3105;38
3106;54
3107;52
3108;66
3109;52
3110;49
3111;42
3112;47
3113;40
3114;44
3115;56
3116;52
3117;54
3118;47
3119;54
3120;47
3121;58
3122;59
3123;65
3124;48
3125;41
3126;66
3127;60
3128;54
3129;74
3130;59
3131;65
3132;74
3133;61
3134;57
3135;62
3136;50
3137;61
3138;57
3139;50
3140;49
3141;75
3142;58
3143;74
3144;59
3145;56
3146;53
3147;65
3148;56
3149;56
3150;60
3151;72
3152;75
3153;63
3154;59
3155;63
3156;69
3157;76
3158;82
3159;65
3160;77
3161;66
3162;67
3163;61
3164;77
3165;81
3166;70
3167;54
3168;80
3169;67
3170;75
3171;70
3172;78
3173;74
3174;76
3175;80
3176;71
3177;84
3178;98
3179;75
3180;81
3181;80
3182;70
3183;78
3184;91
3185;71
3186;90
3187;82
3188;84
3189;109
3190;105
3191;107
3192;105
3193;90
3194;85
3195;112
3196;105
3197;106
3198;92
3199;110
3200;107
3201;100
3202;122
3203;110
3204;106
3205;108
3206;115
3207;98
3208;113
3209;117
3210;126
3211;126
3212;113
3213;121
3214;126
3215;113
3216;136
3217;117
3218;144
3219;129
3220;120
3221;132
3222;124
3223;132
3224;115
3225;141
3226;148
3227;163
3228;141
3229;132
3230;180
3231;154
3232;149
3233;164
3234;143
3235;146
3236;172
3237;172
3238;168
3239;156
3240;132
3241;179
3242;194
3243;197
3244;171
3245;196
3246;204
3247;187
3248;189
3249;192
3250;182
3251;202
3252;197
3253;183
3254;170
3255;200
3256;197
3257;198
3258;221
3259;204
3260;212
3261;207
3262;265
3263;261
3264;212
3265;227
3266;244
3267;250
3268;223
3269;268
3270;238
3271;236
3272;232
3273;243
3274;228
3275;253
3276;266
3277;269
3278;272
3279;249
3280;224
3281;247
3282;265
3283;310
3284;276
3285;285
3286;315
3287;293
3288;285
3289;280
3290;297
3291;313
3292;317
3293;319
3294;353
3295;311
3296;303
3297;342
3298;344
3299;320
3300;344
3301;328
3302;350
3303;365
3304;348
3305;331
3306;373
3307;346
3308;358
3309;386
3310;376
3311;383
3312;390
3313;353
3314;381
3315;410
3316;405
3317;402
3318;405
3319;386
3320;430
3321;430
3322;422
3323;386
3324;424
3325;425
3326;443
3327;463
3328;454
3329;468
3330;472
3331;473
3332;482
3333;533
3334;492
3335;434
3336;524
3337;483
3338;486
3339;496
3340;502
3341;504
3342;554
3343;502
3344;524
3345;509
3346;573
3347;569
3348;559
3349;533
3350;531
3351;512
3352;563
3353;544
3354;632
3355;544
3356;538
3357;588
3358;579
3359;555
3360;551
3361;596
3362;606
3363;556
3364;604
3365;599
3366;633
3367;592
3368;590
3369;607
3370;639
3371;642
3372;587
3373;682
3374;633
3375;646
3376;657
3377;655
3378;703
3379;668
3380;645
3381;713
3382;680
3383;697
3384;678
3385;645
3386;742
3387;687
3388;686
3389;741
3390;671
3391;648
3392;761
3393;692
3394;739
3395;679
3396;707
3397;673
3398;791
3399;738
3400;745
3401;762
3402;766
3403;747
3404;751
3405;725
3406;733
3407;776
3408;744
3409;740
3410;764
3411;763
3412;815
3413;828
3414;815
3415;811
3416;789
3417;812
3418;788
3419;821
3420;806
3421;769
3422;850
3423;813
3424;820
3425;779
3426;788
3427;810
3428;820
3429;798
3430;833
3431;765
3432;814
3433;820
3434;847
3435;798
3436;852
3437;830
3438;824
3439;844
3440;795
3441;854
3442;866
3443;824
3444;821
3445;844
3446;815
3447;839
3448;916
3449;875
3450;867
3451;860
3452;822
3453;809
3454;826
3455;849
3456;871
3457;772
3458;867
3459;943
3460;914
3461;870
3462;838
3463;826
3464;817
3465;849
3466;869
3467;862
3468;852
3469;850
3470;835
3471;798
3472;869
3473;854
3474;857
3475;820
3476;838
3477;827
3478;818
3479;792
3480;814
3481;824
3482;835
3483;807
3484;817
3485;867
3486;866
3487;869
3488;777
3489;795
3490;776
3491;787
3492;797
3493;791
3494;798
3495;819
3496;803
3497;778
3498;750
3499;824
3500;791
3501;754
3502;784
3503;771
3504;784
3505;782
3506;738
3507;761
3508;715
3509;729
3510;717
3511;668
3512;714
3513;755
3514;716
3515;686
3516;657
3517;695
3518;646
3519;729
3520;677
3521;704
3522;676
3523;691
3524;671
3525;655
3526;683
3527;654
3528;656
3529;703
3530;639
3531;612
3532;642
3533;658
3534;609
3535;641
3536;621
3537;660
3538;609
3539;588
3540;594
3541;610
3542;627
3543;568
3544;606
3545;551
3546;569
3547;589
3548;586
3549;557
3550;567
3551;558
3552;580
3553;609
3554;552
3555;562
3556;499
3557;542
3558;478
3559;488
3560;513
3561;493
3562;513
3563;490
3564;482
3565;492
3566;455
3567;465
3568;486
3569;519
3570;486
3571;436
3572;463
3573;455
3574;383
3575;412
3576;426
3577;422
3578;427
3579;395
3580;448
3581;400
3582;383
3583;398
3584;391
3585;395
3586;364
3587;376
3588;380
3589;346
3590;334
3591;361
3592;375
3593;353
3594;351
3595;364
3596;352
3597;363
3598;327
3599;324
3600;322
3601;299
3602;300
3603;363
3604;304
3605;297
3606;277
3607;309
3608;315
3609;291
3610;286
3611;270
3612;272
3613;287
3614;250
3615;250
3616;272
3617;237
3618;248
3619;248
3620;231
3621;242
3622;218
3623;221
3624;234
3625;223
3626;202
3627;199
3628;217
3629;203
3630;203
3631;197
3632;174
3633;202
3634;206
3635;186
3636;203
3637;205
3638;162
3639;178
3640;150
3641;162
3642;139
3643;161
3644;168
3645;167
3646;142
3647;148
3648;130
3649;150
3650;146
3651;141
3652;131
3653;122
3654;137
3655;111
3656;110
3657;117
3658;126
3659;116
3660;110
3661;111
3662;103
3663;110
3664;98
3665;104
3666;107
3667;116
3668;88
3669;83
3670;108
3671;99
3672;90
3673;87
3674;88
3675;89
3676;78
3677;88
3678;80
3679;84
3680;85
3681;78
3682;95
3683;66
3684;80
3685;71
3686;56
3687;72
3688;68
3689;70
3690;61
3691;52
3692;53
3693;62
3694;56
3695;46
3696;48
3697;46
3698;50
3699;55
3700;62
3701;52
3702;35
3703;47
3704;49
3705;47
3706;36
3707;47
3708;41
3709;32
3710;34
3711;28
3712;48
3713;38
3714;31
3715;41
3716;31
3717;33
3718;32
3719;33
3720;35
3721;29
3722;20
3723;22
3724;20
3725;25
3726;20
3727;21
3728;23
3729;18
3730;21
3731;17
3732;31
3733;25
3734;34
3735;19
3736;20
3737;19
3738;18
3739;18
3740;20
3741;26
3742;22
3743;22
3744;18
3745;14
3746;14
3747;16
3748;18
3749;20
3750;16
3751;15
3752;12
3753;13
3754;14
3755;20
3756;12
3757;13
3758;13
3759;13
3760;12
3761;12
3762;9
3763;16
3764;7
3765;14
3766;10
3767;14
3768;9
3769;14
3770;9
3771;12
3772;10
3773;9
3774;10
3775;17
3776;10
3777;15
3778;6
3779;5
3780;6
3781;8
3782;13
3783;6
3784;8
3785;6
3786;8
3787;6
3788;5
3789;9
3790;6
3791;7
3792;2
3793;7
3794;6
3795;4
3796;9
3797;9
3798;4
3799;3
3800;6
3801;7
3802;9
3803;5
3804;4
3805;3
3806;6
3807;2
3808;3
3809;3
3810;2
3811;2
3812;8
3813;5
3814;7
3815;2
3816;4
3817;7
3818;2
3819;4
3820;6
3821;4
3822;5
3823;5
3824;1
3825;3
3826;6
3827;5
3828;6
3829;2
3830;9
3831;5
3832;5
3833;2
3834;1
3835;4
3836;1
3837;1
3838;2
3839;5
3840;3
3841;2
3842;5
3843;5
3844;3
3845;6
3846;1
3847;10
3848;3
3849;2
3850;3
3851;3
3852;4
3853;3
3854;3
3855;4
3856;4
3857;6
3858;3
3859;5
3860;6
3861;5
3862;4
3863;2
3864;3
3865;4
3866;3
3867;2
3868;3
3869;6
3870;6
3871;3
3872;2
3873;3
3874;2
3875;2
3876;2
3877;2
3878;4
3879;8
3880;1
3881;6
3882;4
3883;5
3884;2
3885;3
3886;4
3887;4
3888;3
3889;4
3890;3
3891;0
3892;1
3893;3
3894;5
3895;1
3896;0
3897;1
3898;4
3899;4
3900;2
3901;2
3902;3
3903;2
3904;6
3905;4
3906;3
3907;4
3908;4
3909;1
3910;4
3911;3
3912;5
3913;2
3914;4
3915;3
3916;2
3917;2
3918;3
3919;1
3920;5
3921;3
3922;4
3923;4
3924;5
3925;3
3926;5
3927;4
3928;1
3929;6
3930;5
3931;1
3932;5
3933;2
3934;7
3935;4
3936;4
3937;2
3938;3
3939;0
3940;2
3941;6
3942;8
3943;3
3944;3
3945;2
3946;1
3947;1
3948;2
3949;2
3950;1
3951;4
3952;4
3953;3
3954;6
3955;1
3956;6
3957;3
3958;3
3959;3
3960;1
3961;4
3962;1
3963;6
3964;4
3965;5
3966;2
3967;1
3968;2
3969;2
3970;4
3971;4
3972;0
3973;6
3974;3
3975;5
3976;2
3977;2
3978;0
3979;3
3980;2
3981;4
3982;1
3983;1
3984;4
3985;3
3986;4
3987;1
3988;1
3989;2
3990;0
3991;8
3992;2
3993;3
3994;1
3995;2
3996;0
3997;3
3998;2
3999;3
4000;1
4001;2
4002;0
4003;1
4004;2
4005;4
4006;3
4007;3
4008;3
4009;5
4010;1
4011;4
4012;0
4013;2
4014;2
4015;2
4016;0
4017;2
4018;2
4019;4
4020;0
4021;3
4022;3
4023;1
4024;5
4025;5
4026;3
4027;4
4028;4
4029;4
4030;1
4031;3
4032;4
4033;2
4034;2
4035;1
4036;4
4037;4
4038;2
4039;2
4040;3
4041;3
4042;2
4043;4
4044;1
4045;2
4046;3
4047;0
4048;3
4049;4
4050;4
4051;1
4052;2
4053;3
4054;2
4055;3
4056;1
4057;3
4058;4
4059;2
4060;2
4061;1
4062;3
4063;3
4064;2
4065;2
4066;1
4067;2
4068;4
4069;1
4070;1
4071;2
4072;4
4073;3
4074;2
4075;3
4076;5
4077;2
4078;2
4079;3
4080;1
4081;4
4082;2
4083;3
4084;3
4085;0
4086;5
4087;4
4088;2
4089;4
4090;1
4091;6
4092;6
4093;2
4094;3
4095;2
4096;4
4097;3
4098;2
4099;1
4100;4
4101;1
4102;3
4103;3
4104;3
4105;2
4106;0
4107;3
4108;1
4109;3
4110;3
4111;2
4112;2
4113;4
4114;1
4115;3
4116;2
4117;0
4118;4
4119;4
4120;2
4121;5
4122;1
4123;2
4124;4
4125;1
4126;2
4127;0
4128;4
4129;1
4130;3
4131;2
4132;3
4133;3
4134;5
4135;2
4136;2
4137;4
4138;2
4139;2
4140;4
4141;3
4142;6
4143;0
4144;1
4145;3
4146;2
4147;4
4148;6
4149;5
4150;4
4151;2
4152;4
4153;1
4154;2
4155;1
4156;0
4157;3
4158;2
4159;4
4160;3
4161;4
4162;0
4163;3
4164;3
4165;3
4166;1
4167;3
4168;2
4169;1
4170;2
4171;4
4172;0
4173;1
4174;1
4175;0
4176;3
4177;2
4178;3
4179;2
4180;0
4181;0
4182;5
4183;2
4184;3
4185;1
4186;1
4187;1
4188;4
4189;4
4190;3
4191;3
4192;5
4193;4
4194;6
4195;1
4196;1
4197;2
4198;7
4199;2
4200;4
4201;2
4202;2
4203;4
4204;2
4205;9
4206;1
4207;6
4208;3
4209;3
4210;1
4211;1
4212;3
4213;4
4214;1
4215;4
4216;4
4217;1
4218;1
4219;3
4220;3
4221;3
4222;3
4223;2
4224;0
4225;2
4226;2
4227;2
4228;3
4229;1
4230;3
4231;1
4232;3
4233;5
4234;3
4235;1
4236;4
4237;5
4238;2
4239;2
4240;4
4241;2
4242;4
4243;5
4244;2
4245;2
4246;2
4247;3
4248;4
4249;5
4250;2
4251;2
4252;6
4253;5
4254;0
4255;1
4256;1
4257;4
4258;3
4259;2
4260;2
4261;4
4262;3
4263;5
4264;1
4265;1
4266;3
4267;3
4268;2
4269;4
4270;1
4271;3
4272;2
4273;3
4274;4
4275;3
4276;3
4277;4
4278;2
4279;1
4280;3
4281;4
4282;1
4283;1
4284;4
4285;2
4286;5
4287;1
4288;2
4289;1
4290;0
4291;3
4292;2
4293;2
4294;2
4295;3
4296;2
4297;2
4298;5
4299;0
4300;2
4301;3
4302;0
4303;3
4304;5
4305;4
4306;2
4307;5
4308;2
4309;4
4310;1
4311;4
4312;4
4313;3
4314;4
4315;2
4316;1
4317;4
4318;1
4319;2
4320;2
4321;0
4322;3
4323;1
4324;2
4325;1
4326;1
4327;1
4328;4
4329;1
4330;1
4331;1
4332;1
4333;1
4334;3
4335;2
4336;1
4337;3
4338;6
4339;5
4340;4
4341;2
4342;3
4343;0
4344;4
4345;3
4346;2
4347;2
4348;2
4349;3
4350;2
4351;0
4352;0
4353;2
4354;3
4355;1
4356;4
4357;2
4358;3
4359;4
4360;1
4361;3
4362;3
4363;0
4364;5
4365;4
4366;3
4367;1
4368;3
4369;5
4370;4
4371;3
4372;5
4373;0
4374;1
4375;3
4376;1
4377;3
4378;0
4379;5
4380;3
4381;1
4382;3
4383;2
4384;0
4385;6
4386;0
4387;1
4388;2
4389;4
4390;4
4391;2
4392;2
4393;4
4394;0
4395;2
4396;2
4397;2
4398;1
4399;1
4400;5
4401;3
4402;2
4403;3
4404;2
4405;2
4406;2
4407;3
4408;0
4409;0
4410;2
4411;1
4412;4
4413;6
4414;1
4415;3
4416;1
4417;3
4418;4
4419;3
4420;2
4421;1
4422;0
4423;1
4424;1
4425;2
4426;1
4427;2
4428;3
4429;3
4430;2
4431;1
4432;2
4433;1
4434;3
4435;1
4436;0
4437;2
4438;1
4439;5
4440;2
4441;5
4442;0
4443;1
4444;4
4445;1
4446;4
4447;2
4448;4
4449;0
4450;2
4451;2
4452;4
4453;9
4454;1
4455;2
4456;2
4457;1
4458;1
4459;1
4460;1
4461;0
4462;1
4463;2
4464;3
4465;7
4466;3
4467;1
4468;2
4469;0
4470;5
4471;1
4472;2
4473;1
4474;3
4475;1
4476;1
4477;4
4478;0
4479;1
4480;1
4481;2
4482;0
4483;0
4484;3
4485;2
4486;1
4487;1
4488;1
4489;0
4490;1
4491;0
4492;3
4493;1
4494;2
4495;3
4496;0
4497;3
4498;3
4499;3
4500;3
4501;1
4502;2
4503;3
4504;2
4505;3
4506;1
4507;2
4508;1
4509;2
4510;1
4511;3
4512;2
4513;2
4514;2
4515;2
4516;2
4517;0
4518;2
4519;3
4520;1
4521;1
4522;3
4523;3
4524;0
4525;0
4526;3
4527;2
4528;4
4529;2
4530;1
4531;5
4532;4
4533;2
4534;2
4535;2
4536;2
4537;2
4538;3
4539;1
4540;3
4541;3
4542;0
4543;2
4544;4
4545;6
4546;3
4547;4
4548;5
4549;1
4550;0
4551;2
4552;3
4553;4
4554;0
4555;3
4556;0
4557;0
4558;3
4559;0
4560;2
4561;1
4562;1
4563;7
4564;2
4565;1
4566;1
4567;0
4568;0
4569;2
4570;1
4571;3
4572;1
4573;1
4574;2
4575;3
4576;4
4577;5
4578;1
4579;5
4580;4
4581;3
4582;3
4583;4
4584;2
4585;5
4586;0
4587;1
4588;4
4589;2
4590;0
4591;2
4592;3
4593;0
4594;2
4595;1
4596;4
4597;2
4598;0
4599;2
4600;1
4601;0
4602;6
4603;2
4604;2
4605;3
4606;0
4607;1
4608;1
4609;0
4610;5
4611;3
4612;1
4613;1
4614;4
4615;2
4616;1
4617;3
4618;3
4619;3
4620;2
4621;1
4622;3
4623;2
4624;1
4625;1
4626;0
4627;2
4628;4
4629;1
4630;2
4631;1
4632;1
4633;1
4634;1
4635;3
4636;0
4637;4
4638;3
4639;0
4640;4
4641;1
4642;4
4643;4
4644;2
4645;3
4646;2
4647;2
4648;1
4649;4
4650;3
4651;1
4652;3
4653;2
4654;2
4655;2
4656;2
4657;2
4658;0
4659;1
4660;2
4661;0
4662;3
4663;2
4664;3
4665;0
4666;0
4667;1
4668;3
4669;4
4670;2
4671;1
4672;2
4673;2
4674;2
4675;1
4676;2
4677;3
4678;2
4679;3
4680;1
4681;3
4682;2
4683;4
4684;3
4685;0
4686;1
4687;3
4688;2
4689;0
4690;2
4691;1
4692;1
4693;2
4694;4
4695;0
4696;0
4697;1
4698;3
4699;2
4700;3
4701;1
4702;1
4703;3
4704;3
4705;5
4706;4
4707;3
4708;1
4709;4
4710;3
4711;3
4712;3
4713;3
4714;2
4715;0
4716;0
4717;0
4718;1
4719;3
4720;1
4721;2
4722;4
4723;2
4724;1
4725;4
4726;2
4727;0
4728;1
4729;0
4730;0
4731;1
4732;1
4733;3
4734;0
4735;2
4736;1
4737;1
4738;1
4739;4
4740;1
4741;3
4742;5
4743;1
4744;1
4745;2
4746;1
4747;5
4748;3
4749;3
4750;6
4751;2
4752;4
4753;0
4754;2
4755;3
4756;0
4757;1
4758;2
4759;1
4760;3
4761;2
4762;6
4763;2
4764;2
4765;1
4766;3
4767;2
4768;2
4769;1
4770;2
4771;3
4772;2
4773;1
4774;3
4775;0
4776;4
4777;1
4778;1
4779;1
4780;2
4781;2
4782;2
4783;1
4784;1
4785;1
4786;3
4787;1
4788;1
4789;4
4790;0
4791;2
4792;1
4793;1
4794;0
4795;2
4796;2
4797;2
4798;1
4799;1
4800;2
4801;2
4802;2
4803;1
4804;1
4805;2
4806;2
4807;2
4808;3
4809;6
4810;5
4811;2
4812;1
4813;3
4814;0
4815;6
4816;3
4817;2
4818;2
4819;3
4820;3
4821;3
4822;3
4823;4
4824;1
4825;2
4826;7
4827;0
4828;3
4829;1
4830;1
4831;1
4832;2
4833;2
4834;1
4835;1
4836;2
4837;0
4838;3
4839;3
4840;2
4841;0
4842;4
4843;1
4844;2
4845;1
4846;2
4847;1
4848;4
4849;1
4850;1
4851;1
4852;4
4853;1
4854;2
4855;1
4856;1
4857;1
4858;3
4859;3
4860;0
4861;4
4862;1
4863;1
4864;0
4865;3
4866;2
4867;1
4868;0
4869;3
4870;3
4871;2
4872;2
4873;1
4874;0
4875;4
4876;0
4877;3
4878;0
4879;3
4880;1
4881;4
4882;2
4883;1
4884;2
4885;1
4886;3
4887;3
4888;1
4889;2
4890;1
4891;2
4892;2
4893;1
4894;1
4895;2
4896;2
4897;2
4898;0
4899;1
4900;3
4901;3
4902;1
4903;1
4904;2
4905;4
4906;2
4907;2
4908;2
4909;2
4910;1
4911;0
4912;1
4913;1
4914;3
4915;4
4916;1
4917;3
4918;4
4919;2
4920;1
4921;2
4922;2
4923;3
4924;3
4925;3
4926;2
4927;1
4928;2
4929;1
4930;1
4931;2
4932;4
4933;3
4934;0
4935;4
4936;0
4937;2
4938;3
4939;1
4940;4
4941;1
4942;3
4943;2
4944;3
4945;1
4946;2
4947;3
4948;2
4949;2
4950;5
4951;3
4952;2
4953;1
4954;2
4955;1
4956;2
4957;1
4958;1
4959;1
4960;1
4961;0
4962;0
4963;1
4964;2
4965;3
4966;3
4967;3
4968;1
4969;3
4970;0
4971;1
4972;3
4973;2
4974;1
4975;1
4976;2
4977;1
4978;2
4979;1
4980;1
4981;2
4982;2
4983;0
4984;1
4985;4
4986;1
4987;1
4988;1
4989;1
4990;1
4991;1
4992;1
4993;1
4994;1
4995;1
4996;3
4997;1
4998;3
4999;3
5000;1
5001;0
5002;1
5003;0
5004;2
5005;1
5006;0
5007;0
5008;0
5009;1
5010;1
5011;3
5012;2
5013;2
5014;1
5015;2
5016;2
5017;3
5018;3
5019;1
5020;1
5021;3
5022;2
5023;3
5024;5
5025;3
5026;1
5027;1
5028;2
5029;2
5030;0
5031;2
5032;2
5033;0
5034;0
5035;3
5036;4
5037;4
5038;1
5039;2
5040;3
5041;1
5042;2
5043;1
5044;0
5045;4
5046;3
5047;3
5048;3
5049;2
5050;0
5051;1
5052;3
5053;2
5054;2
5055;2
5056;0
5057;0
5058;2
5059;2
5060;1
5061;5
5062;3
5063;4
5064;0
5065;3
5066;1
5067;4
5068;3
5069;2
5070;1
5071;2
5072;1
5073;2
5074;2
5075;3
5076;1
5077;1
5078;0
5079;0
5080;3
5081;1
5082;4
5083;3
5084;1
5085;1
5086;1
5087;2
5088;0
5089;4
5090;1
5091;3
5092;0
5093;1
5094;4
5095;1
5096;2
5097;3
5098;1
5099;1
5100;0
5101;0
5102;0
5103;1
5104;0
5105;2
5106;0
5107;1
5108;1
5109;1
5110;1
5111;1
5112;0
5113;1
5114;2
5115;0
5116;0
5117;4
5118;2
5119;0
5120;3
5121;2
5122;0
5123;1
5124;3
5125;3
5126;3
5127;3
5128;2
5129;3
5130;0
5131;2
5132;1
5133;1
5134;1
5135;1
5136;0
5137;0
5138;1
5139;2
5140;2
5141;0
5142;0
5143;2
5144;0
5145;1
5146;1
5147;1
5148;1
5149;0
5150;3
5151;1
5152;0
5153;0
5154;1
5155;3
5156;0
5157;1
5158;1
5159;1
5160;1
5161;1
5162;2
5163;1
5164;2
5165;3
5166;1
5167;1
5168;1
5169;1
5170;3
5171;4
5172;2
5173;1
5174;0
5175;2
5176;0
5177;1
5178;2
5179;1
5180;0
5181;0
5182;2
5183;1
5184;3
5185;1
5186;0
5187;2
5188;0
5189;0
5190;1
5191;1
5192;1
5193;1
5194;2
5195;1
5196;1
5197;0
5198;2
5199;3
5200;0
5201;1
5202;0
5203;1
5204;2
5205;1
5206;0
5207;0
5208;1
5209;2
5210;0
5211;1
5212;1
5213;0
5214;3
5215;3
5216;1
5217;4
5218;1
5219;1
5220;4
5221;3
5222;1
5223;2
5224;2
5225;2
5226;1
5227;2
5228;3
5229;0
5230;1
5231;1
5232;0
5233;1
5234;1
5235;0
5236;2
5237;0
5238;1
5239;0
5240;1
5241;1
5242;0
5243;2
5244;1
5245;2
5246;2
5247;1
5248;0
5249;3
5250;1
5251;2
5252;1
5253;2
5254;0
5255;1
5256;2
5257;0
5258;1
5259;2
5260;0
5261;0
5262;0
5263;0
5264;2
5265;2
5266;2
5267;1
5268;0
5269;0
5270;1
5271;1
5272;3
5273;1
5274;0
5275;2
5276;4
5277;3
5278;2
5279;1
5280;0
5281;1
5282;1
5283;3
5284;3
5285;2
5286;1
5287;1
5288;1
5289;2
5290;0
5291;1
5292;1
5293;1
5294;0
5295;1
5296;1
5297;0
5298;0
5299;1
5300;2
5301;1
5302;0
5303;0
5304;1
5305;4
5306;0
5307;0
5308;3
5309;2
5310;0
5311;1
5312;1
5313;3
5314;1
5315;1
5316;0
5317;2
5318;0
5319;2
5320;0
5321;1
5322;2
5323;0
5324;0
5325;0
5326;2
5327;2
5328;1
5329;1
5330;0
5331;2
5332;3
5333;0
5334;1
5335;1
5336;1
5337;2
5338;2
5339;0
5340;2
5341;1
5342;2
5343;1
5344;2
5345;1
5346;1
5347;1
5348;1
5349;1
5350;2
5351;4
5352;2
5353;1
5354;2
5355;2
5356;0
5357;0
5358;1
5359;1
5360;0
5361;1
5362;0
5363;2
5364;0
5365;2
5366;1
5367;1
5368;1
5369;3
5370;2
5371;4
5372;0
5373;4
5374;1
5375;0
5376;1
5377;0
5378;1
5379;0
5380;0
5381;1
5382;2
5383;0
5384;2
5385;2
5386;1
5387;4
5388;3
5389;1
5390;0
5391;2
5392;1
5393;0
5394;1
5395;0
5396;3
5397;2
5398;2
5399;2
5400;2
5401;2
5402;3
5403;0
5404;3
5405;0
5406;1
5407;0
5408;3
5409;3
5410;2
5411;2
5412;1
5413;3
5414;1
5415;0
5416;0
5417;1
5418;2
5419;2
5420;2
5421;1
5422;0
5423;0
5424;1
5425;1
5426;1
5427;2
5428;0
5429;0
5430;2
5431;2
5432;1
5433;1
5434;0
5435;2
5436;0
5437;1
5438;1
5439;2
5440;0
5441;0
5442;0
5443;0
5444;1
5445;1
5446;2
5447;0
5448;4
5449;1
5450;2
5451;0
5452;3
5453;0
5454;4
5455;2
5456;1
5457;2
5458;2
5459;0
5460;3
5461;0
5462;0
5463;2
5464;0
5465;0
5466;0
5467;1
5468;0
5469;0
5470;2
5471;2
5472;0
5473;1
5474;1
5475;1
5476;2
5477;0
5478;1
5479;1
5480;2
5481;4
5482;2
5483;0
5484;1
5485;1
5486;0
5487;2
5488;0
5489;1
5490;2
5491;3
5492;1
5493;1
5494;3
5495;1
5496;0
5497;0
5498;0
5499;2
5500;1
5501;3
5502;2
5503;0
5504;2
5505;0
5506;1
5507;2
5508;6
5509;1
5510;2
5511;1
5512;2
5513;0
5514;4
5515;2
5516;3
5517;2
5518;0
5519;0
5520;2
5521;1
5522;2
5523;0
5524;3
5525;2
5526;0
5527;0
5528;2
5529;1
5530;0
5531;0
5532;1
5533;1
5534;1
5535;0
5536;1
5537;1
5538;1
5539;1
5540;1
5541;3
5542;2
5543;1
5544;1
5545;0
5546;1
5547;0
5548;3
5549;0
5550;1
5551;3
5552;1
5553;2
5554;2
5555;1
5556;2
5557;2
5558;0
5559;1
5560;2
5561;0
5562;0
5563;0
5564;1
5565;3
5566;0
5567;1
5568;0
5569;2
5570;2
5571;2
5572;1
5573;2
5574;0
5575;0
5576;1
5577;0
5578;1
5579;0
5580;1
5581;3
5582;2
5583;0
5584;3
5585;0
5586;1
5587;2
5588;3
5589;1
5590;1
5591;2
5592;4
5593;1
5594;0
5595;1
5596;1
5597;2
5598;2
5599;1
5600;2
5601;1
5602;0
5603;0
5604;1
5605;1
5606;0
5607;1
5608;0
5609;1
5610;0
5611;0
5612;4
5613;3
5614;0
5615;0
5616;0
5617;0
5618;2
5619;4
5620;2
5621;1
5622;0
5623;0
5624;0
5625;2
5626;1
5627;2
5628;0
5629;2
5630;0
5631;0
5632;0
5633;1
5634;0
5635;0
5636;2
5637;2
5638;2
5639;3
5640;1
5641;2
5642;1
5643;0
5644;2
5645;0
5646;1
5647;0
5648;2
5649;1
5650;1
5651;0
5652;1
5653;2
5654;1
5655;2
5656;0
5657;1
5658;1
5659;0
5660;2
5661;2
5662;0
5663;0
5664;2
5665;2
5666;4
5667;2
5668;0
5669;1
5670;0
5671;0
5672;3
5673;1
5674;1
5675;2
5676;0
5677;1
5678;1
5679;1
5680;0
5681;2
5682;2
5683;1
5684;1
5685;0
5686;1
5687;1
5688;0
5689;0
5690;1
5691;2
5692;0
5693;2
5694;0
5695;3
5696;0
5697;0
5698;0
5699;2
5700;0
5701;3
5702;2
5703;0
5704;2
5705;2
5706;1
5707;3
5708;0
5709;2
5710;0
5711;0
5712;4
5713;1
5714;1
5715;3
5716;2
5717;0
5718;0
5719;1
5720;5
5721;2
5722;2
5723;0
5724;2
5725;3
5726;1
5727;2
5728;0
5729;2
5730;1
5731;2
5732;0
5733;0
5734;1
5735;1
5736;1
5737;2
5738;0
5739;1
5740;3
5741;2
5742;0
5743;0
5744;1
5745;2
5746;1
5747;0
5748;2
5749;1
5750;0
5751;5
5752;0
5753;3
5754;1
5755;2
5756;3
5757;1
5758;3
5759;3
5760;1
5761;3
5762;0
5763;1
5764;0
5765;1
5766;1
5767;0
5768;3
5769;2
5770;0
5771;0
5772;0
5773;1
5774;2
5775;0
5776;0
5777;6
5778;2
5779;3
5780;3
5781;0
5782;1
5783;0
5784;3
5785;2
5786;2
5787;1
5788;1
5789;0
5790;0
5791;0
5792;0
5793;0
5794;3
5795;1
5796;1
5797;0
5798;0
5799;1
5800;0
5801;3
5802;0
5803;0
5804;1
5805;3
5806;4
5807;0
5808;1
5809;0
5810;1
5811;4
5812;2
5813;1
5814;2
5815;1
5816;0
5817;2
5818;2
5819;1
5820;2
5821;3
5822;1
5823;0
5824;1
5825;1
5826;0
5827;1
5828;1
5829;0
5830;0
5831;1
5832;2
5833;2
5834;1
5835;2
5836;1
5837;2
5838;1
5839;2
5840;2
5841;1
5842;1
5843;3
5844;1
5845;1
5846;2
5847;1
5848;1
5849;1
5850;2
5851;2
5852;2
5853;1
5854;0
5855;2
5856;3
5857;5
5858;3
5859;2
5860;0
5861;2
5862;0
5863;2
5864;0
5865;2
5866;3
5867;1
5868;1
5869;1
5870;1
5871;1
5872;2
5873;2
5874;3
5875;0
5876;1
5877;0
5878;1
5879;0
5880;0
5881;1
5882;0
5883;1
5884;3
5885;1
5886;2
5887;0
5888;2
5889;0
5890;1
5891;0
5892;4
5893;3
5894;2
5895;0
5896;0
5897;1
5898;1
5899;2
5900;1
5901;0
5902;0
5903;1
5904;0
5905;1
5906;0
5907;0
5908;1
5909;1
5910;0
5911;2
5912;2
5913;0
5914;2
5915;1
5916;0
5917;1
5918;0
5919;1
5920;1
5921;1
5922;0
5923;1
5924;0
5925;0
5926;0
5927;0
5928;1
5929;0
5930;0
5931;2
5932;6
5933;4
5934;2
5935;0
5936;0
5937;1
5938;1
5939;0
5940;0
5941;1
5942;3
5943;2
5944;2
5945;0
5946;1
5947;1
5948;0
5949;3
5950;2
5951;2
5952;1
5953;0
5954;2
5955;1
5956;1
5957;1
5958;3
5959;0
5960;0
5961;0
5962;0
5963;1
5964;0
5965;1
5966;0
5967;1
5968;1
5969;2
5970;0
5971;2
5972;1
5973;3
5974;1
5975;1
5976;0
5977;2
5978;1
5979;0
5980;2
5981;0
5982;0
5983;0
5984;2
5985;1
5986;1
5987;2
5988;6
5989;2
5990;1
5991;2
5992;2
5993;0
5994;1
5995;0
5996;1
5997;1
5998;0
5999;3
6000;0
6001;0
6002;1
6003;0
6004;2
6005;1
6006;2
6007;0
6008;1
6009;0
6010;3
6011;1
6012;1
6013;1
6014;0
6015;1
6016;3
6017;3
6018;0
6019;3
6020;2
6021;1
6022;1
6023;1
6024;2
6025;0
6026;1
6027;2
6028;0
6029;2
6030;2
6031;1
6032;0
6033;0
6034;0
6035;2
6036;0
6037;4
6038;0
6039;1
6040;1
6041;0
6042;2
6043;2
6044;2
6045;0
6046;2
6047;0
6048;0
6049;0
6050;1
6051;0
6052;0
6053;3
6054;1
6055;0
6056;0
6057;3
6058;1
6059;0
6060;1
6061;0
6062;1
6063;1
6064;2
6065;0
6066;2
6067;1
6068;0
6069;0
6070;1
6071;1
6072;2
6073;3
6074;2
6075;2
6076;0
6077;1
6078;0
6079;1
6080;0
6081;0
6082;0
6083;0
6084;0
6085;0
6086;1
6087;1
6088;1
6089;1
6090;4
6091;1
6092;2
6093;1
6094;2
6095;0
6096;0
6097;1
6098;3
6099;0
6100;0
6101;1
6102;2
6103;1
6104;1
6105;0
6106;2
6107;2
6108;2
6109;1
6110;2
6111;0
6112;0
6113;1
6114;2
6115;0
6116;2
6117;2
6118;0
6119;0
6120;0
6121;1
6122;0
6123;0
6124;0
6125;1
6126;1
6127;3
6128;1
6129;1
6130;1
6131;0
6132;4
6133;0
6134;2
6135;0
6136;0
6137;1
6138;0
6139;1
6140;2
6141;1
6142;1
6143;2
6144;1
6145;0
6146;2
6147;2
6148;0
6149;1
6150;1
6151;1
6152;2
6153;2
6154;0
6155;0
6156;2
6157;0
6158;0
6159;2
6160;1
6161;0
6162;0
6163;1
6164;2
6165;2
6166;0
6167;2
6168;0
6169;1
6170;3
6171;1
6172;2
6173;1
6174;1
6175;0
6176;0
6177;0
6178;0
6179;0
6180;2
6181;1
6182;0
6183;1
6184;1
6185;3
6186;0
6187;1
6188;1
6189;1
6190;1
6191;1
6192;2
6193;1
6194;1
6195;2
6196;0
6197;0
6198;0
6199;0
6200;0
6201;0
6202;0
6203;1
6204;0
6205;0
6206;3
6207;1
6208;2
6209;2
6210;0
6211;0
6212;0
6213;0
6214;1
6215;0
6216;1
6217;1
6218;0
6219;1
6220;1
6221;1
6222;0
6223;1
6224;2
6225;1
6226;1
6227;1
6228;3
6229;1
6230;2
6231;1
6232;1
6233;0
6234;1
6235;2
6236;0
6237;1
6238;0
6239;0
6240;2
6241;0
6242;0
6243;0
6244;1
6245;1
6246;1
6247;1
6248;1
6249;0
6250;1
6251;1
6252;1
6253;0
6254;0
6255;2
6256;3
6257;1
6258;2
6259;0
6260;0
6261;0
6262;0
6263;2
6264;0
6265;2
6266;0
6267;2
6268;1
6269;2
6270;0
6271;0
6272;1
6273;1
6274;0
6275;2
6276;2
6277;0
6278;1
6279;2
6280;1
6281;0
6282;0
6283;3
6284;1
6285;0
6286;0
6287;2
6288;1
6289;1
6290;1
6291;0
6292;0
6293;2
6294;1
6295;1
6296;1
6297;1
6298;2
6299;0
6300;1
6301;0
6302;1
6303;2
6304;1
6305;3
6306;0
6307;0
6308;2
6309;0
6310;2
6311;1
6312;0
6313;0
6314;2
6315;2
6316;0
6317;2
6318;2
6319;1
6320;0
6321;2
6322;0
6323;0
6324;3
6325;0
6326;0
6327;0
6328;0
6329;2
6330;0
6331;0
6332;1
6333;0
6334;1
6335;1
6336;1
6337;2
6338;1
6339;2
6340;1
6341;0
6342;1
6343;2
6344;0
6345;0
6346;0
6347;0
6348;0
6349;0
6350;0
6351;0
6352;1
6353;1
6354;0
6355;1
6356;2
6357;1
6358;0
6359;1
6360;1
6361;0
6362;0
6363;1
6364;1
6365;0
6366;0
6367;0
6368;1
6369;0
6370;1
6371;1
6372;2
6373;2
6374;0
6375;0
6376;1
6377;2
6378;2
6379;1
6380;0
6381;0
6382;1
6383;1
6384;1
6385;0
6386;2
6387;1
6388;1
6389;0
6390;0
6391;0
6392;1
6393;1
6394;0
6395;2
6396;0
6397;0
6398;0
6399;0
6400;1
6401;0
6402;0
6403;1
6404;1
6405;1
6406;0
6407;1
6408;0
6409;2
6410;1
6411;0
6412;0
6413;1
6414;1
6415;1
6416;1
6417;1
6418;0
6419;0
6420;2
6421;0
6422;0
6423;1
6424;1
6425;1
6426;0
6427;0
6428;0
6429;0
6430;1
6431;2
6432;0
6433;0
6434;2
6435;2
6436;0
6437;1
6438;0
6439;1
6440;1
6441;4
6442;1
6443;2
6444;1
6445;0
6446;0
6447;0
6448;1
6449;0
6450;1
6451;0
6452;1
6453;2
6454;0
6455;1
6456;0
6457;0
6458;1
6459;1
6460;1
6461;0
6462;2
6463;1
6464;1
6465;3
6466;1
6467;0
6468;0
6469;0
6470;0
6471;1
6472;2
6473;1
6474;0
6475;2
6476;1
6477;0
6478;0
6479;0
6480;1
6481;0
6482;0
6483;1
6484;2
6485;1
6486;1
6487;0
6488;0
6489;2
6490;1
6491;0
6492;2
6493;1
6494;0
6495;2
6496;1
6497;1
6498;0
6499;0
6500;0
6501;0
6502;0
6503;0
6504;0
6505;0
6506;0
6507;1
6508;0
6509;0
6510;0
6511;0
6512;0
6513;0
6514;1
6515;0
6516;0
6517;0
6518;0
6519;1
6520;0
6521;1
6522;2
6523;1
6524;2
6525;2
6526;1
6527;2
6528;0
6529;2
6530;1
6531;0
6532;2
6533;0
6534;2
6535;1
6536;1
6537;2
6538;1
6539;0
6540;1
6541;1
6542;0
6543;0
6544;0
6545;1
6546;0
6547;0
6548;0
6549;1
6550;0
6551;1
6552;1
6553;1
6554;2
6555;1
6556;1
6557;0
6558;0
6559;0
6560;0
6561;1
6562;1
6563;0
6564;0
6565;0
6566;1
6567;0
6568;1
6569;0
6570;2
6571;1
6572;0
6573;0
6574;1
6575;0
6576;0
6577;3
6578;3
6579;1
6580;1
6581;0
6582;0
6583;3
6584;1
6585;0
6586;0
6587;0
6588;3
6589;1
6590;2
6591;0
6592;3
6593;1
6594;0
6595;0
6596;1
6597;1
6598;0
6599;1
6600;1
6601;0
6602;2
6603;1
6604;1
6605;0
6606;0
6607;1
6608;0
6609;2
6610;1
6611;0
6612;1
6613;1
6614;1
6615;2
6616;0
6617;1
6618;0
6619;0
6620;0
6621;0
6622;0
6623;0
6624;0
6625;0
6626;0
6627;1
6628;0
6629;0
6630;2
6631;0
6632;0
6633;1
6634;0
6635;0
6636;0
6637;0
6638;0
6639;0
6640;1
6641;0
6642;1
6643;2
6644;1
6645;0
6646;0
6647;2
6648;1
6649;0
6650;0
6651;2
6652;0
6653;0
6654;1
6655;1
6656;0
6657;1
6658;2
6659;0
6660;1
6661;1
6662;0
6663;0
6664;0
6665;0
6666;0
6667;0
6668;0
6669;0
6670;1
6671;1
6672;1
6673;0
6674;0
6675;0
6676;0
6677;0
6678;0
6679;2
6680;1
6681;0
6682;1
6683;0
6684;0
6685;0
6686;0
6687;0
6688;1
6689;0
6690;0
6691;2
6692;0
6693;0
6694;0
6695;0
6696;0
6697;1
6698;1
6699;0
6700;0
6701;0
6702;2
6703;0
6704;0
6705;2
6706;0
6707;1
6708;0
6709;1
6710;0
6711;1
6712;1
6713;0
6714;0
6715;0
6716;1
6717;0
6718;0
6719;1
6720;1
6721;0
6722;0
6723;0
6724;0
6725;0
6726;0
6727;0
6728;0
6729;0
6730;1
6731;1
6732;1
6733;0
6734;0
6735;1
6736;0
6737;1
6738;2
6739;0
6740;2
6741;4
6742;0
6743;1
6744;3
6745;0
6746;0
6747;0
6748;1
6749;1
6750;0
6751;2
6752;1
6753;0
6754;0
6755;1
6756;0
6757;2
6758;0
6759;0
6760;0
6761;0
6762;0
6763;0
6764;1
6765;0
6766;1
6767;1
6768;0
6769;0
6770;0
6771;0
6772;0
6773;1
6774;1
6775;1
6776;0
6777;0
6778;1
6779;1
6780;0
6781;0
6782;0
6783;0
6784;0
6785;0
6786;1
6787;0
6788;0
6789;1
6790;0
6791;1
6792;0
6793;2
6794;0
6795;0
6796;0
6797;0
6798;0
6799;0
6800;1
6801;0
6802;0
6803;0
6804;1
6805;3
6806;1
6807;0
6808;0
6809;0
6810;3
6811;0
6812;0
6813;0
6814;0
6815;3
6816;0
6817;1
6818;1
6819;0
6820;2
6821;0
6822;1
6823;2
6824;0
6825;0
6826;0
6827;1
6828;0
6829;0
6830;1
6831;2
6832;1
6833;2
6834;0
6835;1
6836;0
6837;1
6838;1
6839;0
6840;1
6841;0
6842;0
6843;0
6844;0
6845;1
6846;1
6847;1
6848;0
6849;1
6850;2
6851;1
6852;1
6853;0
6854;1
6855;0
6856;0
6857;2
6858;2
6859;0
6860;0
6861;1
6862;2
6863;0
6864;0
6865;1
6866;1
6867;2
6868;0
6869;0
6870;0
6871;1
6872;0
6873;0
6874;0
6875;0
6876;0
6877;0
6878;1
6879;1
6880;1
6881;1
6882;1
6883;0
6884;2
6885;1
6886;0
6887;0
6888;1
6889;1
6890;1
6891;0
6892;1
6893;2
6894;0
6895;1
6896;1
6897;0
6898;0
6899;1
6900;1
6901;1
6902;0
6903;0
6904;3
6905;0
6906;0
6907;2
6908;2
6909;2
6910;1
6911;3
6912;2
6913;1
6914;1
6915;1
6916;0
6917;0
6918;0
6919;0
6920;2
6921;0
6922;0
6923;0
6924;2
6925;2
6926;0
6927;1
6928;2
6929;0
6930;0
6931;0
6932;0
6933;1
6934;1
6935;0
6936;1
6937;0
6938;1
6939;0
6940;3
6941;1
6942;0
6943;1
6944;1
6945;0
6946;0
6947;0
6948;2
6949;1
6950;1
6951;1
6952;0
6953;0
6954;0
6955;0
6956;0
6957;0
6958;0
6959;3
6960;1
6961;1
6962;0
6963;2
6964;0
6965;0
6966;1
6967;0
6968;2
6969;0
6970;0
6971;0
6972;1
6973;0
6974;2
6975;0
6976;1
6977;0
6978;1
6979;0
6980;1
6981;0
6982;0
6983;0
6984;1
6985;2
6986;1
6987;0
6988;1
6989;1
6990;0
6991;0
6992;0
6993;1
6994;0
6995;0
6996;0
6997;1
6998;1
6999;2
7000;0
7001;1
7002;0
7003;0
7004;2
7005;1
7006;1
7007;0
7008;4
7009;1
7010;1
7011;1
7012;3
7013;0
7014;1
7015;0
7016;0
7017;1
7018;1
7019;0
7020;2
7021;0
7022;1
7023;1
7024;0
7025;0
7026;1
7027;0
7028;0
7029;0
7030;0
7031;0
7032;1
7033;1
7034;0
7035;1
7036;0
7037;1
7038;0
7039;0
7040;1
7041;0
7042;1
7043;0
7044;1
7045;0
7046;1
7047;0
7048;1
7049;0
7050;1
7051;0
7052;1
7053;0
7054;0
7055;0
7056;0
7057;1
7058;0
7059;2
7060;0
7061;0
7062;3
7063;0
7064;0
7065;0
7066;1
7067;0
7068;0
7069;1
7070;2
7071;1
7072;0
7073;0
7074;0
7075;1
7076;0
7077;0
7078;3
7079;0
7080;0
7081;0
7082;0
7083;1
7084;0
7085;0
7086;0
7087;0
7088;0
7089;0
7090;2
7091;0
7092;0
7093;1
7094;0
7095;0
7096;0
7097;2
7098;0
7099;1
7100;0
7101;0
7102;1
7103;0
7104;0
7105;0
7106;0
7107;1
7108;0
7109;0
7110;0
7111;2
7112;1
7113;0
7114;0
7115;0
7116;1
7117;3
7118;0
7119;0
7120;0
7121;0
7122;0
7123;0
7124;0
7125;0
7126;1
7127;1
7128;0
7129;0
7130;0
7131;1
7132;3
7133;0
7134;0
7135;1
7136;0
7137;1
7138;0
7139;0
7140;0
7141;2
7142;1
7143;0
7144;0
7145;1
7146;0
7147;0
7148;0
7149;0
7150;0
7151;2
7152;1
7153;0
7154;1
7155;0
7156;0
7157;0
7158;1
7159;0
7160;1
7161;0
7162;1
7163;1
7164;2
7165;1
7166;0
7167;0
7168;1
7169;2
7170;1
7171;1
7172;2
7173;1
7174;1
7175;1
7176;0
7177;1
7178;0
7179;1
7180;0
7181;0
7182;1
7183;2
7184;0
7185;2
7186;0
7187;0
7188;0
7189;1
7190;0
7191;1
7192;1
7193;0
7194;0
7195;1
7196;0
7197;0
7198;0
7199;1
7200;1
7201;1
7202;0
7203;1
7204;1
7205;0
7206;0
7207;1
7208;5
7209;0
7210;2
7211;2
7212;0
7213;1
7214;1
7215;1
7216;1
7217;1
7218;1
7219;0
7220;0
7221;1
7222;1
7223;1
7224;0
7225;0
7226;0
7227;2
7228;0
7229;1
7230;2
7231;1
7232;1
7233;0
7234;2
7235;0
7236;0
7237;2
7238;0
7239;1
7240;0
7241;1
7242;0
7243;3
7244;2
7245;0
7246;2
7247;1
7248;1
7249;0
7250;2
7251;1
7252;2
7253;0
7254;0
7255;0
7256;1
7257;0
7258;0
7259;1
7260;1
7261;1
7262;3
7263;0
7264;0
7265;1
7266;1
7267;0
7268;0
7269;0
7270;2
7271;0
7272;0
7273;1
7274;1
7275;1
7276;1
7277;1
7278;0
7279;0
7280;2
7281;3
7282;0
7283;1
7284;0
7285;0
7286;1
7287;1
7288;1
7289;0
7290;0
7291;0
7292;0
7293;2
7294;1
7295;2
7296;3
7297;2
7298;1
7299;0
7300;1
7301;4
7302;1
7303;2
7304;1
7305;2
7306;2
7307;1
7308;0
7309;0
7310;1
7311;1
7312;2
7313;0
7314;0
7315;0
7316;1
7317;1
7318;2
7319;0
7320;0
7321;4
7322;0
7323;1
7324;0
7325;1
7326;0
7327;1
7328;2
7329;2
7330;1
7331;2
7332;0
7333;3
7334;1
7335;1
7336;0
7337;0
7338;4
7339;0
7340;1
7341;2
7342;2
7343;0
7344;0
7345;0
7346;2
7347;4
7348;1
7349;0
7350;1
7351;2
7352;1
7353;2
7354;1
7355;1
7356;2
7357;0
7358;0
7359;2
7360;2
7361;1
7362;2
7363;0
7364;2
7365;2
7366;2
7367;3
7368;2
7369;2
7370;2
7371;0
7372;1
7373;2
7374;3
7375;5
7376;1
7377;2
7378;2
7379;1
7380;1
7381;2
7382;1
7383;3
7384;3
7385;2
7386;1
7387;0
7388;0
7389;0
7390;2
7391;1
7392;2
7393;2
7394;3
7395;1
7396;2
7397;3
7398;3
7399;1
7400;2
7401;0
7402;4
7403;0
7404;1
7405;2
7406;1
7407;2
7408;1
7409;2
7410;0
7411;1
7412;1
7413;2
7414;0
7415;1
7416;0
7417;1
7418;1
7419;2
7420;2
7421;4
7422;3
7423;1
7424;2
7425;2
7426;3
7427;2
7428;2
7429;2
7430;1
7431;2
7432;0
7433;1
7434;2
7435;1
7436;2
7437;4
7438;2
7439;2
7440;0
7441;2
7442;1
7443;0
7444;3
7445;3
7446;1
7447;1
7448;0
7449;6
7450;0
7451;2
7452;0
7453;0
7454;0
7455;1
7456;1
7457;1
7458;4
7459;0
7460;1
7461;4
7462;1
7463;1
7464;1
7465;1
7466;1
7467;1
7468;1
7469;2
7470;2
7471;2
7472;3
7473;0
7474;1
7475;3
7476;3
7477;1
7478;0
7479;6
7480;1
7481;1
7482;0
7483;3
7484;2
7485;0
7486;2
7487;1
7488;4
7489;2
7490;3
7491;0
7492;0
7493;0
7494;3
7495;3
7496;3
7497;1
7498;2
7499;3
7500;2
7501;1
7502;2
7503;0
7504;1
7505;3
7506;2
7507;0
7508;4
7509;3
7510;1
7511;0
7512;2
7513;3
7514;0
7515;1
7516;1
7517;2
7518;2
7519;1
7520;0
7521;0
7522;0
7523;4
7524;3
7525;2
7526;1
7527;0
7528;0
7529;1
7530;0
7531;3
7532;2
7533;0
7534;4
7535;1
7536;1
7537;0
7538;2
7539;4
7540;1
7541;2
7542;1
7543;0
7544;1
7545;0
7546;3
7547;2
7548;1
7549;3
7550;0
7551;1
7552;1
7553;1
7554;1
7555;0
7556;0
7557;3
7558;0
7559;2
7560;2
7561;1
7562;3
7563;1
7564;3
7565;2
7566;0
7567;1
7568;0
7569;1
7570;4
7571;3
7572;1
7573;0
7574;0
7575;2
7576;1
7577;2
7578;1
7579;0
7580;3
7581;0
7582;0
7583;2
7584;2
7585;1
7586;2
7587;0
7588;1
7589;1
7590;0
7591;0
7592;1
7593;0
7594;1
7595;1
7596;1
7597;0
7598;1
7599;3
7600;2
7601;2
7602;0
7603;0
7604;1
7605;2
7606;1
7607;1
7608;1
7609;2
7610;2
7611;0
7612;2
7613;1
7614;2
7615;3
7616;1
7617;3
7618;1
7619;1
7620;1
7621;1
7622;0
7623;0
7624;1
7625;3
7626;0
7627;1
7628;1
7629;1
7630;1
7631;0
7632;2
7633;4
7634;0
7635;0
7636;1
7637;2
7638;1
7639;2
7640;1
7641;0
7642;0
7643;1
7644;1
7645;1
7646;0
7647;1
7648;0
7649;2
7650;3
7651;2
7652;1
7653;1
7654;1
7655;0
7656;1
7657;3
7658;0
7659;2
7660;1
7661;2
7662;1
7663;0
7664;0
7665;0
7666;2
7667;0
7668;4
7669;0
7670;1
7671;1
7672;1
7673;1
7674;2
7675;0
7676;1
7677;3
7678;1
7679;0
7680;0
7681;1
7682;3
7683;0
7684;0
7685;2
7686;1
7687;1
7688;1
7689;2
7690;0
7691;3
7692;1
7693;2
7694;4
7695;0
7696;1
7697;1
7698;2
7699;0
7700;1
7701;0
7702;3
7703;0
7704;1
7705;2
7706;0
7707;1
7708;2
7709;1
7710;1
7711;0
7712;0
7713;2
7714;4
7715;0
7716;0
7717;0
7718;1
7719;1
7720;0
7721;2
7722;0
7723;1
7724;2
7725;0
7726;1
7727;0
7728;1
7729;1
7730;0
7731;1
7732;0
7733;2
7734;0
7735;1
7736;0
7737;0
7738;1
7739;0
7740;0
7741;0
7742;0
7743;0
7744;0
7745;0
7746;0
7747;1
7748;0
7749;1
7750;1
7751;1
7752;0
7753;1
7754;0
7755;2
7756;2
7757;1
7758;0
7759;0
7760;1
7761;0
7762;0
7763;0
7764;0
7765;0
7766;2
7767;0
7768;1
7769;2
7770;0
7771;1
7772;0
7773;0
7774;0
7775;0
7776;0
7777;2
7778;1
7779;1
7780;0
7781;0
7782;0
7783;2
7784;0
7785;1
7786;0
7787;0
7788;0
7789;0
7790;0
7791;0
7792;2
7793;0
7794;1
7795;0
7796;0
7797;2
7798;1
7799;0
7800;0
7801;0
7802;2
7803;0
7804;0
7805;0
7806;1
7807;0
7808;0
7809;1
7810;0
7811;1
7812;0
7813;0
7814;0
7815;0
7816;1
7817;1
7818;0
7819;0
7820;0
7821;1
7822;0
7823;1
7824;1
7825;0
7826;0
7827;0
7828;0
7829;0
7830;0
7831;0
7832;0
7833;0
7834;0
7835;0
7836;0
7837;0
7838;0
7839;0
7840;0
7841;0
7842;0
7843;0
7844;0
7845;1
7846;0
7847;1
7848;0
7849;0
7850;0
7851;0
7852;1
7853;1
7854;0
7855;0
7856;0
7857;0
7858;0
7859;0
7860;0
7861;0
7862;0
7863;0
7864;0
7865;0
7866;0
7867;0
7868;0
7869;0
7870;1
7871;0
7872;1
7873;0
7874;0
7875;0
7876;1
7877;1
7878;0
7879;0
7880;0
7881;0
7882;0
7883;0
7884;1
7885;0
7886;0
7887;1
7888;0
7889;0
7890;0
7891;1
7892;0
7893;0
7894;0
7895;0
7896;1
7897;0
7898;1
7899;0
7900;0
7901;1
7902;0
7903;0
7904;0
7905;0
7906;1
7907;1
7908;0
7909;0
7910;0
7911;1
7912;1
7913;0
7914;0
7915;0
7916;0
7917;0
7918;0
7919;1
7920;0
7921;1
7922;1
7923;0
7924;0
7925;0
7926;0
7927;0
7928;0
7929;0
7930;0
7931;0
7932;0
7933;0
7934;0
7935;0
7936;0
7937;0
7938;0
7939;0
7940;0
7941;0
7942;0
7943;0
7944;0
7945;0
7946;0
7947;1
7948;0
7949;1
7950;0
7951;0
7952;2
7953;0
7954;1
7955;0
7956;2
7957;0
7958;0
7959;2
7960;0
7961;0
7962;0
7963;1
7964;0
7965;0
7966;0
7967;0
7968;0
7969;0
7970;0
7971;0
7972;0
7973;0
7974;0
7975;0
7976;0
7977;1
7978;0
7979;1
7980;0
7981;0
7982;0
7983;1
7984;0
7985;0
7986;0
7987;0
7988;1
7989;0
7990;1
7991;0
7992;0
7993;0
7994;1
7995;0
7996;0
7997;0
7998;0
7999;0
8000;0
8001;1
8002;2
8003;2
8004;1
8005;0
8006;0
8007;0
8008;0
8009;0
8010;0
8011;0
8012;0
8013;0
8014;0
8015;0
8016;0
8017;0
8018;0
8019;0
8020;0
8021;0
8022;1
8023;0
8024;0
8025;0
8026;0
8027;1
8028;0
8029;0
8030;0
8031;0
8032;0
8033;0
8034;0
8035;0
8036;0
8037;0
8038;0
8039;1
8040;0
8041;0
8042;1
8043;0
8044;0
8045;0
8046;1
8047;0
8048;0
8049;0
8050;0
8051;0
8052;0
8053;1
8054;0
8055;0
8056;0
8057;0
8058;1
8059;1
8060;0
8061;0
8062;0
8063;0
8064;0
8065;0
8066;0
8067;0
8068;0
8069;0
8070;0
8071;0
8072;2
8073;0
8074;0
8075;0
8076;0
8077;1
8078;0
8079;0
8080;0
8081;0
8082;0
8083;0
8084;0
8085;0
8086;1
8087;3
8088;0
8089;0
8090;0
8091;0
8092;0
8093;0
8094;0
8095;0
8096;0
8097;0
8098;0
8099;0
8100;0
8101;0
8102;1
8103;0
8104;0
8105;0
8106;0
8107;0
8108;0
8109;0
8110;0
8111;0
8112;1
8113;1
8114;0
8115;0
8116;0
8117;0
8118;0
8119;0
8120;0
8121;0
8122;0
8123;0
8124;0
8125;0
8126;0
8127;0
8128;0
8129;0
8130;0
8131;0
8132;0
8133;0
8134;0
8135;0
8136;0
8137;0
8138;0
8139;0
8140;0
8141;0
8142;0
8143;0
8144;0
8145;0
8146;0
8147;0
8148;0
8149;0
8150;0
8151;0
8152;0
8153;0
8154;0
8155;0
8156;0
8157;0
8158;0
8159;0
8160;0
8161;0
8162;0
8163;0
8164;0
8165;0
8166;0
8167;0
8168;0
8169;0
8170;0
8171;0
8172;0
8173;0
8174;0
8175;0
8176;0
8177;0
8178;0
8179;0
8180;0
8181;0
8182;0
8183;0
8184;0
8185;0
8186;0
8187;0
8188;0
8189;0
8190;0
8191;0
