0;0
1;0
2;0
3;0
4;0
5;0
6;0
7;0
8;0
9;0
10;0
11;0
12;0
13;0
14;0
15;0
16;0
17;0
18;0
19;0
20;0
21;0
22;0
23;0
24;0
25;0
26;0
27;0
28;0
29;0
30;0
31;0
32;0
33;0
34;0
35;0
36;0
37;0
38;0
39;0
40;0
41;0
42;0
43;0
44;0
45;0
46;0
47;0
48;0
49;0
50;0
51;0
52;0
53;0
54;0
55;0
56;0
57;0
58;0
59;0
60;0
61;0
62;0
63;0
64;0
65;0
66;0
67;0
68;0
69;0
70;0
71;0
72;0
73;0
74;0
75;0
76;0
77;0
78;0
79;0
80;0
81;0
82;0
83;0
84;0
85;0
86;0
87;0
88;0
89;0
90;0
91;0
92;0
93;0
94;0
95;0
96;0
97;0
98;0
99;0
100;0
101;0
102;0
103;0
104;0
105;0
106;0
107;0
108;0
109;0
110;0
111;0
112;0
113;0
114;0
115;0
116;0
117;0
118;0
119;0
120;0
121;0
122;0
123;0
124;0
125;0
126;0
127;0
128;0
129;0
130;0
131;1
132;0
133;11
134;79
135;251
136;410
137;448
138;474
139;479
140;469
141;461
142;438
143;456
144;454
145;491
146;446
147;470
148;476
149;432
150;478
151;446
152;440
153;437
154;461
155;472
156;457
157;474
158;463
159;498
160;439
161;468
162;501
163;461
164;474
165;459
166;423
167;458
168;463
169;463
170;415
171;420
172;375
173;422
174;409
175;445
176;451
177;428
178;403
179;437
180;419
181;468
182;448
183;437
184;533
185;477
186;505
187;550
188;465
189;497
190;451
191;433
192;425
193;382
194;377
195;354
196;358
197;391
198;378
199;339
200;326
201;361
202;343
203;382
204;410
205;342
206;330
207;353
208;371
209;361
210;334
211;395
212;335
213;438
214;453
215;491
216;552
217;552
218;480
219;476
220;409
221;416
222;407
223;412
224;381
225;414
226;353
227;340
228;393
229;305
230;324
231;322
232;314
233;327
234;343
235;336
236;301
237;311
238;347
239;322
240;342
241;326
242;352
243;301
244;315
245;340
246;303
247;328
248;316
249;330
250;340
251;331
252;346
253;340
254;338
255;341
256;361
257;332
258;309
259;321
260;347
261;338
262;316
263;334
264;347
265;317
266;338
267;324
268;314
269;333
270;308
271;336
272;373
273;323
274;304
275;338
276;334
277;305
278;367
279;364
280;311
281;315
282;358
283;344
284;330
285;360
286;332
287;329
288;357
289;329
290;330
291;329
292;338
293;360
294;347
295;334
296;337
297;349
298;302
299;349
300;348
301;325
302;347
303;365
304;360
305;318
306;344
307;377
308;376
309;368
310;359
311;363
312;350
313;361
314;352
315;375
316;372
317;353
318;386
319;369
320;366
321;363
322;349
323;387
324;383
325;353
326;390
327;401
328;384
329;381
330;386
331;331
332;413
333;364
334;373
335;356
336;400
337;384
338;413
339;404
340;400
341;389
342;413
343;435
344;350
345;402
346;394
347;424
348;384
349;360
350;383
351;371
352;424
353;413
354;404
355;449
356;408
357;417
358;434
359;474
360;484
361;497
362;520
363;505
364;438
365;443
366;432
367;448
368;482
369;478
370;524
371;552
372;549
373;561
374;597
375;494
376;488
377;480
378;434
379;456
380;432
381;499
382;440
383;464
384;468
385;477
386;446
387;435
388;460
389;441
390;445
391;433
392;401
393;455
394;487
395;494
396;498
397;447
398;483
399;500
400;460
401;456
402;485
403;530
404;499
405;498
406;497
407;487
408;521
409;493
410;514
411;555
412;610
413;590
414;615
415;590
416;621
417;599
418;647
419;573
420;587
421;621
422;612
423;669
424;666
425;722
426;673
427;667
428;654
429;636
430;646
431;640
432;642
433;587
434;612
435;589
436;622
437;621
438;640
439;649
440;589
441;597
442;620
443;613
444;577
445;648
446;572
447;604
448;569
449;562
450;584
451;627
452;575
453;585
454;602
455;578
456;610
457;592
458;629
459;603
460;572
461;597
462;588
463;619
464;596
465;651
466;631
467;614
468;602
469;625
470;613
471;635
472;644
473;575
474;608
475;598
476;616
477;608
478;580
479;607
480;613
481;617
482;599
483;620
484;621
485;665
486;562
487;593
488;606
489;609
490;631
491;669
492;636
493;688
494;630
495;636
496;604
497;625
498;630
499;639
500;665
501;656
502;653
503;614
504;622
505;642
506;656
507;672
508;626
509;650
510;662
511;620
512;649
513;612
514;644
515;619
516;681
517;632
518;621
519;676
520;635
521;658
522;662
523;651
524;688
525;689
526;626
527;652
528;669
529;649
530;713
531;661
532;677
533;694
534;705
535;703
536;617
537;657
538;707
539;694
540;662
541;738
542;671
543;659
544;670
545;695
546;633
547;695
548;673
549;706
550;669
551;659
552;638
553;643
554;704
555;633
556;635
557;684
558;643
559;653
560;618
561;647
562;635
563;653
564;644
565;605
566;654
567;652
568;622
569;625
570;665
571;608
572;647
573;632
574;615
575;592
576;581
577;623
578;587
579;615
580;610
581;592
582;607
583;589
584;583
585;572
586;594
587;549
588;586
589;584
590;561
591;580
592;533
593;580
594;572
595;545
596;577
597;561
598;516
599;586
600;564
601;548
602;588
603;531
604;550
605;550
606;578
607;565
608;578
609;562
610;546
611;590
612;571
613;619
614;762
615;1434
616;3152
617;6627
618;12140
619;17752
620;20997
621;19272
622;14567
623;8684
624;4360
625;1949
626;879
627;497
628;426
629;423
630;416
631;376
632;420
633;399
634;394
635;413
636;415
637;385
638;408
639;394
640;411
641;424
642;388
643;374
644;383
645;415
646;385
647;395
648;405
649;395
650;388
651;434
652;402
653;428
654;359
655;368
656;374
657;394
658;373
659;402
660;457
661;404
662;381
663;367
664;399
665;372
666;361
667;369
668;354
669;362
670;373
671;394
672;408
673;386
674;392
675;415
676;406
677;386
678;407
679;358
680;380
681;397
682;359
683;418
684;430
685;360
686;363
687;412
688;376
689;402
690;402
691;380
692;375
693;388
694;365
695;384
696;404
697;422
698;385
699;366
700;377
701;387
702;362
703;398
704;383
705;361
706;390
707;368
708;369
709;381
710;380
711;339
712;388
713;341
714;355
715;380
716;369
717;373
718;373
719;387
720;391
721;412
722;359
723;404
724;372
725;356
726;408
727;392
728;385
729;373
730;393
731;350
732;348
733;369
734;359
735;427
736;391
737;364
738;397
739;396
740;393
741;380
742;432
743;371
744;404
745;377
746;382
747;417
748;424
749;405
750;445
751;419
752;381
753;385
754;423
755;405
756;430
757;414
758;429
759;432
760;412
761;427
762;392
763;435
764;461
765;432
766;430
767;431
768;386
769;416
770;433
771;399
772;402
773;381
774;415
775;401
776;417
777;430
778;417
779;418
780;431
781;393
782;407
783;408
784;370
785;393
786;441
787;405
788;423
789;411
790;398
791;402
792;419
793;391
794;406
795;432
796;411
797;401
798;420
799;412
800;444
801;409
802;383
803;402
804;372
805;418
806;409
807;396
808;384
809;393
810;393
811;421
812;396
813;430
814;391
815;356
816;394
817;384
818;413
819;401
820;391
821;411
822;403
823;408
824;381
825;405
826;380
827;407
828;361
829;379
830;402
831;386
832;362
833;409
834;351
835;375
836;409
837;366
838;378
839;387
840;395
841;419
842;423
843;395
844;362
845;388
846;363
847;389
848;399
849;394
850;380
851;358
852;379
853;375
854;400
855;349
856;363
857;354
858;376
859;376
860;391
861;384
862;369
863;362
864;356
865;373
866;348
867;391
868;377
869;375
870;380
871;348
872;353
873;362
874;399
875;353
876;358
877;394
878;375
879;373
880;394
881;417
882;376
883;362
884;375
885;386
886;352
887;355
888;390
889;356
890;366
891;368
892;371
893;371
894;377
895;337
896;335
897;359
898;384
899;379
900;358
901;360
902;364
903;376
904;397
905;359
906;358
907;361
908;352
909;367
910;390
911;387
912;414
913;370
914;360
915;365
916;333
917;374
918;343
919;402
920;380
921;385
922;376
923;366
924;365
925;345
926;348
927;352
928;354
929;367
930;367
931;367
932;386
933;363
934;364
935;368
936;383
937;371
938;353
939;353
940;340
941;412
942;394
943;355
944;357
945;375
946;341
947;383
948;385
949;364
950;343
951;349
952;385
953;375
954;339
955;367
956;387
957;399
958;407
959;379
960;363
961;364
962;357
963;377
964;373
965;368
966;355
967;395
968;372
969;379
970;335
971;320
972;383
973;345
974;395
975;368
976;305
977;309
978;355
979;335
980;369
981;350
982;353
983;347
984;334
985;351
986;362
987;354
988;392
989;380
990;391
991;397
992;328
993;403
994;347
995;373
996;360
997;336
998;337
999;371
1000;349
1001;355
1002;390
1003;386
1004;347
1005;370
1006;348
1007;368
1008;341
1009;374
1010;384
1011;368
1012;329
1013;346
1014;333
1015;350
1016;356
1017;356
1018;313
1019;370
1020;305
1021;340
1022;353
1023;327
1024;323
1025;339
1026;336
1027;339
1028;358
1029;375
1030;363
1031;363
1032;314
1033;319
1034;315
1035;359
1036;330
1037;308
1038;342
1039;323
1040;317
1041;329
1042;305
1043;321
1044;311
1045;280
1046;348
1047;314
1048;333
1049;334
1050;310
1051;308
1052;326
1053;335
1054;359
1055;341
1056;312
1057;301
1058;346
1059;333
1060;307
1061;338
1062;299
1063;330
1064;329
1065;316
1066;311
1067;331
1068;307
1069;294
1070;307
1071;346
1072;303
1073;308
1074;326
1075;332
1076;330
1077;305
1078;319
1079;308
1080;337
1081;325
1082;322
1083;325
1084;315
1085;334
1086;284
1087;355
1088;298
1089;287
1090;319
1091;325
1092;280
1093;297
1094;282
1095;327
1096;278
1097;294
1098;317
1099;299
1100;304
1101;334
1102;325
1103;302
1104;322
1105;290
1106;275
1107;288
1108;296
1109;294
1110;300
1111;290
1112;308
1113;289
1114;299
1115;295
1116;308
1117;325
1118;317
1119;297
1120;290
1121;283
1122;331
1123;304
1124;301
1125;282
1126;301
1127;290
1128;288
1129;268
1130;304
1131;309
1132;310
1133;232
1134;276
1135;310
1136;283
1137;293
1138;304
1139;279
1140;309
1141;310
1142;279
1143;306
1144;285
1145;283
1146;291
1147;296
1148;293
1149;259
1150;272
1151;257
1152;290
1153;252
1154;251
1155;282
1156;258
1157;310
1158;283
1159;286
1160;238
1161;281
1162;273
1163;288
1164;254
1165;274
1166;249
1167;255
1168;279
1169;271
1170;249
1171;251
1172;228
1173;259
1174;277
1175;243
1176;238
1177;273
1178;227
1179;273
1180;289
1181;252
1182;273
1183;229
1184;219
1185;263
1186;265
1187;232
1188;225
1189;256
1190;265
1191;243
1192;249
1193;278
1194;224
1195;263
1196;262
1197;283
1198;221
1199;246
1200;266
1201;235
1202;280
1203;238
1204;297
1205;233
1206;217
1207;223
1208;259
1209;250
1210;254
1211;269
1212;257
1213;257
1214;235
1215;219
1216;258
1217;254
1218;247
1219;279
1220;249
1221;230
1222;245
1223;261
1224;230
1225;218
1226;253
1227;248
1228;232
1229;261
1230;235
1231;208
1232;223
1233;242
1234;237
1235;254
1236;271
1237;279
1238;271
1239;272
1240;245
1241;248
1242;242
1243;258
1244;245
1245;250
1246;245
1247;236
1248;218
1249;241
1250;233
1251;228
1252;232
1253;218
1254;212
1255;246
1256;241
1257;215
1258;245
1259;234
1260;256
1261;234
1262;291
1263;314
1264;475
1265;839
1266;1468
1267;2358
1268;3223
1269;3849
1270;3909
1271;3450
1272;2419
1273;1807
1274;955
1275;510
1276;282
1277;256
1278;220
1279;200
1280;198
1281;215
1282;204
1283;221
1284;222
1285;203
1286;214
1287;234
1288;196
1289;226
1290;202
1291;224
1292;217
1293;207
1294;215
1295;221
1296;220
1297;193
1298;215
1299;184
1300;208
1301;184
1302;199
1303;224
1304;220
1305;260
1306;235
1307;235
1308;217
1309;208
1310;221
1311;215
1312;193
1313;211
1314;200
1315;208
1316;178
1317;210
1318;198
1319;186
1320;181
1321;203
1322;212
1323;216
1324;225
1325;215
1326;209
1327;177
1328;218
1329;161
1330;204
1331;196
1332;194
1333;194
1334;191
1335;193
1336;184
1337;219
1338;184
1339;224
1340;174
1341;207
1342;189
1343;181
1344;214
1345;180
1346;200
1347;195
1348;197
1349;190
1350;183
1351;162
1352;190
1353;183
1354;172
1355;183
1356;175
1357;199
1358;177
1359;191
1360;207
1361;208
1362;183
1363;179
1364;185
1365;174
1366;189
1367;145
1368;153
1369;187
1370;185
1371;163
1372;202
1373;206
1374;210
1375;167
1376;191
1377;189
1378;182
1379;195
1380;180
1381;167
1382;184
1383;190
1384;183
1385;174
1386;192
1387;188
1388;186
1389;182
1390;164
1391;184
1392;181
1393;169
1394;173
1395;170
1396;187
1397;180
1398;170
1399;188
1400;211
1401;170
1402;175
1403;163
1404;197
1405;157
1406;195
1407;196
1408;186
1409;204
1410;189
1411;192
1412;166
1413;192
1414;187
1415;179
1416;190
1417;163
1418;170
1419;160
1420;173
1421;186
1422;166
1423;196
1424;172
1425;159
1426;169
1427;169
1428;161
1429;151
1430;184
1431;176
1432;185
1433;195
1434;178
1435;170
1436;183
1437;174
1438;196
1439;175
1440;165
1441;194
1442;191
1443;172
1444;164
1445;165
1446;157
1447;155
1448;210
1449;166
1450;169
1451;166
1452;151
1453;171
1454;207
1455;172
1456;178
1457;170
1458;191
1459;171
1460;190
1461;175
1462;187
1463;158
1464;166
1465;184
1466;171
1467;168
1468;155
1469;146
1470;172
1471;150
1472;160
1473;145
1474;175
1475;159
1476;163
1477;180
1478;155
1479;155
1480;170
1481;150
1482;166
1483;178
1484;173
1485;163
1486;172
1487;165
1488;161
1489;138
1490;175
1491;183
1492;184
1493;150
1494;176
1495;174
1496;135
1497;131
1498;156
1499;173
1500;170
1501;166
1502;172
1503;161
1504;157
1505;175
1506;141
1507;149
1508;149
1509;154
1510;130
1511;152
1512;158
1513;165
1514;172
1515;141
1516;173
1517;151
1518;133
1519;146
1520;148
1521;150
1522;160
1523;189
1524;144
1525;157
1526;150
1527;154
1528;172
1529;160
1530;159
1531;155
1532;167
1533;145
1534;186
1535;194
1536;232
1537;277
1538;303
1539;320
1540;326
1541;323
1542;265
1543;234
1544;202
1545;164
1546;173
1547;147
1548;145
1549;139
1550;152
1551;144
1552;137
1553;144
1554;131
1555;136
1556;141
1557;148
1558;145
1559;153
1560;147
1561;125
1562;137
1563;115
1564;138
1565;159
1566;140
1567;148
1568;129
1569;148
1570;167
1571;166
1572;136
1573;118
1574;143
1575;141
1576;144
1577;139
1578;133
1579;151
1580;151
1581;137
1582;137
1583;131
1584;158
1585;124
1586;138
1587;145
1588;136
1589;155
1590;151
1591;140
1592;119
1593;137
1594;142
1595;112
1596;136
1597;141
1598;140
1599;136
1600;144
1601;139
1602;136
1603;148
1604;127
1605;137
1606;146
1607;126
1608;124
1609;129
1610;133
1611;137
1612;159
1613;131
1614;140
1615;137
1616;140
1617;120
1618;149
1619;113
1620;130
1621;133
1622;129
1623;122
1624;128
1625;123
1626;144
1627;140
1628;128
1629;129
1630;140
1631;125
1632;152
1633;122
1634;115
1635;130
1636;127
1637;132
1638;115
1639;134
1640;163
1641;151
1642;145
1643;145
1644;134
1645;128
1646;135
1647;135
1648;120
1649;123
1650;136
1651;134
1652;134
1653;123
1654;133
1655;127
1656;148
1657;137
1658;141
1659;121
1660;116
1661;135
1662;126
1663;140
1664;131
1665;140
1666;133
1667;129
1668;137
1669;129
1670;132
1671;127
1672;136
1673;139
1674;125
1675;131
1676;125
1677;150
1678;130
1679;135
1680;122
1681;102
1682;133
1683;108
1684;119
1685;129
1686;125
1687;141
1688;125
1689;143
1690;143
1691;133
1692;164
1693;153
1694;170
1695;131
1696;136
1697;128
1698;124
1699;126
1700;123
1701;126
1702;144
1703;108
1704;133
1705;124
1706;115
1707;117
1708;138
1709;116
1710;126
1711;137
1712;151
1713;135
1714;167
1715;144
1716;174
1717;200
1718;153
1719;146
1720;153
1721;128
1722;132
1723;136
1724;122
1725;107
1726;158
1727;98
1728;124
1729;134
1730;125
1731;148
1732;120
1733;129
1734;119
1735;151
1736;128
1737;118
1738;120
1739;138
1740;101
1741;137
1742;138
1743;125
1744;127
1745;120
1746;121
1747;117
1748;115
1749;136
1750;122
1751;139
1752;129
1753;129
1754;108
1755;133
1756;112
1757;110
1758;119
1759;132
1760;126
1761;149
1762;151
1763;136
1764;145
1765;124
1766;130
1767;125
1768;128
1769;133
1770;120
1771;141
1772;151
1773;135
1774;143
1775;153
1776;116
1777;117
1778;152
1779;116
1780;125
1781;142
1782;127
1783;122
1784;157
1785;155
1786;176
1787;285
1788;436
1789;890
1790;1680
1791;2855
1792;4698
1793;6539
1794;8252
1795;8891
1796;8196
1797;6816
1798;4941
1799;3143
1800;1739
1801;871
1802;412
1803;223
1804;117
1805;120
1806;113
1807;101
1808;104
1809;94
1810;102
1811;124
1812;114
1813;84
1814;98
1815;86
1816;93
1817;98
1818;98
1819;97
1820;85
1821;118
1822;98
1823;98
1824;108
1825;100
1826;100
1827;103
1828;102
1829;101
1830;115
1831;121
1832;118
1833;136
1834;139
1835;140
1836;106
1837;105
1838;89
1839;103
1840;104
1841;91
1842;111
1843;102
1844;115
1845;101
1846;101
1847;92
1848;99
1849;96
1850;97
1851;109
1852;103
1853;83
1854;92
1855;92
1856;107
1857;96
1858;100
1859;98
1860;91
1861;114
1862;97
1863;98
1864;90
1865;94
1866;124
1867;97
1868;95
1869;109
1870;93
1871;107
1872;76
1873;102
1874;79
1875;94
1876;103
1877;106
1878;102
1879;108
1880;107
1881;119
1882;102
1883;96
1884;107
1885;116
1886;116
1887;110
1888;85
1889;88
1890;90
1891;106
1892;106
1893;93
1894;80
1895;116
1896;93
1897;101
1898;94
1899;88
1900;113
1901;101
1902;100
1903;101
1904;94
1905;109
1906;90
1907;92
1908;95
1909;109
1910;98
1911;87
1912;115
1913;120
1914;146
1915;192
1916;213
1917;272
1918;310
1919;375
1920;361
1921;275
1922;229
1923;179
1924;159
1925;117
1926;100
1927;113
1928;107
1929;82
1930;87
1931;91
1932;82
1933;81
1934;100
1935;110
1936;79
1937;76
1938;87
1939;94
1940;90
1941;92
1942;105
1943;92
1944;102
1945;99
1946;97
1947;101
1948;91
1949;82
1950;92
1951;84
1952;81
1953;75
1954;103
1955;102
1956;94
1957;84
1958;86
1959;92
1960;98
1961;92
1962;91
1963;96
1964;86
1965;84
1966;104
1967;103
1968;95
1969;100
1970;79
1971;104
1972;93
1973;96
1974;85
1975;85
1976;103
1977;85
1978;103
1979;82
1980;97
1981;77
1982;101
1983;85
1984;91
1985;88
1986;87
1987;76
1988;101
1989;88
1990;87
1991;99
1992;92
1993;99
1994;93
1995;84
1996;88
1997;93
1998;96
1999;91
2000;100
2001;77
2002;87
2003;59
2004;108
2005;88
2006;91
2007;89
2008;87
2009;91
2010;103
2011;81
2012;89
2013;91
2014;104
2015;95
2016;94
2017;108
2018;97
2019;99
2020;98
2021;93
2022;88
2023;96
2024;95
2025;80
2026;107
2027;90
2028;83
2029;80
2030;93
2031;79
2032;71
2033;86
2034;90
2035;78
2036;89
2037;98
2038;96
2039;84
2040;85
2041;73
2042;86
2043;91
2044;85
2045;102
2046;81
2047;91
2048;69
2049;80
2050;102
2051;95
2052;85
2053;72
2054;85
2055;88
2056;81
2057;93
2058;100
2059;73
2060;76
2061;90
2062;79
2063;101
2064;95
2065;88
2066;72
2067;80
2068;78
2069;84
2070;90
2071;97
2072;93
2073;86
2074;80
2075;105
2076;108
2077;74
2078;89
2079;98
2080;77
2081;107
2082;94
2083;82
2084;93
2085;85
2086;93
2087;72
2088;105
2089;103
2090;87
2091;87
2092;93
2093;73
2094;81
2095;69
2096;89
2097;81
2098;93
2099;88
2100;77
2101;76
2102;88
2103;83
2104;89
2105;94
2106;97
2107;67
2108;73
2109;100
2110;87
2111;118
2112;69
2113;75
2114;83
2115;73
2116;88
2117;99
2118;89
2119;79
2120;83
2121;91
2122;81
2123;83
2124;88
2125;78
2126;78
2127;86
2128;89
2129;90
2130;82
2131;76
2132;88
2133;90
2134;93
2135;91
2136;97
2137;80
2138;78
2139;85
2140;108
2141;119
2142;149
2143;234
2144;294
2145;456
2146;556
2147;664
2148;680
2149;634
2150;544
2151;366
2152;269
2153;178
2154;141
2155;112
2156;98
2157;74
2158;79
2159;93
2160;92
2161;106
2162;80
2163;90
2164;95
2165;96
2166;102
2167;88
2168;71
2169;88
2170;90
2171;102
2172;115
2173;102
2174;124
2175;116
2176;110
2177;108
2178;92
2179;96
2180;79
2181;89
2182;90
2183;89
2184;77
2185;78
2186;64
2187;87
2188;103
2189;75
2190;86
2191;71
2192;74
2193;67
2194;85
2195;87
2196;79
2197;84
2198;80
2199;88
2200;77
2201;67
2202;78
2203;74
2204;80
2205;85
2206;69
2207;81
2208;81
2209;83
2210;86
2211;79
2212;89
2213;85
2214;79
2215;74
2216;80
2217;88
2218;81
2219;89
2220;76
2221;77
2222;74
2223;74
2224;95
2225;77
2226;90
2227;84
2228;75
2229;70
2230;99
2231;73
2232;90
2233;78
2234;70
2235;82
2236;75
2237;87
2238;83
2239;87
2240;94
2241;96
2242;69
2243;76
2244;88
2245;85
2246;72
2247;83
2248;86
2249;75
2250;71
2251;89
2252;88
2253;80
2254;77
2255;66
2256;95
2257;70
2258;96
2259;66
2260;91
2261;76
2262;71
2263;80
2264;73
2265;72
2266;69
2267;80
2268;68
2269;74
2270;80
2271;80
2272;88
2273;90
2274;77
2275;84
2276;73
2277;65
2278;82
2279;78
2280;92
2281;89
2282;101
2283;72
2284;87
2285;81
2286;82
2287;81
2288;79
2289;82
2290;75
2291;80
2292;88
2293;87
2294;89
2295;75
2296;88
2297;77
2298;81
2299;97
2300;72
2301;81
2302;79
2303;95
2304;72
2305;89
2306;88
2307;76
2308;83
2309;87
2310;76
2311;86
2312;95
2313;108
2314;134
2315;171
2316;236
2317;360
2318;493
2319;612
2320;734
2321;840
2322;823
2323;729
2324;572
2325;433
2326;284
2327;195
2328;131
2329;97
2330;83
2331;81
2332;79
2333;82
2334;71
2335;77
2336;67
2337;79
2338;88
2339;66
2340;57
2341;87
2342;86
2343;82
2344;90
2345;80
2346;65
2347;71
2348;69
2349;77
2350;68
2351;59
2352;75
2353;69
2354;74
2355;90
2356;90
2357;70
2358;70
2359;92
2360;65
2361;75
2362;78
2363;81
2364;74
2365;74
2366;93
2367;73
2368;97
2369;85
2370;72
2371;79
2372;67
2373;80
2374;80
2375;87
2376;65
2377;81
2378;83
2379;76
2380;58
2381;82
2382;71
2383;70
2384;69
2385;89
2386;80
2387;74
2388;80
2389;61
2390;82
2391;68
2392;80
2393;83
2394;85
2395;78
2396;87
2397;74
2398;63
2399;73
2400;64
2401;67
2402;74
2403;69
2404;86
2405;82
2406;75
2407;86
2408;87
2409;71
2410;79
2411;79
2412;62
2413;79
2414;79
2415;83
2416;87
2417;69
2418;69
2419;60
2420;98
2421;80
2422;80
2423;84
2424;95
2425;75
2426;76
2427;90
2428;78
2429;80
2430;76
2431;73
2432;71
2433;81
2434;64
2435;74
2436;72
2437;78
2438;75
2439;87
2440;84
2441;70
2442;84
2443;78
2444;86
2445;75
2446;65
2447;83
2448;76
2449;77
2450;77
2451;65
2452;74
2453;75
2454;79
2455;68
2456;69
2457;77
2458;99
2459;71
2460;67
2461;97
2462;78
2463;71
2464;66
2465;89
2466;81
2467;90
2468;76
2469;74
2470;78
2471;57
2472;87
2473;82
2474;76
2475;91
2476;74
2477;81
2478;64
2479;78
2480;65
2481;72
2482;71
2483;63
2484;98
2485;77
2486;73
2487;73
2488;56
2489;86
2490;76
2491;74
2492;74
2493;88
2494;82
2495;79
2496;70
2497;64
2498;78
2499;67
2500;72
2501;67
2502;69
2503;66
2504;91
2505;86
2506;67
2507;66
2508;72
2509;87
2510;71
2511;76
2512;78
2513;61
2514;69
2515;75
2516;77
2517;94
2518;64
2519;88
2520;88
2521;90
2522;70
2523;66
2524;87
2525;67
2526;75
2527;72
2528;71
2529;70
2530;83
2531;78
2532;66
2533;88
2534;77
2535;75
2536;78
2537;81
2538;74
2539;58
2540;80
2541;76
2542;81
2543;99
2544;84
2545;89
2546;80
2547;56
2548;83
2549;79
2550;73
2551;85
2552;99
2553;103
2554;110
2555;132
2556;157
2557;149
2558;177
2559;160
2560;142
2561;125
2562;89
2563;102
2564;76
2565;82
2566;65
2567;74
2568;77
2569;74
2570;70
2571;84
2572;75
2573;85
2574;84
2575;98
2576;80
2577;64
2578;62
2579;76
2580;81
2581;86
2582;86
2583;81
2584;71
2585;90
2586;77
2587;79
2588;81
2589;82
2590;68
2591;80
2592;66
2593;76
2594;79
2595;78
2596;77
2597;77
2598;67
2599;70
2600;59
2601;89
2602;63
2603;62
2604;69
2605;86
2606;73
2607;70
2608;67
2609;77
2610;85
2611;74
2612;75
2613;68
2614;71
2615;68
2616;93
2617;74
2618;84
2619;66
2620;58
2621;79
2622;67
2623;80
2624;88
2625;68
2626;66
2627;79
2628;59
2629;70
2630;85
2631;71
2632;96
2633;99
2634;93
2635;88
2636;109
2637;116
2638;77
2639;92
2640;70
2641;77
2642;87
2643;83
2644;78
2645;68
2646;80
2647;76
2648;68
2649;80
2650;69
2651;66
2652;76
2653;75
2654;82
2655;82
2656;85
2657;79
2658;82
2659;74
2660;69
2661;70
2662;85
2663;82
2664;69
2665;83
2666;67
2667;70
2668;90
2669;88
2670;93
2671;80
2672;77
2673;86
2674;105
2675;78
2676;90
2677;88
2678;88
2679;71
2680;71
2681;77
2682;86
2683;75
2684;87
2685;78
2686;65
2687;74
2688;80
2689;65
2690;77
2691;77
2692;70
2693;81
2694;82
2695;89
2696;69
2697;76
2698;87
2699;74
2700;81
2701;61
2702;62
2703;83
2704;61
2705;75
2706;84
2707;92
2708;84
2709;72
2710;87
2711;72
2712;76
2713;87
2714;69
2715;88
2716;62
2717;82
2718;82
2719;83
2720;71
2721;76
2722;100
2723;103
2724;82
2725;86
2726;78
2727;75
2728;94
2729;82
2730;68
2731;67
2732;86
2733;81
2734;76
2735;75
2736;83
2737;80
2738;69
2739;62
2740;75
2741;63
2742;92
2743;69
2744;70
2745;84
2746;76
2747;82
2748;79
2749;76
2750;72
2751;63
2752;63
2753;65
2754;71
2755;68
2756;73
2757;73
2758;67
2759;86
2760;67
2761;68
2762;83
2763;74
2764;75
2765;65
2766;57
2767;79
2768;63
2769;79
2770;80
2771;76
2772;78
2773;62
2774;76
2775;76
2776;72
2777;80
2778;89
2779;68
2780;73
2781;65
2782;79
2783;85
2784;74
2785;88
2786;73
2787;71
2788;79
2789;71
2790;80
2791;82
2792;66
2793;76
2794;66
2795;61
2796;86
2797;84
2798;83
2799;75
2800;71
2801;96
2802;71
2803;87
2804;87
2805;78
2806;75
2807;80
2808;74
2809;61
2810;71
2811;64
2812;88
2813;82
2814;78
2815;83
2816;60
2817;81
2818;73
2819;77
2820;75
2821;85
2822;77
2823;70
2824;70
2825;63
2826;64
2827;82
2828;78
2829;78
2830;56
2831;69
2832;87
2833;74
2834;83
2835;88
2836;84
2837;67
2838;72
2839;79
2840;75
2841;66
2842;77
2843;68
2844;68
2845;81
2846;70
2847;74
2848;80
2849;82
2850;79
2851;75
2852;67
2853;72
2854;84
2855;78
2856;69
2857;78
2858;74
2859;66
2860;87
2861;69
2862;70
2863;78
2864;74
2865;80
2866;78
2867;73
2868;69
2869;79
2870;67
2871;62
2872;63
2873;87
2874;86
2875;82
2876;57
2877;88
2878;52
2879;71
2880;76
2881;66
2882;72
2883;73
2884;84
2885;90
2886;69
2887;68
2888;71
2889;74
2890;75
2891;77
2892;63
2893;91
2894;75
2895;67
2896;63
2897;79
2898;80
2899;82
2900;88
2901;67
2902;86
2903;69
2904;75
2905;78
2906;84
2907;77
2908;75
2909;85
2910;65
2911;81
2912;68
2913;89
2914;86
2915;81
2916;71
2917;70
2918;69
2919;83
2920;83
2921;85
2922;76
2923;85
2924;67
2925;80
2926;88
2927;91
2928;82
2929;69
2930;80
2931;70
2932;61
2933;85
2934;80
2935;68
2936;71
2937;68
2938;54
2939;81
2940;86
2941;72
2942;74
2943;84
2944;80
2945;72
2946;83
2947;77
2948;95
2949;112
2950;117
2951;114
2952;137
2953;147
2954;138
2955;154
2956;148
2957;150
2958;130
2959;99
2960;116
2961;107
2962;82
2963;72
2964;83
2965;104
2966;76
2967;94
2968;104
2969;108
2970;105
2971;85
2972;77
2973;76
2974;76
2975;91
2976;77
2977;82
2978;74
2979;72
2980;75
2981;65
2982;79
2983;81
2984;79
2985;87
2986;87
2987;78
2988;88
2989;89
2990;72
2991;85
2992;67
2993;66
2994;75
2995;89
2996;83
2997;89
2998;74
2999;72
3000;74
3001;67
3002;82
3003;79
3004;74
3005;81
3006;91
3007;88
3008;84
3009;84
3010;84
3011;90
3012;81
3013;82
3014;88
3015;78
3016;78
3017;90
3018;59
3019;85
3020;67
3021;75
3022;78
3023;69
3024;87
3025;58
3026;90
3027;84
3028;75
3029;73
3030;83
3031;81
3032;88
3033;84
3034;86
3035;95
3036;78
3037;69
3038;72
3039;78
3040;76
3041;93
3042;78
3043;65
3044;77
3045;85
3046;78
3047;76
3048;77
3049;61
3050;83
3051;75
3052;80
3053;65
3054;81
3055;86
3056;85
3057;103
3058;86
3059;87
3060;74
3061;77
3062;66
3063;79
3064;79
3065;70
3066;66
3067;92
3068;97
3069;117
3070;128
3071;132
3072;142
3073;168
3074;134
3075;123
3076;127
3077;110
3078;108
3079;87
3080;92
3081;80
3082;83
3083;65
3084;67
3085;57
3086;68
3087;63
3088;66
3089;83
3090;78
3091;70
3092;83
3093;70
3094;62
3095;67
3096;73
3097;69
3098;66
3099;44
3100;67
3101;64
3102;58
3103;63
3104;60
3105;73
3106;76
3107;70
3108;78
3109;70
3110;63
3111;62
3112;64
3113;64
3114;72
3115;76
3116;54
3117;73
3118;65
3119;71
3120;63
3121;75
3122;70
3123;66
3124;50
3125;52
3126;75
3127;78
3128;78
3129;71
3130;84
3131;73
3132;75
3133;62
3134;52
3135;62
3136;60
3137;59
3138;63
3139;73
3140;78
3141;71
3142;71
3143;63
3144;64
3145;67
3146;74
3147;58
3148;76
3149;90
3150;59
3151;69
3152;65
3153;69
3154;63
3155;73
3156;63
3157;57
3158;49
3159;65
3160;71
3161;70
3162;65
3163;75
3164;61
3165;58
3166;63
3167;61
3168;73
3169;73
3170;56
3171;82
3172;60
3173;68
3174;46
3175;65
3176;68
3177;72
3178;70
3179;65
3180;76
3181;72
3182;66
3183;48
3184;65
3185;62
3186;77
3187;70
3188;77
3189;70
3190;87
3191;80
3192;69
3193;93
3194;75
3195;82
3196;86
3197;69
3198;76
3199;68
3200;57
3201;76
3202;67
3203;73
3204;58
3205;52
3206;61
3207;56
3208;71
3209;57
3210;71
3211;62
3212;69
3213;71
3214;51
3215;59
3216;60
3217;64
3218;59
3219;74
3220;79
3221;78
3222;75
3223;65
3224;63
3225;64
3226;72
3227;69
3228;71
3229;66
3230;55
3231;56
3232;62
3233;58
3234;52
3235;62
3236;52
3237;70
3238;70
3239;71
3240;64
3241;70
3242;63
3243;47
3244;51
3245;57
3246;67
3247;65
3248;71
3249;76
3250;61
3251;47
3252;53
3253;61
3254;62
3255;59
3256;59
3257;66
3258;71
3259;70
3260;76
3261;57
3262;70
3263;54
3264;75
3265;70
3266;69
3267;60
3268;64
3269;82
3270;54
3271;68
3272;56
3273;57
3274;68
3275;51
3276;66
3277;76
3278;59
3279;58
3280;55
3281;64
3282;67
3283;62
3284;63
3285;58
3286;52
3287;74
3288;62
3289;65
3290;52
3291;76
3292;65
3293;72
3294;71
3295;64
3296;70
3297;68
3298;78
3299;43
3300;66
3301;58
3302;50
3303;73
3304;53
3305;82
3306;63
3307;63
3308;57
3309;49
3310;68
3311;70
3312;68
3313;70
3314;66
3315;51
3316;64
3317;55
3318;67
3319;56
3320;60
3321;80
3322;69
3323;64
3324;58
3325;62
3326;48
3327;55
3328;66
3329;70
3330;73
3331;55
3332;62
3333;59
3334;63
3335;60
3336;61
3337;64
3338;68
3339;57
3340;68
3341;59
3342;70
3343;61
3344;69
3345;71
3346;76
3347;54
3348;71
3349;52
3350;61
3351;69
3352;59
3353;49
3354;44
3355;72
3356;61
3357;52
3358;63
3359;72
3360;47
3361;54
3362;73
3363;65
3364;73
3365;58
3366;60
3367;66
3368;73
3369;58
3370;72
3371;66
3372;61
3373;62
3374;65
3375;64
3376;61
3377;55
3378;61
3379;56
3380;72
3381;61
3382;64
3383;66
3384;63
3385;48
3386;71
3387;57
3388;61
3389;66
3390;71
3391;69
3392;65
3393;66
3394;61
3395;62
3396;64
3397;71
3398;55
3399;59
3400;59
3401;52
3402;58
3403;64
3404;61
3405;69
3406;73
3407;68
3408;50
3409;64
3410;66
3411;50
3412;46
3413;72
3414;67
3415;50
3416;55
3417;57
3418;68
3419;68
3420;56
3421;53
3422;57
3423;60
3424;69
3425;62
3426;64
3427;62
3428;62
3429;51
3430;57
3431;47
3432;65
3433;72
3434;70
3435;76
3436;61
3437;59
3438;73
3439;90
3440;94
3441;78
3442;88
3443;74
3444;78
3445;82
3446;81
3447;73
3448;69
3449;56
3450;71
3451;61
3452;59
3453;48
3454;78
3455;60
3456;67
3457;65
3458;67
3459;52
3460;59
3461;48
3462;65
3463;65
3464;74
3465;63
3466;75
3467;73
3468;76
3469;73
3470;80
3471;93
3472;85
3473;92
3474;83
3475;72
3476;84
3477;61
3478;60
3479;58
3480;62
3481;51
3482;62
3483;58
3484;59
3485;71
3486;71
3487;60
3488;71
3489;60
3490;62
3491;63
3492;67
3493;67
3494;58
3495;55
3496;59
3497;81
3498;74
3499;45
3500;55
3501;60
3502;59
3503;69
3504;57
3505;63
3506;65
3507;58
3508;72
3509;68
3510;82
3511;66
3512;87
3513;61
3514;50
3515;53
3516;55
3517;57
3518;52
3519;54
3520;61
3521;55
3522;44
3523;59
3524;66
3525;61
3526;61
3527;70
3528;51
3529;57
3530;43
3531;54
3532;60
3533;75
3534;85
3535;76
3536;86
3537;81
3538;76
3539;76
3540;84
3541;84
3542;78
3543;91
3544;76
3545;67
3546;62
3547;62
3548;65
3549;64
3550;41
3551;50
3552;68
3553;62
3554;80
3555;76
3556;83
3557;92
3558;115
3559;100
3560;114
3561;111
3562;105
3563;91
3564;95
3565;98
3566;91
3567;66
3568;63
3569;54
3570;56
3571;65
3572;63
3573;56
3574;67
3575;54
3576;39
3577;64
3578;51
3579;43
3580;64
3581;59
3582;62
3583;51
3584;61
3585;61
3586;56
3587;48
3588;69
3589;62
3590;53
3591;61
3592;50
3593;60
3594;58
3595;53
3596;62
3597;63
3598;78
3599;51
3600;66
3601;65
3602;69
3603;56
3604;49
3605;76
3606;81
3607;83
3608;92
3609;116
3610;123
3611;131
3612;164
3613;153
3614;168
3615;181
3616;112
3617;139
3618;119
3619;97
3620;75
3621;60
3622;59
3623;56
3624;44
3625;53
3626;59
3627;52
3628;56
3629;60
3630;58
3631;51
3632;43
3633;72
3634;58
3635;54
3636;64
3637;64
3638;66
3639;46
3640;48
3641;51
3642;63
3643;43
3644;70
3645;50
3646;59
3647;66
3648;63
3649;48
3650;63
3651;68
3652;53
3653;68
3654;67
3655;45
3656;58
3657;52
3658;57
3659;74
3660;75
3661;61
3662;69
3663;44
3664;62
3665;54
3666;59
3667;49
3668;61
3669;66
3670;67
3671;49
3672;58
3673;67
3674;50
3675;60
3676;64
3677;49
3678;55
3679;59
3680;66
3681;62
3682;56
3683;78
3684;67
3685;60
3686;59
3687;68
3688;50
3689;73
3690;60
3691;55
3692;70
3693;71
3694;72
3695;67
3696;56
3697;55
3698;63
3699;66
3700;59
3701;67
3702;69
3703;54
3704;64
3705;53
3706;55
3707;65
3708;58
3709;47
3710;59
3711;71
3712;55
3713;62
3714;65
3715;54
3716;58
3717;77
3718;56
3719;41
3720;49
3721;63
3722;56
3723;55
3724;61
3725;55
3726;62
3727;60
3728;58
3729;63
3730;40
3731;68
3732;58
3733;73
3734;51
3735;54
3736;65
3737;94
3738;67
3739;65
3740;74
3741;74
3742;82
3743;69
3744;82
3745;76
3746;59
3747;53
3748;60
3749;78
3750;64
3751;65
3752;61
3753;64
3754;55
3755;59
3756;49
3757;60
3758;63
3759;66
3760;58
3761;61
3762;53
3763;55
3764;56
3765;58
3766;54
3767;53
3768;67
3769;59
3770;78
3771;79
3772;92
3773;80
3774;102
3775;103
3776;91
3777;102
3778;94
3779;96
3780;73
3781;71
3782;67
3783;62
3784;68
3785;62
3786;52
3787;62
3788;70
3789;64
3790;53
3791;62
3792;66
3793;78
3794;50
3795;56
3796;69
3797;58
3798;58
3799;60
3800;63
3801;55
3802;59
3803;55
3804;70
3805;57
3806;67
3807;65
3808;70
3809;61
3810;63
3811;63
3812;56
3813;68
3814;69
3815;75
3816;66
3817;62
3818;65
3819;60
3820;66
3821;53
3822;63
3823;75
3824;60
3825;68
3826;63
3827;58
3828;57
3829;73
3830;54
3831;47
3832;65
3833;60
3834;67
3835;62
3836;66
3837;59
3838;63
3839;51
3840;57
3841;62
3842;70
3843;60
3844;63
3845;58
3846;68
3847;72
3848;59
3849;64
3850;58
3851;47
3852;66
3853;53
3854;66
3855;55
3856;64
3857;66
3858;59
3859;62
3860;51
3861;56
3862;65
3863;56
3864;48
3865;62
3866;67
3867;70
3868;49
3869;73
3870;64
3871;94
3872;68
3873;54
3874;68
3875;57
3876;86
3877;51
3878;67
3879;79
3880;59
3881;66
3882;64
3883;63
3884;50
3885;70
3886;62
3887;53
3888;48
3889;86
3890;68
3891;59
3892;55
3893;60
3894;67
3895;60
3896;55
3897;65
3898;58
3899;60
3900;67
3901;54
3902;56
3903;58
3904;48
3905;71
3906;66
3907;77
3908;59
3909;68
3910;56
3911;50
3912;56
3913;76
3914;56
3915;69
3916;58
3917;62
3918;50
3919;64
3920;54
3921;50
3922;65
3923;55
3924;57
3925;45
3926;65
3927;65
3928;70
3929;67
3930;76
3931;77
3932;63
3933;57
3934;49
3935;66
3936;72
3937;66
3938;71
3939;66
3940;63
3941;77
3942;67
3943;65
3944;58
3945;61
3946;76
3947;63
3948;75
3949;76
3950;59
3951;52
3952;59
3953;61
3954;62
3955;56
3956;71
3957;54
3958;57
3959;65
3960;48
3961;58
3962;64
3963;53
3964;67
3965;66
3966;69
3967;64
3968;67
3969;66
3970;72
3971;64
3972;69
3973;53
3974;55
3975;69
3976;55
3977;53
3978;66
3979;72
3980;56
3981;72
3982;55
3983;55
3984;58
3985;63
3986;74
3987;62
3988;75
3989;67
3990;63
3991;55
3992;54
3993;52
3994;57
3995;54
3996;59
3997;68
3998;53
3999;54
4000;52
4001;60
4002;46
4003;44
4004;64
4005;63
4006;52
4007;54
4008;53
4009;67
4010;61
4011;52
4012;79
4013;73
4014;82
4015;70
4016;72
4017;87
4018;71
4019;60
4020;84
4021;72
4022;66
4023;71
4024;65
4025;55
4026;43
4027;39
4028;61
4029;74
4030;62
4031;51
4032;50
4033;82
4034;84
4035;73
4036;63
4037;67
4038;54
4039;59
4040;63
4041;58
4042;58
4043;50
4044;68
4045;42
4046;49
4047;64
4048;60
4049;55
4050;52
4051;54
4052;53
4053;76
4054;62
4055;64
4056;56
4057;73
4058;68
4059;63
4060;50
4061;57
4062;47
4063;54
4064;57
4065;60
4066;49
4067;50
4068;66
4069;68
4070;63
4071;55
4072;68
4073;64
4074;66
4075;71
4076;81
4077;83
4078;65
4079;102
4080;116
4081;167
4082;204
4083;293
4084;396
4085;583
4086;728
4087;913
4088;1210
4089;1350
4090;1428
4091;1432
4092;1337
4093;1139
4094;913
4095;739
4096;548
4097;352
4098;233
4099;141
4100;121
4101;69
4102;59
4103;47
4104;61
4105;58
4106;52
4107;46
4108;42
4109;63
4110;47
4111;38
4112;57
4113;53
4114;47
4115;45
4116;67
4117;64
4118;50
4119;46
4120;53
4121;41
4122;57
4123;53
4124;49
4125;55
4126;46
4127;57
4128;49
4129;50
4130;54
4131;52
4132;43
4133;52
4134;43
4135;52
4136;47
4137;52
4138;47
4139;47
4140;58
4141;57
4142;50
4143;48
4144;45
4145;47
4146;61
4147;61
4148;40
4149;55
4150;52
4151;50
4152;40
4153;55
4154;47
4155;49
4156;42
4157;56
4158;44
4159;48
4160;47
4161;45
4162;55
4163;50
4164;46
4165;49
4166;56
4167;60
4168;51
4169;55
4170;53
4171;59
4172;49
4173;49
4174;50
4175;60
4176;67
4177;64
4178;44
4179;50
4180;44
4181;46
4182;51
4183;59
4184;60
4185;37
4186;57
4187;47
4188;41
4189;51
4190;63
4191;56
4192;45
4193;46
4194;51
4195;49
4196;56
4197;53
4198;46
4199;49
4200;51
4201;53
4202;53
4203;41
4204;51
4205;56
4206;51
4207;58
4208;44
4209;64
4210;43
4211;52
4212;46
4213;60
4214;46
4215;46
4216;57
4217;50
4218;58
4219;43
4220;34
4221;50
4222;49
4223;50
4224;50
4225;49
4226;48
4227;45
4228;45
4229;67
4230;70
4231;56
4232;52
4233;32
4234;40
4235;41
4236;66
4237;44
4238;46
4239;50
4240;55
4241;62
4242;44
4243;44
4244;65
4245;51
4246;43
4247;59
4248;53
4249;66
4250;49
4251;44
4252;56
4253;77
4254;70
4255;67
4256;72
4257;72
4258;87
4259;85
4260;73
4261;78
4262;81
4263;64
4264;59
4265;45
4266;57
4267;49
4268;49
4269;48
4270;44
4271;34
4272;49
4273;47
4274;44
4275;50
4276;48
4277;53
4278;60
4279;44
4280;44
4281;56
4282;44
4283;48
4284;51
4285;40
4286;45
4287;50
4288;56
4289;67
4290;54
4291;44
4292;51
4293;54
4294;55
4295;38
4296;45
4297;44
4298;48
4299;43
4300;43
4301;39
4302;46
4303;45
4304;40
4305;42
4306;61
4307;62
4308;58
4309;51
4310;42
4311;51
4312;57
4313;57
4314;44
4315;51
4316;55
4317;54
4318;56
4319;49
4320;48
4321;56
4322;50
4323;43
4324;43
4325;46
4326;55
4327;52
4328;40
4329;64
4330;41
4331;48
4332;50
4333;45
4334;48
4335;53
4336;51
4337;42
4338;45
4339;58
4340;45
4341;43
4342;53
4343;57
4344;46
4345;48
4346;40
4347;48
4348;38
4349;42
4350;62
4351;45
4352;49
4353;53
4354;49
4355;47
4356;62
4357;44
4358;48
4359;53
4360;37
4361;44
4362;39
4363;53
4364;63
4365;53
4366;47
4367;43
4368;49
4369;40
4370;47
4371;54
4372;35
4373;56
4374;45
4375;54
4376;38
4377;38
4378;53
4379;48
4380;43
4381;47
4382;35
4383;41
4384;50
4385;55
4386;48
4387;52
4388;55
4389;41
4390;42
4391;55
4392;50
4393;39
4394;36
4395;48
4396;65
4397;43
4398;63
4399;47
4400;47
4401;45
4402;45
4403;50
4404;46
4405;40
4406;52
4407;68
4408;37
4409;58
4410;44
4411;50
4412;49
4413;57
4414;56
4415;74
4416;63
4417;58
4418;61
4419;52
4420;68
4421;68
4422;87
4423;69
4424;77
4425;71
4426;62
4427;55
4428;58
4429;62
4430;49
4431;44
4432;50
4433;51
4434;51
4435;43
4436;53
4437;54
4438;61
4439;47
4440;53
4441;59
4442;47
4443;47
4444;45
4445;42
4446;64
4447;61
4448;50
4449;57
4450;60
4451;50
4452;47
4453;52
4454;57
4455;41
4456;64
4457;66
4458;51
4459;54
4460;50
4461;50
4462;66
4463;50
4464;47
4465;57
4466;41
4467;46
4468;54
4469;46
4470;42
4471;63
4472;43
4473;51
4474;42
4475;50
4476;56
4477;56
4478;61
4479;63
4480;43
4481;46
4482;51
4483;46
4484;58
4485;49
4486;46
4487;53
4488;48
4489;43
4490;55
4491;51
4492;50
4493;49
4494;51
4495;57
4496;49
4497;52
4498;41
4499;43
4500;55
4501;54
4502;47
4503;51
4504;55
4505;48
4506;58
4507;48
4508;48
4509;43
4510;58
4511;44
4512;43
4513;46
4514;51
4515;58
4516;54
4517;55
4518;44
4519;59
4520;53
4521;59
4522;44
4523;59
4524;52
4525;58
4526;56
4527;59
4528;47
4529;61
4530;44
4531;53
4532;56
4533;47
4534;51
4535;42
4536;46
4537;57
4538;57
4539;58
4540;49
4541;45
4542;56
4543;49
4544;54
4545;63
4546;72
4547;72
4548;81
4549;102
4550;88
4551;131
4552;173
4553;234
4554;257
4555;289
4556;350
4557;413
4558;443
4559;463
4560;438
4561;343
4562;294
4563;248
4564;204
4565;155
4566;101
4567;87
4568;66
4569;69
4570;57
4571;56
4572;44
4573;45
4574;51
4575;45
4576;49
4577;59
4578;49
4579;57
4580;45
4581;56
4582;49
4583;50
4584;62
4585;54
4586;56
4587;55
4588;42
4589;52
4590;52
4591;62
4592;60
4593;53
4594;45
4595;44
4596;41
4597;46
4598;43
4599;43
4600;39
4601;51
4602;44
4603;43
4604;62
4605;59
4606;43
4607;58
4608;45
4609;50
4610;42
4611;49
4612;47
4613;65
4614;58
4615;46
4616;39
4617;49
4618;58
4619;47
4620;59
4621;47
4622;59
4623;59
4624;50
4625;44
4626;38
4627;52
4628;43
4629;50
4630;47
4631;39
4632;43
4633;46
4634;45
4635;38
4636;39
4637;38
4638;48
4639;62
4640;41
4641;51
4642;51
4643;40
4644;48
4645;43
4646;46
4647;39
4648;53
4649;57
4650;50
4651;38
4652;45
4653;35
4654;40
4655;37
4656;39
4657;48
4658;47
4659;51
4660;34
4661;43
4662;41
4663;29
4664;46
4665;46
4666;31
4667;41
4668;36
4669;44
4670;32
4671;44
4672;49
4673;53
4674;42
4675;43
4676;51
4677;45
4678;49
4679;45
4680;43
4681;59
4682;52
4683;40
4684;38
4685;42
4686;50
4687;48
4688;37
4689;38
4690;42
4691;47
4692;45
4693;46
4694;49
4695;36
4696;45
4697;43
4698;50
4699;45
4700;41
4701;52
4702;59
4703;45
4704;40
4705;41
4706;50
4707;40
4708;50
4709;50
4710;51
4711;50
4712;55
4713;49
4714;60
4715;43
4716;36
4717;47
4718;58
4719;45
4720;47
4721;42
4722;55
4723;46
4724;46
4725;38
4726;40
4727;57
4728;50
4729;64
4730;40
4731;52
4732;52
4733;50
4734;40
4735;59
4736;51
4737;53
4738;57
4739;50
4740;60
4741;37
4742;41
4743;34
4744;53
4745;36
4746;63
4747;32
4748;47
4749;48
4750;39
4751;36
4752;53
4753;52
4754;45
4755;42
4756;39
4757;58
4758;38
4759;48
4760;38
4761;24
4762;36
4763;37
4764;49
4765;37
4766;35
4767;35
4768;42
4769;46
4770;40
4771;30
4772;46
4773;44
4774;35
4775;40
4776;49
4777;48
4778;48
4779;36
4780;44
4781;49
4782;29
4783;48
4784;32
4785;40
4786;43
4787;46
4788;48
4789;38
4790;42
4791;45
4792;49
4793;49
4794;47
4795;37
4796;37
4797;42
4798;32
4799;44
4800;45
4801;38
4802;36
4803;29
4804;34
4805;47
4806;38
4807;30
4808;34
4809;37
4810;27
4811;27
4812;34
4813;34
4814;39
4815;42
4816;33
4817;40
4818;42
4819;33
4820;40
4821;46
4822;42
4823;32
4824;54
4825;42
4826;39
4827;49
4828;54
4829;55
4830;49
4831;64
4832;58
4833;74
4834;61
4835;65
4836;58
4837;72
4838;55
4839;46
4840;48
4841;53
4842;44
4843;35
4844;29
4845;33
4846;34
4847;30
4848;24
4849;49
4850;47
4851;37
4852;26
4853;40
4854;35
4855;43
4856;37
4857;32
4858;37
4859;38
4860;35
4861;35
4862;33
4863;33
4864;45
4865;37
4866;49
4867;57
4868;51
4869;59
4870;55
4871;55
4872;46
4873;54
4874;57
4875;46
4876;34
4877;38
4878;46
4879;32
4880;37
4881;31
4882;35
4883;31
4884;34
4885;44
4886;35
4887;40
4888;32
4889;37
4890;31
4891;35
4892;38
4893;43
4894;40
4895;35
4896;31
4897;34
4898;33
4899;25
4900;26
4901;36
4902;33
4903;37
4904;33
4905;32
4906;35
4907;28
4908;26
4909;34
4910;31
4911;28
4912;29
4913;36
4914;31
4915;44
4916;29
4917;29
4918;22
4919;32
4920;40
4921;31
4922;39
4923;39
4924;43
4925;24
4926;26
4927;32
4928;32
4929;30
4930;33
4931;27
4932;26
4933;38
4934;32
4935;37
4936;42
4937;33
4938;35
4939;35
4940;29
4941;34
4942;36
4943;42
4944;31
4945;27
4946;24
4947;34
4948;31
4949;30
4950;31
4951;37
4952;35
4953;34
4954;27
4955;33
4956;21
4957;28
4958;35
4959;25
4960;38
4961;31
4962;42
4963;33
4964;34
4965;26
4966;40
4967;40
4968;34
4969;29
4970;31
4971;30
4972;22
4973;35
4974;32
4975;36
4976;29
4977;35
4978;32
4979;32
4980;37
4981;40
4982;21
4983;28
4984;31
4985;26
4986;39
4987;31
4988;32
4989;23
4990;28
4991;21
4992;32
4993;35
4994;42
4995;27
4996;32
4997;39
4998;33
4999;33
5000;35
5001;43
5002;28
5003;33
5004;27
5005;26
5006;28
5007;33
5008;37
5009;35
5010;45
5011;28
5012;29
5013;32
5014;29
5015;30
5016;30
5017;33
5018;26
5019;25
5020;39
5021;31
5022;20
5023;29
5024;37
5025;24
5026;38
5027;29
5028;28
5029;42
5030;45
5031;28
5032;35
5033;24
5034;41
5035;40
5036;27
5037;28
5038;35
5039;35
5040;25
5041;27
5042;46
5043;27
5044;34
5045;36
5046;36
5047;43
5048;37
5049;46
5050;40
5051;36
5052;40
5053;56
5054;63
5055;45
5056;65
5057;79
5058;86
5059;108
5060;169
5061;178
5062;269
5063;343
5064;488
5065;568
5066;758
5067;916
5068;993
5069;1123
5070;1237
5071;1203
5072;1067
5073;949
5074;838
5075;619
5076;479
5077;387
5078;252
5079;148
5080;122
5081;74
5082;42
5083;36
5084;40
5085;31
5086;33
5087;28
5088;28
5089;24
5090;19
5091;27
5092;29
5093;30
5094;34
5095;26
5096;43
5097;37
5098;27
5099;27
5100;24
5101;28
5102;19
5103;25
5104;28
5105;25
5106;22
5107;36
5108;32
5109;38
5110;30
5111;21
5112;20
5113;33
5114;31
5115;27
5116;27
5117;30
5118;22
5119;22
5120;27
5121;28
5122;29
5123;22
5124;28
5125;29
5126;29
5127;28
5128;29
5129;17
5130;18
5131;23
5132;31
5133;24
5134;22
5135;21
5136;23
5137;27
5138;33
5139;25
5140;21
5141;26
5142;21
5143;35
5144;28
5145;20
5146;24
5147;23
5148;21
5149;27
5150;22
5151;28
5152;19
5153;24
5154;27
5155;29
5156;22
5157;37
5158;22
5159;29
5160;28
5161;33
5162;31
5163;22
5164;28
5165;27
5166;27
5167;25
5168;32
5169;20
5170;31
5171;24
5172;23
5173;25
5174;28
5175;28
5176;24
5177;25
5178;20
5179;27
5180;27
5181;22
5182;20
5183;27
5184;31
5185;21
5186;31
5187;25
5188;18
5189;25
5190;26
5191;16
5192;26
5193;20
5194;25
5195;26
5196;33
5197;31
5198;29
5199;23
5200;20
5201;26
5202;24
5203;21
5204;26
5205;20
5206;27
5207;19
5208;32
5209;29
5210;29
5211;22
5212;26
5213;31
5214;20
5215;16
5216;18
5217;29
5218;27
5219;19
5220;19
5221;26
5222;22
5223;23
5224;24
5225;29
5226;22
5227;29
5228;27
5229;28
5230;19
5231;25
5232;26
5233;33
5234;20
5235;20
5236;22
5237;23
5238;28
5239;25
5240;23
5241;25
5242;27
5243;31
5244;17
5245;27
5246;22
5247;22
5248;18
5249;18
5250;22
5251;15
5252;22
5253;17
5254;26
5255;24
5256;19
5257;13
5258;25
5259;23
5260;16
5261;15
5262;26
5263;27
5264;28
5265;19
5266;25
5267;25
5268;23
5269;31
5270;21
5271;26
5272;22
5273;33
5274;26
5275;25
5276;26
5277;26
5278;25
5279;35
5280;40
5281;34
5282;43
5283;48
5284;61
5285;56
5286;78
5287;77
5288;75
5289;69
5290;71
5291;63
5292;51
5293;49
5294;38
5295;34
5296;36
5297;27
5298;28
5299;21
5300;24
5301;18
5302;24
5303;25
5304;25
5305;23
5306;15
5307;16
5308;21
5309;20
5310;20
5311;19
5312;25
5313;19
5314;22
5315;25
5316;20
5317;17
5318;24
5319;26
5320;27
5321;23
5322;17
5323;27
5324;31
5325;22
5326;28
5327;31
5328;15
5329;26
5330;25
5331;22
5332;27
5333;19
5334;25
5335;25
5336;30
5337;23
5338;24
5339;18
5340;25
5341;18
5342;22
5343;24
5344;20
5345;21
5346;31
5347;29
5348;23
5349;23
5350;23
5351;20
5352;12
5353;24
5354;18
5355;16
5356;23
5357;18
5358;23
5359;25
5360;28
5361;20
5362;13
5363;14
5364;25
5365;20
5366;19
5367;19
5368;22
5369;20
5370;15
5371;30
5372;16
5373;26
5374;23
5375;21
5376;16
5377;17
5378;16
5379;19
5380;22
5381;33
5382;18
5383;13
5384;16
5385;24
5386;27
5387;22
5388;25
5389;21
5390;28
5391;18
5392;31
5393;23
5394;17
5395;22
5396;39
5397;17
5398;28
5399;18
5400;18
5401;15
5402;30
5403;24
5404;32
5405;21
5406;24
5407;25
5408;12
5409;19
5410;16
5411;20
5412;24
5413;20
5414;32
5415;33
5416;15
5417;12
5418;21
5419;24
5420;17
5421;21
5422;25
5423;27
5424;17
5425;22
5426;24
5427;27
5428;12
5429;15
5430;20
5431;12
5432;17
5433;15
5434;19
5435;25
5436;31
5437;22
5438;30
5439;26
5440;26
5441;20
5442;23
5443;16
5444;21
5445;16
5446;28
5447;14
5448;21
5449;32
5450;22
5451;31
5452;27
5453;30
5454;22
5455;17
5456;21
5457;17
5458;18
5459;23
5460;17
5461;10
5462;11
5463;20
5464;30
5465;30
5466;21
5467;14
5468;19
5469;18
5470;32
5471;24
5472;25
5473;22
5474;24
5475;28
5476;22
5477;21
5478;26
5479;21
5480;22
5481;14
5482;18
5483;27
5484;22
5485;24
5486;20
5487;21
5488;29
5489;12
5490;20
5491;22
5492;20
5493;26
5494;14
5495;17
5496;24
5497;26
5498;25
5499;25
5500;22
5501;28
5502;23
5503;15
5504;12
5505;23
5506;23
5507;21
5508;13
5509;25
5510;20
5511;25
5512;27
5513;14
5514;25
5515;38
5516;19
5517;19
5518;23
5519;26
5520;27
5521;16
5522;24
5523;29
5524;22
5525;27
5526;15
5527;18
5528;28
5529;21
5530;21
5531;23
5532;24
5533;27
5534;21
5535;19
5536;29
5537;16
5538;18
5539;12
5540;19
5541;24
5542;24
5543;18
5544;18
5545;17
5546;20
5547;26
5548;17
5549;21
5550;24
5551;21
5552;24
5553;20
5554;11
5555;26
5556;29
5557;24
5558;20
5559;16
5560;22
5561;35
5562;14
5563;22
5564;26
5565;21
5566;25
5567;21
5568;32
5569;21
5570;24
5571;30
5572;17
5573;24
5574;20
5575;30
5576;25
5577;26
5578;27
5579;16
5580;23
5581;25
5582;24
5583;23
5584;23
5585;20
5586;21
5587;31
5588;26
5589;11
5590;15
5591;24
5592;21
5593;14
5594;21
5595;25
5596;30
5597;24
5598;26
5599;18
5600;27
5601;24
5602;22
5603;24
5604;25
5605;23
5606;22
5607;24
5608;17
5609;24
5610;16
5611;28
5612;11
5613;26
5614;23
5615;17
5616;19
5617;23
5618;20
5619;25
5620;13
5621;27
5622;24
5623;24
5624;18
5625;27
5626;20
5627;31
5628;32
5629;19
5630;27
5631;25
5632;18
5633;26
5634;21
5635;24
5636;26
5637;22
5638;20
5639;17
5640;30
5641;19
5642;24
5643;19
5644;23
5645;25
5646;26
5647;25
5648;16
5649;17
5650;27
5651;18
5652;33
5653;17
5654;23
5655;25
5656;19
5657;21
5658;24
5659;16
5660;23
5661;28
5662;22
5663;20
5664;24
5665;18
5666;18
5667;18
5668;32
5669;22
5670;25
5671;22
5672;19
5673;19
5674;22
5675;18
5676;19
5677;28
5678;20
5679;21
5680;18
5681;19
5682;23
5683;32
5684;31
5685;22
5686;30
5687;33
5688;17
5689;33
5690;24
5691;27
5692;27
5693;29
5694;13
5695;30
5696;28
5697;36
5698;28
5699;37
5700;46
5701;58
5702;72
5703;92
5704;115
5705;162
5706;179
5707;235
5708;348
5709;392
5710;462
5711;538
5712;629
5713;661
5714;685
5715;683
5716;621
5717;544
5718;502
5719;447
5720;315
5721;259
5722;150
5723;122
5724;103
5725;81
5726;62
5727;57
5728;62
5729;90
5730;83
5731;117
5732;120
5733;123
5734;141
5735;147
5736;97
5737;113
5738;118
5739;90
5740;73
5741;51
5742;57
5743;50
5744;49
5745;23
5746;29
5747;27
5748;20
5749;24
5750;20
5751;22
5752;20
5753;18
5754;17
5755;22
5756;13
5757;19
5758;17
5759;28
5760;26
5761;26
5762;22
5763;20
5764;18
5765;13
5766;28
5767;24
5768;28
5769;23
5770;21
5771;19
5772;20
5773;27
5774;23
5775;28
5776;21
5777;19
5778;23
5779;13
5780;23
5781;26
5782;26
5783;15
5784;14
5785;17
5786;24
5787;19
5788;20
5789;29
5790;20
5791;26
5792;26
5793;17
5794;19
5795;22
5796;20
5797;21
5798;15
5799;27
5800;20
5801;31
5802;18
5803;28
5804;17
5805;28
5806;28
5807;14
5808;28
5809;19
5810;28
5811;30
5812;26
5813;10
5814;14
5815;22
5816;16
5817;26
5818;36
5819;23
5820;24
5821;22
5822;20
5823;22
5824;25
5825;27
5826;22
5827;32
5828;27
5829;20
5830;38
5831;31
5832;39
5833;32
5834;40
5835;45
5836;45
5837;56
5838;67
5839;84
5840;100
5841;114
5842;133
5843;161
5844;202
5845;276
5846;345
5847;440
5848;515
5849;683
5850;741
5851;839
5852;912
5853;842
5854;905
5855;781
5856;702
5857;551
5858;476
5859;369
5860;249
5861;195
5862;110
5863;84
5864;46
5865;32
5866;38
5867;19
5868;23
5869;22
5870;22
5871;24
5872;25
5873;24
5874;22
5875;23
5876;18
5877;20
5878;26
5879;25
5880;26
5881;19
5882;26
5883;28
5884;22
5885;22
5886;22
5887;23
5888;24
5889;21
5890;18
5891;21
5892;31
5893;34
5894;21
5895;25
5896;27
5897;23
5898;28
5899;26
5900;19
5901;27
5902;24
5903;31
5904;27
5905;26
5906;15
5907;14
5908;23
5909;16
5910;26
5911;20
5912;18
5913;17
5914;23
5915;22
5916;24
5917;24
5918;18
5919;25
5920;22
5921;26
5922;17
5923;25
5924;31
5925;17
5926;24
5927;20
5928;22
5929;20
5930;22
5931;36
5932;22
5933;26
5934;24
5935;24
5936;20
5937;18
5938;23
5939;28
5940;24
5941;18
5942;11
5943;23
5944;26
5945;25
5946;22
5947;18
5948;22
5949;22
5950;24
5951;23
5952;23
5953;35
5954;26
5955;22
5956;23
5957;18
5958;29
5959;20
5960;25
5961;30
5962;26
5963;25
5964;27
5965;18
5966;21
5967;23
5968;18
5969;22
5970;25
5971;29
5972;24
5973;26
5974;23
5975;23
5976;21
5977;21
5978;25
5979;21
5980;32
5981;24
5982;34
5983;34
5984;24
5985;35
5986;28
5987;21
5988;20
5989;20
5990;27
5991;22
5992;18
5993;18
5994;33
5995;19
5996;17
5997;22
5998;24
5999;30
6000;20
6001;24
6002;21
6003;18
6004;22
6005;20
6006;29
6007;26
6008;32
6009;22
6010;27
6011;27
6012;20
6013;30
6014;22
6015;20
6016;25
6017;17
6018;31
6019;21
6020;25
6021;27
6022;18
6023;30
6024;24
6025;20
6026;22
6027;28
6028;26
6029;26
6030;20
6031;15
6032;25
6033;25
6034;28
6035;25
6036;26
6037;28
6038;32
6039;20
6040;19
6041;30
6042;28
6043;22
6044;21
6045;28
6046;25
6047;22
6048;28
6049;37
6050;23
6051;26
6052;20
6053;22
6054;31
6055;16
6056;22
6057;16
6058;27
6059;24
6060;24
6061;21
6062;22
6063;14
6064;22
6065;22
6066;21
6067;17
6068;25
6069;24
6070;25
6071;32
6072;31
6073;30
6074;28
6075;18
6076;21
6077;27
6078;21
6079;27
6080;15
6081;24
6082;28
6083;27
6084;25
6085;20
6086;34
6087;25
6088;24
6089;31
6090;19
6091;24
6092;24
6093;25
6094;23
6095;22
6096;29
6097;26
6098;21
6099;22
6100;19
6101;34
6102;27
6103;27
6104;14
6105;29
6106;23
6107;23
6108;35
6109;24
6110;27
6111;19
6112;28
6113;31
6114;30
6115;22
6116;21
6117;29
6118;25
6119;30
6120;19
6121;26
6122;26
6123;28
6124;17
6125;28
6126;29
6127;25
6128;24
6129;21
6130;20
6131;28
6132;29
6133;23
6134;19
6135;32
6136;26
6137;29
6138;30
6139;25
6140;20
6141;27
6142;22
6143;32
6144;18
6145;23
6146;34
6147;20
6148;27
6149;25
6150;29
6151;19
6152;26
6153;36
6154;18
6155;26
6156;41
6157;31
6158;31
6159;29
6160;35
6161;29
6162;30
6163;24
6164;24
6165;25
6166;19
6167;32
6168;31
6169;28
6170;31
6171;34
6172;34
6173;35
6174;28
6175;25
6176;32
6177;29
6178;31
6179;18
6180;30
6181;16
6182;30
6183;21
6184;24
6185;29
6186;27
6187;27
6188;25
6189;26
6190;25
6191;20
6192;36
6193;32
6194;24
6195;23
6196;34
6197;31
6198;27
6199;29
6200;33
6201;27
6202;17
6203;33
6204;32
6205;22
6206;33
6207;32
6208;26
6209;19
6210;29
6211;29
6212;22
6213;27
6214;20
6215;37
6216;23
6217;24
6218;32
6219;21
6220;32
6221;26
6222;27
6223;22
6224;21
6225;24
6226;29
6227;25
6228;29
6229;27
6230;24
6231;32
6232;29
6233;24
6234;25
6235;26
6236;15
6237;32
6238;22
6239;28
6240;26
6241;32
6242;24
6243;20
6244;36
6245;24
6246;30
6247;23
6248;29
6249;21
6250;21
6251;22
6252;22
6253;28
6254;27
6255;26
6256;19
6257;35
6258;22
6259;20
6260;23
6261;25
6262;19
6263;28
6264;18
6265;24
6266;22
6267;28
6268;30
6269;20
6270;28
6271;18
6272;15
6273;19
6274;23
6275;18
6276;16
6277;21
6278;18
6279;19
6280;15
6281;24
6282;24
6283;24
6284;20
6285;20
6286;18
6287;20
6288;17
6289;14
6290;16
6291;21
6292;19
6293;19
6294;18
6295;20
6296;23
6297;21
6298;26
6299;12
6300;18
6301;12
6302;18
6303;19
6304;25
6305;25
6306;10
6307;15
6308;16
6309;23
6310;16
6311;16
6312;11
6313;19
6314;13
6315;23
6316;18
6317;16
6318;12
6319;17
6320;20
6321;21
6322;17
6323;15
6324;21
6325;13
6326;19
6327;12
6328;14
6329;23
6330;12
6331;10
6332;15
6333;7
6334;8
6335;15
6336;16
6337;16
6338;15
6339;19
6340;16
6341;25
6342;15
6343;12
6344;16
6345;15
6346;23
6347;7
6348;17
6349;24
6350;15
6351;15
6352;12
6353;18
6354;27
6355;12
6356;11
6357;19
6358;15
6359;20
6360;21
6361;17
6362;17
6363;18
6364;21
6365;20
6366;16
6367;17
6368;18
6369;18
6370;14
6371;17
6372;10
6373;28
6374;25
6375;27
6376;44
6377;39
6378;38
6379;45
6380;66
6381;48
6382;78
6383;84
6384;93
6385;91
6386;78
6387;83
6388;97
6389;70
6390;71
6391;50
6392;56
6393;39
6394;37
6395;21
6396;13
6397;17
6398;16
6399;17
6400;12
6401;15
6402;16
6403;13
6404;19
6405;14
6406;22
6407;11
6408;15
6409;22
6410;11
6411;12
6412;9
6413;26
6414;18
6415;17
6416;17
6417;10
6418;14
6419;16
6420;13
6421;19
6422;20
6423;16
6424;18
6425;14
6426;14
6427;10
6428;11
6429;14
6430;12
6431;12
6432;8
6433;15
6434;13
6435;15
6436;18
6437;16
6438;13
6439;14
6440;8
6441;11
6442;12
6443;18
6444;19
6445;13
6446;4
6447;10
6448;12
6449;14
6450;11
6451;18
6452;11
6453;21
6454;14
6455;18
6456;13
6457;15
6458;14
6459;14
6460;16
6461;11
6462;16
6463;12
6464;12
6465;10
6466;9
6467;10
6468;13
6469;16
6470;15
6471;11
6472;12
6473;11
6474;12
6475;11
6476;10
6477;11
6478;11
6479;12
6480;16
6481;14
6482;13
6483;13
6484;16
6485;14
6486;12
6487;10
6488;13
6489;5
6490;11
6491;17
6492;8
6493;16
6494;23
6495;15
6496;13
6497;14
6498;13
6499;20
6500;14
6501;14
6502;5
6503;16
6504;10
6505;13
6506;16
6507;18
6508;18
6509;16
6510;11
6511;11
6512;12
6513;16
6514;10
6515;10
6516;6
6517;12
6518;22
6519;11
6520;9
6521;12
6522;14
6523;13
6524;11
6525;9
6526;9
6527;16
6528;10
6529;9
6530;15
6531;7
6532;14
6533;7
6534;13
6535;11
6536;14
6537;13
6538;8
6539;8
6540;20
6541;13
6542;11
6543;16
6544;12
6545;8
6546;11
6547;15
6548;7
6549;15
6550;11
6551;16
6552;7
6553;14
6554;15
6555;12
6556;14
6557;19
6558;14
6559;13
6560;12
6561;13
6562;14
6563;13
6564;9
6565;18
6566;11
6567;10
6568;19
6569;14
6570;13
6571;9
6572;18
6573;16
6574;14
6575;25
6576;24
6577;8
6578;20
6579;25
6580;29
6581;28
6582;28
6583;20
6584;21
6585;22
6586;14
6587;10
6588;19
6589;9
6590;13
6591;11
6592;9
6593;12
6594;8
6595;9
6596;13
6597;16
6598;10
6599;20
6600;14
6601;10
6602;7
6603;8
6604;6
6605;8
6606;9
6607;8
6608;7
6609;6
6610;12
6611;15
6612;10
6613;8
6614;14
6615;11
6616;11
6617;9
6618;7
6619;7
6620;7
6621;13
6622;12
6623;18
6624;11
6625;13
6626;12
6627;16
6628;12
6629;16
6630;8
6631;16
6632;11
6633;6
6634;11
6635;9
6636;4
6637;12
6638;5
6639;17
6640;20
6641;10
6642;13
6643;17
6644;5
6645;14
6646;11
6647;10
6648;14
6649;11
6650;6
6651;12
6652;13
6653;9
6654;11
6655;11
6656;3
6657;7
6658;11
6659;11
6660;15
6661;14
6662;13
6663;7
6664;6
6665;7
6666;6
6667;5
6668;6
6669;8
6670;9
6671;9
6672;9
6673;6
6674;9
6675;8
6676;12
6677;10
6678;13
6679;6
6680;8
6681;15
6682;11
6683;7
6684;10
6685;8
6686;15
6687;10
6688;10
6689;10
6690;10
6691;3
6692;8
6693;9
6694;11
6695;7
6696;7
6697;8
6698;8
6699;10
6700;6
6701;12
6702;9
6703;6
6704;5
6705;1
6706;6
6707;7
6708;11
6709;10
6710;10
6711;10
6712;10
6713;10
6714;10
6715;15
6716;10
6717;7
6718;11
6719;12
6720;12
6721;7
6722;9
6723;12
6724;10
6725;6
6726;8
6727;10
6728;3
6729;8
6730;8
6731;11
6732;6
6733;4
6734;14
6735;7
6736;6
6737;9
6738;9
6739;5
6740;9
6741;7
6742;7
6743;7
6744;4
6745;8
6746;11
6747;8
6748;6
6749;8
6750;10
6751;11
6752;2
6753;4
6754;9
6755;5
6756;6
6757;5
6758;6
6759;5
6760;10
6761;5
6762;2
6763;12
6764;7
6765;6
6766;8
6767;4
6768;9
6769;6
6770;12
6771;7
6772;2
6773;1
6774;7
6775;9
6776;6
6777;4
6778;4
6779;5
6780;9
6781;4
6782;6
6783;5
6784;9
6785;10
6786;5
6787;6
6788;9
6789;6
6790;10
6791;3
6792;5
6793;5
6794;4
6795;9
6796;11
6797;13
6798;8
6799;11
6800;10
6801;7
6802;9
6803;13
6804;4
6805;8
6806;4
6807;14
6808;10
6809;5
6810;14
6811;9
6812;7
6813;5
6814;16
6815;4
6816;8
6817;7
6818;5
6819;5
6820;5
6821;5
6822;6
6823;6
6824;7
6825;4
6826;7
6827;17
6828;16
6829;14
6830;11
6831;19
6832;21
6833;34
6834;40
6835;35
6836;42
6837;83
6838;70
6839;87
6840;80
6841;79
6842;83
6843;94
6844;93
6845;81
6846;70
6847;47
6848;44
6849;24
6850;25
6851;13
6852;21
6853;12
6854;9
6855;5
6856;6
6857;10
6858;3
6859;8
6860;7
6861;4
6862;5
6863;2
6864;9
6865;3
6866;4
6867;7
6868;6
6869;7
6870;4
6871;2
6872;7
6873;6
6874;6
6875;4
6876;7
6877;3
6878;6
6879;1
6880;5
6881;6
6882;2
6883;2
6884;5
6885;3
6886;7
6887;7
6888;2
6889;1
6890;0
6891;4
6892;7
6893;6
6894;2
6895;5
6896;4
6897;11
6898;8
6899;3
6900;5
6901;4
6902;1
6903;4
6904;5
6905;3
6906;2
6907;4
6908;7
6909;4
6910;1
6911;4
6912;2
6913;3
6914;5
6915;5
6916;5
6917;6
6918;3
6919;3
6920;5
6921;3
6922;8
6923;10
6924;2
6925;3
6926;3
6927;3
6928;2
6929;6
6930;7
6931;2
6932;4
6933;6
6934;4
6935;2
6936;5
6937;4
6938;2
6939;3
6940;1
6941;4
6942;2
6943;4
6944;6
6945;4
6946;3
6947;8
6948;4
6949;8
6950;1
6951;8
6952;5
6953;3
6954;3
6955;2
6956;5
6957;4
6958;4
6959;4
6960;2
6961;1
6962;2
6963;7
6964;2
6965;5
6966;2
6967;4
6968;3
6969;6
6970;6
6971;2
6972;5
6973;3
6974;4
6975;6
6976;3
6977;3
6978;2
6979;3
6980;3
6981;3
6982;2
6983;3
6984;2
6985;5
6986;6
6987;2
6988;0
6989;3
6990;1
6991;2
6992;4
6993;6
6994;2
6995;4
6996;3
6997;3
6998;6
6999;6
7000;4
7001;3
7002;3
7003;3
7004;4
7005;1
7006;1
7007;5
7008;1
7009;1
7010;6
7011;2
7012;1
7013;3
7014;2
7015;8
7016;5
7017;1
7018;1
7019;1
7020;6
7021;4
7022;3
7023;2
7024;3
7025;2
7026;3
7027;4
7028;4
7029;3
7030;4
7031;1
7032;6
7033;2
7034;5
7035;1
7036;4
7037;2
7038;8
7039;3
7040;7
7041;1
7042;7
7043;4
7044;3
7045;4
7046;8
7047;4
7048;2
7049;3
7050;6
7051;7
7052;4
7053;6
7054;3
7055;2
7056;2
7057;4
7058;1
7059;5
7060;3
7061;3
7062;0
7063;5
7064;3
7065;2
7066;1
7067;2
7068;2
7069;1
7070;5
7071;3
7072;1
7073;1
7074;3
7075;1
7076;3
7077;2
7078;3
7079;2
7080;3
7081;2
7082;3
7083;3
7084;5
7085;0
7086;5
7087;2
7088;3
7089;3
7090;6
7091;3
7092;2
7093;4
7094;2
7095;1
7096;5
7097;5
7098;5
7099;4
7100;3
7101;2
7102;7
7103;4
7104;3
7105;3
7106;2
7107;1
7108;1
7109;2
7110;2
7111;2
7112;2
7113;2
7114;4
7115;6
7116;7
7117;1
7118;5
7119;5
7120;4
7121;3
7122;10
7123;3
7124;3
7125;3
7126;1
7127;5
7128;2
7129;1
7130;2
7131;2
7132;1
7133;3
7134;3
7135;4
7136;4
7137;2
7138;2
7139;1
7140;1
7141;7
7142;1
7143;2
7144;4
7145;2
7146;2
7147;2
7148;3
7149;4
7150;4
7151;4
7152;4
7153;3
7154;4
7155;2
7156;3
7157;3
7158;6
7159;4
7160;5
7161;3
7162;1
7163;1
7164;1
7165;4
7166;2
7167;2
7168;2
7169;0
7170;2
7171;1
7172;9
7173;3
7174;4
7175;2
7176;7
7177;4
7178;7
7179;1
7180;5
7181;3
7182;4
7183;5
7184;5
7185;3
7186;4
7187;4
7188;4
7189;6
7190;4
7191;7
7192;5
7193;1
7194;4
7195;5
7196;3
7197;2
7198;2
7199;3
7200;2
7201;6
7202;4
7203;4
7204;2
7205;5
7206;2
7207;3
7208;4
7209;7
7210;3
7211;3
7212;4
7213;1
7214;1
7215;1
7216;6
7217;1
7218;3
7219;5
7220;1
7221;4
7222;2
7223;2
7224;5
7225;1
7226;1
7227;0
7228;3
7229;1
7230;3
7231;2
7232;1
7233;1
7234;3
7235;1
7236;3
7237;3
7238;3
7239;1
7240;6
7241;3
7242;0
7243;2
7244;2
7245;3
7246;3
7247;6
7248;1
7249;3
7250;3
7251;6
7252;5
7253;5
7254;1
7255;3
7256;2
7257;2
7258;3
7259;7
7260;1
7261;5
7262;7
7263;7
7264;1
7265;3
7266;4
7267;3
7268;5
7269;7
7270;1
7271;3
7272;5
7273;3
7274;0
7275;3
7276;2
7277;1
7278;3
7279;3
7280;2
7281;2
7282;2
7283;1
7284;2
7285;5
7286;5
7287;6
7288;7
7289;5
7290;3
7291;1
7292;3
7293;3
7294;1
7295;5
7296;1
7297;3
7298;1
7299;2
7300;1
7301;2
7302;1
7303;2
7304;1
7305;1
7306;2
7307;5
7308;2
7309;4
7310;1
7311;3
7312;1
7313;3
7314;4
7315;1
7316;1
7317;2
7318;3
7319;2
7320;3
7321;4
7322;3
7323;1
7324;2
7325;3
7326;3
7327;4
7328;3
7329;2
7330;5
7331;3
7332;2
7333;1
7334;3
7335;2
7336;1
7337;2
7338;3
7339;1
7340;0
7341;5
7342;2
7343;4
7344;2
7345;3
7346;2
7347;1
7348;5
7349;3
7350;3
7351;1
7352;3
7353;2
7354;3
7355;4
7356;2
7357;3
7358;5
7359;1
7360;1
7361;1
7362;3
7363;4
7364;1
7365;4
7366;1
7367;3
7368;5
7369;1
7370;5
7371;5
7372;3
7373;1
7374;5
7375;4
7376;5
7377;1
7378;5
7379;1
7380;4
7381;4
7382;7
7383;4
7384;1
7385;7
7386;8
7387;9
7388;10
7389;13
7390;5
7391;6
7392;4
7393;12
7394;13
7395;15
7396;27
7397;17
7398;27
7399;37
7400;44
7401;47
7402;63
7403;87
7404;108
7405;132
7406;166
7407;196
7408;237
7409;361
7410;417
7411;465
7412;604
7413;731
7414;767
7415;872
7416;949
7417;932
7418;911
7419;862
7420;838
7421;726
7422;597
7423;542
7424;352
7425;305
7426;236
7427;140
7428;103
7429;59
7430;51
7431;27
7432;17
7433;8
7434;3
7435;3
7436;4
7437;1
7438;2
7439;1
7440;1
7441;1
7442;0
7443;2
7444;3
7445;1
7446;2
7447;2
7448;2
7449;2
7450;2
7451;2
7452;2
7453;0
7454;0
7455;1
7456;0
7457;4
7458;2
7459;2
7460;1
7461;2
7462;0
7463;1
7464;4
7465;3
7466;2
7467;1
7468;2
7469;3
7470;3
7471;1
7472;2
7473;1
7474;1
7475;1
7476;0
7477;1
7478;1
7479;1
7480;6
7481;0
7482;1
7483;1
7484;2
7485;3
7486;1
7487;2
7488;1
7489;1
7490;1
7491;1
7492;2
7493;1
7494;1
7495;0
7496;3
7497;0
7498;1
7499;1
7500;3
7501;3
7502;0
7503;1
7504;2
7505;0
7506;2
7507;1
7508;0
7509;1
7510;1
7511;0
7512;0
7513;0
7514;7
7515;3
7516;3
7517;3
7518;1
7519;0
7520;1
7521;4
7522;1
7523;0
7524;3
7525;1
7526;2
7527;0
7528;0
7529;2
7530;0
7531;0
7532;2
7533;1
7534;3
7535;3
7536;0
7537;2
7538;2
7539;1
7540;0
7541;0
7542;2
7543;2
7544;2
7545;2
7546;2
7547;2
7548;0
7549;0
7550;3
7551;0
7552;0
7553;2
7554;2
7555;0
7556;1
7557;1
7558;4
7559;1
7560;2
7561;1
7562;1
7563;0
7564;1
7565;0
7566;0
7567;1
7568;0
7569;0
7570;0
7571;2
7572;0
7573;1
7574;3
7575;0
7576;1
7577;1
7578;1
7579;2
7580;1
7581;1
7582;0
7583;2
7584;0
7585;0
7586;1
7587;0
7588;1
7589;6
7590;3
7591;0
7592;2
7593;0
7594;0
7595;2
7596;2
7597;1
7598;1
7599;3
7600;0
7601;0
7602;4
7603;0
7604;0
7605;0
7606;3
7607;1
7608;2
7609;0
7610;0
7611;2
7612;2
7613;0
7614;0
7615;2
7616;1
7617;0
7618;1
7619;0
7620;0
7621;3
7622;1
7623;0
7624;2
7625;2
7626;2
7627;2
7628;0
7629;0
7630;1
7631;1
7632;1
7633;2
7634;0
7635;3
7636;0
7637;1
7638;0
7639;0
7640;0
7641;0
7642;0
7643;0
7644;0
7645;1
7646;0
7647;3
7648;1
7649;0
7650;1
7651;2
7652;4
7653;0
7654;1
7655;3
7656;1
7657;1
7658;0
7659;1
7660;1
7661;3
7662;2
7663;3
7664;2
7665;2
7666;6
7667;5
7668;5
7669;5
7670;9
7671;11
7672;18
7673;11
7674;22
7675;17
7676;22
7677;14
7678;19
7679;28
7680;26
7681;19
7682;21
7683;22
7684;21
7685;20
7686;20
7687;24
7688;22
7689;32
7690;39
7691;31
7692;33
7693;45
7694;45
7695;42
7696;50
7697;39
7698;46
7699;42
7700;37
7701;42
7702;23
7703;17
7704;23
7705;9
7706;4
7707;5
7708;0
7709;1
7710;1
7711;1
7712;0
7713;0
7714;0
7715;0
7716;1
7717;2
7718;1
7719;0
7720;0
7721;4
7722;0
7723;3
7724;0
7725;0
7726;3
7727;0
7728;0
7729;0
7730;0
7731;2
7732;1
7733;0
7734;0
7735;1
7736;1
7737;1
7738;0
7739;2
7740;1
7741;0
7742;0
7743;0
7744;0
7745;0
7746;0
7747;0
7748;3
7749;2
7750;1
7751;1
7752;0
7753;0
7754;0
7755;0
7756;2
7757;0
7758;0
7759;1
7760;0
7761;0
7762;0
7763;0
7764;0
7765;1
7766;2
7767;1
7768;0
7769;1
7770;0
7771;1
7772;1
7773;0
7774;1
7775;0
7776;0
7777;3
7778;0
7779;1
7780;0
7781;0
7782;0
7783;1
7784;1
7785;0
7786;1
7787;0
7788;0
7789;0
7790;0
7791;2
7792;0
7793;0
7794;0
7795;0
7796;0
7797;0
7798;1
7799;0
7800;1
7801;1
7802;1
7803;1
7804;0
7805;0
7806;0
7807;1
7808;0
7809;0
7810;0
7811;1
7812;0
7813;0
7814;0
7815;0
7816;0
7817;1
7818;0
7819;2
7820;0
7821;0
7822;0
7823;2
7824;0
7825;0
7826;0
7827;0
7828;3
7829;2
7830;1
7831;1
7832;0
7833;1
7834;0
7835;0
7836;1
7837;0
7838;0
7839;1
7840;0
7841;0
7842;1
7843;0
7844;0
7845;0
7846;0
7847;0
7848;3
7849;0
7850;0
7851;0
7852;1
7853;1
7854;0
7855;2
7856;0
7857;1
7858;2
7859;0
7860;1
7861;0
7862;0
7863;2
7864;0
7865;2
7866;0
7867;0
7868;0
7869;0
7870;0
7871;0
7872;2
7873;0
7874;2
7875;2
7876;0
7877;1
7878;1
7879;4
7880;1
7881;3
7882;1
7883;0
7884;1
7885;0
7886;0
7887;4
7888;2
7889;1
7890;1
7891;1
7892;0
7893;1
7894;0
7895;3
7896;1
7897;0
7898;1
7899;2
7900;1
7901;1
7902;1
7903;0
7904;1
7905;1
7906;1
7907;2
7908;0
7909;3
7910;0
7911;0
7912;0
7913;1
7914;0
7915;0
7916;0
7917;1
7918;0
7919;0
7920;0
7921;0
7922;0
7923;0
7924;0
7925;1
7926;1
7927;1
7928;1
7929;0
7930;1
7931;2
7932;1
7933;0
7934;0
7935;0
7936;0
7937;1
7938;0
7939;3
7940;2
7941;0
7942;1
7943;1
7944;1
7945;2
7946;2
7947;1
7948;1
7949;0
7950;0
7951;0
7952;0
7953;0
7954;1
7955;1
7956;1
7957;5
7958;1
7959;1
7960;1
7961;0
7962;1
7963;0
7964;0
7965;0
7966;1
7967;0
7968;1
7969;0
7970;1
7971;1
7972;1
7973;1
7974;0
7975;1
7976;1
7977;0
7978;1
7979;1
7980;1
7981;1
7982;0
7983;0
7984;0
7985;0
7986;0
7987;1
7988;1
7989;0
7990;1
7991;0
7992;0
7993;0
7994;0
7995;1
7996;0
7997;0
7998;2
7999;0
8000;0
8001;1
8002;0
8003;1
8004;0
8005;1
8006;1
8007;0
8008;0
8009;1
8010;0
8011;1
8012;0
8013;0
8014;0
8015;0
8016;0
8017;2
8018;0
8019;1
8020;0
8021;3
8022;0
8023;1
8024;1
8025;0
8026;0
8027;1
8028;1
8029;1
8030;0
8031;2
8032;1
8033;0
8034;0
8035;0
8036;4
8037;3
8038;3
8039;2
8040;1
8041;7
8042;10
8043;6
8044;8
8045;6
8046;6
8047;13
8048;11
8049;9
8050;10
8051;13
8052;15
8053;9
8054;20
8055;7
8056;7
8057;7
8058;6
8059;1
8060;2
8061;2
8062;2
8063;2
8064;3
8065;1
8066;1
8067;1
8068;2
8069;0
8070;1
8071;0
8072;0
8073;1
8074;0
8075;0
8076;2
8077;0
8078;2
8079;0
8080;0
8081;0
8082;0
8083;1
8084;0
8085;1
8086;0
8087;1
8088;0
8089;0
8090;1
8091;1
8092;1
8093;0
8094;1
8095;0
8096;0
8097;1
8098;1
8099;0
8100;1
8101;1
8102;0
8103;0
8104;0
8105;0
8106;0
8107;0
8108;1
8109;1
8110;0
8111;0
8112;0
8113;0
8114;0
8115;0
8116;1
8117;0
8118;0
8119;0
8120;0
8121;0
8122;0
8123;1
8124;1
8125;0
8126;0
8127;1
8128;0
8129;1
8130;0
8131;1
8132;0
8133;0
8134;0
8135;0
8136;0
8137;1
8138;0
8139;0
8140;0
8141;0
8142;0
8143;0
8144;1
8145;0
8146;0
8147;0
8148;1
8149;0
8150;0
8151;0
8152;0
8153;0
8154;0
8155;0
8156;0
8157;0
8158;0
8159;0
8160;0
8161;0
8162;0
8163;0
8164;0
8165;0
8166;0
8167;0
8168;0
8169;0
8170;0
8171;0
8172;0
8173;0
8174;0
8175;0
8176;0
8177;0
8178;0
8179;0
8180;0
8181;0
8182;0
8183;0
8184;0
8185;0
8186;0
8187;0
8188;0
8189;0
8190;0
8191;0
