0;0
1;0
2;0
3;0
4;0
5;0
6;0
7;0
8;0
9;0
10;0
11;0
12;0
13;0
14;0
15;0
16;0
17;0
18;0
19;0
20;0
21;0
22;0
23;0
24;0
25;0
26;0
27;0
28;0
29;0
30;0
31;0
32;0
33;0
34;0
35;0
36;0
37;0
38;0
39;0
40;0
41;0
42;0
43;0
44;0
45;0
46;0
47;0
48;0
49;0
50;0
51;0
52;0
53;0
54;0
55;0
56;0
57;0
58;0
59;0
60;0
61;0
62;0
63;0
64;0
65;0
66;0
67;0
68;0
69;0
70;0
71;0
72;0
73;0
74;0
75;0
76;0
77;0
78;0
79;0
80;0
81;0
82;0
83;0
84;0
85;0
86;0
87;0
88;0
89;0
90;0
91;0
92;0
93;0
94;0
95;0
96;0
97;0
98;0
99;0
100;0
101;0
102;0
103;0
104;0
105;0
106;0
107;0
108;0
109;0
110;0
111;0
112;0
113;0
114;0
115;0
116;0
117;0
118;0
119;0
120;0
121;0
122;0
123;0
124;0
125;0
126;0
127;0
128;0
129;0
130;0
131;0
132;1
133;7
134;105
135;301
136;465
137;527
138;611
139;604
140;671
141;630
142;672
143;734
144;722
145;737
146;797
147;819
148;891
149;897
150;938
151;996
152;1046
153;1079
154;1117
155;1197
156;1206
157;1295
158;1401
159;1494
160;1541
161;1608
162;1719
163;1849
164;1860
165;1940
166;1972
167;2091
168;2223
169;2289
170;2423
171;2560
172;2630
173;2746
174;2873
175;2880
176;2993
177;3124
178;3193
179;3281
180;3368
181;3363
182;3434
183;3419
184;3608
185;3656
186;3633
187;3606
188;3632
189;3670
190;3710
191;3679
192;3648
193;3647
194;3617
195;3536
196;3461
197;3553
198;3435
199;3372
200;3273
201;3164
202;3070
203;2940
204;2958
205;2894
206;2844
207;2616
208;2537
209;2536
210;2421
211;2325
212;2210
213;2115
214;2217
215;1999
216;2054
217;1957
218;1856
219;1789
220;1775
221;1698
222;1639
223;1596
224;1565
225;1509
226;1489
227;1482
228;1321
229;1351
230;1224
231;1258
232;1162
233;1168
234;1090
235;1095
236;1088
237;1008
238;957
239;939
240;870
241;868
242;849
243;825
244;743
245;721
246;697
247;664
248;635
249;644
250;586
251;601
252;563
253;537
254;506
255;510
256;442
257;506
258;454
259;421
260;437
261;377
262;378
263;359
264;355
265;341
266;363
267;357
268;333
269;345
270;318
271;325
272;317
273;297
274;266
275;289
276;268
277;298
278;314
279;311
280;305
281;294
282;295
283;298
284;316
285;287
286;325
287;307
288;314
289;319
290;308
291;314
292;337
293;307
294;315
295;299
296;285
297;323
298;332
299;305
300;344
301;314
302;310
303;360
304;330
305;328
306;310
307;324
308;340
309;332
310;337
311;361
312;356
313;349
314;338
315;378
316;355
317;380
318;343
319;355
320;362
321;344
322;379
323;354
324;422
325;403
326;377
327;335
328;410
329;364
330;393
331;384
332;379
333;385
334;383
335;409
336;422
337;434
338;409
339;398
340;420
341;403
342;461
343;409
344;432
345;437
346;389
347;404
348;405
349;405
350;453
351;441
352;426
353;435
354;456
355;448
356;437
357;453
358;462
359;463
360;459
361;471
362;467
363;478
364;510
365;467
366;478
367;524
368;530
369;517
370;504
371;525
372;513
373;484
374;506
375;510
376;502
377;531
378;502
379;522
380;515
381;560
382;495
383;519
384;510
385;515
386;577
387;528
388;591
389;572
390;599
391;522
392;569
393;542
394;534
395;532
396;613
397;546
398;571
399;564
400;539
401;594
402;590
403;560
404;555
405;511
406;543
407;610
408;606
409;594
410;585
411;616
412;599
413;613
414;614
415;599
416;559
417;594
418;604
419;635
420;582
421;571
422;570
423;650
424;639
425;619
426;628
427;636
428;692
429;653
430;661
431;637
432;651
433;658
434;676
435;614
436;656
437;658
438;733
439;701
440;678
441;684
442;663
443;697
444;684
445;703
446;707
447;653
448;658
449;725
450;690
451;732
452;711
453;691
454;716
455;740
456;755
457;689
458;695
459;738
460;709
461;736
462;750
463;724
464;737
465;708
466;740
467;709
468;748
469;744
470;683
471;747
472;700
473;681
474;738
475;763
476;761
477;720
478;774
479;696
480;695
481;698
482;724
483;714
484;693
485;738
486;716
487;703
488;706
489;720
490;687
491;687
492;672
493;752
494;676
495;675
496;689
497;674
498;659
499;725
500;702
501;655
502;680
503;718
504;704
505;668
506;694
507;674
508;733
509;689
510;682
511;700
512;731
513;649
514;677
515;645
516;643
517;709
518;661
519;720
520;662
521;707
522;699
523;676
524;689
525;690
526;647
527;631
528;725
529;666
530;663
531;642
532;679
533;652
534;651
535;664
536;695
537;693
538;634
539;677
540;747
541;645
542;679
543;698
544;689
545;691
546;688
547;698
548;733
549;709
550;726
551;712
552;688
553;715
554;700
555;722
556;697
557;727
558;718
559;699
560;766
561;711
562;682
563;731
564;720
565;719
566;693
567;698
568;729
569;736
570;743
571;731
572;739
573;721
574;760
575;771
576;779
577;761
578;756
579;808
580;751
581;783
582;788
583;833
584;778
585;800
586;835
587;835
588;872
589;816
590;874
591;920
592;881
593;893
594;952
595;956
596;977
597;969
598;1052
599;1003
600;979
601;1082
602;1081
603;1103
604;1071
605;1163
606;1113
607;1162
608;1204
609;1211
610;1270
611;1331
612;1266
613;1289
614;1279
615;1366
616;1433
617;1434
618;1433
619;1463
620;1564
621;1546
622;1548
623;1549
624;1449
625;1626
626;1592
627;1658
628;1624
629;1612
630;1655
631;1720
632;1721
633;1729
634;1740
635;1786
636;1822
637;1749
638;1855
639;1790
640;1892
641;1874
642;1841
643;1721
644;1836
645;1773
646;1846
647;1763
648;1759
649;1801
650;1850
651;1867
652;1874
653;1782
654;1817
655;1741
656;1759
657;1716
658;1690
659;1730
660;1726
661;1612
662;1587
663;1616
664;1537
665;1554
666;1588
667;1490
668;1498
669;1356
670;1483
671;1444
672;1440
673;1317
674;1257
675;1335
676;1259
677;1212
678;1286
679;1165
680;1251
681;1106
682;1100
683;1057
684;1070
685;983
686;936
687;1020
688;964
689;949
690;895
691;919
692;910
693;780
694;853
695;807
696;749
697;722
698;704
699;684
700;713
701;670
702;679
703;602
704;637
705;614
706;586
707;564
708;564
709;574
710;533
711;527
712;527
713;478
714;478
715;465
716;458
717;506
718;479
719;459
720;467
721;469
722;413
723;424
724;428
725;404
726;389
727;379
728;415
729;410
730;411
731;399
732;433
733;392
734;399
735;391
736;333
737;374
738;402
739;403
740;366
741;431
742;392
743;389
744;381
745;368
746;370
747;356
748;389
749;409
750;366
751;360
752;348
753;379
754;404
755;400
756;396
757;353
758;366
759;360
760;370
761;368
762;376
763;381
764;366
765;369
766;386
767;366
768;345
769;375
770;360
771;406
772;385
773;375
774;381
775;352
776;337
777;356
778;372
779;347
780;384
781;400
782;355
783;369
784;366
785;354
786;366
787;399
788;368
789;393
790;413
791;357
792;353
793;380
794;395
795;405
796;384
797;333
798;353
799;379
800;352
801;367
802;343
803;379
804;344
805;368
806;353
807;385
808;370
809;379
810;372
811;353
812;336
813;404
814;386
815;430
816;346
817;392
818;402
819;369
820;367
821;343
822;360
823;362
824;382
825;361
826;353
827;378
828;369
829;394
830;343
831;381
832;427
833;371
834;359
835;356
836;362
837;346
838;346
839;355
840;366
841;360
842;382
843;368
844;375
845;354
846;371
847;371
848;364
849;371
850;412
851;334
852;373
853;371
854;340
855;354
856;357
857;361
858;359
859;354
860;327
861;356
862;376
863;353
864;372
865;349
866;368
867;362
868;380
869;362
870;356
871;358
872;355
873;340
874;331
875;364
876;348
877;367
878;384
879;326
880;346
881;380
882;367
883;370
884;312
885;361
886;310
887;370
888;373
889;309
890;352
891;319
892;341
893;348
894;361
895;329
896;366
897;374
898;357
899;317
900;333
901;331
902;334
903;327
904;343
905;309
906;334
907;329
908;352
909;319
910;345
911;310
912;347
913;292
914;353
915;343
916;328
917;372
918;342
919;309
920;367
921;350
922;317
923;321
924;332
925;341
926;354
927;302
928;342
929;342
930;325
931;334
932;341
933;345
934;322
935;306
936;321
937;324
938;333
939;352
940;324
941;348
942;353
943;365
944;352
945;356
946;346
947;342
948;347
949;342
950;374
951;356
952;363
953;361
954;380
955;336
956;399
957;335
958;347
959;357
960;338
961;334
962;355
963;365
964;325
965;385
966;353
967;342
968;376
969;378
970;373
971;369
972;371
973;333
974;370
975;367
976;343
977;376
978;344
979;321
980;326
981;347
982;361
983;343
984;349
985;372
986;370
987;379
988;358
989;368
990;386
991;355
992;324
993;339
994;371
995;357
996;394
997;362
998;354
999;353
1000;323
1001;364
1002;335
1003;357
1004;400
1005;337
1006;360
1007;338
1008;357
1009;319
1010;327
1011;362
1012;372
1013;357
1014;349
1015;331
1016;346
1017;367
1018;312
1019;335
1020;335
1021;338
1022;351
1023;345
1024;371
1025;323
1026;320
1027;352
1028;311
1029;349
1030;319
1031;349
1032;346
1033;322
1034;337
1035;323
1036;306
1037;303
1038;303
1039;326
1040;311
1041;352
1042;305
1043;336
1044;367
1045;343
1046;362
1047;293
1048;297
1049;311
1050;322
1051;308
1052;312
1053;307
1054;308
1055;311
1056;317
1057;284
1058;301
1059;318
1060;335
1061;295
1062;319
1063;289
1064;285
1065;288
1066;280
1067;304
1068;239
1069;317
1070;259
1071;306
1072;300
1073;281
1074;272
1075;272
1076;283
1077;286
1078;280
1079;272
1080;276
1081;307
1082;271
1083;257
1084;285
1085;295
1086;289
1087;265
1088;320
1089;318
1090;248
1091;279
1092;276
1093;285
1094;263
1095;287
1096;269
1097;279
1098;272
1099;284
1100;279
1101;281
1102;229
1103;276
1104;270
1105;297
1106;304
1107;254
1108;274
1109;307
1110;258
1111;289
1112;260
1113;272
1114;288
1115;242
1116;264
1117;239
1118;283
1119;265
1120;264
1121;275
1122;252
1123;275
1124;229
1125;238
1126;295
1127;267
1128;305
1129;256
1130;286
1131;247
1132;274
1133;257
1134;277
1135;234
1136;274
1137;260
1138;266
1139;240
1140;266
1141;251
1142;260
1143;261
1144;237
1145;268
1146;252
1147;271
1148;267
1149;246
1150;277
1151;271
1152;281
1153;247
1154;264
1155;290
1156;247
1157;244
1158;255
1159;271
1160;283
1161;264
1162;239
1163;254
1164;230
1165;279
1166;241
1167;251
1168;274
1169;231
1170;256
1171;272
1172;289
1173;248
1174;257
1175;257
1176;301
1177;297
1178;303
1179;286
1180;262
1181;278
1182;303
1183;290
1184;275
1185;286
1186;263
1187;259
1188;266
1189;234
1190;287
1191;283
1192;240
1193;284
1194;291
1195;303
1196;253
1197;269
1198;313
1199;262
1200;304
1201;277
1202;288
1203;271
1204;256
1205;285
1206;305
1207;294
1208;281
1209;274
1210;305
1211;297
1212;297
1213;321
1214;282
1215;305
1216;316
1217;280
1218;308
1219;336
1220;316
1221;318
1222;321
1223;335
1224;332
1225;337
1226;331
1227;321
1228;294
1229;346
1230;332
1231;303
1232;294
1233;356
1234;306
1235;308
1236;348
1237;363
1238;329
1239;343
1240;341
1241;314
1242;363
1243;359
1244;344
1245;379
1246;367
1247;367
1248;331
1249;358
1250;340
1251;345
1252;384
1253;355
1254;377
1255;383
1256;369
1257;370
1258;338
1259;370
1260;376
1261;382
1262;404
1263;398
1264;383
1265;366
1266;372
1267;385
1268;415
1269;376
1270;389
1271;397
1272;348
1273;371
1274;364
1275;386
1276;380
1277;393
1278;372
1279;386
1280;405
1281;369
1282;411
1283;376
1284;375
1285;370
1286;362
1287;372
1288;389
1289;358
1290;353
1291;390
1292;394
1293;394
1294;372
1295;351
1296;389
1297;375
1298;397
1299;401
1300;381
1301;370
1302;384
1303;363
1304;362
1305;355
1306;347
1307;410
1308;364
1309;339
1310;349
1311;348
1312;387
1313;384
1314;364
1315;329
1316;322
1317;317
1318;374
1319;374
1320;363
1321;346
1322;312
1323;331
1324;351
1325;379
1326;331
1327;353
1328;333
1329;348
1330;327
1331;352
1332;366
1333;336
1334;334
1335;304
1336;321
1337;326
1338;313
1339;328
1340;308
1341;316
1342;297
1343;297
1344;290
1345;356
1346;317
1347;331
1348;278
1349;277
1350;308
1351;301
1352;289
1353;252
1354;288
1355;265
1356;293
1357;267
1358;290
1359;270
1360;288
1361;285
1362;267
1363;239
1364;265
1365;232
1366;264
1367;268
1368;262
1369;256
1370;280
1371;249
1372;242
1373;254
1374;232
1375;250
1376;224
1377;187
1378;231
1379;268
1380;227
1381;211
1382;204
1383;202
1384;249
1385;223
1386;201
1387;220
1388;221
1389;234
1390;209
1391;192
1392;228
1393;212
1394;187
1395;187
1396;216
1397;193
1398;206
1399;183
1400;205
1401;194
1402;201
1403;204
1404;196
1405;209
1406;198
1407;168
1408;176
1409;171
1410;188
1411;169
1412;189
1413;189
1414;185
1415;195
1416;154
1417;196
1418;196
1419;173
1420;172
1421;217
1422;185
1423;193
1424;176
1425;179
1426;173
1427;189
1428;165
1429;177
1430;167
1431;170
1432;198
1433;186
1434;174
1435;165
1436;183
1437;168
1438;146
1439;169
1440;154
1441;168
1442;162
1443;168
1444;172
1445;163
1446;175
1447;172
1448;171
1449;162
1450;173
1451;169
1452;162
1453;170
1454;188
1455;173
1456;174
1457;145
1458;141
1459;167
1460;170
1461;174
1462;162
1463;160
1464;150
1465;169
1466;183
1467;133
1468;158
1469;161
1470;167
1471;168
1472;151
1473;167
1474;169
1475;162
1476;143
1477;173
1478;157
1479;192
1480;147
1481;157
1482;188
1483;171
1484;144
1485;164
1486;151
1487;146
1488;139
1489;162
1490;150
1491;171
1492;162
1493;146
1494;159
1495;151
1496;175
1497;165
1498;164
1499;153
1500;182
1501;157
1502;187
1503;156
1504;149
1505;155
1506;149
1507;159
1508;161
1509;162
1510;162
1511;153
1512;154
1513;159
1514;156
1515;163
1516;154
1517;150
1518;172
1519;136
1520;154
1521;143
1522;149
1523;158
1524;182
1525;142
1526;141
1527;157
1528;152
1529;159
1530;163
1531;181
1532;167
1533;141
1534;141
1535;146
1536;140
1537;149
1538;138
1539;155
1540;156
1541;163
1542;130
1543;162
1544;134
1545;137
1546;143
1547;139
1548;160
1549;155
1550;159
1551;136
1552;156
1553;144
1554;140
1555;132
1556;152
1557;132
1558;141
1559;133
1560;145
1561;143
1562;157
1563;137
1564;137
1565;150
1566;161
1567;129
1568;150
1569;144
1570;138
1571;140
1572;155
1573;165
1574;179
1575;149
1576;140
1577;148
1578;155
1579;138
1580;157
1581;176
1582;134
1583;117
1584;124
1585;143
1586;142
1587;137
1588;150
1589;134
1590;147
1591;137
1592;135
1593;131
1594;145
1595;145
1596;119
1597;136
1598;140
1599;143
1600;164
1601;144
1602;128
1603;133
1604;144
1605;143
1606;120
1607;133
1608;133
1609;127
1610;117
1611;166
1612;136
1613;141
1614;139
1615;134
1616;167
1617;127
1618;148
1619;141
1620;152
1621;153
1622;129
1623;148
1624;134
1625;144
1626;122
1627;135
1628;166
1629;149
1630;144
1631;122
1632;136
1633;142
1634;146
1635;146
1636;137
1637;143
1638;144
1639;155
1640;154
1641;152
1642;134
1643;145
1644;135
1645;135
1646;144
1647;174
1648;165
1649;150
1650;133
1651;163
1652;168
1653;136
1654;135
1655;145
1656;149
1657;163
1658;164
1659;151
1660;169
1661;150
1662;149
1663;163
1664;192
1665;166
1666;156
1667;171
1668;157
1669;146
1670;167
1671;140
1672;162
1673;170
1674;184
1675;171
1676;168
1677;171
1678;196
1679;180
1680;185
1681;194
1682;182
1683;208
1684;196
1685;185
1686;189
1687;179
1688;209
1689;193
1690;239
1691;213
1692;197
1693;203
1694;211
1695;236
1696;212
1697;204
1698;234
1699;201
1700;252
1701;200
1702;229
1703;239
1704;291
1705;214
1706;217
1707;232
1708;240
1709;240
1710;234
1711;240
1712;249
1713;228
1714;230
1715;268
1716;272
1717;268
1718;265
1719;275
1720;276
1721;296
1722;257
1723;275
1724;277
1725;281
1726;300
1727;307
1728;300
1729;299
1730;310
1731;291
1732;300
1733;301
1734;284
1735;322
1736;359
1737;334
1738;328
1739;350
1740;321
1741;325
1742;315
1743;352
1744;339
1745;309
1746;333
1747;366
1748;337
1749;346
1750;339
1751;331
1752;384
1753;363
1754;365
1755;347
1756;369
1757;393
1758;393
1759;395
1760;379
1761;387
1762;462
1763;387
1764;405
1765;396
1766;386
1767;393
1768;355
1769;386
1770;427
1771;409
1772;413
1773;400
1774;403
1775;435
1776;458
1777;469
1778;427
1779;395
1780;439
1781;440
1782;440
1783;441
1784;419
1785;431
1786;451
1787;414
1788;446
1789;434
1790;433
1791;424
1792;464
1793;488
1794;451
1795;486
1796;422
1797;426
1798;456
1799;443
1800;445
1801;481
1802;489
1803;449
1804;477
1805;474
1806;478
1807;461
1808;440
1809;490
1810;491
1811;487
1812;471
1813;473
1814;433
1815;480
1816;455
1817;435
1818;450
1819;510
1820;470
1821;448
1822;481
1823;455
1824;472
1825;437
1826;443
1827;430
1828;477
1829;448
1830;431
1831;447
1832;482
1833;418
1834;475
1835;444
1836;463
1837;423
1838;439
1839;491
1840;467
1841;457
1842;426
1843;436
1844;443
1845;413
1846;423
1847;449
1848;422
1849;440
1850;400
1851;415
1852;402
1853;424
1854;425
1855;437
1856;376
1857;410
1858;422
1859;446
1860;393
1861;416
1862;387
1863;405
1864;370
1865;371
1866;368
1867;359
1868;370
1869;371
1870;374
1871;362
1872;347
1873;347
1874;371
1875;363
1876;371
1877;372
1878;372
1879;334
1880;348
1881;340
1882;320
1883;355
1884;321
1885;333
1886;357
1887;330
1888;297
1889;293
1890;306
1891;307
1892;304
1893;301
1894;321
1895;295
1896;308
1897;299
1898;262
1899;316
1900;307
1901;269
1902;291
1903;269
1904;260
1905;240
1906;264
1907;213
1908;256
1909;239
1910;260
1911;264
1912;243
1913;233
1914;235
1915;236
1916;220
1917;241
1918;211
1919;220
1920;211
1921;213
1922;189
1923;200
1924;216
1925;215
1926;240
1927;208
1928;181
1929;211
1930;199
1931;183
1932;176
1933;194
1934;160
1935;168
1936;171
1937;170
1938;162
1939;180
1940;171
1941;155
1942;163
1943;169
1944;148
1945;174
1946;167
1947;147
1948;153
1949;159
1950;139
1951;143
1952;144
1953;144
1954;146
1955;135
1956;134
1957;131
1958;143
1959;123
1960;141
1961;145
1962;132
1963;119
1964;135
1965;118
1966;128
1967;125
1968;108
1969;108
1970;134
1971;116
1972;116
1973;103
1974;103
1975;127
1976;117
1977;114
1978;114
1979;117
1980;131
1981;105
1982;122
1983;124
1984;96
1985;115
1986;106
1987;85
1988;107
1989;103
1990;107
1991;84
1992;111
1993;102
1994;114
1995;93
1996;97
1997;95
1998;106
1999;87
2000;121
2001;91
2002;110
2003;97
2004;105
2005;103
2006;79
2007;89
2008;106
2009;93
2010;85
2011;99
2012;85
2013;104
2014;75
2015;105
2016;101
2017;105
2018;82
2019;86
2020;84
2021;84
2022;84
2023;83
2024;90
2025;91
2026;90
2027;78
2028;99
2029;95
2030;79
2031;104
2032;96
2033;96
2034;82
2035;78
2036;92
2037;80
2038;84
2039;79
2040;95
2041;101
2042;95
2043;95
2044;90
2045;84
2046;85
2047;88
2048;94
2049;81
2050;74
2051;80
2052;94
2053;107
2054;92
2055;70
2056;95
2057;80
2058;89
2059;87
2060;85
2061;80
2062;78
2063;90
2064;86
2065;75
2066;81
2067;86
2068;88
2069;94
2070;79
2071;99
2072;96
2073;93
2074;110
2075;97
2076;85
2077;108
2078;101
2079;80
2080;100
2081;81
2082;76
2083;93
2084;94
2085;87
2086;95
2087;100
2088;88
2089;87
2090;99
2091;80
2092;96
2093;77
2094;108
2095;91
2096;97
2097;96
2098;88
2099;80
2100;83
2101;81
2102;83
2103;105
2104;85
2105;79
2106;88
2107;92
2108;104
2109;88
2110;74
2111;95
2112;77
2113;111
2114;99
2115;90
2116;75
2117;80
2118;86
2119;111
2120;80
2121;88
2122;88
2123;85
2124;108
2125;90
2126;87
2127;91
2128;83
2129;89
2130;98
2131;99
2132;88
2133;102
2134;88
2135;97
2136;104
2137;100
2138;97
2139;96
2140;121
2141;95
2142;93
2143;90
2144;94
2145;95
2146;79
2147;95
2148;85
2149;94
2150;100
2151;83
2152;88
2153;98
2154;86
2155;102
2156;84
2157;71
2158;96
2159;106
2160;87
2161;103
2162;103
2163;91
2164;98
2165;80
2166;96
2167;95
2168;90
2169;102
2170;102
2171;118
2172;126
2173;109
2174;100
2175;97
2176;80
2177;89
2178;106
2179;110
2180;114
2181;81
2182;104
2183;92
2184;86
2185;114
2186;101
2187;87
2188;96
2189;96
2190;94
2191;87
2192;99
2193;98
2194;82
2195;95
2196;75
2197;96
2198;89
2199;97
2200;84
2201;122
2202;87
2203;94
2204;111
2205;81
2206;94
2207;97
2208;113
2209;101
2210;89
2211;86
2212;99
2213;88
2214;106
2215;114
2216;86
2217;102
2218;101
2219;112
2220;100
2221;85
2222;87
2223;88
2224;97
2225;95
2226;94
2227;76
2228;99
2229;112
2230;84
2231;94
2232;85
2233;103
2234;98
2235;121
2236;98
2237;96
2238;99
2239;86
2240;76
2241;81
2242;93
2243;100
2244;116
2245;80
2246;83
2247;93
2248;84
2249;88
2250;94
2251;90
2252;95
2253;103
2254;84
2255;106
2256;89
2257;80
2258;80
2259;111
2260;78
2261;78
2262;91
2263;92
2264;100
2265;94
2266;104
2267;82
2268;90
2269;85
2270;102
2271;109
2272;86
2273;109
2274;88
2275;90
2276;87
2277;87
2278;85
2279;93
2280;100
2281;90
2282;89
2283;97
2284;105
2285;84
2286;84
2287;92
2288;82
2289;97
2290;65
2291;83
2292;81
2293;93
2294;91
2295;97
2296;96
2297;107
2298;102
2299;97
2300;107
2301;81
2302;84
2303;100
2304;97
2305;94
2306;111
2307;89
2308;89
2309;83
2310;99
2311;79
2312;85
2313;84
2314;87
2315;100
2316;107
2317;86
2318;86
2319;105
2320;96
2321;89
2322;76
2323;94
2324;84
2325;96
2326;104
2327;70
2328;113
2329;79
2330;106
2331;83
2332;84
2333;93
2334;99
2335;84
2336;91
2337;96
2338;99
2339;99
2340;99
2341;79
2342;95
2343;110
2344;95
2345;102
2346;72
2347;86
2348;87
2349;88
2350;82
2351;82
2352;87
2353;104
2354;86
2355;78
2356;96
2357;108
2358;92
2359;93
2360;114
2361;102
2362;77
2363;85
2364;75
2365;99
2366;91
2367;91
2368;81
2369;75
2370;91
2371;98
2372;94
2373;91
2374;100
2375;83
2376;65
2377;83
2378;71
2379;89
2380;92
2381;86
2382;74
2383;69
2384;89
2385;102
2386;81
2387;93
2388;89
2389;82
2390;96
2391;87
2392;63
2393;76
2394;84
2395;84
2396;87
2397;86
2398;82
2399;84
2400;93
2401;75
2402;85
2403;92
2404;75
2405;70
2406;87
2407;85
2408;80
2409;81
2410;79
2411;83
2412;85
2413;76
2414;74
2415;91
2416;59
2417;84
2418;76
2419;79
2420;79
2421;81
2422;85
2423;71
2424;85
2425;83
2426;67
2427;81
2428;71
2429;89
2430;74
2431;70
2432;65
2433;69
2434;71
2435;77
2436;68
2437;74
2438;76
2439;66
2440;81
2441;66
2442;78
2443;65
2444;72
2445;68
2446;76
2447;61
2448;64
2449;62
2450;75
2451;71
2452;67
2453;68
2454;70
2455;66
2456;70
2457;72
2458;77
2459;61
2460;66
2461;52
2462;73
2463;69
2464;61
2465;66
2466;70
2467;67
2468;56
2469;64
2470;69
2471;63
2472;58
2473;71
2474;70
2475;55
2476;68
2477;64
2478;78
2479;66
2480;58
2481;69
2482;46
2483;75
2484;67
2485;73
2486;58
2487;67
2488;88
2489;64
2490;81
2491;62
2492;63
2493;58
2494;57
2495;62
2496;57
2497;65
2498;61
2499;82
2500;69
2501;59
2502;64
2503;55
2504;84
2505;64
2506;76
2507;62
2508;54
2509;64
2510;57
2511;49
2512;56
2513;58
2514;63
2515;59
2516;51
2517;77
2518;71
2519;60
2520;77
2521;73
2522;64
2523;72
2524;62
2525;39
2526;65
2527;65
2528;65
2529;60
2530;67
2531;60
2532;48
2533;66
2534;62
2535;49
2536;65
2537;63
2538;66
2539;46
2540;58
2541;57
2542;56
2543;47
2544;64
2545;61
2546;59
2547;64
2548;47
2549;56
2550;58
2551;67
2552;54
2553;67
2554;69
2555;52
2556;62
2557;50
2558;64
2559;68
2560;54
2561;59
2562;81
2563;66
2564;49
2565;86
2566;65
2567;61
2568;56
2569;55
2570;62
2571;52
2572;63
2573;62
2574;59
2575;59
2576;59
2577;72
2578;69
2579;52
2580;67
2581;70
2582;42
2583;51
2584;66
2585;55
2586;50
2587;67
2588;68
2589;59
2590;64
2591;73
2592;53
2593;54
2594;51
2595;55
2596;61
2597;73
2598;59
2599;55
2600;60
2601;68
2602;50
2603;63
2604;77
2605;59
2606;50
2607;54
2608;54
2609;56
2610;55
2611;48
2612;67
2613;58
2614;69
2615;67
2616;62
2617;44
2618;69
2619;64
2620;73
2621;51
2622;67
2623;57
2624;50
2625;63
2626;57
2627;51
2628;54
2629;58
2630;58
2631;68
2632;43
2633;48
2634;73
2635;62
2636;45
2637;73
2638;71
2639;59
2640;63
2641;67
2642;57
2643;48
2644;52
2645;47
2646;52
2647;64
2648;65
2649;63
2650;59
2651;64
2652;58
2653;65
2654;52
2655;51
2656;43
2657;58
2658;72
2659;47
2660;59
2661;67
2662;63
2663;49
2664;64
2665;59
2666;48
2667;55
2668;48
2669;40
2670;52
2671;51
2672;65
2673;60
2674;60
2675;54
2676;50
2677;54
2678;54
2679;62
2680;51
2681;48
2682;52
2683;65
2684;54
2685;60
2686;62
2687;57
2688;52
2689;52
2690;59
2691;50
2692;66
2693;54
2694;61
2695;55
2696;61
2697;66
2698;70
2699;63
2700;66
2701;61
2702;65
2703;47
2704;54
2705;54
2706;55
2707;69
2708;60
2709;48
2710;52
2711;49
2712;65
2713;57
2714;67
2715;54
2716;58
2717;60
2718;45
2719;59
2720;56
2721;66
2722;85
2723;51
2724;54
2725;61
2726;58
2727;56
2728;49
2729;59
2730;59
2731;66
2732;67
2733;60
2734;41
2735;54
2736;52
2737;65
2738;58
2739;50
2740;48
2741;49
2742;49
2743;53
2744;58
2745;59
2746;45
2747;56
2748;51
2749;48
2750;49
2751;43
2752;48
2753;73
2754;52
2755;53
2756;62
2757;59
2758;55
2759;66
2760;37
2761;66
2762;59
2763;53
2764;42
2765;56
2766;50
2767;58
2768;51
2769;55
2770;49
2771;61
2772;62
2773;54
2774;57
2775;58
2776;55
2777;52
2778;57
2779;54
2780;67
2781;48
2782;47
2783;40
2784;53
2785;63
2786;57
2787;48
2788;59
2789;56
2790;66
2791;55
2792;49
2793;63
2794;58
2795;52
2796;46
2797;52
2798;58
2799;43
2800;43
2801;55
2802;64
2803;58
2804;50
2805;48
2806;54
2807;56
2808;41
2809;49
2810;46
2811;41
2812;56
2813;52
2814;37
2815;64
2816;51
2817;59
2818;46
2819;54
2820;45
2821;57
2822;45
2823;57
2824;58
2825;60
2826;54
2827;53
2828;53
2829;44
2830;47
2831;58
2832;56
2833;65
2834;49
2835;65
2836;71
2837;57
2838;52
2839;58
2840;57
2841;64
2842;54
2843;56
2844;53
2845;63
2846;57
2847;55
2848;59
2849;56
2850;47
2851;56
2852;58
2853;39
2854;41
2855;42
2856;50
2857;67
2858;57
2859;53
2860;52
2861;53
2862;61
2863;44
2864;48
2865;54
2866;61
2867;68
2868;55
2869;55
2870;52
2871;52
2872;52
2873;51
2874;43
2875;45
2876;51
2877;54
2878;54
2879;59
2880;41
2881;58
2882;62
2883;56
2884;52
2885;48
2886;49
2887;58
2888;77
2889;69
2890;42
2891;50
2892;65
2893;59
2894;50
2895;58
2896;52
2897;54
2898;63
2899;53
2900;49
2901;46
2902;48
2903;58
2904;52
2905;53
2906;43
2907;53
2908;48
2909;61
2910;53
2911;64
2912;44
2913;42
2914;55
2915;57
2916;57
2917;47
2918;60
2919;46
2920;52
2921;57
2922;55
2923;48
2924;61
2925;52
2926;58
2927;61
2928;43
2929;56
2930;61
2931;56
2932;60
2933;52
2934;56
2935;59
2936;61
2937;49
2938;49
2939;59
2940;44
2941;44
2942;52
2943;53
2944;51
2945;49
2946;55
2947;52
2948;48
2949;65
2950;49
2951;48
2952;44
2953;64
2954;50
2955;49
2956;45
2957;57
2958;55
2959;56
2960;47
2961;56
2962;56
2963;48
2964;41
2965;49
2966;71
2967;45
2968;54
2969;53
2970;43
2971;72
2972;49
2973;48
2974;49
2975;46
2976;47
2977;40
2978;47
2979;45
2980;43
2981;48
2982;55
2983;50
2984;42
2985;46
2986;52
2987;44
2988;37
2989;50
2990;51
2991;45
2992;50
2993;45
2994;38
2995;60
2996;41
2997;72
2998;55
2999;54
3000;47
3001;45
3002;51
3003;49
3004;53
3005;48
3006;46
3007;51
3008;40
3009;55
3010;52
3011;43
3012;51
3013;50
3014;41
3015;63
3016;41
3017;51
3018;45
3019;41
3020;51
3021;57
3022;54
3023;47
3024;46
3025;68
3026;53
3027;54
3028;52
3029;43
3030;65
3031;57
3032;63
3033;45
3034;54
3035;32
3036;45
3037;44
3038;60
3039;47
3040;41
3041;51
3042;46
3043;48
3044;46
3045;56
3046;51
3047;41
3048;42
3049;46
3050;52
3051;53
3052;55
3053;49
3054;39
3055;32
3056;42
3057;45
3058;43
3059;43
3060;55
3061;61
3062;42
3063;51
3064;55
3065;45
3066;56
3067;58
3068;53
3069;64
3070;36
3071;53
3072;35
3073;37
3074;42
3075;61
3076;56
3077;45
3078;58
3079;52
3080;41
3081;49
3082;35
3083;55
3084;49
3085;48
3086;48
3087;38
3088;48
3089;50
3090;33
3091;52
3092;44
3093;43
3094;39
3095;48
3096;48
3097;40
3098;33
3099;51
3100;42
3101;47
3102;46
3103;40
3104;36
3105;64
3106;43
3107;53
3108;54
3109;49
3110;38
3111;39
3112;49
3113;51
3114;43
3115;39
3116;43
3117;56
3118;53
3119;40
3120;58
3121;50
3122;43
3123;40
3124;49
3125;41
3126;47
3127;38
3128;35
3129;38
3130;44
3131;53
3132;52
3133;39
3134;48
3135;43
3136;40
3137;45
3138;51
3139;47
3140;32
3141;48
3142;56
3143;49
3144;40
3145;44
3146;52
3147;49
3148;43
3149;36
3150;54
3151;36
3152;34
3153;47
3154;40
3155;55
3156;44
3157;47
3158;47
3159;47
3160;48
3161;45
3162;39
3163;47
3164;49
3165;53
3166;47
3167;40
3168;44
3169;45
3170;48
3171;43
3172;33
3173;46
3174;52
3175;44
3176;43
3177;55
3178;36
3179;30
3180;48
3181;44
3182;42
3183;56
3184;40
3185;44
3186;41
3187;39
3188;46
3189;47
3190;39
3191;47
3192;49
3193;39
3194;43
3195;39
3196;50
3197;32
3198;38
3199;44
3200;38
3201;52
3202;41
3203;30
3204;41
3205;41
3206;32
3207;47
3208;40
3209;36
3210;43
3211;38
3212;49
3213;40
3214;48
3215;49
3216;36
3217;35
3218;47
3219;40
3220;37
3221;40
3222;51
3223;46
3224;37
3225;45
3226;40
3227;43
3228;43
3229;45
3230;49
3231;42
3232;30
3233;34
3234;30
3235;39
3236;42
3237;30
3238;39
3239;45
3240;40
3241;37
3242;50
3243;36
3244;49
3245;44
3246;52
3247;39
3248;39
3249;42
3250;40
3251;51
3252;34
3253;43
3254;28
3255;39
3256;49
3257;38
3258;36
3259;36
3260;34
3261;39
3262;32
3263;32
3264;45
3265;43
3266;44
3267;44
3268;34
3269;43
3270;40
3271;40
3272;41
3273;40
3274;43
3275;39
3276;42
3277;43
3278;41
3279;34
3280;44
3281;42
3282;45
3283;50
3284;45
3285;45
3286;35
3287;36
3288;33
3289;41
3290;52
3291;42
3292;42
3293;55
3294;44
3295;41
3296;40
3297;37
3298;36
3299;48
3300;51
3301;42
3302;46
3303;43
3304;54
3305;36
3306;37
3307;36
3308;45
3309;38
3310;41
3311;39
3312;39
3313;50
3314;39
3315;36
3316;41
3317;37
3318;36
3319;37
3320;44
3321;37
3322;27
3323;38
3324;38
3325;41
3326;43
3327;41
3328;41
3329;31
3330;41
3331;47
3332;35
3333;46
3334;52
3335;40
3336;46
3337;35
3338;48
3339;42
3340;27
3341;42
3342;37
3343;50
3344;35
3345;42
3346;49
3347;48
3348;36
3349;37
3350;38
3351;52
3352;40
3353;55
3354;42
3355;38
3356;48
3357;49
3358;36
3359;31
3360;43
3361;44
3362;41
3363;50
3364;48
3365;43
3366;49
3367;34
3368;43
3369;39
3370;43
3371;43
3372;46
3373;44
3374;34
3375;42
3376;43
3377;43
3378;43
3379;51
3380;37
3381;38
3382;49
3383;44
3384;40
3385;39
3386;43
3387;47
3388;36
3389;50
3390;40
3391;43
3392;43
3393;39
3394;42
3395;39
3396;36
3397;27
3398;30
3399;54
3400;37
3401;33
3402;45
3403;40
3404;32
3405;48
3406;43
3407;37
3408;40
3409;42
3410;32
3411;52
3412;38
3413;46
3414;36
3415;46
3416;45
3417;41
3418;50
3419;37
3420;42
3421;40
3422;42
3423;44
3424;49
3425;39
3426;42
3427;51
3428;28
3429;43
3430;37
3431;41
3432;41
3433;45
3434;42
3435;34
3436;33
3437;46
3438;41
3439;34
3440;39
3441;39
3442;42
3443;55
3444;37
3445;45
3446;50
3447;35
3448;41
3449;43
3450;41
3451;48
3452;34
3453;38
3454;48
3455;41
3456;31
3457;37
3458;38
3459;49
3460;45
3461;36
3462;46
3463;43
3464;44
3465;51
3466;45
3467;42
3468;43
3469;29
3470;27
3471;53
3472;55
3473;47
3474;41
3475;55
3476;42
3477;35
3478;47
3479;43
3480;39
3481;36
3482;40
3483;42
3484;45
3485;39
3486;39
3487;44
3488;39
3489;40
3490;46
3491;43
3492;46
3493;42
3494;46
3495;38
3496;34
3497;44
3498;46
3499;39
3500;44
3501;41
3502;48
3503;32
3504;38
3505;58
3506;32
3507;43
3508;47
3509;54
3510;47
3511;34
3512;42
3513;44
3514;43
3515;36
3516;34
3517;34
3518;44
3519;37
3520;51
3521;42
3522;41
3523;58
3524;38
3525;44
3526;46
3527;39
3528;54
3529;49
3530;52
3531;51
3532;47
3533;41
3534;36
3535;47
3536;45
3537;49
3538;41
3539;36
3540;40
3541;42
3542;37
3543;50
3544;40
3545;38
3546;39
3547;47
3548;42
3549;37
3550;47
3551;44
3552;49
3553;48
3554;48
3555;38
3556;54
3557;44
3558;44
3559;49
3560;47
3561;43
3562;31
3563;37
3564;53
3565;51
3566;44
3567;45
3568;36
3569;45
3570;45
3571;46
3572;36
3573;55
3574;44
3575;40
3576;47
3577;47
3578;49
3579;43
3580;49
3581;42
3582;44
3583;51
3584;42
3585;53
3586;35
3587;42
3588;41
3589;47
3590;49
3591;38
3592;40
3593;53
3594;51
3595;47
3596;46
3597;52
3598;42
3599;47
3600;44
3601;50
3602;44
3603;55
3604;45
3605;50
3606;42
3607;47
3608;28
3609;54
3610;38
3611;43
3612;43
3613;46
3614;47
3615;35
3616;48
3617;37
3618;48
3619;49
3620;40
3621;41
3622;28
3623;36
3624;41
3625;41
3626;34
3627;40
3628;42
3629;45
3630;37
3631;55
3632;32
3633;43
3634;37
3635;31
3636;50
3637;31
3638;51
3639;48
3640;40
3641;42
3642;35
3643;55
3644;44
3645;46
3646;41
3647;35
3648;47
3649;48
3650;53
3651;47
3652;38
3653;37
3654;45
3655;43
3656;42
3657;43
3658;41
3659;43
3660;45
3661;37
3662;48
3663;43
3664;42
3665;43
3666;37
3667;40
3668;38
3669;38
3670;37
3671;32
3672;44
3673;35
3674;47
3675;41
3676;39
3677;54
3678;44
3679;45
3680;42
3681;36
3682;36
3683;38
3684;41
3685;45
3686;37
3687;49
3688;40
3689;52
3690;41
3691;39
3692;46
3693;34
3694;52
3695;27
3696;42
3697;46
3698;46
3699;41
3700;44
3701;39
3702;37
3703;29
3704;47
3705;41
3706;38
3707;29
3708;46
3709;43
3710;39
3711;55
3712;47
3713;35
3714;27
3715;39
3716;39
3717;33
3718;27
3719;48
3720;40
3721;43
3722;44
3723;41
3724;46
3725;40
3726;44
3727;44
3728;31
3729;37
3730;41
3731;54
3732;38
3733;33
3734;36
3735;40
3736;31
3737;47
3738;38
3739;31
3740;34
3741;25
3742;32
3743;39
3744;48
3745;34
3746;41
3747;37
3748;39
3749;37
3750;42
3751;40
3752;42
3753;41
3754;45
3755;45
3756;35
3757;35
3758;35
3759;38
3760;46
3761;48
3762;38
3763;41
3764;32
3765;55
3766;45
3767;35
3768;36
3769;43
3770;40
3771;32
3772;38
3773;41
3774;33
3775;30
3776;40
3777;53
3778;40
3779;36
3780;24
3781;42
3782;40
3783;41
3784;34
3785;32
3786;45
3787;42
3788;39
3789;40
3790;37
3791;37
3792;27
3793;35
3794;40
3795;40
3796;41
3797;44
3798;37
3799;47
3800;31
3801;50
3802;44
3803;38
3804;52
3805;61
3806;38
3807;46
3808;37
3809;38
3810;52
3811;39
3812;32
3813;36
3814;55
3815;40
3816;54
3817;39
3818;41
3819;44
3820;47
3821;34
3822;44
3823;54
3824;50
3825;54
3826;43
3827;51
3828;41
3829;33
3830;46
3831;46
3832;43
3833;38
3834;29
3835;38
3836;45
3837;49
3838;54
3839;45
3840;51
3841;44
3842;41
3843;44
3844;39
3845;43
3846;43
3847;42
3848;52
3849;39
3850;54
3851;37
3852;58
3853;52
3854;51
3855;59
3856;38
3857;45
3858;40
3859;34
3860;42
3861;44
3862;51
3863;47
3864;52
3865;44
3866;55
3867;48
3868;52
3869;57
3870;48
3871;49
3872;46
3873;40
3874;53
3875;63
3876;66
3877;52
3878;46
3879;42
3880;45
3881;50
3882;40
3883;51
3884;45
3885;39
3886;54
3887;57
3888;52
3889;43
3890;48
3891;60
3892;47
3893;37
3894;48
3895;50
3896;55
3897;51
3898;35
3899;54
3900;45
3901;41
3902;54
3903;58
3904;55
3905;61
3906;64
3907;59
3908;60
3909;60
3910;64
3911;61
3912;51
3913;56
3914;60
3915;53
3916;51
3917;53
3918;61
3919;63
3920;45
3921;57
3922;51
3923;70
3924;45
3925;54
3926;55
3927;54
3928;66
3929;60
3930;63
3931;66
3932;71
3933;59
3934;57
3935;51
3936;55
3937;62
3938;62
3939;53
3940;65
3941;70
3942;66
3943;60
3944;66
3945;63
3946;65
3947;61
3948;61
3949;60
3950;66
3951;75
3952;61
3953;70
3954;69
3955;56
3956;68
3957;70
3958;77
3959;59
3960;81
3961;63
3962;73
3963;75
3964;70
3965;83
3966;64
3967;69
3968;58
3969;54
3970;59
3971;75
3972;70
3973;70
3974;68
3975;81
3976;63
3977;62
3978;66
3979;69
3980;63
3981;72
3982;75
3983;68
3984;71
3985;75
3986;56
3987;68
3988;62
3989;76
3990;71
3991;56
3992;72
3993;74
3994;85
3995;71
3996;66
3997;81
3998;76
3999;80
4000;84
4001;73
4002;71
4003;67
4004;78
4005;68
4006;75
4007;89
4008;73
4009;76
4010;67
4011;66
4012;76
4013;80
4014;80
4015;78
4016;63
4017;74
4018;74
4019;64
4020;72
4021;71
4022;61
4023;69
4024;58
4025;82
4026;67
4027;61
4028;83
4029;81
4030;66
4031;62
4032;77
4033;76
4034;74
4035;73
4036;70
4037;75
4038;60
4039;84
4040;74
4041;75
4042;61
4043;74
4044;82
4045;63
4046;73
4047;72
4048;84
4049;63
4050;79
4051;72
4052;90
4053;94
4054;89
4055;82
4056;68
4057;68
4058;74
4059;77
4060;77
4061;80
4062;60
4063;68
4064;86
4065;74
4066;69
4067;68
4068;64
4069;92
4070;59
4071;86
4072;76
4073;77
4074;71
4075;79
4076;65
4077;69
4078;71
4079;70
4080;78
4081;60
4082;64
4083;74
4084;82
4085;92
4086;74
4087;76
4088;67
4089;85
4090;73
4091;78
4092;75
4093;80
4094;68
4095;76
4096;68
4097;54
4098;51
4099;79
4100;76
4101;62
4102;82
4103;64
4104;70
4105;57
4106;78
4107;76
4108;83
4109;56
4110;79
4111;69
4112;74
4113;65
4114;64
4115;45
4116;45
4117;63
4118;61
4119;68
4120;73
4121;51
4122;73
4123;53
4124;60
4125;73
4126;69
4127;67
4128;84
4129;64
4130;68
4131;75
4132;61
4133;72
4134;50
4135;57
4136;58
4137;62
4138;71
4139;72
4140;66
4141;51
4142;57
4143;84
4144;69
4145;49
4146;71
4147;62
4148;60
4149;74
4150;73
4151;49
4152;65
4153;68
4154;56
4155;50
4156;43
4157;57
4158;61
4159;53
4160;54
4161;63
4162;57
4163;49
4164;65
4165;67
4166;51
4167;56
4168;57
4169;59
4170;49
4171;53
4172;65
4173;59
4174;56
4175;45
4176;44
4177;45
4178;39
4179;55
4180;60
4181;54
4182;55
4183;46
4184;60
4185;47
4186;41
4187;54
4188;56
4189;46
4190;62
4191;45
4192;47
4193;51
4194;60
4195;44
4196;54
4197;56
4198;46
4199;62
4200;58
4201;36
4202;56
4203;61
4204;43
4205;57
4206;58
4207;55
4208;50
4209;42
4210;56
4211;52
4212;50
4213;32
4214;37
4215;42
4216;58
4217;56
4218;49
4219;41
4220;52
4221;40
4222;46
4223;42
4224;38
4225;37
4226;38
4227;39
4228;41
4229;46
4230;46
4231;45
4232;42
4233;39
4234;28
4235;46
4236;30
4237;37
4238;45
4239;33
4240;37
4241;44
4242;49
4243;40
4244;47
4245;31
4246;35
4247;40
4248;38
4249;44
4250;38
4251;44
4252;28
4253;30
4254;41
4255;39
4256;25
4257;34
4258;39
4259;42
4260;33
4261;37
4262;33
4263;23
4264;45
4265;38
4266;26
4267;42
4268;36
4269;36
4270;43
4271;34
4272;36
4273;34
4274;38
4275;37
4276;37
4277;39
4278;43
4279;53
4280;38
4281;35
4282;29
4283;23
4284;37
4285;34
4286;37
4287;43
4288;36
4289;27
4290;41
4291;36
4292;57
4293;39
4294;27
4295;31
4296;38
4297;34
4298;31
4299;41
4300;39
4301;35
4302;41
4303;47
4304;33
4305;26
4306;29
4307;30
4308;40
4309;21
4310;27
4311;37
4312;32
4313;29
4314;31
4315;30
4316;25
4317;42
4318;26
4319;36
4320;41
4321;39
4322;22
4323;41
4324;47
4325;45
4326;47
4327;29
4328;27
4329;34
4330;28
4331;33
4332;39
4333;35
4334;33
4335;36
4336;51
4337;29
4338;32
4339;28
4340;37
4341;34
4342;35
4343;35
4344;40
4345;36
4346;35
4347;36
4348;32
4349;50
4350;35
4351;26
4352;33
4353;48
4354;42
4355;46
4356;25
4357;32
4358;30
4359;35
4360;27
4361;37
4362;27
4363;29
4364;45
4365;31
4366;34
4367;40
4368;35
4369;40
4370;25
4371;27
4372;35
4373;37
4374;41
4375;31
4376;32
4377;28
4378;35
4379;35
4380;27
4381;34
4382;36
4383;35
4384;31
4385;44
4386;35
4387;39
4388;30
4389;41
4390;35
4391;53
4392;28
4393;46
4394;40
4395;32
4396;29
4397;34
4398;37
4399;41
4400;30
4401;48
4402;41
4403;45
4404;26
4405;31
4406;30
4407;45
4408;42
4409;37
4410;38
4411;47
4412;50
4413;38
4414;40
4415;31
4416;46
4417;36
4418;32
4419;35
4420;36
4421;39
4422;32
4423;46
4424;35
4425;37
4426;36
4427;41
4428;34
4429;25
4430;34
4431;39
4432;40
4433;30
4434;36
4435;38
4436;28
4437;31
4438;34
4439;41
4440;33
4441;26
4442;40
4443;34
4444;36
4445;33
4446;40
4447;36
4448;29
4449;45
4450;39
4451;34
4452;37
4453;40
4454;35
4455;38
4456;34
4457;40
4458;35
4459;37
4460;45
4461;34
4462;35
4463;42
4464;48
4465;24
4466;41
4467;37
4468;35
4469;44
4470;28
4471;28
4472;34
4473;33
4474;33
4475;38
4476;33
4477;29
4478;52
4479;32
4480;35
4481;37
4482;45
4483;46
4484;36
4485;29
4486;40
4487;44
4488;38
4489;41
4490;30
4491;39
4492;43
4493;37
4494;35
4495;40
4496;38
4497;44
4498;38
4499;29
4500;33
4501;43
4502;32
4503;39
4504;34
4505;35
4506;36
4507;35
4508;39
4509;29
4510;31
4511;39
4512;37
4513;37
4514;32
4515;37
4516;39
4517;36
4518;38
4519;33
4520;40
4521;34
4522;38
4523;38
4524;36
4525;37
4526;26
4527;41
4528;33
4529;29
4530;42
4531;42
4532;28
4533;40
4534;38
4535;37
4536;32
4537;37
4538;30
4539;36
4540;30
4541;27
4542;24
4543;25
4544;35
4545;28
4546;34
4547;32
4548;20
4549;42
4550;46
4551;37
4552;24
4553;48
4554;34
4555;36
4556;33
4557;26
4558;26
4559;23
4560;29
4561;29
4562;27
4563;25
4564;35
4565;34
4566;28
4567;36
4568;34
4569;33
4570;35
4571;35
4572;33
4573;31
4574;37
4575;35
4576;30
4577;33
4578;30
4579;39
4580;31
4581;36
4582;33
4583;30
4584;23
4585;27
4586;34
4587;36
4588;23
4589;36
4590;34
4591;39
4592;23
4593;24
4594;32
4595;34
4596;33
4597;29
4598;27
4599;26
4600;27
4601;31
4602;31
4603;24
4604;42
4605;33
4606;43
4607;28
4608;32
4609;35
4610;30
4611;33
4612;28
4613;39
4614;30
4615;37
4616;20
4617;30
4618;43
4619;31
4620;21
4621;24
4622;27
4623;34
4624;33
4625;38
4626;19
4627;30
4628;30
4629;36
4630;33
4631;20
4632;35
4633;28
4634;28
4635;40
4636;36
4637;23
4638;41
4639;23
4640;20
4641;23
4642;25
4643;32
4644;29
4645;25
4646;28
4647;24
4648;27
4649;25
4650;19
4651;24
4652;24
4653;28
4654;25
4655;28
4656;25
4657;36
4658;35
4659;28
4660;28
4661;28
4662;29
4663;29
4664;30
4665;23
4666;32
4667;22
4668;20
4669;23
4670;28
4671;21
4672;24
4673;21
4674;30
4675;33
4676;31
4677;29
4678;25
4679;23
4680;26
4681;24
4682;27
4683;36
4684;41
4685;26
4686;34
4687;25
4688;42
4689;23
4690;29
4691;30
4692;18
4693;32
4694;26
4695;40
4696;21
4697;33
4698;25
4699;28
4700;17
4701;27
4702;25
4703;25
4704;28
4705;21
4706;26
4707;22
4708;27
4709;19
4710;35
4711;23
4712;22
4713;21
4714;24
4715;15
4716;22
4717;28
4718;35
4719;27
4720;38
4721;25
4722;26
4723;24
4724;22
4725;26
4726;24
4727;37
4728;40
4729;36
4730;34
4731;26
4732;30
4733;34
4734;33
4735;30
4736;20
4737;25
4738;27
4739;20
4740;28
4741;36
4742;23
4743;50
4744;35
4745;33
4746;31
4747;23
4748;27
4749;23
4750;25
4751;35
4752;29
4753;30
4754;25
4755;28
4756;29
4757;23
4758;26
4759;25
4760;41
4761;33
4762;24
4763;31
4764;32
4765;25
4766;35
4767;28
4768;35
4769;33
4770;30
4771;31
4772;30
4773;29
4774;30
4775;30
4776;24
4777;23
4778;29
4779;27
4780;25
4781;26
4782;34
4783;26
4784;28
4785;33
4786;34
4787;28
4788;33
4789;27
4790;31
4791;35
4792;24
4793;28
4794;32
4795;23
4796;23
4797;35
4798;27
4799;30
4800;29
4801;35
4802;30
4803;45
4804;35
4805;27
4806;29
4807;30
4808;38
4809;36
4810;23
4811;30
4812;37
4813;32
4814;26
4815;32
4816;39
4817;28
4818;27
4819;36
4820;28
4821;37
4822;44
4823;46
4824;34
4825;30
4826;36
4827;44
4828;28
4829;36
4830;23
4831;31
4832;41
4833;36
4834;36
4835;21
4836;30
4837;37
4838;24
4839;32
4840;35
4841;42
4842;33
4843;37
4844;32
4845;40
4846;30
4847;31
4848;32
4849;46
4850;37
4851;42
4852;33
4853;49
4854;35
4855;37
4856;44
4857;41
4858;43
4859;36
4860;35
4861;43
4862;49
4863;42
4864;43
4865;35
4866;45
4867;40
4868;36
4869;37
4870;33
4871;34
4872;35
4873;42
4874;33
4875;43
4876;32
4877;42
4878;38
4879;47
4880;40
4881;42
4882;37
4883;43
4884;44
4885;25
4886;51
4887;49
4888;38
4889;42
4890;42
4891;36
4892;37
4893;45
4894;52
4895;40
4896;40
4897;41
4898;41
4899;49
4900;35
4901;43
4902;43
4903;33
4904;43
4905;58
4906;51
4907;50
4908;52
4909;44
4910;57
4911;61
4912;36
4913;53
4914;44
4915;32
4916;43
4917;64
4918;45
4919;35
4920;40
4921;34
4922;38
4923;62
4924;49
4925;59
4926;44
4927;45
4928;49
4929;53
4930;47
4931;70
4932;54
4933;52
4934;54
4935;44
4936;52
4937;38
4938;50
4939;40
4940;39
4941;51
4942;43
4943;36
4944;52
4945;47
4946;46
4947;42
4948;51
4949;64
4950;55
4951;46
4952;58
4953;48
4954;53
4955;54
4956;61
4957;55
4958;61
4959;57
4960;41
4961;48
4962;53
4963;42
4964;53
4965;51
4966;46
4967;54
4968;53
4969;42
4970;56
4971;42
4972;59
4973;53
4974;51
4975;51
4976;53
4977;52
4978;43
4979;59
4980;41
4981;67
4982;46
4983;48
4984;50
4985;51
4986;33
4987;52
4988;51
4989;57
4990;55
4991;41
4992;54
4993;54
4994;63
4995;56
4996;45
4997;56
4998;49
4999;50
5000;53
5001;44
5002;48
5003;49
5004;46
5005;57
5006;46
5007;54
5008;42
5009;54
5010;61
5011;47
5012;55
5013;52
5014;53
5015;45
5016;48
5017;49
5018;49
5019;62
5020;46
5021;47
5022;57
5023;56
5024;55
5025;61
5026;49
5027;42
5028;49
5029;69
5030;43
5031;53
5032;48
5033;44
5034;52
5035;49
5036;53
5037;46
5038;48
5039;43
5040;42
5041;53
5042;54
5043;56
5044;45
5045;51
5046;54
5047;43
5048;56
5049;40
5050;45
5051;52
5052;52
5053;50
5054;45
5055;48
5056;51
5057;42
5058;60
5059;51
5060;49
5061;38
5062;38
5063;41
5064;57
5065;50
5066;45
5067;54
5068;39
5069;51
5070;47
5071;46
5072;52
5073;36
5074;51
5075;37
5076;48
5077;59
5078;59
5079;39
5080;43
5081;43
5082;42
5083;40
5084;38
5085;36
5086;43
5087;35
5088;55
5089;33
5090;28
5091;49
5092;29
5093;42
5094;45
5095;39
5096;38
5097;47
5098;42
5099;24
5100;50
5101;54
5102;34
5103;45
5104;39
5105;42
5106;27
5107;42
5108;36
5109;36
5110;44
5111;38
5112;36
5113;43
5114;31
5115;48
5116;40
5117;45
5118;32
5119;44
5120;35
5121;45
5122;31
5123;46
5124;39
5125;42
5126;32
5127;33
5128;48
5129;28
5130;27
5131;36
5132;34
5133;38
5134;30
5135;42
5136;32
5137;38
5138;25
5139;27
5140;29
5141;26
5142;37
5143;36
5144;40
5145;25
5146;29
5147;31
5148;35
5149;32
5150;26
5151;26
5152;35
5153;24
5154;29
5155;24
5156;30
5157;34
5158;30
5159;33
5160;37
5161;32
5162;26
5163;37
5164;29
5165;24
5166;28
5167;37
5168;37
5169;30
5170;26
5171;27
5172;38
5173;26
5174;35
5175;36
5176;18
5177;22
5178;38
5179;28
5180;31
5181;20
5182;37
5183;28
5184;37
5185;27
5186;32
5187;34
5188;25
5189;25
5190;21
5191;31
5192;27
5193;27
5194;25
5195;26
5196;25
5197;26
5198;21
5199;27
5200;20
5201;30
5202;16
5203;26
5204;24
5205;29
5206;21
5207;28
5208;18
5209;17
5210;20
5211;29
5212;24
5213;29
5214;31
5215;18
5216;21
5217;25
5218;22
5219;21
5220;28
5221;13
5222;12
5223;24
5224;20
5225;29
5226;23
5227;22
5228;20
5229;26
5230;24
5231;17
5232;23
5233;30
5234;24
5235;22
5236;19
5237;20
5238;29
5239;23
5240;15
5241;21
5242;21
5243;21
5244;24
5245;20
5246;28
5247;16
5248;19
5249;18
5250;19
5251;22
5252;15
5253;20
5254;17
5255;24
5256;19
5257;18
5258;24
5259;23
5260;21
5261;24
5262;28
5263;19
5264;17
5265;18
5266;18
5267;15
5268;21
5269;15
5270;22
5271;28
5272;25
5273;16
5274;22
5275;16
5276;24
5277;22
5278;20
5279;21
5280;14
5281;17
5282;16
5283;19
5284;22
5285;15
5286;19
5287;23
5288;25
5289;25
5290;20
5291;19
5292;16
5293;20
5294;18
5295;21
5296;27
5297;16
5298;24
5299;21
5300;17
5301;20
5302;23
5303;16
5304;21
5305;15
5306;16
5307;19
5308;21
5309;21
5310;22
5311;21
5312;22
5313;24
5314;20
5315;21
5316;15
5317;12
5318;32
5319;21
5320;13
5321;31
5322;27
5323;25
5324;13
5325;23
5326;21
5327;21
5328;18
5329;12
5330;20
5331;10
5332;18
5333;21
5334;31
5335;25
5336;23
5337;18
5338;24
5339;24
5340;18
5341;13
5342;17
5343;21
5344;24
5345;24
5346;18
5347;17
5348;28
5349;16
5350;19
5351;20
5352;26
5353;28
5354;24
5355;18
5356;27
5357;18
5358;30
5359;24
5360;22
5361;20
5362;19
5363;21
5364;26
5365;23
5366;21
5367;22
5368;15
5369;18
5370;24
5371;20
5372;12
5373;15
5374;19
5375;20
5376;23
5377;21
5378;28
5379;20
5380;30
5381;27
5382;23
5383;18
5384;24
5385;27
5386;23
5387;30
5388;19
5389;21
5390;18
5391;20
5392;21
5393;22
5394;26
5395;29
5396;26
5397;19
5398;26
5399;30
5400;27
5401;26
5402;28
5403;20
5404;21
5405;27
5406;25
5407;28
5408;26
5409;20
5410;23
5411;30
5412;20
5413;26
5414;25
5415;24
5416;20
5417;18
5418;16
5419;21
5420;30
5421;25
5422;30
5423;26
5424;21
5425;24
5426;18
5427;23
5428;21
5429;29
5430;21
5431;34
5432;20
5433;32
5434;30
5435;25
5436;32
5437;19
5438;14
5439;31
5440;27
5441;25
5442;26
5443;30
5444;36
5445;28
5446;28
5447;27
5448;22
5449;24
5450;33
5451;26
5452;25
5453;24
5454;28
5455;20
5456;24
5457;32
5458;30
5459;29
5460;33
5461;35
5462;33
5463;23
5464;38
5465;29
5466;35
5467;29
5468;26
5469;30
5470;45
5471;27
5472;35
5473;32
5474;40
5475;30
5476;26
5477;38
5478;29
5479;33
5480;35
5481;35
5482;29
5483;46
5484;35
5485;30
5486;32
5487;36
5488;31
5489;44
5490;31
5491;34
5492;28
5493;41
5494;39
5495;34
5496;36
5497;33
5498;41
5499;37
5500;34
5501;44
5502;37
5503;41
5504;45
5505;36
5506;34
5507;49
5508;41
5509;33
5510;41
5511;30
5512;51
5513;36
5514;33
5515;40
5516;38
5517;42
5518;44
5519;41
5520;46
5521;46
5522;40
5523;29
5524;44
5525;43
5526;43
5527;39
5528;44
5529;45
5530;34
5531;39
5532;32
5533;37
5534;48
5535;49
5536;51
5537;49
5538;30
5539;45
5540;46
5541;28
5542;34
5543;48
5544;40
5545;49
5546;41
5547;40
5548;44
5549;43
5550;39
5551;35
5552;53
5553;39
5554;37
5555;48
5556;56
5557;47
5558;47
5559;46
5560;57
5561;49
5562;49
5563;40
5564;43
5565;39
5566;44
5567;45
5568;46
5569;52
5570;59
5571;63
5572;44
5573;50
5574;46
5575;50
5576;46
5577;50
5578;56
5579;45
5580;49
5581;65
5582;43
5583;56
5584;46
5585;51
5586;61
5587;43
5588;59
5589;48
5590;53
5591;56
5592;54
5593;56
5594;53
5595;52
5596;50
5597;59
5598;36
5599;52
5600;56
5601;60
5602;53
5603;59
5604;60
5605;52
5606;50
5607;49
5608;52
5609;45
5610;58
5611;57
5612;43
5613;40
5614;51
5615;44
5616;51
5617;64
5618;68
5619;66
5620;66
5621;58
5622;54
5623;63
5624;64
5625;52
5626;63
5627;62
5628;59
5629;48
5630;64
5631;68
5632;54
5633;53
5634;59
5635;69
5636;49
5637;68
5638;52
5639;48
5640;54
5641;60
5642;71
5643;46
5644;54
5645;55
5646;55
5647;63
5648;68
5649;52
5650;56
5651;52
5652;60
5653;50
5654;51
5655;58
5656;56
5657;57
5658;60
5659;66
5660;68
5661;58
5662;51
5663;53
5664;49
5665;66
5666;73
5667;47
5668;44
5669;59
5670;57
5671;71
5672;63
5673;63
5674;48
5675;65
5676;70
5677;46
5678;57
5679;56
5680;60
5681;69
5682;56
5683;62
5684;48
5685;37
5686;64
5687;60
5688;55
5689;49
5690;60
5691;52
5692;66
5693;52
5694;48
5695;60
5696;51
5697;56
5698;49
5699;70
5700;59
5701;70
5702;58
5703;49
5704;51
5705;51
5706;75
5707;56
5708;60
5709;63
5710;49
5711;70
5712;54
5713;55
5714;54
5715;52
5716;61
5717;64
5718;56
5719;50
5720;63
5721;57
5722;62
5723;58
5724;54
5725;62
5726;57
5727;69
5728;53
5729;48
5730;48
5731;50
5732;70
5733;52
5734;37
5735;65
5736;60
5737;54
5738;54
5739;48
5740;59
5741;55
5742;55
5743;38
5744;52
5745;62
5746;44
5747;47
5748;38
5749;48
5750;61
5751;63
5752;48
5753;44
5754;49
5755;55
5756;52
5757;54
5758;62
5759;52
5760;61
5761;45
5762;55
5763;44
5764;55
5765;41
5766;50
5767;49
5768;47
5769;39
5770;51
5771;54
5772;58
5773;47
5774;46
5775;50
5776;44
5777;44
5778;51
5779;44
5780;50
5781;38
5782;51
5783;43
5784;41
5785;55
5786;48
5787;48
5788;49
5789;45
5790;52
5791;40
5792;47
5793;49
5794;50
5795;49
5796;56
5797;41
5798;51
5799;44
5800;38
5801;32
5802;42
5803;35
5804;43
5805;43
5806;35
5807;37
5808;32
5809;37
5810;32
5811;42
5812;32
5813;44
5814;30
5815;40
5816;33
5817;40
5818;36
5819;42
5820;33
5821;40
5822;38
5823;32
5824;51
5825;37
5826;43
5827;29
5828;43
5829;40
5830;52
5831;46
5832;45
5833;34
5834;42
5835;36
5836;35
5837;40
5838;45
5839;34
5840;42
5841;37
5842;37
5843;40
5844;33
5845;40
5846;39
5847;31
5848;32
5849;33
5850;31
5851;30
5852;35
5853;26
5854;40
5855;40
5856;31
5857;27
5858;38
5859;30
5860;37
5861;31
5862;32
5863;25
5864;24
5865;33
5866;43
5867;27
5868;23
5869;36
5870;45
5871;30
5872;42
5873;14
5874;36
5875;28
5876;36
5877;27
5878;27
5879;27
5880;24
5881;33
5882;31
5883;34
5884;24
5885;38
5886;34
5887;28
5888;26
5889;26
5890;18
5891;30
5892;27
5893;30
5894;26
5895;26
5896;29
5897;34
5898;29
5899;34
5900;32
5901;28
5902;35
5903;19
5904;19
5905;29
5906;17
5907;24
5908;34
5909;27
5910;22
5911;42
5912;27
5913;25
5914;32
5915;26
5916;22
5917;33
5918;23
5919;26
5920;22
5921;27
5922;21
5923;22
5924;29
5925;28
5926;22
5927;25
5928;22
5929;12
5930;26
5931;21
5932;22
5933;28
5934;27
5935;22
5936;20
5937;15
5938;22
5939;19
5940;30
5941;18
5942;13
5943;25
5944;10
5945;15
5946;18
5947;17
5948;14
5949;25
5950;21
5951;18
5952;19
5953;15
5954;16
5955;22
5956;11
5957;22
5958;23
5959;16
5960;20
5961;21
5962;19
5963;17
5964;21
5965;19
5966;16
5967;23
5968;24
5969;21
5970;21
5971;19
5972;15
5973;10
5974;14
5975;14
5976;16
5977;15
5978;13
5979;20
5980;10
5981;16
5982;12
5983;16
5984;13
5985;14
5986;18
5987;19
5988;12
5989;17
5990;14
5991;16
5992;15
5993;22
5994;11
5995;10
5996;20
5997;13
5998;8
5999;12
6000;19
6001;17
6002;13
6003;10
6004;12
6005;12
6006;14
6007;14
6008;15
6009;19
6010;13
6011;13
6012;13
6013;14
6014;9
6015;16
6016;13
6017;19
6018;8
6019;20
6020;12
6021;15
6022;8
6023;18
6024;6
6025;16
6026;12
6027;15
6028;18
6029;15
6030;14
6031;11
6032;13
6033;12
6034;14
6035;10
6036;11
6037;13
6038;15
6039;12
6040;7
6041;9
6042;16
6043;6
6044;10
6045;8
6046;11
6047;11
6048;7
6049;10
6050;6
6051;9
6052;8
6053;9
6054;7
6055;14
6056;10
6057;8
6058;11
6059;13
6060;6
6061;10
6062;12
6063;16
6064;11
6065;6
6066;14
6067;9
6068;13
6069;4
6070;11
6071;8
6072;14
6073;14
6074;9
6075;7
6076;12
6077;11
6078;4
6079;12
6080;5
6081;9
6082;11
6083;16
6084;12
6085;11
6086;10
6087;12
6088;5
6089;11
6090;12
6091;7
6092;11
6093;8
6094;10
6095;10
6096;14
6097;8
6098;9
6099;6
6100;8
6101;4
6102;8
6103;7
6104;3
6105;6
6106;6
6107;10
6108;5
6109;11
6110;8
6111;10
6112;9
6113;10
6114;9
6115;10
6116;11
6117;5
6118;9
6119;4
6120;4
6121;3
6122;7
6123;8
6124;6
6125;7
6126;9
6127;5
6128;5
6129;5
6130;6
6131;10
6132;5
6133;6
6134;11
6135;13
6136;10
6137;8
6138;6
6139;11
6140;7
6141;11
6142;8
6143;8
6144;8
6145;4
6146;11
6147;7
6148;15
6149;11
6150;12
6151;8
6152;4
6153;6
6154;8
6155;8
6156;8
6157;13
6158;9
6159;10
6160;6
6161;6
6162;12
6163;6
6164;10
6165;6
6166;8
6167;10
6168;10
6169;7
6170;10
6171;8
6172;8
6173;8
6174;12
6175;4
6176;10
6177;12
6178;5
6179;9
6180;7
6181;9
6182;6
6183;4
6184;6
6185;7
6186;6
6187;6
6188;12
6189;6
6190;4
6191;7
6192;11
6193;10
6194;6
6195;8
6196;11
6197;3
6198;6
6199;11
6200;9
6201;8
6202;8
6203;9
6204;4
6205;5
6206;9
6207;4
6208;5
6209;6
6210;4
6211;10
6212;9
6213;5
6214;11
6215;7
6216;2
6217;8
6218;7
6219;6
6220;12
6221;6
6222;5
6223;8
6224;5
6225;8
6226;7
6227;4
6228;2
6229;7
6230;12
6231;7
6232;9
6233;7
6234;7
6235;6
6236;1
6237;11
6238;9
6239;8
6240;5
6241;10
6242;8
6243;7
6244;8
6245;6
6246;9
6247;6
6248;7
6249;8
6250;8
6251;10
6252;3
6253;10
6254;4
6255;5
6256;9
6257;6
6258;4
6259;12
6260;4
6261;8
6262;7
6263;7
6264;5
6265;9
6266;9
6267;5
6268;8
6269;4
6270;7
6271;11
6272;2
6273;4
6274;11
6275;5
6276;1
6277;7
6278;17
6279;2
6280;8
6281;9
6282;2
6283;9
6284;8
6285;4
6286;9
6287;9
6288;4
6289;7
6290;4
6291;6
6292;8
6293;6
6294;13
6295;3
6296;6
6297;6
6298;7
6299;4
6300;4
6301;4
6302;5
6303;7
6304;5
6305;7
6306;6
6307;4
6308;10
6309;5
6310;9
6311;8
6312;14
6313;5
6314;6
6315;9
6316;5
6317;8
6318;6
6319;10
6320;4
6321;3
6322;7
6323;5
6324;10
6325;10
6326;4
6327;10
6328;6
6329;2
6330;6
6331;7
6332;4
6333;6
6334;9
6335;8
6336;7
6337;6
6338;1
6339;9
6340;7
6341;3
6342;7
6343;4
6344;9
6345;7
6346;7
6347;6
6348;11
6349;1
6350;4
6351;6
6352;6
6353;9
6354;7
6355;4
6356;6
6357;8
6358;7
6359;9
6360;3
6361;8
6362;3
6363;3
6364;7
6365;8
6366;5
6367;5
6368;5
6369;4
6370;4
6371;5
6372;11
6373;6
6374;6
6375;5
6376;4
6377;5
6378;5
6379;6
6380;11
6381;8
6382;8
6383;3
6384;3
6385;3
6386;2
6387;4
6388;6
6389;6
6390;11
6391;8
6392;3
6393;9
6394;3
6395;0
6396;5
6397;9
6398;9
6399;5
6400;6
6401;5
6402;11
6403;3
6404;6
6405;9
6406;1
6407;8
6408;3
6409;5
6410;7
6411;4
6412;5
6413;3
6414;9
6415;10
6416;4
6417;3
6418;7
6419;5
6420;5
6421;2
6422;4
6423;5
6424;5
6425;7
6426;4
6427;3
6428;4
6429;2
6430;5
6431;4
6432;5
6433;4
6434;7
6435;6
6436;7
6437;5
6438;4
6439;8
6440;9
6441;1
6442;7
6443;5
6444;10
6445;6
6446;5
6447;5
6448;4
6449;8
6450;6
6451;8
6452;8
6453;5
6454;8
6455;2
6456;2
6457;3
6458;2
6459;8
6460;7
6461;5
6462;3
6463;7
6464;5
6465;3
6466;2
6467;8
6468;5
6469;10
6470;3
6471;10
6472;6
6473;6
6474;7
6475;3
6476;6
6477;2
6478;3
6479;4
6480;10
6481;6
6482;3
6483;7
6484;7
6485;8
6486;2
6487;6
6488;6
6489;9
6490;5
6491;6
6492;7
6493;3
6494;3
6495;4
6496;8
6497;2
6498;6
6499;3
6500;9
6501;2
6502;3
6503;7
6504;5
6505;6
6506;5
6507;8
6508;3
6509;6
6510;2
6511;6
6512;3
6513;3
6514;5
6515;8
6516;9
6517;5
6518;6
6519;2
6520;4
6521;5
6522;9
6523;2
6524;4
6525;6
6526;3
6527;2
6528;6
6529;6
6530;4
6531;7
6532;4
6533;4
6534;4
6535;5
6536;8
6537;3
6538;7
6539;7
6540;7
6541;7
6542;4
6543;6
6544;7
6545;6
6546;8
6547;4
6548;3
6549;7
6550;3
6551;5
6552;5
6553;5
6554;6
6555;2
6556;2
6557;2
6558;6
6559;3
6560;0
6561;8
6562;5
6563;4
6564;4
6565;5
6566;3
6567;4
6568;5
6569;4
6570;6
6571;8
6572;6
6573;5
6574;6
6575;4
6576;3
6577;9
6578;5
6579;3
6580;7
6581;5
6582;1
6583;5
6584;3
6585;2
6586;4
6587;3
6588;5
6589;1
6590;3
6591;5
6592;4
6593;6
6594;6
6595;2
6596;4
6597;7
6598;2
6599;4
6600;3
6601;6
6602;6
6603;4
6604;2
6605;3
6606;8
6607;5
6608;3
6609;4
6610;5
6611;4
6612;6
6613;6
6614;4
6615;4
6616;10
6617;4
6618;3
6619;7
6620;5
6621;3
6622;3
6623;4
6624;8
6625;1
6626;5
6627;5
6628;8
6629;4
6630;5
6631;3
6632;6
6633;5
6634;6
6635;9
6636;5
6637;7
6638;4
6639;12
6640;6
6641;4
6642;3
6643;5
6644;3
6645;4
6646;1
6647;8
6648;6
6649;6
6650;7
6651;6
6652;6
6653;8
6654;2
6655;9
6656;4
6657;4
6658;2
6659;8
6660;6
6661;0
6662;6
6663;6
6664;6
6665;4
6666;2
6667;5
6668;7
6669;8
6670;4
6671;4
6672;10
6673;6
6674;3
6675;6
6676;5
6677;3
6678;7
6679;2
6680;8
6681;3
6682;5
6683;8
6684;6
6685;4
6686;6
6687;6
6688;7
6689;9
6690;5
6691;6
6692;8
6693;3
6694;4
6695;8
6696;4
6697;2
6698;3
6699;1
6700;6
6701;1
6702;4
6703;3
6704;6
6705;5
6706;6
6707;6
6708;4
6709;7
6710;4
6711;7
6712;2
6713;6
6714;6
6715;5
6716;8
6717;4
6718;7
6719;7
6720;5
6721;3
6722;5
6723;5
6724;3
6725;6
6726;6
6727;8
6728;5
6729;7
6730;1
6731;9
6732;4
6733;5
6734;1
6735;4
6736;1
6737;4
6738;6
6739;6
6740;6
6741;8
6742;4
6743;5
6744;8
6745;1
6746;1
6747;6
6748;3
6749;4
6750;3
6751;5
6752;6
6753;3
6754;5
6755;7
6756;3
6757;5
6758;9
6759;7
6760;6
6761;6
6762;2
6763;6
6764;7
6765;10
6766;6
6767;8
6768;6
6769;3
6770;1
6771;1
6772;4
6773;5
6774;6
6775;7
6776;8
6777;4
6778;5
6779;6
6780;5
6781;7
6782;7
6783;4
6784;9
6785;11
6786;5
6787;7
6788;3
6789;3
6790;3
6791;5
6792;5
6793;7
6794;3
6795;7
6796;1
6797;8
6798;2
6799;2
6800;2
6801;5
6802;4
6803;4
6804;7
6805;3
6806;8
6807;12
6808;6
6809;2
6810;2
6811;4
6812;1
6813;6
6814;6
6815;9
6816;4
6817;5
6818;3
6819;3
6820;4
6821;6
6822;5
6823;5
6824;7
6825;5
6826;3
6827;8
6828;5
6829;2
6830;4
6831;4
6832;3
6833;2
6834;5
6835;3
6836;3
6837;0
6838;4
6839;3
6840;3
6841;4
6842;8
6843;5
6844;7
6845;4
6846;6
6847;4
6848;3
6849;3
6850;3
6851;8
6852;8
6853;10
6854;5
6855;5
6856;3
6857;8
6858;7
6859;12
6860;5
6861;6
6862;5
6863;4
6864;2
6865;9
6866;7
6867;4
6868;10
6869;4
6870;7
6871;6
6872;4
6873;3
6874;7
6875;9
6876;9
6877;7
6878;11
6879;7
6880;5
6881;7
6882;10
6883;7
6884;6
6885;6
6886;4
6887;12
6888;7
6889;5
6890;7
6891;6
6892;4
6893;5
6894;7
6895;3
6896;6
6897;8
6898;5
6899;4
6900;6
6901;4
6902;4
6903;3
6904;8
6905;6
6906;8
6907;4
6908;7
6909;9
6910;12
6911;5
6912;4
6913;7
6914;3
6915;11
6916;6
6917;7
6918;10
6919;6
6920;5
6921;6
6922;9
6923;5
6924;8
6925;9
6926;8
6927;3
6928;11
6929;11
6930;8
6931;8
6932;7
6933;8
6934;12
6935;9
6936;6
6937;10
6938;5
6939;11
6940;12
6941;6
6942;11
6943;6
6944;8
6945;12
6946;8
6947;7
6948;14
6949;10
6950;9
6951;11
6952;8
6953;12
6954;10
6955;8
6956;1
6957;7
6958;17
6959;12
6960;7
6961;7
6962;8
6963;11
6964;9
6965;10
6966;14
6967;3
6968;9
6969;9
6970;12
6971;4
6972;11
6973;13
6974;5
6975;13
6976;8
6977;17
6978;15
6979;7
6980;14
6981;8
6982;14
6983;13
6984;4
6985;8
6986;13
6987;13
6988;14
6989;10
6990;15
6991;11
6992;9
6993;11
6994;10
6995;10
6996;11
6997;16
6998;11
6999;14
7000;12
7001;10
7002;15
7003;13
7004;17
7005;12
7006;16
7007;12
7008;13
7009;10
7010;15
7011;13
7012;14
7013;10
7014;9
7015;10
7016;14
7017;16
7018;15
7019;19
7020;22
7021;26
7022;9
7023;3
7024;10
7025;8
7026;9
7027;15
7028;18
7029;22
7030;18
7031;21
7032;16
7033;16
7034;16
7035;16
7036;17
7037;19
7038;18
7039;15
7040;11
7041;19
7042;20
7043;12
7044;17
7045;15
7046;19
7047;20
7048;16
7049;16
7050;12
7051;11
7052;16
7053;7
7054;19
7055;14
7056;13
7057;13
7058;13
7059;16
7060;19
7061;12
7062;16
7063;22
7064;19
7065;17
7066;25
7067;19
7068;20
7069;10
7070;14
7071;21
7072;16
7073;18
7074;10
7075;11
7076;19
7077;27
7078;17
7079;13
7080;14
7081;17
7082;16
7083;18
7084;21
7085;10
7086;23
7087;22
7088;22
7089;21
7090;22
7091;18
7092;18
7093;20
7094;20
7095;17
7096;27
7097;22
7098;16
7099;17
7100;22
7101;26
7102;24
7103;15
7104;21
7105;28
7106;19
7107;23
7108;24
7109;23
7110;22
7111;21
7112;17
7113;20
7114;12
7115;24
7116;25
7117;11
7118;20
7119;18
7120;20
7121;18
7122;24
7123;25
7124;20
7125;17
7126;25
7127;15
7128;25
7129;21
7130;23
7131;28
7132;22
7133;20
7134;24
7135;25
7136;21
7137;26
7138;20
7139;32
7140;23
7141;24
7142;22
7143;23
7144;25
7145;29
7146;26
7147;23
7148;29
7149;22
7150;20
7151;27
7152;31
7153;19
7154;20
7155;23
7156;30
7157;26
7158;21
7159;23
7160;24
7161;29
7162;15
7163;27
7164;26
7165;24
7166;28
7167;27
7168;29
7169;27
7170;32
7171;33
7172;26
7173;24
7174;32
7175;21
7176;22
7177;29
7178;31
7179;22
7180;28
7181;36
7182;30
7183;30
7184;23
7185;35
7186;31
7187;25
7188;39
7189;30
7190;23
7191;25
7192;23
7193;31
7194;32
7195;27
7196;30
7197;22
7198;16
7199;26
7200;23
7201;29
7202;26
7203;27
7204;28
7205;28
7206;34
7207;25
7208;26
7209;21
7210;30
7211;23
7212;25
7213;39
7214;19
7215;30
7216;36
7217;33
7218;30
7219;25
7220;36
7221;26
7222;26
7223;37
7224;26
7225;36
7226;26
7227;26
7228;40
7229;37
7230;30
7231;38
7232;28
7233;34
7234;31
7235;35
7236;40
7237;22
7238;38
7239;26
7240;34
7241;30
7242;28
7243;30
7244;31
7245;34
7246;38
7247;31
7248;32
7249;25
7250;34
7251;29
7252;23
7253;29
7254;34
7255;22
7256;29
7257;18
7258;28
7259;33
7260;33
7261;32
7262;29
7263;36
7264;20
7265;20
7266;31
7267;31
7268;33
7269;22
7270;30
7271;34
7272;22
7273;19
7274;36
7275;32
7276;26
7277;32
7278;33
7279;29
7280;23
7281;34
7282;35
7283;31
7284;31
7285;34
7286;22
7287;28
7288;27
7289;24
7290;24
7291;27
7292;15
7293;14
7294;20
7295;30
7296;32
7297;35
7298;22
7299;22
7300;23
7301;36
7302;27
7303;19
7304;29
7305;32
7306;25
7307;27
7308;21
7309;17
7310;29
7311;28
7312;29
7313;31
7314;29
7315;26
7316;24
7317;31
7318;22
7319;27
7320;34
7321;31
7322;18
7323;23
7324;28
7325;26
7326;21
7327;29
7328;21
7329;27
7330;24
7331;27
7332;25
7333;31
7334;24
7335;22
7336;23
7337;25
7338;26
7339;30
7340;31
7341;25
7342;20
7343;24
7344;27
7345;24
7346;19
7347;18
7348;26
7349;25
7350;29
7351;24
7352;29
7353;27
7354;30
7355;20
7356;25
7357;20
7358;26
7359;21
7360;27
7361;18
7362;24
7363;27
7364;20
7365;27
7366;22
7367;25
7368;27
7369;23
7370;22
7371;20
7372;31
7373;18
7374;24
7375;23
7376;17
7377;25
7378;18
7379;16
7380;25
7381;20
7382;24
7383;20
7384;24
7385;17
7386;19
7387;19
7388;20
7389;20
7390;22
7391;26
7392;18
7393;17
7394;11
7395;12
7396;25
7397;20
7398;23
7399;11
7400;17
7401;19
7402;17
7403;14
7404;19
7405;15
7406;27
7407;27
7408;14
7409;22
7410;25
7411;17
7412;19
7413;16
7414;20
7415;21
7416;15
7417;14
7418;14
7419;22
7420;14
7421;10
7422;18
7423;16
7424;15
7425;16
7426;22
7427;14
7428;16
7429;14
7430;15
7431;20
7432;15
7433;18
7434;14
7435;16
7436;12
7437;14
7438;16
7439;14
7440;12
7441;14
7442;10
7443;9
7444;17
7445;22
7446;4
7447;19
7448;14
7449;10
7450;10
7451;6
7452;12
7453;11
7454;10
7455;12
7456;14
7457;18
7458;16
7459;19
7460;10
7461;10
7462;10
7463;16
7464;11
7465;16
7466;13
7467;12
7468;7
7469;12
7470;20
7471;15
7472;10
7473;10
7474;21
7475;10
7476;11
7477;9
7478;9
7479;14
7480;10
7481;17
7482;9
7483;9
7484;9
7485;11
7486;7
7487;9
7488;14
7489;5
7490;10
7491;13
7492;12
7493;9
7494;7
7495;11
7496;14
7497;10
7498;14
7499;6
7500;11
7501;16
7502;11
7503;12
7504;10
7505;14
7506;11
7507;4
7508;12
7509;8
7510;7
7511;9
7512;6
7513;3
7514;7
7515;14
7516;11
7517;7
7518;5
7519;10
7520;7
7521;10
7522;6
7523;5
7524;4
7525;9
7526;8
7527;7
7528;7
7529;11
7530;5
7531;5
7532;4
7533;3
7534;13
7535;5
7536;7
7537;6
7538;7
7539;6
7540;6
7541;5
7542;7
7543;7
7544;0
7545;7
7546;5
7547;9
7548;6
7549;7
7550;7
7551;7
7552;8
7553;10
7554;4
7555;6
7556;8
7557;5
7558;5
7559;5
7560;6
7561;5
7562;0
7563;4
7564;3
7565;6
7566;6
7567;2
7568;7
7569;4
7570;3
7571;5
7572;8
7573;4
7574;4
7575;7
7576;9
7577;5
7578;3
7579;4
7580;3
7581;4
7582;6
7583;3
7584;2
7585;4
7586;6
7587;5
7588;5
7589;2
7590;2
7591;11
7592;5
7593;3
7594;4
7595;8
7596;2
7597;7
7598;3
7599;1
7600;6
7601;7
7602;3
7603;4
7604;3
7605;2
7606;4
7607;3
7608;2
7609;3
7610;2
7611;2
7612;3
7613;2
7614;1
7615;2
7616;1
7617;2
7618;4
7619;2
7620;1
7621;2
7622;3
7623;3
7624;2
7625;2
7626;3
7627;1
7628;6
7629;5
7630;1
7631;3
7632;3
7633;4
7634;7
7635;2
7636;1
7637;4
7638;3
7639;0
7640;3
7641;4
7642;3
7643;3
7644;5
7645;3
7646;0
7647;2
7648;4
7649;0
7650;3
7651;3
7652;4
7653;5
7654;1
7655;3
7656;3
7657;1
7658;1
7659;0
7660;0
7661;3
7662;0
7663;3
7664;1
7665;2
7666;3
7667;2
7668;4
7669;4
7670;1
7671;1
7672;3
7673;1
7674;2
7675;1
7676;0
7677;1
7678;2
7679;0
7680;2
7681;1
7682;2
7683;4
7684;2
7685;1
7686;3
7687;4
7688;3
7689;5
7690;1
7691;0
7692;0
7693;0
7694;0
7695;0
7696;4
7697;1
7698;1
7699;3
7700;1
7701;0
7702;5
7703;1
7704;1
7705;0
7706;4
7707;2
7708;2
7709;2
7710;1
7711;3
7712;0
7713;1
7714;2
7715;3
7716;3
7717;1
7718;1
7719;0
7720;4
7721;1
7722;4
7723;4
7724;2
7725;5
7726;2
7727;0
7728;2
7729;3
7730;0
7731;1
7732;0
7733;1
7734;1
7735;2
7736;0
7737;1
7738;1
7739;3
7740;3
7741;2
7742;3
7743;1
7744;2
7745;2
7746;0
7747;4
7748;1
7749;0
7750;1
7751;0
7752;0
7753;2
7754;0
7755;3
7756;1
7757;1
7758;2
7759;0
7760;1
7761;0
7762;0
7763;1
7764;0
7765;0
7766;1
7767;1
7768;0
7769;0
7770;0
7771;3
7772;2
7773;4
7774;4
7775;0
7776;2
7777;0
7778;2
7779;0
7780;1
7781;0
7782;1
7783;1
7784;1
7785;0
7786;2
7787;2
7788;3
7789;0
7790;2
7791;0
7792;2
7793;0
7794;0
7795;3
7796;2
7797;2
7798;1
7799;0
7800;2
7801;1
7802;0
7803;2
7804;2
7805;1
7806;0
7807;0
7808;1
7809;0
7810;0
7811;1
7812;2
7813;1
7814;2
7815;2
7816;1
7817;1
7818;0
7819;1
7820;1
7821;2
7822;0
7823;1
7824;0
7825;2
7826;0
7827;1
7828;0
7829;2
7830;2
7831;2
7832;0
7833;1
7834;1
7835;2
7836;0
7837;0
7838;1
7839;1
7840;1
7841;0
7842;0
7843;3
7844;2
7845;2
7846;2
7847;3
7848;2
7849;1
7850;0
7851;0
7852;0
7853;0
7854;1
7855;1
7856;0
7857;0
7858;0
7859;1
7860;2
7861;0
7862;1
7863;1
7864;0
7865;0
7866;1
7867;0
7868;3
7869;1
7870;0
7871;2
7872;2
7873;0
7874;2
7875;0
7876;1
7877;1
7878;2
7879;0
7880;0
7881;0
7882;1
7883;0
7884;0
7885;2
7886;1
7887;0
7888;1
7889;0
7890;1
7891;0
7892;2
7893;1
7894;0
7895;1
7896;0
7897;1
7898;1
7899;1
7900;1
7901;0
7902;2
7903;0
7904;2
7905;2
7906;1
7907;0
7908;0
7909;2
7910;1
7911;1
7912;1
7913;1
7914;1
7915;1
7916;0
7917;1
7918;0
7919;0
7920;0
7921;0
7922;0
7923;1
7924;2
7925;2
7926;2
7927;0
7928;0
7929;0
7930;0
7931;1
7932;0
7933;1
7934;0
7935;0
7936;0
7937;2
7938;1
7939;0
7940;1
7941;1
7942;0
7943;1
7944;0
7945;1
7946;1
7947;0
7948;0
7949;0
7950;1
7951;0
7952;0
7953;0
7954;0
7955;0
7956;0
7957;0
7958;0
7959;2
7960;3
7961;0
7962;0
7963;0
7964;0
7965;1
7966;3
7967;1
7968;0
7969;1
7970;2
7971;1
7972;1
7973;1
7974;0
7975;0
7976;0
7977;0
7978;0
7979;1
7980;0
7981;1
7982;1
7983;0
7984;1
7985;0
7986;1
7987;0
7988;0
7989;0
7990;0
7991;0
7992;0
7993;1
7994;0
7995;1
7996;0
7997;0
7998;1
7999;1
8000;0
8001;0
8002;0
8003;1
8004;0
8005;0
8006;0
8007;2
8008;0
8009;1
8010;2
8011;1
8012;0
8013;1
8014;2
8015;0
8016;0
8017;2
8018;1
8019;0
8020;0
8021;0
8022;1
8023;1
8024;0
8025;0
8026;1
8027;1
8028;0
8029;0
8030;0
8031;0
8032;0
8033;0
8034;1
8035;1
8036;0
8037;0
8038;0
8039;0
8040;0
8041;2
8042;0
8043;2
8044;2
8045;0
8046;2
8047;0
8048;2
8049;0
8050;1
8051;0
8052;1
8053;0
8054;0
8055;0
8056;0
8057;3
8058;0
8059;0
8060;2
8061;1
8062;0
8063;0
8064;1
8065;1
8066;1
8067;3
8068;0
8069;0
8070;2
8071;3
8072;0
8073;0
8074;0
8075;0
8076;1
8077;0
8078;0
8079;0
8080;0
8081;1
8082;0
8083;0
8084;0
8085;0
8086;1
8087;0
8088;0
8089;0
8090;2
8091;2
8092;0
8093;0
8094;0
8095;0
8096;1
8097;1
8098;0
8099;0
8100;0
8101;1
8102;1
8103;0
8104;0
8105;0
8106;1
8107;1
8108;0
8109;0
8110;1
8111;0
8112;0
8113;0
8114;0
8115;0
8116;0
8117;0
8118;0
8119;0
8120;0
8121;0
8122;0
8123;0
8124;0
8125;0
8126;0
8127;0
8128;0
8129;0
8130;0
8131;0
8132;0
8133;0
8134;0
8135;0
8136;0
8137;0
8138;0
8139;0
8140;0
8141;0
8142;0
8143;0
8144;0
8145;0
8146;0
8147;0
8148;0
8149;0
8150;0
8151;0
8152;0
8153;0
8154;0
8155;0
8156;0
8157;0
8158;0
8159;0
8160;0
8161;0
8162;0
8163;0
8164;0
8165;0
8166;0
8167;0
8168;0
8169;0
8170;0
8171;0
8172;0
8173;0
8174;0
8175;0
8176;0
8177;0
8178;0
8179;0
8180;0
8181;0
8182;0
8183;0
8184;0
8185;0
8186;0
8187;0
8188;0
8189;0
8190;0
8191;0
