0;0
1;0
2;0
3;0
4;0
5;0
6;0
7;0
8;0
9;0
10;0
11;0
12;0
13;0
14;0
15;0
16;0
17;0
18;0
19;0
20;0
21;0
22;0
23;0
24;0
25;0
26;0
27;0
28;0
29;0
30;0
31;0
32;0
33;0
34;0
35;0
36;0
37;0
38;0
39;0
40;0
41;0
42;0
43;0
44;0
45;0
46;0
47;0
48;0
49;0
50;0
51;0
52;0
53;0
54;0
55;0
56;0
57;0
58;0
59;0
60;0
61;0
62;0
63;0
64;0
65;0
66;0
67;0
68;0
69;0
70;0
71;0
72;0
73;0
74;0
75;0
76;0
77;0
78;0
79;0
80;0
81;0
82;0
83;0
84;0
85;0
86;0
87;0
88;0
89;0
90;0
91;0
92;0
93;0
94;0
95;0
96;0
97;0
98;0
99;0
100;0
101;0
102;0
103;0
104;0
105;0
106;0
107;0
108;0
109;0
110;0
111;0
112;0
113;0
114;0
115;0
116;0
117;0
118;0
119;0
120;0
121;0
122;0
123;0
124;0
125;0
126;0
127;0
128;0
129;0
130;0
131;1
132;16
133;287
134;1437
135;3189
136;4239
137;4556
138;4472
139;4456
140;4235
141;4156
142;3893
143;3772
144;3742
145;3587
146;3403
147;3387
148;3125
149;2896
150;2855
151;2765
152;2674
153;2517
154;2390
155;2338
156;2192
157;2087
158;2031
159;1925
160;1937
161;1728
162;1708
163;1618
164;1546
165;1491
166;1437
167;1370
168;1291
169;1156
170;1184
171;1097
172;1016
173;1028
174;941
175;896
176;856
177;817
178;719
179;716
180;693
181;636
182;560
183;567
184;597
185;472
186;525
187;497
188;471
189;477
190;407
191;444
192;388
193;441
194;386
195;379
196;392
197;389
198;423
199;403
200;407
201;419
202;389
203;396
204;398
205;420
206;416
207;420
208;398
209;394
210;391
211;414
212;369
213;390
214;433
215;430
216;413
217;440
218;454
219;454
220;472
221;447
222;425
223;415
224;435
225;439
226;495
227;457
228;437
229;483
230;505
231;469
232;473
233;484
234;460
235;520
236;478
237;564
238;503
239;531
240;541
241;469
242;580
243;529
244;530
245;511
246;502
247;545
248;495
249;572
250;531
251;582
252;586
253;570
254;577
255;552
256;637
257;635
258;574
259;628
260;593
261;618
262;620
263;659
264;634
265;647
266;632
267;676
268;640
269;680
270;679
271;656
272;660
273;694
274;690
275;708
276;785
277;720
278;705
279;697
280;725
281;752
282;764
283;752
284;779
285;781
286;762
287;790
288;756
289;693
290;738
291;696
292;730
293;801
294;811
295;744
296;763
297;749
298;800
299;795
300;762
301;800
302;767
303;862
304;804
305;812
306;885
307;843
308;841
309;802
310;779
311;818
312;874
313;865
314;850
315;838
316;822
317;859
318;861
319;905
320;881
321;892
322;910
323;883
324;885
325;902
326;862
327;926
328;925
329;918
330;902
331;927
332;895
333;993
334;925
335;893
336;934
337;951
338;956
339;937
340;927
341;909
342;924
343;921
344;930
345;939
346;967
347;892
348;947
349;962
350;907
351;879
352;916
353;930
354;944
355;947
356;899
357;871
358;907
359;952
360;925
361;872
362;886
363;963
364;900
365;874
366;897
367;927
368;912
369;875
370;912
371;856
372;911
373;863
374;920
375;870
376;920
377;803
378;933
379;910
380;879
381;902
382;837
383;907
384;882
385;895
386;896
387;918
388;961
389;833
390;878
391;918
392;827
393;909
394;898
395;924
396;874
397;925
398;909
399;881
400;944
401;906
402;924
403;940
404;934
405;974
406;960
407;968
408;924
409;930
410;955
411;962
412;945
413;963
414;978
415;956
416;969
417;940
418;987
419;1016
420;993
421;1021
422;990
423;1027
424;1040
425;1084
426;1099
427;1123
428;1113
429;1164
430;1089
431;1183
432;1124
433;1172
434;1248
435;1204
436;1339
437;1198
438;1365
439;1323
440;1385
441;1459
442;1401
443;1581
444;1628
445;1669
446;1548
447;1725
448;1672
449;1774
450;1843
451;1783
452;1836
453;1868
454;1993
455;1943
456;2051
457;2099
458;2105
459;2174
460;2171
461;2206
462;2267
463;2276
464;2333
465;2348
466;2329
467;2325
468;2366
469;2407
470;2434
471;2407
472;2420
473;2401
474;2389
475;2415
476;2302
477;2424
478;2386
479;2385
480;2355
481;2261
482;2301
483;2246
484;2174
485;2135
486;2055
487;2080
488;2147
489;2050
490;1981
491;1884
492;1832
493;1787
494;1695
495;1732
496;1625
497;1637
498;1602
499;1509
500;1473
501;1472
502;1350
503;1323
504;1296
505;1208
506;1251
507;1200
508;1100
509;1133
510;981
511;1030
512;921
513;942
514;970
515;866
516;862
517;795
518;791
519;787
520;738
521;747
522;673
523;690
524;645
525;654
526;653
527;635
528;650
529;615
530;599
531;545
532;547
533;534
534;609
535;537
536;520
537;540
538;560
539;491
540;537
541;463
542;505
543;517
544;510
545;499
546;487
547;490
548;476
549;496
550;471
551;481
552;525
553;494
554;495
555;492
556;468
557;478
558;463
559;484
560;477
561;497
562;524
563;510
564;460
565;485
566;482
567;491
568;491
569;459
570;472
571;442
572;478
573;461
574;447
575;489
576;483
577;508
578;472
579;473
580;546
581;493
582;504
583;553
584;459
585;517
586;520
587;487
588;515
589;497
590;461
591;463
592;533
593;507
594;504
595;499
596;483
597;481
598;479
599;471
600;525
601;501
602;497
603;503
604;460
605;488
606;507
607;455
608;503
609;477
610;477
611;496
612;462
613;489
614;447
615;435
616;504
617;465
618;458
619;467
620;454
621;486
622;509
623;468
624;497
625;468
626;491
627;482
628;451
629;475
630;454
631;463
632;489
633;470
634;446
635;462
636;475
637;482
638;482
639;475
640;461
641;496
642;441
643;467
644;435
645;420
646;469
647;457
648;489
649;440
650;417
651;444
652;478
653;431
654;426
655;466
656;430
657;449
658;412
659;459
660;435
661;449
662;459
663;452
664;455
665;447
666;456
667;437
668;417
669;475
670;428
671;406
672;422
673;449
674;425
675;373
676;385
677;458
678;436
679;408
680;449
681;418
682;430
683;400
684;465
685;462
686;407
687;423
688;414
689;436
690;425
691;418
692;426
693;455
694;421
695;434
696;467
697;418
698;413
699;422
700;417
701;423
702;424
703;398
704;391
705;400
706;438
707;393
708;401
709;449
710;390
711;432
712;397
713;428
714;406
715;406
716;403
717;437
718;401
719;470
720;401
721;388
722;430
723;452
724;440
725;396
726;386
727;397
728;450
729;433
730;388
731;385
732;418
733;404
734;434
735;400
736;416
737;380
738;402
739;397
740;369
741;427
742;430
743;393
744;422
745;416
746;417
747;380
748;434
749;401
750;423
751;421
752;425
753;396
754;415
755;408
756;388
757;378
758;423
759;382
760;402
761;413
762;371
763;374
764;411
765;379
766;428
767;411
768;422
769;344
770;386
771;390
772;417
773;406
774;388
775;393
776;403
777;400
778;391
779;390
780;392
781;405
782;391
783;368
784;428
785;417
786;364
787;380
788;444
789;408
790;374
791;385
792;400
793;404
794;388
795;384
796;380
797;402
798;403
799;419
800;385
801;364
802;384
803;390
804;378
805;423
806;394
807;413
808;369
809;392
810;384
811;446
812;403
813;432
814;396
815;404
816;384
817;405
818;390
819;355
820;415
821;394
822;359
823;376
824;407
825;392
826;401
827;359
828;413
829;396
830;385
831;377
832;386
833;400
834;408
835;392
836;389
837;389
838;385
839;353
840;368
841;361
842;383
843;370
844;349
845;347
846;390
847;382
848;372
849;352
850;347
851;396
852;355
853;396
854;348
855;367
856;336
857;375
858;355
859;384
860;353
861;358
862;343
863;359
864;394
865;364
866;364
867;382
868;366
869;376
870;383
871;346
872;327
873;339
874;386
875;406
876;382
877;380
878;363
879;385
880;380
881;387
882;381
883;378
884;361
885;370
886;370
887;372
888;401
889;378
890;373
891;369
892;388
893;354
894;394
895;416
896;404
897;407
898;400
899;414
900;414
901;452
902;424
903;413
904;416
905;435
906;404
907;414
908;474
909;392
910;442
911;401
912;455
913;429
914;445
915;451
916;451
917;475
918;460
919;480
920;471
921;494
922;478
923;471
924;481
925;492
926;476
927;453
928;487
929;473
930;486
931;514
932;508
933;506
934;491
935;527
936;568
937;544
938;547
939;540
940;514
941;493
942;543
943;539
944;533
945;532
946;552
947;595
948;547
949;596
950;561
951;531
952;526
953;590
954;517
955;516
956;546
957;612
958;564
959;586
960;566
961;522
962;586
963;579
964;593
965;600
966;585
967;526
968;539
969;555
970;556
971;537
972;559
973;526
974;574
975;529
976;548
977;520
978;510
979;532
980;538
981;496
982;494
983;520
984;501
985;513
986;521
987;479
988;445
989;510
990;460
991;473
992;477
993;459
994;413
995;439
996;395
997;431
998;459
999;425
1000;429
1001;416
1002;432
1003;410
1004;372
1005;401
1006;403
1007;415
1008;371
1009;369
1010;401
1011;388
1012;345
1013;380
1014;377
1015;338
1016;341
1017;340
1018;325
1019;320
1020;329
1021;328
1022;325
1023;315
1024;300
1025;307
1026;319
1027;309
1028;277
1029;298
1030;297
1031;276
1032;286
1033;275
1034;270
1035;272
1036;237
1037;265
1038;261
1039;265
1040;271
1041;258
1042;241
1043;250
1044;266
1045;231
1046;229
1047;230
1048;235
1049;236
1050;252
1051;248
1052;213
1053;235
1054;220
1055;221
1056;235
1057;229
1058;233
1059;218
1060;198
1061;201
1062;208
1063;235
1064;218
1065;276
1066;188
1067;204
1068;194
1069;231
1070;191
1071;225
1072;219
1073;191
1074;190
1075;182
1076;204
1077;218
1078;197
1079;203
1080;217
1081;236
1082;211
1083;187
1084;203
1085;208
1086;206
1087;206
1088;187
1089;225
1090;177
1091;200
1092;174
1093;207
1094;184
1095;204
1096;225
1097;208
1098;192
1099;195
1100;183
1101;212
1102;163
1103;198
1104;217
1105;188
1106;179
1107;189
1108;194
1109;195
1110;182
1111;194
1112;188
1113;204
1114;196
1115;201
1116;196
1117;190
1118;182
1119;182
1120;212
1121;199
1122;188
1123;187
1124;185
1125;179
1126;186
1127;180
1128;174
1129;202
1130;181
1131;205
1132;182
1133;185
1134;178
1135;218
1136;183
1137;191
1138;177
1139;179
1140;189
1141;205
1142;162
1143;178
1144;178
1145;203
1146;193
1147;169
1148;204
1149;172
1150;199
1151;162
1152;199
1153;186
1154;183
1155;202
1156;184
1157;197
1158;197
1159;199
1160;181
1161;178
1162;188
1163;184
1164;185
1165;192
1166;176
1167;175
1168;188
1169;190
1170;197
1171;206
1172;188
1173;181
1174;157
1175;198
1176;187
1177;186
1178;178
1179;201
1180;175
1181;181
1182;177
1183;164
1184;169
1185;191
1186;167
1187;152
1188;174
1189;185
1190;173
1191;194
1192;166
1193;182
1194;183
1195;166
1196;190
1197;188
1198;182
1199;189
1200;181
1201;205
1202;175
1203;197
1204;167
1205;197
1206;187
1207;180
1208;187
1209;158
1210;199
1211;225
1212;187
1213;197
1214;203
1215;203
1216;182
1217;200
1218;183
1219;180
1220;184
1221;188
1222;198
1223;194
1224;194
1225;232
1226;203
1227;218
1228;208
1229;205
1230;213
1231;190
1232;191
1233;213
1234;230
1235;228
1236;205
1237;208
1238;228
1239;238
1240;257
1241;221
1242;259
1243;223
1244;245
1245;249
1246;239
1247;249
1248;265
1249;253
1250;239
1251;267
1252;301
1253;266
1254;287
1255;272
1256;296
1257;302
1258;289
1259;273
1260;282
1261;296
1262;311
1263;305
1264;288
1265;307
1266;306
1267;299
1268;324
1269;297
1270;369
1271;322
1272;330
1273;339
1274;332
1275;359
1276;332
1277;332
1278;372
1279;368
1280;370
1281;366
1282;423
1283;404
1284;384
1285;395
1286;401
1287;403
1288;393
1289;475
1290;449
1291;418
1292;403
1293;440
1294;450
1295;435
1296;491
1297;436
1298;453
1299;462
1300;481
1301;466
1302;448
1303;498
1304;554
1305;513
1306;510
1307;537
1308;533
1309;525
1310;514
1311;515
1312;528
1313;529
1314;496
1315;520
1316;567
1317;547
1318;594
1319;552
1320;598
1321;549
1322;579
1323;569
1324;580
1325;563
1326;598
1327;604
1328;579
1329;591
1330;600
1331;613
1332;612
1333;554
1334;574
1335;595
1336;629
1337;590
1338;552
1339;584
1340;595
1341;599
1342;556
1343;610
1344;626
1345;620
1346;633
1347;601
1348;623
1349;622
1350;626
1351;608
1352;620
1353;617
1354;611
1355;625
1356;621
1357;637
1358;589
1359;615
1360;617
1361;595
1362;597
1363;586
1364;601
1365;613
1366;583
1367;549
1368;566
1369;604
1370;574
1371;569
1372;567
1373;553
1374;558
1375;564
1376;512
1377;540
1378;535
1379;562
1380;569
1381;572
1382;531
1383;534
1384;500
1385;489
1386;531
1387;514
1388;501
1389;475
1390;446
1391;469
1392;481
1393;530
1394;476
1395;485
1396;466
1397;465
1398;465
1399;462
1400;475
1401;441
1402;449
1403;411
1404;392
1405;410
1406;423
1407;374
1408;394
1409;407
1410;420
1411;371
1412;346
1413;374
1414;346
1415;362
1416;349
1417;336
1418;348
1419;371
1420;330
1421;318
1422;315
1423;335
1424;322
1425;295
1426;321
1427;297
1428;320
1429;290
1430;294
1431;262
1432;294
1433;265
1434;262
1435;253
1436;250
1437;252
1438;256
1439;241
1440;239
1441;224
1442;208
1443;205
1444;228
1445;212
1446;202
1447;206
1448;215
1449;227
1450;219
1451;169
1452;186
1453;182
1454;184
1455;204
1456;198
1457;193
1458;179
1459;160
1460;187
1461;177
1462;182
1463;141
1464;147
1465;180
1466;181
1467;161
1468;147
1469;156
1470;150
1471;140
1472;174
1473;132
1474;169
1475;144
1476;144
1477;124
1478;125
1479;142
1480;135
1481;150
1482;130
1483;148
1484;127
1485;117
1486;143
1487;130
1488;125
1489;120
1490;127
1491;125
1492;146
1493;110
1494;125
1495;135
1496;132
1497;101
1498;136
1499;124
1500;132
1501;127
1502;110
1503;112
1504;121
1505;119
1506;135
1507;121
1508;135
1509;102
1510;113
1511;111
1512;140
1513;125
1514;122
1515;110
1516;105
1517;115
1518;117
1519;124
1520;107
1521;112
1522;115
1523;105
1524;121
1525;117
1526;109
1527;104
1528;119
1529;102
1530;147
1531;110
1532;108
1533;114
1534;120
1535;113
1536;104
1537;102
1538;112
1539;104
1540;114
1541;117
1542;117
1543;96
1544;108
1545;141
1546;99
1547;93
1548;126
1549;128
1550;125
1551;97
1552;127
1553;106
1554;108
1555;116
1556;112
1557;113
1558;113
1559;118
1560;93
1561;102
1562;127
1563;124
1564;113
1565;115
1566;114
1567;146
1568;107
1569;123
1570;144
1571;120
1572;117
1573;125
1574;128
1575;96
1576;135
1577;111
1578;102
1579;115
1580;128
1581;134
1582;121
1583;125
1584;115
1585;125
1586;126
1587;138
1588;141
1589;124
1590;122
1591;121
1592;105
1593;117
1594;144
1595;137
1596;142
1597;99
1598;131
1599;125
1600;115
1601;117
1602;114
1603;116
1604;136
1605;109
1606;137
1607;138
1608;123
1609;122
1610;128
1611;121
1612;135
1613;114
1614;122
1615;116
1616;136
1617;122
1618;135
1619;132
1620;126
1621;148
1622;131
1623;128
1624;106
1625;131
1626;126
1627;126
1628;139
1629;117
1630;133
1631;143
1632;130
1633;121
1634;132
1635;133
1636;139
1637;142
1638;138
1639;126
1640;126
1641;161
1642;110
1643;141
1644;105
1645;110
1646;140
1647;138
1648;120
1649;109
1650;131
1651;136
1652;126
1653;132
1654;108
1655;119
1656;119
1657;122
1658;105
1659;116
1660;122
1661;118
1662;149
1663;135
1664;123
1665;124
1666;116
1667;112
1668;113
1669;140
1670;129
1671;132
1672;133
1673;136
1674;124
1675;138
1676;129
1677;134
1678;131
1679;139
1680;100
1681;124
1682;121
1683;140
1684;130
1685;108
1686;133
1687;123
1688;124
1689;135
1690;130
1691;143
1692;137
1693;134
1694;126
1695;118
1696;136
1697;133
1698;129
1699;103
1700;120
1701;120
1702;138
1703;127
1704;148
1705;121
1706;121
1707;105
1708;117
1709;134
1710;113
1711;119
1712;117
1713;122
1714;141
1715;134
1716;120
1717;142
1718;114
1719;106
1720;130
1721;119
1722;118
1723;128
1724;112
1725;141
1726;128
1727;119
1728;130
1729;143
1730;122
1731;111
1732;117
1733;117
1734;102
1735;115
1736;116
1737;114
1738;139
1739;124
1740;160
1741;134
1742;119
1743;114
1744;104
1745;132
1746;107
1747;116
1748;127
1749;124
1750;131
1751;126
1752;118
1753;107
1754;122
1755;130
1756;119
1757;129
1758;111
1759;106
1760;119
1761;116
1762;116
1763;118
1764;108
1765;103
1766;124
1767;102
1768;94
1769;104
1770;124
1771;111
1772;112
1773;117
1774;116
1775;121
1776;110
1777;115
1778;120
1779;103
1780;106
1781;106
1782;123
1783;118
1784;99
1785;113
1786;102
1787;108
1788;108
1789;104
1790;111
1791;104
1792;114
1793;98
1794;107
1795;113
1796;88
1797;101
1798;108
1799;103
1800;87
1801;94
1802;96
1803;94
1804;109
1805;93
1806;101
1807;91
1808;100
1809;111
1810;93
1811;97
1812;94
1813;90
1814;94
1815;86
1816;101
1817;88
1818;112
1819;89
1820;107
1821;104
1822;82
1823;106
1824;101
1825;91
1826;81
1827;108
1828;97
1829;102
1830;84
1831;74
1832;100
1833;104
1834;98
1835;95
1836;100
1837;104
1838;98
1839;101
1840;76
1841;89
1842;80
1843;100
1844;85
1845;92
1846;94
1847;96
1848;101
1849;85
1850;97
1851;86
1852;109
1853;73
1854;91
1855;76
1856;100
1857;84
1858;81
1859;87
1860;87
1861;70
1862;82
1863;100
1864;77
1865;80
1866;73
1867;88
1868;88
1869;71
1870;91
1871;94
1872;83
1873;91
1874;94
1875;92
1876;87
1877;88
1878;96
1879;99
1880;92
1881;83
1882;98
1883;74
1884;87
1885;82
1886;78
1887;91
1888;79
1889;75
1890;87
1891;79
1892;88
1893;62
1894;80
1895;76
1896;92
1897;107
1898;77
1899;93
1900;68
1901;85
1902;84
1903;95
1904;68
1905;70
1906;95
1907;59
1908;91
1909;91
1910;86
1911;84
1912;67
1913;70
1914;57
1915;90
1916;76
1917;76
1918;92
1919;103
1920;87
1921;82
1922;87
1923;82
1924;83
1925;89
1926;77
1927;86
1928;69
1929;79
1930;76
1931;87
1932;102
1933;75
1934;87
1935;87
1936;84
1937;82
1938;94
1939;88
1940;75
1941;89
1942;84
1943;73
1944;83
1945;93
1946;91
1947;73
1948;77
1949;69
1950;73
1951;78
1952;83
1953;73
1954;76
1955;94
1956;92
1957;81
1958;85
1959;73
1960;72
1961;78
1962;69
1963;83
1964;89
1965;94
1966;67
1967;77
1968;86
1969;91
1970;76
1971;74
1972;78
1973;75
1974;78
1975;81
1976;81
1977;84
1978;89
1979;105
1980;79
1981;79
1982;88
1983;71
1984;82
1985;84
1986;82
1987;87
1988;81
1989;73
1990;76
1991;80
1992;75
1993;54
1994;96
1995;80
1996;81
1997;78
1998;80
1999;69
2000;93
2001;85
2002;95
2003;78
2004;53
2005;72
2006;82
2007;84
2008;76
2009;79
2010;69
2011;82
2012;86
2013;70
2014;76
2015;80
2016;72
2017;81
2018;64
2019;85
2020;79
2021;78
2022;80
2023;65
2024;85
2025;51
2026;64
2027;85
2028;81
2029;76
2030;80
2031;70
2032;85
2033;73
2034;70
2035;81
2036;76
2037;84
2038;71
2039;74
2040;68
2041;63
2042;80
2043;93
2044;63
2045;81
2046;80
2047;84
2048;80
2049;71
2050;64
2051;63
2052;74
2053;90
2054;84
2055;82
2056;63
2057;58
2058;72
2059;76
2060;72
2061;77
2062;63
2063;74
2064;77
2065;79
2066;64
2067;73
2068;81
2069;79
2070;75
2071;82
2072;71
2073;78
2074;90
2075;75
2076;58
2077;56
2078;73
2079;73
2080;56
2081;72
2082;68
2083;75
2084;61
2085;64
2086;87
2087;60
2088;69
2089;77
2090;84
2091;73
2092;59
2093;66
2094;71
2095;71
2096;68
2097;77
2098;84
2099;70
2100;62
2101;73
2102;74
2103;66
2104;77
2105;68
2106;74
2107;69
2108;73
2109;51
2110;63
2111;63
2112;61
2113;67
2114;72
2115;68
2116;77
2117;83
2118;64
2119;66
2120;62
2121;93
2122;77
2123;75
2124;69
2125;70
2126;90
2127;61
2128;74
2129;69
2130;66
2131;79
2132;65
2133;69
2134;73
2135;69
2136;77
2137;72
2138;81
2139;74
2140;64
2141;86
2142;58
2143;64
2144;80
2145;76
2146;69
2147;62
2148;60
2149;68
2150;82
2151;67
2152;76
2153;54
2154;84
2155;64
2156;75
2157;90
2158;66
2159;61
2160;74
2161;74
2162;66
2163;83
2164;56
2165;59
2166;85
2167;61
2168;73
2169;80
2170;61
2171;74
2172;71
2173;74
2174;66
2175;79
2176;72
2177;75
2178;66
2179;58
2180;72
2181;69
2182;84
2183;90
2184;82
2185;64
2186;74
2187;72
2188;66
2189;88
2190;77
2191;57
2192;68
2193;67
2194;66
2195;72
2196;78
2197;84
2198;64
2199;85
2200;72
2201;78
2202;74
2203;61
2204;71
2205;73
2206;73
2207;70
2208;74
2209;71
2210;73
2211;59
2212;69
2213;65
2214;68
2215;83
2216;66
2217;75
2218;74
2219;66
2220;74
2221;66
2222;63
2223;77
2224;55
2225;83
2226;64
2227;77
2228;69
2229;61
2230;87
2231;77
2232;72
2233;68
2234;77
2235;79
2236;69
2237;65
2238;64
2239;74
2240;62
2241;67
2242;55
2243;66
2244;72
2245;64
2246;74
2247;78
2248;60
2249;87
2250;74
2251;77
2252;65
2253;72
2254;65
2255;59
2256;63
2257;61
2258;67
2259;76
2260;68
2261;46
2262;71
2263;67
2264;64
2265;81
2266;56
2267;70
2268;82
2269;63
2270;72
2271;68
2272;82
2273;72
2274;61
2275;60
2276;57
2277;82
2278;75
2279;69
2280;61
2281;70
2282;72
2283;51
2284;49
2285;58
2286;54
2287;64
2288;66
2289;66
2290;70
2291;63
2292;58
2293;70
2294;68
2295;76
2296;55
2297;59
2298;60
2299;63
2300;68
2301;59
2302;64
2303;66
2304;56
2305;51
2306;57
2307;58
2308;76
2309;54
2310;52
2311;53
2312;63
2313;51
2314;78
2315;77
2316;75
2317;59
2318;57
2319;56
2320;62
2321;68
2322;64
2323;62
2324;61
2325;56
2326;61
2327;60
2328;59
2329;61
2330;54
2331;57
2332;67
2333;59
2334;65
2335;69
2336;58
2337;80
2338;46
2339;51
2340;71
2341;73
2342;61
2343;56
2344;47
2345;58
2346;64
2347;63
2348;49
2349;64
2350;54
2351;68
2352;75
2353;51
2354;67
2355;53
2356;48
2357;47
2358;71
2359;53
2360;61
2361;63
2362;54
2363;69
2364;62
2365;55
2366;58
2367;71
2368;52
2369;43
2370;63
2371;70
2372;54
2373;59
2374;56
2375;63
2376;56
2377;51
2378;43
2379;66
2380;59
2381;47
2382;70
2383;52
2384;56
2385;58
2386;67
2387;48
2388;46
2389;52
2390;69
2391;53
2392;62
2393;58
2394;45
2395;56
2396;53
2397;58
2398;52
2399;45
2400;59
2401;57
2402;64
2403;56
2404;58
2405;49
2406;62
2407;45
2408;47
2409;57
2410;47
2411;57
2412;64
2413;55
2414;52
2415;56
2416;57
2417;61
2418;49
2419;61
2420;64
2421;46
2422;59
2423;50
2424;54
2425;51
2426;45
2427;56
2428;53
2429;43
2430;64
2431;44
2432;56
2433;57
2434;45
2435;56
2436;60
2437;64
2438;53
2439;60
2440;53
2441;61
2442;47
2443;53
2444;39
2445;56
2446;62
2447;42
2448;51
2449;56
2450;43
2451;56
2452;61
2453;61
2454;56
2455;59
2456;59
2457;49
2458;55
2459;42
2460;61
2461;71
2462;55
2463;56
2464;50
2465;53
2466;47
2467;50
2468;54
2469;44
2470;53
2471;63
2472;55
2473;60
2474;46
2475;69
2476;59
2477;61
2478;66
2479;59
2480;64
2481;52
2482;59
2483;54
2484;65
2485;54
2486;51
2487;45
2488;50
2489;60
2490;50
2491;52
2492;54
2493;48
2494;54
2495;44
2496;58
2497;50
2498;59
2499;70
2500;59
2501;58
2502;59
2503;50
2504;56
2505;61
2506;58
2507;56
2508;62
2509;46
2510;48
2511;50
2512;65
2513;56
2514;58
2515;61
2516;53
2517;49
2518;49
2519;49
2520;49
2521;43
2522;46
2523;60
2524;57
2525;50
2526;44
2527;52
2528;48
2529;58
2530;58
2531;65
2532;60
2533;45
2534;56
2535;52
2536;67
2537;59
2538;52
2539;69
2540;66
2541;52
2542;51
2543;58
2544;58
2545;45
2546;53
2547;47
2548;53
2549;47
2550;53
2551;59
2552;50
2553;57
2554;63
2555;65
2556;52
2557;60
2558;49
2559;51
2560;47
2561;51
2562;74
2563;55
2564;65
2565;61
2566;58
2567;72
2568;52
2569;61
2570;55
2571;62
2572;61
2573;59
2574;48
2575;57
2576;67
2577;50
2578;49
2579;56
2580;52
2581;53
2582;56
2583;50
2584;47
2585;44
2586;59
2587;63
2588;69
2589;55
2590;50
2591;65
2592;67
2593;59
2594;76
2595;52
2596;50
2597;53
2598;66
2599;59
2600;60
2601;72
2602;52
2603;54
2604;57
2605;60
2606;52
2607;66
2608;56
2609;52
2610;59
2611;64
2612;41
2613;58
2614;66
2615;62
2616;63
2617;71
2618;56
2619;49
2620;62
2621;66
2622;60
2623;58
2624;54
2625;62
2626;49
2627;47
2628;83
2629;59
2630;76
2631;56
2632;61
2633;53
2634;66
2635;70
2636;54
2637;65
2638;58
2639;56
2640;52
2641;65
2642;60
2643;52
2644;54
2645;57
2646;59
2647;58
2648;49
2649;61
2650;69
2651;62
2652;56
2653;59
2654;62
2655;66
2656;48
2657;61
2658;58
2659;54
2660;45
2661;61
2662;65
2663;58
2664;62
2665;48
2666;55
2667;66
2668;65
2669;68
2670;59
2671;56
2672;60
2673;62
2674;54
2675;63
2676;53
2677;65
2678;52
2679;62
2680;49
2681;58
2682;53
2683;58
2684;59
2685;58
2686;65
2687;70
2688;37
2689;53
2690;72
2691;60
2692;46
2693;53
2694;67
2695;64
2696;61
2697;72
2698;58
2699;70
2700;63
2701;76
2702;59
2703;57
2704;67
2705;49
2706;54
2707;55
2708;64
2709;71
2710;49
2711;49
2712;54
2713;54
2714;77
2715;47
2716;55
2717;72
2718;60
2719;51
2720;55
2721;54
2722;68
2723;48
2724;75
2725;51
2726;62
2727;54
2728;70
2729;62
2730;55
2731;70
2732;57
2733;50
2734;70
2735;45
2736;71
2737;53
2738;63
2739;62
2740;45
2741;67
2742;65
2743;64
2744;52
2745;74
2746;74
2747;62
2748;66
2749;41
2750;66
2751;60
2752;51
2753;63
2754;48
2755;57
2756;60
2757;46
2758;65
2759;51
2760;57
2761;54
2762;73
2763;59
2764;61
2765;40
2766;56
2767;51
2768;49
2769;64
2770;59
2771;47
2772;42
2773;56
2774;56
2775;55
2776;55
2777;62
2778;58
2779;48
2780;45
2781;59
2782;51
2783;54
2784;50
2785;60
2786;50
2787;61
2788;71
2789;49
2790;61
2791;54
2792;76
2793;77
2794;63
2795;56
2796;51
2797;64
2798;50
2799;51
2800;59
2801;54
2802;48
2803;52
2804;45
2805;67
2806;67
2807;56
2808;79
2809;49
2810;52
2811;56
2812;63
2813;66
2814;66
2815;63
2816;49
2817;50
2818;62
2819;62
2820;56
2821;52
2822;49
2823;62
2824;56
2825;39
2826;46
2827;54
2828;70
2829;62
2830;55
2831;56
2832;56
2833;52
2834;57
2835;44
2836;55
2837;55
2838;60
2839;44
2840;47
2841;52
2842;51
2843;58
2844;61
2845;64
2846;46
2847;64
2848;55
2849;65
2850;61
2851;58
2852;58
2853;49
2854;61
2855;60
2856;55
2857;57
2858;67
2859;56
2860;57
2861;43
2862;75
2863;60
2864;55
2865;56
2866;52
2867;58
2868;72
2869;60
2870;47
2871;55
2872;50
2873;60
2874;65
2875;64
2876;66
2877;73
2878;71
2879;51
2880;56
2881;55
2882;80
2883;74
2884;64
2885;60
2886;64
2887;51
2888;68
2889;65
2890;78
2891;67
2892;64
2893;61
2894;72
2895;73
2896;71
2897;65
2898;62
2899;65
2900;61
2901;70
2902;67
2903;54
2904;72
2905;63
2906;65
2907;65
2908;80
2909;56
2910;46
2911;66
2912;74
2913;65
2914;56
2915;72
2916;74
2917;67
2918;66
2919;85
2920;72
2921;79
2922;93
2923;83
2924;55
2925;69
2926;53
2927;81
2928;61
2929;89
2930;65
2931;72
2932;73
2933;66
2934;72
2935;78
2936;75
2937;80
2938;80
2939;76
2940;83
2941;92
2942;69
2943;71
2944;81
2945;73
2946;80
2947;83
2948;73
2949;82
2950;83
2951;83
2952;87
2953;82
2954;100
2955;82
2956;84
2957;76
2958;92
2959;102
2960;94
2961;93
2962;91
2963;81
2964;83
2965;85
2966;88
2967;76
2968;93
2969;103
2970;89
2971;79
2972;84
2973;102
2974;90
2975;91
2976;79
2977;82
2978;92
2979;97
2980;106
2981;88
2982;96
2983;92
2984;120
2985;106
2986;89
2987;114
2988;102
2989;99
2990;99
2991;95
2992;98
2993;87
2994;84
2995;101
2996;101
2997;98
2998;100
2999;92
3000;81
3001;104
3002;97
3003;98
3004;109
3005;109
3006;99
3007;97
3008;86
3009;92
3010;85
3011;91
3012;90
3013;91
3014;87
3015;88
3016;97
3017;121
3018;97
3019;108
3020;95
3021;111
3022;96
3023;92
3024;93
3025;96
3026;101
3027;106
3028;103
3029;101
3030;108
3031;98
3032;115
3033;112
3034;98
3035;94
3036;84
3037;81
3038;83
3039;97
3040;101
3041;99
3042;104
3043;115
3044;86
3045;91
3046;91
3047;99
3048;98
3049;105
3050;93
3051;101
3052;94
3053;90
3054;99
3055;103
3056;96
3057;89
3058;92
3059;96
3060;103
3061;93
3062;117
3063;94
3064;97
3065;107
3066;98
3067;73
3068;70
3069;101
3070;100
3071;105
3072;80
3073;100
3074;97
3075;99
3076;91
3077;91
3078;96
3079;75
3080;102
3081;81
3082;88
3083;77
3084;74
3085;90
3086;78
3087;77
3088;100
3089;88
3090;99
3091;79
3092;76
3093;71
3094;67
3095;76
3096;89
3097;82
3098;70
3099;87
3100;81
3101;84
3102;67
3103;57
3104;82
3105;74
3106;72
3107;77
3108;91
3109;75
3110;80
3111;89
3112;63
3113;73
3114;80
3115;67
3116;78
3117;66
3118;84
3119;73
3120;76
3121;57
3122;67
3123;84
3124;74
3125;68
3126;69
3127;69
3128;75
3129;63
3130;68
3131;65
3132;76
3133;82
3134;67
3135;65
3136;61
3137;48
3138;65
3139;71
3140;78
3141;60
3142;63
3143;74
3144;63
3145;65
3146;71
3147;65
3148;55
3149;72
3150;73
3151;52
3152;77
3153;61
3154;58
3155;57
3156;56
3157;65
3158;51
3159;62
3160;58
3161;58
3162;52
3163;47
3164;53
3165;53
3166;69
3167;69
3168;60
3169;47
3170;59
3171;62
3172;49
3173;51
3174;47
3175;52
3176;60
3177;43
3178;53
3179;55
3180;58
3181;40
3182;55
3183;45
3184;54
3185;59
3186;47
3187;54
3188;44
3189;57
3190;52
3191;44
3192;46
3193;53
3194;40
3195;46
3196;37
3197;46
3198;53
3199;43
3200;56
3201;54
3202;36
3203;42
3204;58
3205;42
3206;45
3207;47
3208;52
3209;43
3210;45
3211;55
3212;42
3213;56
3214;58
3215;45
3216;43
3217;50
3218;41
3219;47
3220;37
3221;46
3222;46
3223;40
3224;42
3225;55
3226;46
3227;39
3228;40
3229;49
3230;35
3231;61
3232;50
3233;60
3234;49
3235;43
3236;37
3237;40
3238;51
3239;45
3240;43
3241;40
3242;56
3243;43
3244;38
3245;46
3246;42
3247;45
3248;48
3249;43
3250;49
3251;43
3252;52
3253;42
3254;55
3255;43
3256;39
3257;46
3258;43
3259;42
3260;44
3261;37
3262;42
3263;56
3264;54
3265;41
3266;55
3267;43
3268;38
3269;37
3270;31
3271;40
3272;30
3273;34
3274;54
3275;51
3276;40
3277;41
3278;47
3279;60
3280;41
3281;70
3282;44
3283;52
3284;46
3285;48
3286;48
3287;53
3288;42
3289;50
3290;50
3291;41
3292;37
3293;30
3294;36
3295;44
3296;48
3297;32
3298;40
3299;45
3300;47
3301;49
3302;42
3303;43
3304;60
3305;50
3306;52
3307;38
3308;43
3309;38
3310;52
3311;52
3312;49
3313;42
3314;43
3315;53
3316;53
3317;33
3318;53
3319;46
3320;55
3321;49
3322;46
3323;36
3324;50
3325;45
3326;45
3327;55
3328;52
3329;51
3330;41
3331;44
3332;33
3333;44
3334;48
3335;34
3336;52
3337;54
3338;49
3339;38
3340;37
3341;33
3342;51
3343;43
3344;48
3345;43
3346;41
3347;50
3348;36
3349;50
3350;38
3351;38
3352;54
3353;57
3354;47
3355;50
3356;55
3357;41
3358;55
3359;50
3360;52
3361;40
3362;52
3363;48
3364;45
3365;56
3366;44
3367;39
3368;44
3369;43
3370;53
3371;38
3372;42
3373;53
3374;46
3375;32
3376;38
3377;36
3378;34
3379;43
3380;47
3381;50
3382;54
3383;39
3384;53
3385;49
3386;52
3387;40
3388;45
3389;35
3390;41
3391;47
3392;38
3393;39
3394;36
3395;51
3396;41
3397;40
3398;48
3399;52
3400;46
3401;47
3402;36
3403;42
3404;32
3405;34
3406;44
3407;46
3408;33
3409;47
3410;39
3411;52
3412;53
3413;33
3414;43
3415;38
3416;35
3417;34
3418;44
3419;40
3420;32
3421;59
3422;43
3423;40
3424;27
3425;51
3426;31
3427;42
3428;40
3429;36
3430;43
3431;43
3432;42
3433;40
3434;38
3435;47
3436;44
3437;45
3438;43
3439;45
3440;39
3441;39
3442;36
3443;36
3444;33
3445;44
3446;40
3447;38
3448;41
3449;40
3450;37
3451;36
3452;40
3453;40
3454;37
3455;35
3456;48
3457;33
3458;39
3459;37
3460;44
3461;30
3462;38
3463;40
3464;44
3465;42
3466;36
3467;45
3468;42
3469;38
3470;43
3471;41
3472;34
3473;38
3474;44
3475;36
3476;32
3477;41
3478;40
3479;34
3480;28
3481;33
3482;30
3483;43
3484;32
3485;33
3486;45
3487;34
3488;36
3489;39
3490;33
3491;44
3492;45
3493;28
3494;32
3495;42
3496;40
3497;56
3498;29
3499;30
3500;34
3501;36
3502;32
3503;41
3504;25
3505;43
3506;46
3507;28
3508;29
3509;36
3510;35
3511;40
3512;43
3513;61
3514;36
3515;41
3516;35
3517;37
3518;35
3519;49
3520;42
3521;33
3522;47
3523;38
3524;37
3525;38
3526;32
3527;51
3528;39
3529;46
3530;27
3531;39
3532;29
3533;27
3534;43
3535;38
3536;27
3537;35
3538;38
3539;40
3540;38
3541;37
3542;51
3543;33
3544;42
3545;36
3546;34
3547;39
3548;43
3549;38
3550;44
3551;29
3552;31
3553;32
3554;32
3555;31
3556;35
3557;32
3558;36
3559;52
3560;33
3561;50
3562;35
3563;43
3564;33
3565;31
3566;38
3567;39
3568;32
3569;36
3570;31
3571;31
3572;40
3573;41
3574;37
3575;48
3576;49
3577;41
3578;42
3579;45
3580;43
3581;37
3582;48
3583;44
3584;34
3585;35
3586;41
3587;51
3588;50
3589;38
3590;36
3591;33
3592;40
3593;38
3594;45
3595;54
3596;33
3597;52
3598;43
3599;50
3600;40
3601;37
3602;35
3603;48
3604;39
3605;59
3606;48
3607;32
3608;48
3609;43
3610;39
3611;32
3612;52
3613;56
3614;42
3615;48
3616;41
3617;49
3618;54
3619;47
3620;40
3621;42
3622;50
3623;47
3624;55
3625;40
3626;51
3627;41
3628;46
3629;52
3630;57
3631;59
3632;50
3633;33
3634;59
3635;58
3636;44
3637;55
3638;47
3639;39
3640;35
3641;46
3642;61
3643;52
3644;50
3645;49
3646;70
3647;63
3648;51
3649;66
3650;57
3651;45
3652;56
3653;47
3654;54
3655;60
3656;55
3657;44
3658;50
3659;64
3660;59
3661;57
3662;60
3663;56
3664;64
3665;60
3666;51
3667;47
3668;50
3669;61
3670;61
3671;66
3672;81
3673;62
3674;71
3675;65
3676;58
3677;69
3678;67
3679;66
3680;71
3681;59
3682;66
3683;59
3684;57
3685;59
3686;80
3687;59
3688;61
3689;51
3690;75
3691;62
3692;67
3693;57
3694;63
3695;69
3696;70
3697;64
3698;60
3699;75
3700;69
3701;49
3702;62
3703;48
3704;66
3705;74
3706;60
3707;65
3708;79
3709;62
3710;75
3711;65
3712;67
3713;71
3714;84
3715;72
3716;71
3717;75
3718;64
3719;63
3720;79
3721;69
3722;69
3723;65
3724;67
3725;73
3726;73
3727;62
3728;80
3729;69
3730;64
3731;79
3732;73
3733;76
3734;61
3735;76
3736;72
3737;59
3738;74
3739;68
3740;58
3741;79
3742;73
3743;80
3744;58
3745;79
3746;76
3747;73
3748;72
3749;68
3750;56
3751;63
3752;75
3753;58
3754;52
3755;53
3756;67
3757;82
3758;76
3759;65
3760;59
3761;62
3762;60
3763;67
3764;68
3765;63
3766;56
3767;83
3768;67
3769;60
3770;53
3771;71
3772;67
3773;71
3774;86
3775;66
3776;51
3777;78
3778;74
3779;57
3780;56
3781;65
3782;67
3783;63
3784;56
3785;51
3786;65
3787;67
3788;57
3789;58
3790;59
3791;62
3792;61
3793;56
3794;62
3795;57
3796;54
3797;70
3798;50
3799;65
3800;54
3801;52
3802;59
3803;62
3804;52
3805;57
3806;50
3807;56
3808;61
3809;48
3810;50
3811;67
3812;53
3813;54
3814;48
3815;56
3816;45
3817;48
3818;51
3819;54
3820;52
3821;51
3822;52
3823;55
3824;54
3825;54
3826;49
3827;47
3828;61
3829;45
3830;55
3831;54
3832;46
3833;53
3834;46
3835;42
3836;33
3837;53
3838;35
3839;43
3840;40
3841;52
3842;53
3843;54
3844;43
3845;49
3846;50
3847;52
3848;45
3849;46
3850;57
3851;54
3852;54
3853;45
3854;37
3855;42
3856;35
3857;38
3858;39
3859;35
3860;34
3861;31
3862;31
3863;41
3864;36
3865;43
3866;37
3867;29
3868;33
3869;42
3870;38
3871;35
3872;21
3873;27
3874;43
3875;28
3876;36
3877;39
3878;41
3879;35
3880;41
3881;31
3882;45
3883;36
3884;39
3885;37
3886;33
3887;32
3888;28
3889;34
3890;34
3891;37
3892;34
3893;21
3894;45
3895;29
3896;43
3897;23
3898;33
3899;34
3900;28
3901;31
3902;23
3903;35
3904;28
3905;40
3906;37
3907;26
3908;18
3909;41
3910;30
3911;41
3912;22
3913;38
3914;30
3915;26
3916;32
3917;24
3918;26
3919;26
3920;31
3921;26
3922;30
3923;21
3924;24
3925;31
3926;29
3927;27
3928;30
3929;21
3930;22
3931;26
3932;29
3933;28
3934;25
3935;28
3936;22
3937;20
3938;21
3939;20
3940;34
3941;20
3942;35
3943;31
3944;29
3945;26
3946;28
3947;22
3948;26
3949;34
3950;19
3951;33
3952;21
3953;25
3954;22
3955;24
3956;33
3957;28
3958;35
3959;32
3960;21
3961;30
3962;25
3963;18
3964;31
3965;24
3966;26
3967;23
3968;28
3969;24
3970;31
3971;25
3972;13
3973;28
3974;35
3975;27
3976;33
3977;21
3978;29
3979;23
3980;19
3981;26
3982;22
3983;24
3984;23
3985;30
3986;26
3987;24
3988;30
3989;28
3990;33
3991;28
3992;31
3993;28
3994;29
3995;30
3996;36
3997;28
3998;37
3999;26
4000;27
4001;20
4002;22
4003;24
4004;31
4005;17
4006;38
4007;30
4008;29
4009;22
4010;35
4011;30
4012;33
4013;27
4014;26
4015;26
4016;30
4017;35
4018;27
4019;39
4020;27
4021;24
4022;22
4023;25
4024;26
4025;32
4026;35
4027;25
4028;35
4029;32
4030;23
4031;36
4032;39
4033;30
4034;22
4035;29
4036;33
4037;32
4038;29
4039;30
4040;30
4041;33
4042;24
4043;31
4044;28
4045;36
4046;29
4047;28
4048;29
4049;30
4050;29
4051;39
4052;37
4053;43
4054;34
4055;41
4056;49
4057;33
4058;33
4059;40
4060;44
4061;29
4062;25
4063;35
4064;38
4065;39
4066;43
4067;40
4068;37
4069;48
4070;27
4071;33
4072;36
4073;36
4074;48
4075;33
4076;35
4077;39
4078;44
4079;34
4080;46
4081;43
4082;55
4083;35
4084;46
4085;29
4086;32
4087;42
4088;60
4089;51
4090;40
4091;38
4092;47
4093;43
4094;44
4095;46
4096;45
4097;43
4098;40
4099;48
4100;37
4101;50
4102;41
4103;40
4104;49
4105;42
4106;51
4107;53
4108;38
4109;41
4110;47
4111;50
4112;44
4113;30
4114;53
4115;47
4116;49
4117;59
4118;56
4119;51
4120;47
4121;46
4122;57
4123;57
4124;54
4125;62
4126;40
4127;49
4128;57
4129;51
4130;57
4131;50
4132;49
4133;37
4134;39
4135;52
4136;52
4137;58
4138;55
4139;50
4140;66
4141;63
4142;57
4143;53
4144;54
4145;55
4146;68
4147;55
4148;63
4149;61
4150;69
4151;60
4152;72
4153;78
4154;58
4155;43
4156;62
4157;57
4158;55
4159;63
4160;78
4161;67
4162;57
4163;51
4164;77
4165;59
4166;57
4167;68
4168;63
4169;58
4170;69
4171;66
4172;67
4173;49
4174;81
4175;69
4176;53
4177;81
4178;71
4179;65
4180;67
4181;62
4182;74
4183;79
4184;79
4185;80
4186;56
4187;70
4188;79
4189;67
4190;81
4191;53
4192;64
4193;66
4194;71
4195;72
4196;74
4197;75
4198;70
4199;75
4200;71
4201;83
4202;78
4203;87
4204;72
4205;73
4206;61
4207;77
4208;74
4209;76
4210;73
4211;76
4212;72
4213;88
4214;72
4215;78
4216;69
4217;74
4218;66
4219;69
4220;77
4221;81
4222;67
4223;71
4224;71
4225;66
4226;73
4227;72
4228;79
4229;61
4230;64
4231;78
4232;89
4233;66
4234;90
4235;65
4236;81
4237;89
4238;73
4239;75
4240;77
4241;75
4242;64
4243;78
4244;75
4245;63
4246;78
4247;71
4248;78
4249;81
4250;77
4251;67
4252;75
4253;84
4254;89
4255;58
4256;66
4257;84
4258;73
4259;66
4260;87
4261;68
4262;64
4263;66
4264;74
4265;73
4266;74
4267;68
4268;84
4269;80
4270;67
4271;79
4272;77
4273;78
4274;88
4275;69
4276;80
4277;95
4278;65
4279;80
4280;75
4281;67
4282;67
4283;64
4284;72
4285;72
4286;77
4287;69
4288;84
4289;74
4290;90
4291;70
4292;74
4293;77
4294;94
4295;71
4296;66
4297;73
4298;78
4299;70
4300;72
4301;80
4302;59
4303;80
4304;71
4305;81
4306;84
4307;65
4308;68
4309;67
4310;71
4311;67
4312;62
4313;61
4314;77
4315;79
4316;60
4317;69
4318;57
4319;54
4320;72
4321;62
4322;76
4323;40
4324;64
4325;61
4326;59
4327;68
4328;69
4329;51
4330;68
4331;62
4332;58
4333;73
4334;61
4335;70
4336;61
4337;64
4338;64
4339;60
4340;53
4341;73
4342;69
4343;49
4344;68
4345;82
4346;59
4347;66
4348;61
4349;47
4350;47
4351;51
4352;47
4353;42
4354;72
4355;45
4356;53
4357;61
4358;53
4359;56
4360;64
4361;47
4362;53
4363;59
4364;54
4365;56
4366;39
4367;56
4368;60
4369;43
4370;56
4371;44
4372;46
4373;58
4374;46
4375;46
4376;53
4377;41
4378;48
4379;47
4380;51
4381;49
4382;57
4383;46
4384;39
4385;45
4386;45
4387;53
4388;48
4389;41
4390;46
4391;40
4392;42
4393;33
4394;36
4395;40
4396;38
4397;37
4398;64
4399;36
4400;34
4401;54
4402;48
4403;36
4404;50
4405;37
4406;35
4407;30
4408;40
4409;37
4410;46
4411;32
4412;41
4413;47
4414;26
4415;35
4416;37
4417;31
4418;32
4419;30
4420;32
4421;25
4422;29
4423;34
4424;43
4425;33
4426;33
4427;34
4428;25
4429;35
4430;30
4431;37
4432;28
4433;31
4434;35
4435;31
4436;29
4437;20
4438;36
4439;32
4440;32
4441;35
4442;28
4443;27
4444;21
4445;48
4446;25
4447;28
4448;33
4449;22
4450;24
4451;28
4452;29
4453;25
4454;25
4455;34
4456;19
4457;26
4458;18
4459;22
4460;25
4461;24
4462;24
4463;33
4464;24
4465;30
4466;24
4467;16
4468;32
4469;15
4470;28
4471;28
4472;25
4473;16
4474;30
4475;21
4476;19
4477;18
4478;23
4479;8
4480;21
4481;17
4482;21
4483;13
4484;28
4485;22
4486;20
4487;16
4488;19
4489;21
4490;15
4491;29
4492;15
4493;17
4494;27
4495;21
4496;18
4497;19
4498;16
4499;13
4500;12
4501;15
4502;17
4503;11
4504;15
4505;20
4506;10
4507;9
4508;20
4509;16
4510;9
4511;15
4512;15
4513;15
4514;12
4515;11
4516;11
4517;19
4518;8
4519;10
4520;18
4521;13
4522;13
4523;10
4524;20
4525;16
4526;12
4527;16
4528;17
4529;17
4530;11
4531;18
4532;13
4533;19
4534;17
4535;14
4536;12
4537;10
4538;9
4539;9
4540;15
4541;11
4542;12
4543;10
4544;13
4545;11
4546;9
4547;17
4548;15
4549;14
4550;12
4551;12
4552;12
4553;14
4554;16
4555;11
4556;13
4557;7
4558;9
4559;9
4560;9
4561;9
4562;11
4563;11
4564;9
4565;14
4566;14
4567;11
4568;14
4569;7
4570;15
4571;8
4572;7
4573;9
4574;9
4575;11
4576;12
4577;12
4578;7
4579;12
4580;10
4581;21
4582;17
4583;4
4584;9
4585;14
4586;9
4587;11
4588;11
4589;9
4590;4
4591;10
4592;6
4593;10
4594;15
4595;7
4596;13
4597;14
4598;6
4599;9
4600;7
4601;7
4602;6
4603;9
4604;11
4605;15
4606;8
4607;16
4608;12
4609;16
4610;11
4611;6
4612;8
4613;7
4614;9
4615;17
4616;13
4617;11
4618;17
4619;7
4620;9
4621;10
4622;5
4623;12
4624;17
4625;8
4626;13
4627;10
4628;12
4629;9
4630;13
4631;8
4632;19
4633;9
4634;9
4635;9
4636;7
4637;11
4638;9
4639;9
4640;17
4641;6
4642;16
4643;8
4644;14
4645;14
4646;8
4647;13
4648;13
4649;12
4650;11
4651;15
4652;5
4653;13
4654;5
4655;9
4656;14
4657;6
4658;7
4659;12
4660;10
4661;7
4662;10
4663;9
4664;16
4665;10
4666;9
4667;10
4668;8
4669;15
4670;9
4671;8
4672;13
4673;7
4674;7
4675;12
4676;9
4677;10
4678;13
4679;13
4680;14
4681;6
4682;9
4683;7
4684;12
4685;5
4686;10
4687;15
4688;8
4689;11
4690;6
4691;13
4692;6
4693;13
4694;5
4695;8
4696;14
4697;12
4698;10
4699;7
4700;8
4701;13
4702;13
4703;8
4704;10
4705;10
4706;5
4707;9
4708;10
4709;12
4710;8
4711;5
4712;8
4713;8
4714;4
4715;6
4716;10
4717;10
4718;14
4719;13
4720;13
4721;6
4722;6
4723;10
4724;8
4725;14
4726;11
4727;14
4728;10
4729;12
4730;8
4731;5
4732;9
4733;10
4734;5
4735;6
4736;13
4737;13
4738;18
4739;9
4740;5
4741;13
4742;9
4743;6
4744;9
4745;10
4746;4
4747;6
4748;7
4749;10
4750;11
4751;9
4752;13
4753;4
4754;9
4755;13
4756;11
4757;6
4758;4
4759;11
4760;11
4761;7
4762;8
4763;8
4764;7
4765;10
4766;7
4767;5
4768;9
4769;5
4770;5
4771;9
4772;11
4773;10
4774;12
4775;11
4776;8
4777;4
4778;11
4779;5
4780;8
4781;11
4782;8
4783;12
4784;6
4785;8
4786;7
4787;8
4788;7
4789;7
4790;5
4791;7
4792;6
4793;3
4794;10
4795;5
4796;4
4797;7
4798;7
4799;7
4800;8
4801;6
4802;7
4803;2
4804;7
4805;10
4806;7
4807;6
4808;16
4809;9
4810;9
4811;6
4812;5
4813;8
4814;3
4815;9
4816;5
4817;10
4818;7
4819;7
4820;12
4821;8
4822;5
4823;5
4824;7
4825;9
4826;3
4827;10
4828;5
4829;7
4830;5
4831;8
4832;4
4833;9
4834;11
4835;8
4836;7
4837;10
4838;2
4839;4
4840;10
4841;6
4842;8
4843;5
4844;2
4845;11
4846;9
4847;7
4848;10
4849;10
4850;6
4851;3
4852;5
4853;6
4854;3
4855;5
4856;18
4857;7
4858;3
4859;3
4860;6
4861;3
4862;9
4863;4
4864;5
4865;12
4866;3
4867;5
4868;7
4869;4
4870;3
4871;3
4872;7
4873;4
4874;8
4875;7
4876;11
4877;6
4878;7
4879;7
4880;10
4881;10
4882;5
4883;4
4884;6
4885;10
4886;11
4887;7
4888;3
4889;6
4890;9
4891;3
4892;6
4893;8
4894;7
4895;2
4896;4
4897;8
4898;6
4899;8
4900;5
4901;18
4902;9
4903;1
4904;7
4905;5
4906;5
4907;5
4908;5
4909;7
4910;8
4911;7
4912;13
4913;3
4914;7
4915;9
4916;9
4917;9
4918;4
4919;8
4920;8
4921;9
4922;6
4923;5
4924;5
4925;3
4926;7
4927;7
4928;6
4929;6
4930;5
4931;6
4932;4
4933;6
4934;6
4935;9
4936;10
4937;6
4938;9
4939;7
4940;8
4941;7
4942;6
4943;1
4944;8
4945;8
4946;9
4947;8
4948;2
4949;6
4950;7
4951;11
4952;6
4953;6
4954;3
4955;4
4956;1
4957;6
4958;5
4959;5
4960;12
4961;6
4962;13
4963;4
4964;7
4965;6
4966;6
4967;6
4968;5
4969;4
4970;6
4971;7
4972;11
4973;4
4974;4
4975;6
4976;7
4977;13
4978;7
4979;2
4980;7
4981;2
4982;9
4983;4
4984;5
4985;3
4986;8
4987;7
4988;7
4989;9
4990;4
4991;5
4992;5
4993;14
4994;7
4995;3
4996;7
4997;7
4998;4
4999;6
5000;7
5001;10
5002;9
5003;9
5004;8
5005;4
5006;2
5007;6
5008;3
5009;4
5010;8
5011;5
5012;8
5013;5
5014;6
5015;9
5016;4
5017;4
5018;5
5019;5
5020;7
5021;10
5022;5
5023;11
5024;9
5025;3
5026;4
5027;5
5028;7
5029;1
5030;9
5031;12
5032;6
5033;8
5034;7
5035;4
5036;5
5037;6
5038;8
5039;9
5040;5
5041;6
5042;3
5043;6
5044;9
5045;6
5046;7
5047;9
5048;7
5049;11
5050;4
5051;6
5052;8
5053;6
5054;9
5055;6
5056;8
5057;7
5058;5
5059;6
5060;12
5061;10
5062;4
5063;5
5064;6
5065;12
5066;10
5067;10
5068;4
5069;7
5070;6
5071;6
5072;9
5073;7
5074;11
5075;8
5076;3
5077;9
5078;6
5079;8
5080;4
5081;9
5082;5
5083;8
5084;4
5085;12
5086;14
5087;8
5088;11
5089;3
5090;6
5091;5
5092;9
5093;5
5094;6
5095;3
5096;6
5097;6
5098;2
5099;11
5100;8
5101;8
5102;8
5103;7
5104;5
5105;10
5106;5
5107;10
5108;6
5109;5
5110;3
5111;9
5112;7
5113;5
5114;9
5115;11
5116;7
5117;6
5118;6
5119;8
5120;6
5121;10
5122;8
5123;9
5124;10
5125;10
5126;5
5127;7
5128;7
5129;3
5130;9
5131;5
5132;5
5133;10
5134;5
5135;3
5136;5
5137;11
5138;7
5139;12
5140;9
5141;8
5142;12
5143;4
5144;12
5145;11
5146;7
5147;12
5148;12
5149;12
5150;9
5151;5
5152;8
5153;5
5154;5
5155;6
5156;6
5157;7
5158;13
5159;7
5160;4
5161;14
5162;8
5163;5
5164;12
5165;13
5166;10
5167;8
5168;5
5169;9
5170;15
5171;12
5172;5
5173;8
5174;8
5175;10
5176;9
5177;4
5178;14
5179;10
5180;14
5181;7
5182;5
5183;7
5184;13
5185;6
5186;3
5187;7
5188;7
5189;9
5190;13
5191;12
5192;6
5193;11
5194;12
5195;7
5196;6
5197;8
5198;10
5199;7
5200;10
5201;8
5202;8
5203;13
5204;8
5205;9
5206;9
5207;13
5208;14
5209;9
5210;10
5211;9
5212;19
5213;17
5214;10
5215;11
5216;8
5217;14
5218;14
5219;17
5220;13
5221;12
5222;14
5223;16
5224;6
5225;8
5226;11
5227;5
5228;10
5229;9
5230;20
5231;13
5232;15
5233;15
5234;15
5235;15
5236;15
5237;13
5238;21
5239;17
5240;16
5241;13
5242;15
5243;9
5244;11
5245;12
5246;9
5247;20
5248;19
5249;13
5250;10
5251;21
5252;18
5253;17
5254;18
5255;10
5256;15
5257;16
5258;12
5259;24
5260;15
5261;21
5262;20
5263;19
5264;8
5265;27
5266;26
5267;16
5268;16
5269;21
5270;23
5271;22
5272;15
5273;14
5274;16
5275;22
5276;30
5277;33
5278;19
5279;19
5280;13
5281;23
5282;16
5283;21
5284;28
5285;25
5286;13
5287;20
5288;27
5289;20
5290;29
5291;29
5292;14
5293;27
5294;20
5295;21
5296;19
5297;23
5298;22
5299;21
5300;30
5301;36
5302;36
5303;20
5304;25
5305;22
5306;17
5307;30
5308;32
5309;23
5310;29
5311;28
5312;27
5313;26
5314;26
5315;29
5316;25
5317;27
5318;33
5319;25
5320;26
5321;26
5322;37
5323;30
5324;23
5325;37
5326;29
5327;35
5328;27
5329;22
5330;24
5331;29
5332;36
5333;31
5334;35
5335;25
5336;24
5337;28
5338;27
5339;29
5340;25
5341;30
5342;20
5343;32
5344;30
5345;35
5346;32
5347;27
5348;29
5349;33
5350;23
5351;30
5352;30
5353;35
5354;37
5355;31
5356;34
5357;27
5358;19
5359;39
5360;41
5361;32
5362;38
5363;29
5364;33
5365;29
5366;34
5367;40
5368;40
5369;36
5370;35
5371;41
5372;36
5373;30
5374;36
5375;48
5376;38
5377;33
5378;35
5379;47
5380;44
5381;37
5382;46
5383;34
5384;27
5385;30
5386;33
5387;38
5388;34
5389;41
5390;42
5391;40
5392;49
5393;33
5394;43
5395;41
5396;67
5397;37
5398;42
5399;40
5400;35
5401;36
5402;31
5403;29
5404;33
5405;37
5406;42
5407;43
5408;29
5409;46
5410;39
5411;47
5412;38
5413;39
5414;37
5415;34
5416;32
5417;35
5418;36
5419;39
5420;28
5421;38
5422;36
5423;35
5424;44
5425;42
5426;40
5427;43
5428;47
5429;43
5430;44
5431;35
5432;31
5433;33
5434;43
5435;32
5436;39
5437;33
5438;43
5439;23
5440;44
5441;28
5442;25
5443;21
5444;33
5445;39
5446;30
5447;38
5448;34
5449;27
5450;37
5451;33
5452;37
5453;35
5454;31
5455;43
5456;36
5457;28
5458;32
5459;39
5460;28
5461;33
5462;35
5463;26
5464;32
5465;48
5466;36
5467;35
5468;40
5469;29
5470;48
5471;45
5472;39
5473;46
5474;32
5475;35
5476;37
5477;43
5478;32
5479;41
5480;37
5481;31
5482;37
5483;39
5484;36
5485;38
5486;31
5487;27
5488;29
5489;38
5490;32
5491;33
5492;37
5493;29
5494;32
5495;29
5496;22
5497;34
5498;27
5499;33
5500;27
5501;31
5502;37
5503;32
5504;33
5505;25
5506;42
5507;21
5508;30
5509;32
5510;40
5511;31
5512;25
5513;23
5514;37
5515;32
5516;27
5517;34
5518;21
5519;30
5520;24
5521;31
5522;18
5523;27
5524;28
5525;29
5526;31
5527;24
5528;29
5529;17
5530;21
5531;17
5532;25
5533;29
5534;28
5535;22
5536;25
5537;23
5538;19
5539;28
5540;14
5541;26
5542;28
5543;32
5544;22
5545;22
5546;40
5547;33
5548;18
5549;28
5550;21
5551;25
5552;23
5553;13
5554;19
5555;15
5556;24
5557;22
5558;15
5559;22
5560;22
5561;20
5562;24
5563;23
5564;20
5565;20
5566;20
5567;26
5568;18
5569;21
5570;19
5571;26
5572;21
5573;17
5574;20
5575;11
5576;23
5577;24
5578;17
5579;16
5580;11
5581;16
5582;18
5583;15
5584;21
5585;18
5586;19
5587;19
5588;13
5589;11
5590;19
5591;15
5592;13
5593;15
5594;9
5595;11
5596;12
5597;8
5598;16
5599;18
5600;15
5601;18
5602;18
5603;9
5604;7
5605;13
5606;7
5607;14
5608;11
5609;17
5610;17
5611;9
5612;13
5613;15
5614;17
5615;13
5616;11
5617;12
5618;10
5619;14
5620;6
5621;8
5622;18
5623;11
5624;12
5625;12
5626;16
5627;12
5628;11
5629;13
5630;16
5631;12
5632;11
5633;10
5634;6
5635;9
5636;13
5637;7
5638;9
5639;8
5640;16
5641;9
5642;12
5643;11
5644;6
5645;11
5646;11
5647;9
5648;11
5649;4
5650;5
5651;10
5652;11
5653;12
5654;8
5655;7
5656;8
5657;5
5658;4
5659;4
5660;7
5661;7
5662;5
5663;6
5664;8
5665;10
5666;5
5667;7
5668;7
5669;5
5670;8
5671;5
5672;11
5673;9
5674;6
5675;6
5676;5
5677;4
5678;5
5679;6
5680;10
5681;5
5682;4
5683;9
5684;3
5685;3
5686;7
5687;6
5688;6
5689;2
5690;4
5691;3
5692;6
5693;8
5694;3
5695;4
5696;7
5697;3
5698;3
5699;5
5700;4
5701;6
5702;2
5703;5
5704;6
5705;4
5706;6
5707;5
5708;3
5709;4
5710;3
5711;9
5712;1
5713;4
5714;2
5715;3
5716;3
5717;3
5718;4
5719;11
5720;2
5721;1
5722;4
5723;2
5724;3
5725;3
5726;3
5727;8
5728;2
5729;4
5730;3
5731;4
5732;0
5733;4
5734;3
5735;4
5736;1
5737;4
5738;6
5739;4
5740;4
5741;3
5742;2
5743;2
5744;6
5745;5
5746;2
5747;2
5748;0
5749;1
5750;7
5751;1
5752;2
5753;3
5754;5
5755;2
5756;2
5757;3
5758;5
5759;2
5760;4
5761;6
5762;2
5763;0
5764;3
5765;4
5766;2
5767;3
5768;4
5769;1
5770;2
5771;5
5772;3
5773;2
5774;1
5775;2
5776;4
5777;1
5778;4
5779;3
5780;2
5781;1
5782;0
5783;4
5784;1
5785;1
5786;3
5787;3
5788;2
5789;1
5790;2
5791;1
5792;1
5793;2
5794;3
5795;0
5796;1
5797;1
5798;1
5799;1
5800;0
5801;1
5802;0
5803;3
5804;1
5805;2
5806;2
5807;1
5808;0
5809;2
5810;1
5811;3
5812;3
5813;0
5814;1
5815;2
5816;0
5817;2
5818;1
5819;1
5820;1
5821;2
5822;3
5823;1
5824;1
5825;1
5826;1
5827;4
5828;2
5829;1
5830;4
5831;0
5832;2
5833;3
5834;3
5835;0
5836;1
5837;0
5838;0
5839;2
5840;2
5841;2
5842;2
5843;2
5844;3
5845;1
5846;0
5847;3
5848;2
5849;3
5850;2
5851;0
5852;1
5853;1
5854;2
5855;1
5856;1
5857;1
5858;4
5859;2
5860;3
5861;0
5862;0
5863;1
5864;3
5865;2
5866;1
5867;1
5868;2
5869;2
5870;1
5871;0
5872;0
5873;1
5874;1
5875;1
5876;1
5877;0
5878;0
5879;1
5880;2
5881;0
5882;3
5883;0
5884;1
5885;1
5886;0
5887;1
5888;0
5889;2
5890;0
5891;0
5892;0
5893;1
5894;0
5895;1
5896;2
5897;1
5898;1
5899;1
5900;0
5901;0
5902;2
5903;0
5904;2
5905;0
5906;0
5907;0
5908;4
5909;0
5910;0
5911;1
5912;1
5913;2
5914;1
5915;2
5916;2
5917;0
5918;0
5919;0
5920;1
5921;1
5922;3
5923;0
5924;4
5925;1
5926;1
5927;0
5928;1
5929;1
5930;0
5931;2
5932;0
5933;0
5934;1
5935;2
5936;1
5937;4
5938;1
5939;0
5940;1
5941;2
5942;0
5943;1
5944;1
5945;0
5946;0
5947;1
5948;0
5949;1
5950;1
5951;2
5952;0
5953;3
5954;0
5955;0
5956;0
5957;2
5958;0
5959;0
5960;0
5961;1
5962;0
5963;1
5964;0
5965;3
5966;0
5967;0
5968;0
5969;1
5970;0
5971;0
5972;1
5973;0
5974;0
5975;0
5976;0
5977;0
5978;0
5979;2
5980;1
5981;0
5982;1
5983;2
5984;1
5985;0
5986;0
5987;1
5988;0
5989;0
5990;3
5991;1
5992;0
5993;1
5994;0
5995;0
5996;0
5997;0
5998;0
5999;1
6000;1
6001;1
6002;0
6003;0
6004;2
6005;0
6006;0
6007;0
6008;1
6009;0
6010;0
6011;1
6012;0
6013;0
6014;1
6015;1
6016;1
6017;1
6018;1
6019;1
6020;1
6021;2
6022;1
6023;0
6024;1
6025;0
6026;0
6027;0
6028;2
6029;1
6030;1
6031;0
6032;0
6033;0
6034;4
6035;0
6036;1
6037;2
6038;1
6039;1
6040;3
6041;2
6042;0
6043;0
6044;0
6045;1
6046;1
6047;2
6048;1
6049;0
6050;0
6051;0
6052;0
6053;0
6054;0
6055;1
6056;0
6057;0
6058;2
6059;0
6060;0
6061;0
6062;1
6063;0
6064;0
6065;1
6066;0
6067;2
6068;1
6069;0
6070;1
6071;2
6072;2
6073;0
6074;0
6075;1
6076;0
6077;0
6078;0
6079;0
6080;1
6081;0
6082;0
6083;2
6084;0
6085;2
6086;2
6087;0
6088;1
6089;1
6090;1
6091;0
6092;0
6093;0
6094;0
6095;0
6096;1
6097;0
6098;1
6099;0
6100;0
6101;0
6102;0
6103;0
6104;2
6105;0
6106;0
6107;1
6108;1
6109;2
6110;0
6111;0
6112;0
6113;0
6114;1
6115;0
6116;0
6117;0
6118;0
6119;0
6120;0
6121;2
6122;1
6123;1
6124;0
6125;0
6126;1
6127;0
6128;0
6129;0
6130;0
6131;1
6132;1
6133;1
6134;0
6135;0
6136;0
6137;0
6138;1
6139;1
6140;0
6141;0
6142;0
6143;0
6144;0
6145;0
6146;0
6147;3
6148;0
6149;0
6150;0
6151;0
6152;0
6153;1
6154;1
6155;0
6156;4
6157;1
6158;1
6159;1
6160;0
6161;0
6162;1
6163;0
6164;1
6165;1
6166;0
6167;0
6168;1
6169;1
6170;0
6171;0
6172;0
6173;0
6174;0
6175;0
6176;1
6177;0
6178;0
6179;1
6180;0
6181;2
6182;0
6183;0
6184;1
6185;0
6186;0
6187;1
6188;1
6189;0
6190;0
6191;0
6192;0
6193;0
6194;1
6195;0
6196;1
6197;1
6198;0
6199;0
6200;0
6201;0
6202;1
6203;0
6204;0
6205;0
6206;0
6207;0
6208;1
6209;0
6210;1
6211;0
6212;0
6213;0
6214;0
6215;0
6216;0
6217;0
6218;2
6219;0
6220;0
6221;1
6222;0
6223;0
6224;0
6225;2
6226;0
6227;0
6228;0
6229;0
6230;0
6231;0
6232;1
6233;0
6234;0
6235;0
6236;1
6237;0
6238;1
6239;0
6240;0
6241;0
6242;0
6243;0
6244;0
6245;1
6246;2
6247;1
6248;0
6249;1
6250;0
6251;0
6252;0
6253;0
6254;0
6255;0
6256;1
6257;0
6258;0
6259;0
6260;2
6261;2
6262;0
6263;2
6264;0
6265;0
6266;0
6267;0
6268;0
6269;0
6270;0
6271;0
6272;1
6273;0
6274;0
6275;2
6276;0
6277;0
6278;1
6279;2
6280;0
6281;0
6282;0
6283;1
6284;0
6285;0
6286;0
6287;0
6288;0
6289;0
6290;0
6291;0
6292;0
6293;0
6294;0
6295;0
6296;0
6297;0
6298;0
6299;0
6300;0
6301;0
6302;0
6303;1
6304;0
6305;0
6306;0
6307;1
6308;0
6309;1
6310;0
6311;1
6312;0
6313;0
6314;0
6315;0
6316;0
6317;3
6318;0
6319;1
6320;0
6321;0
6322;0
6323;2
6324;0
6325;0
6326;0
6327;0
6328;0
6329;0
6330;0
6331;0
6332;0
6333;0
6334;2
6335;0
6336;2
6337;1
6338;0
6339;0
6340;0
6341;0
6342;0
6343;0
6344;0
6345;1
6346;0
6347;0
6348;0
6349;0
6350;0
6351;0
6352;0
6353;0
6354;0
6355;0
6356;0
6357;0
6358;0
6359;0
6360;0
6361;4
6362;0
6363;0
6364;1
6365;0
6366;0
6367;0
6368;0
6369;0
6370;0
6371;0
6372;0
6373;0
6374;0
6375;0
6376;0
6377;0
6378;0
6379;1
6380;0
6381;0
6382;0
6383;0
6384;0
6385;1
6386;0
6387;0
6388;0
6389;0
6390;1
6391;0
6392;0
6393;0
6394;0
6395;0
6396;0
6397;0
6398;0
6399;0
6400;1
6401;0
6402;0
6403;0
6404;0
6405;0
6406;0
6407;0
6408;1
6409;0
6410;0
6411;0
6412;0
6413;0
6414;0
6415;0
6416;0
6417;2
6418;0
6419;0
6420;0
6421;1
6422;0
6423;0
6424;0
6425;2
6426;0
6427;0
6428;0
6429;1
6430;1
6431;0
6432;0
6433;0
6434;0
6435;1
6436;0
6437;0
6438;0
6439;0
6440;0
6441;0
6442;1
6443;2
6444;0
6445;1
6446;0
6447;0
6448;0
6449;0
6450;0
6451;0
6452;0
6453;0
6454;0
6455;0
6456;0
6457;0
6458;0
6459;0
6460;0
6461;0
6462;0
6463;0
6464;1
6465;1
6466;0
6467;0
6468;1
6469;0
6470;2
6471;0
6472;0
6473;0
6474;0
6475;0
6476;1
6477;1
6478;0
6479;0
6480;1
6481;0
6482;1
6483;1
6484;1
6485;0
6486;0
6487;0
6488;1
6489;0
6490;1
6491;1
6492;0
6493;0
6494;0
6495;0
6496;0
6497;1
6498;1
6499;0
6500;0
6501;0
6502;0
6503;0
6504;0
6505;0
6506;0
6507;1
6508;0
6509;1
6510;0
6511;0
6512;0
6513;1
6514;1
6515;0
6516;0
6517;0
6518;0
6519;0
6520;0
6521;0
6522;0
6523;0
6524;0
6525;0
6526;0
6527;0
6528;0
6529;0
6530;0
6531;0
6532;0
6533;0
6534;0
6535;1
6536;0
6537;0
6538;1
6539;0
6540;0
6541;0
6542;0
6543;0
6544;0
6545;0
6546;0
6547;0
6548;0
6549;0
6550;0
6551;0
6552;0
6553;0
6554;0
6555;0
6556;0
6557;0
6558;0
6559;0
6560;1
6561;0
6562;0
6563;1
6564;0
6565;0
6566;1
6567;0
6568;1
6569;0
6570;0
6571;0
6572;0
6573;0
6574;0
6575;1
6576;0
6577;0
6578;1
6579;0
6580;0
6581;1
6582;0
6583;0
6584;0
6585;1
6586;0
6587;2
6588;2
6589;1
6590;0
6591;0
6592;0
6593;1
6594;0
6595;0
6596;0
6597;1
6598;0
6599;0
6600;1
6601;1
6602;0
6603;0
6604;0
6605;0
6606;0
6607;0
6608;0
6609;0
6610;0
6611;0
6612;0
6613;1
6614;0
6615;1
6616;0
6617;1
6618;0
6619;1
6620;0
6621;0
6622;0
6623;1
6624;0
6625;0
6626;0
6627;0
6628;1
6629;0
6630;1
6631;1
6632;0
6633;0
6634;1
6635;0
6636;2
6637;0
6638;0
6639;0
6640;0
6641;0
6642;0
6643;0
6644;1
6645;0
6646;1
6647;0
6648;0
6649;1
6650;0
6651;1
6652;0
6653;0
6654;0
6655;1
6656;0
6657;0
6658;1
6659;0
6660;0
6661;0
6662;0
6663;0
6664;0
6665;1
6666;0
6667;0
6668;0
6669;0
6670;0
6671;0
6672;0
6673;0
6674;0
6675;1
6676;0
6677;0
6678;1
6679;0
6680;0
6681;1
6682;0
6683;1
6684;0
6685;0
6686;0
6687;0
6688;0
6689;0
6690;1
6691;0
6692;0
6693;0
6694;0
6695;0
6696;0
6697;1
6698;1
6699;0
6700;0
6701;0
6702;0
6703;0
6704;1
6705;0
6706;0
6707;0
6708;0
6709;0
6710;0
6711;0
6712;0
6713;0
6714;2
6715;0
6716;0
6717;0
6718;0
6719;0
6720;1
6721;0
6722;0
6723;0
6724;0
6725;0
6726;0
6727;0
6728;0
6729;1
6730;0
6731;0
6732;0
6733;1
6734;0
6735;0
6736;1
6737;0
6738;0
6739;3
6740;0
6741;0
6742;0
6743;1
6744;0
6745;1
6746;0
6747;0
6748;1
6749;0
6750;0
6751;1
6752;0
6753;0
6754;0
6755;0
6756;1
6757;0
6758;1
6759;1
6760;0
6761;0
6762;1
6763;1
6764;0
6765;0
6766;1
6767;0
6768;0
6769;1
6770;1
6771;1
6772;0
6773;1
6774;1
6775;0
6776;0
6777;1
6778;1
6779;2
6780;0
6781;0
6782;0
6783;0
6784;1
6785;1
6786;0
6787;1
6788;1
6789;0
6790;0
6791;0
6792;0
6793;0
6794;0
6795;0
6796;1
6797;0
6798;0
6799;1
6800;0
6801;0
6802;0
6803;0
6804;1
6805;0
6806;0
6807;0
6808;0
6809;0
6810;0
6811;1
6812;0
6813;0
6814;0
6815;0
6816;1
6817;0
6818;2
6819;1
6820;0
6821;0
6822;0
6823;0
6824;0
6825;0
6826;0
6827;0
6828;1
6829;0
6830;1
6831;1
6832;0
6833;1
6834;0
6835;1
6836;0
6837;1
6838;0
6839;0
6840;0
6841;1
6842;0
6843;2
6844;0
6845;0
6846;0
6847;0
6848;0
6849;0
6850;0
6851;0
6852;0
6853;1
6854;0
6855;0
6856;0
6857;1
6858;0
6859;2
6860;0
6861;0
6862;0
6863;0
6864;2
6865;0
6866;1
6867;0
6868;0
6869;0
6870;1
6871;1
6872;1
6873;0
6874;1
6875;0
6876;0
6877;0
6878;0
6879;0
6880;2
6881;0
6882;1
6883;0
6884;0
6885;0
6886;1
6887;1
6888;1
6889;0
6890;1
6891;0
6892;1
6893;1
6894;1
6895;1
6896;0
6897;0
6898;1
6899;0
6900;0
6901;0
6902;0
6903;0
6904;1
6905;0
6906;0
6907;1
6908;0
6909;0
6910;0
6911;0
6912;0
6913;0
6914;0
6915;1
6916;0
6917;1
6918;1
6919;1
6920;2
6921;0
6922;1
6923;1
6924;0
6925;0
6926;1
6927;1
6928;0
6929;0
6930;0
6931;2
6932;0
6933;0
6934;1
6935;0
6936;0
6937;0
6938;2
6939;2
6940;0
6941;0
6942;0
6943;0
6944;0
6945;0
6946;0
6947;0
6948;0
6949;0
6950;1
6951;0
6952;1
6953;0
6954;1
6955;0
6956;0
6957;0
6958;0
6959;0
6960;0
6961;0
6962;0
6963;0
6964;0
6965;1
6966;0
6967;0
6968;0
6969;0
6970;1
6971;0
6972;0
6973;0
6974;0
6975;0
6976;1
6977;0
6978;0
6979;0
6980;1
6981;0
6982;0
6983;0
6984;0
6985;0
6986;0
6987;0
6988;1
6989;0
6990;0
6991;0
6992;0
6993;0
6994;2
6995;0
6996;1
6997;0
6998;0
6999;0
7000;0
7001;0
7002;0
7003;0
7004;1
7005;0
7006;0
7007;1
7008;0
7009;0
7010;0
7011;0
7012;1
7013;0
7014;0
7015;0
7016;1
7017;0
7018;0
7019;1
7020;0
7021;0
7022;0
7023;1
7024;1
7025;1
7026;0
7027;0
7028;0
7029;0
7030;1
7031;0
7032;1
7033;0
7034;0
7035;0
7036;1
7037;0
7038;0
7039;0
7040;1
7041;0
7042;1
7043;0
7044;0
7045;1
7046;0
7047;0
7048;0
7049;0
7050;0
7051;1
7052;0
7053;0
7054;0
7055;0
7056;0
7057;1
7058;0
7059;0
7060;0
7061;0
7062;0
7063;0
7064;0
7065;0
7066;0
7067;1
7068;1
7069;0
7070;0
7071;1
7072;0
7073;1
7074;0
7075;0
7076;0
7077;0
7078;1
7079;0
7080;1
7081;0
7082;0
7083;0
7084;0
7085;0
7086;0
7087;0
7088;1
7089;1
7090;0
7091;1
7092;0
7093;1
7094;0
7095;0
7096;0
7097;0
7098;0
7099;0
7100;0
7101;0
7102;0
7103;0
7104;1
7105;0
7106;0
7107;0
7108;0
7109;1
7110;0
7111;1
7112;0
7113;0
7114;0
7115;0
7116;1
7117;0
7118;0
7119;0
7120;0
7121;0
7122;0
7123;0
7124;0
7125;0
7126;0
7127;0
7128;0
7129;0
7130;0
7131;0
7132;0
7133;0
7134;0
7135;0
7136;0
7137;0
7138;0
7139;0
7140;0
7141;0
7142;0
7143;0
7144;1
7145;0
7146;0
7147;0
7148;0
7149;0
7150;1
7151;0
7152;0
7153;0
7154;0
7155;0
7156;0
7157;0
7158;0
7159;0
7160;0
7161;0
7162;0
7163;1
7164;0
7165;0
7166;0
7167;1
7168;1
7169;0
7170;0
7171;0
7172;0
7173;0
7174;0
7175;0
7176;0
7177;0
7178;0
7179;0
7180;0
7181;0
7182;0
7183;0
7184;0
7185;0
7186;1
7187;0
7188;0
7189;1
7190;0
7191;0
7192;0
7193;1
7194;0
7195;0
7196;0
7197;0
7198;0
7199;0
7200;1
7201;0
7202;0
7203;0
7204;0
7205;0
7206;0
7207;0
7208;0
7209;0
7210;0
7211;0
7212;0
7213;0
7214;0
7215;0
7216;0
7217;0
7218;1
7219;0
7220;0
7221;1
7222;0
7223;0
7224;0
7225;0
7226;0
7227;1
7228;0
7229;0
7230;0
7231;0
7232;0
7233;0
7234;0
7235;0
7236;0
7237;0
7238;1
7239;1
7240;0
7241;0
7242;0
7243;0
7244;0
7245;0
7246;0
7247;0
7248;0
7249;0
7250;0
7251;0
7252;0
7253;0
7254;0
7255;0
7256;0
7257;0
7258;0
7259;1
7260;0
7261;0
7262;0
7263;0
7264;0
7265;0
7266;0
7267;1
7268;0
7269;1
7270;0
7271;0
7272;0
7273;0
7274;0
7275;0
7276;0
7277;0
7278;1
7279;0
7280;0
7281;0
7282;0
7283;0
7284;0
7285;0
7286;0
7287;0
7288;0
7289;0
7290;0
7291;0
7292;0
7293;1
7294;0
7295;0
7296;1
7297;0
7298;0
7299;0
7300;0
7301;0
7302;0
7303;0
7304;0
7305;0
7306;0
7307;0
7308;0
7309;0
7310;1
7311;0
7312;0
7313;0
7314;0
7315;0
7316;0
7317;0
7318;1
7319;0
7320;0
7321;0
7322;0
7323;0
7324;0
7325;0
7326;0
7327;0
7328;0
7329;0
7330;0
7331;0
7332;0
7333;1
7334;1
7335;0
7336;0
7337;0
7338;0
7339;0
7340;0
7341;1
7342;0
7343;0
7344;0
7345;0
7346;0
7347;0
7348;0
7349;0
7350;0
7351;0
7352;1
7353;0
7354;0
7355;0
7356;0
7357;0
7358;0
7359;0
7360;0
7361;0
7362;0
7363;2
7364;0
7365;0
7366;0
7367;0
7368;0
7369;0
7370;0
7371;0
7372;0
7373;0
7374;0
7375;1
7376;0
7377;0
7378;0
7379;0
7380;0
7381;0
7382;1
7383;0
7384;0
7385;0
7386;0
7387;0
7388;0
7389;0
7390;0
7391;0
7392;0
7393;0
7394;0
7395;0
7396;0
7397;0
7398;0
7399;0
7400;0
7401;1
7402;0
7403;0
7404;0
7405;0
7406;0
7407;0
7408;0
7409;0
7410;0
7411;0
7412;0
7413;2
7414;0
7415;0
7416;0
7417;0
7418;0
7419;0
7420;0
7421;0
7422;0
7423;0
7424;0
7425;0
7426;0
7427;0
7428;0
7429;0
7430;0
7431;0
7432;0
7433;0
7434;0
7435;0
7436;0
7437;0
7438;1
7439;1
7440;0
7441;2
7442;0
7443;0
7444;0
7445;1
7446;0
7447;0
7448;0
7449;0
7450;0
7451;0
7452;0
7453;0
7454;1
7455;0
7456;0
7457;0
7458;0
7459;0
7460;0
7461;0
7462;0
7463;0
7464;0
7465;0
7466;0
7467;0
7468;0
7469;0
7470;0
7471;0
7472;0
7473;0
7474;0
7475;1
7476;0
7477;1
7478;0
7479;0
7480;0
7481;0
7482;0
7483;0
7484;0
7485;0
7486;0
7487;0
7488;0
7489;0
7490;0
7491;0
7492;0
7493;0
7494;0
7495;0
7496;0
7497;0
7498;0
7499;0
7500;0
7501;0
7502;0
7503;0
7504;0
7505;0
7506;0
7507;0
7508;0
7509;0
7510;0
7511;0
7512;0
7513;0
7514;0
7515;0
7516;0
7517;1
7518;0
7519;0
7520;0
7521;0
7522;0
7523;0
7524;0
7525;0
7526;0
7527;0
7528;0
7529;0
7530;0
7531;0
7532;0
7533;0
7534;1
7535;0
7536;0
7537;0
7538;0
7539;0
7540;1
7541;0
7542;0
7543;1
7544;0
7545;1
7546;0
7547;0
7548;0
7549;0
7550;0
7551;1
7552;0
7553;0
7554;0
7555;0
7556;0
7557;0
7558;0
7559;0
7560;1
7561;0
7562;0
7563;0
7564;0
7565;0
7566;0
7567;0
7568;0
7569;0
7570;0
7571;0
7572;0
7573;0
7574;0
7575;0
7576;0
7577;0
7578;0
7579;2
7580;0
7581;0
7582;1
7583;0
7584;0
7585;0
7586;0
7587;0
7588;0
7589;0
7590;0
7591;0
7592;0
7593;0
7594;0
7595;0
7596;0
7597;1
7598;1
7599;0
7600;0
7601;0
7602;0
7603;0
7604;0
7605;0
7606;2
7607;0
7608;0
7609;0
7610;1
7611;0
7612;0
7613;0
7614;0
7615;0
7616;0
7617;0
7618;0
7619;0
7620;0
7621;0
7622;0
7623;0
7624;0
7625;1
7626;0
7627;1
7628;0
7629;0
7630;0
7631;0
7632;0
7633;0
7634;0
7635;0
7636;0
7637;0
7638;0
7639;0
7640;0
7641;0
7642;0
7643;1
7644;0
7645;0
7646;0
7647;1
7648;0
7649;0
7650;1
7651;0
7652;1
7653;0
7654;0
7655;0
7656;0
7657;0
7658;0
7659;0
7660;0
7661;0
7662;0
7663;0
7664;0
7665;0
7666;0
7667;0
7668;0
7669;0
7670;0
7671;0
7672;1
7673;0
7674;0
7675;0
7676;0
7677;0
7678;0
7679;0
7680;3
7681;0
7682;0
7683;0
7684;0
7685;1
7686;0
7687;0
7688;0
7689;0
7690;0
7691;0
7692;0
7693;0
7694;0
7695;0
7696;0
7697;0
7698;0
7699;1
7700;0
7701;0
7702;1
7703;0
7704;0
7705;0
7706;0
7707;0
7708;0
7709;1
7710;0
7711;0
7712;1
7713;1
7714;0
7715;0
7716;1
7717;0
7718;0
7719;1
7720;0
7721;0
7722;1
7723;0
7724;0
7725;0
7726;0
7727;0
7728;0
7729;0
7730;0
7731;0
7732;0
7733;0
7734;0
7735;0
7736;0
7737;0
7738;0
7739;0
7740;0
7741;0
7742;0
7743;1
7744;0
7745;0
7746;0
7747;0
7748;0
7749;0
7750;0
7751;0
7752;0
7753;0
7754;2
7755;0
7756;0
7757;0
7758;0
7759;0
7760;0
7761;0
7762;0
7763;0
7764;0
7765;0
7766;0
7767;0
7768;0
7769;0
7770;0
7771;1
7772;0
7773;0
7774;0
7775;0
7776;0
7777;0
7778;0
7779;0
7780;0
7781;1
7782;0
7783;0
7784;0
7785;1
7786;0
7787;0
7788;1
7789;0
7790;0
7791;0
7792;1
7793;0
7794;1
7795;0
7796;0
7797;0
7798;0
7799;1
7800;0
7801;0
7802;0
7803;1
7804;0
7805;0
7806;1
7807;1
7808;0
7809;0
7810;0
7811;0
7812;1
7813;0
7814;0
7815;0
7816;1
7817;1
7818;0
7819;0
7820;0
7821;0
7822;0
7823;0
7824;0
7825;0
7826;1
7827;0
7828;0
7829;1
7830;0
7831;1
7832;0
7833;0
7834;0
7835;0
7836;0
7837;0
7838;0
7839;0
7840;0
7841;0
7842;0
7843;0
7844;0
7845;0
7846;0
7847;0
7848;0
7849;0
7850;0
7851;0
7852;0
7853;0
7854;0
7855;0
7856;0
7857;0
7858;0
7859;0
7860;1
7861;0
7862;1
7863;1
7864;0
7865;0
7866;0
7867;0
7868;1
7869;0
7870;0
7871;0
7872;0
7873;0
7874;0
7875;0
7876;0
7877;0
7878;0
7879;0
7880;0
7881;0
7882;0
7883;0
7884;0
7885;0
7886;1
7887;0
7888;0
7889;0
7890;1
7891;1
7892;0
7893;1
7894;0
7895;0
7896;0
7897;0
7898;0
7899;0
7900;1
7901;0
7902;0
7903;0
7904;0
7905;0
7906;0
7907;0
7908;0
7909;0
7910;0
7911;0
7912;0
7913;0
7914;0
7915;0
7916;1
7917;0
7918;0
7919;1
7920;0
7921;0
7922;0
7923;0
7924;0
7925;0
7926;0
7927;0
7928;0
7929;0
7930;0
7931;0
7932;0
7933;0
7934;1
7935;0
7936;0
7937;0
7938;0
7939;0
7940;0
7941;0
7942;0
7943;0
7944;1
7945;0
7946;0
7947;0
7948;0
7949;0
7950;0
7951;0
7952;0
7953;0
7954;0
7955;1
7956;0
7957;1
7958;0
7959;0
7960;0
7961;0
7962;0
7963;0
7964;0
7965;0
7966;0
7967;0
7968;0
7969;0
7970;0
7971;2
7972;0
7973;0
7974;0
7975;1
7976;0
7977;0
7978;0
7979;0
7980;0
7981;0
7982;0
7983;0
7984;0
7985;0
7986;0
7987;0
7988;0
7989;1
7990;0
7991;0
7992;0
7993;0
7994;1
7995;0
7996;0
7997;0
7998;0
7999;0
8000;0
8001;0
8002;1
8003;0
8004;0
8005;0
8006;0
8007;0
8008;0
8009;0
8010;0
8011;0
8012;0
8013;0
8014;0
8015;0
8016;0
8017;0
8018;0
8019;1
8020;0
8021;0
8022;0
8023;0
8024;0
8025;1
8026;1
8027;0
8028;1
8029;1
8030;0
8031;0
8032;0
8033;0
8034;0
8035;0
8036;0
8037;0
8038;1
8039;0
8040;0
8041;1
8042;0
8043;0
8044;0
8045;1
8046;0
8047;0
8048;0
8049;0
8050;1
8051;0
8052;0
8053;0
8054;0
8055;0
8056;0
8057;0
8058;0
8059;0
8060;1
8061;0
8062;0
8063;0
8064;1
8065;0
8066;0
8067;0
8068;0
8069;0
8070;0
8071;0
8072;1
8073;0
8074;0
8075;0
8076;0
8077;0
8078;0
8079;0
8080;1
8081;0
8082;0
8083;0
8084;0
8085;0
8086;0
8087;0
8088;0
8089;0
8090;0
8091;0
8092;0
8093;0
8094;1
8095;0
8096;0
8097;0
8098;0
8099;0
8100;0
8101;0
8102;0
8103;0
8104;0
8105;0
8106;0
8107;0
8108;0
8109;0
8110;1
8111;0
8112;0
8113;0
8114;0
8115;0
8116;0
8117;0
8118;0
8119;0
8120;0
8121;0
8122;0
8123;0
8124;0
8125;0
8126;0
8127;0
8128;0
8129;0
8130;0
8131;0
8132;0
8133;0
8134;0
8135;0
8136;0
8137;0
8138;0
8139;0
8140;0
8141;0
8142;0
8143;0
8144;0
8145;0
8146;0
8147;0
8148;0
8149;0
8150;0
8151;0
8152;0
8153;0
8154;0
8155;0
8156;0
8157;0
8158;0
8159;0
8160;0
8161;0
8162;0
8163;0
8164;0
8165;0
8166;0
8167;0
8168;0
8169;0
8170;0
8171;0
8172;0
8173;0
8174;0
8175;0
8176;0
8177;0
8178;0
8179;0
8180;0
8181;0
8182;0
8183;0
8184;0
8185;0
8186;0
8187;0
8188;0
8189;0
8190;0
8191;0
