0;0
1;0
2;0
3;0
4;0
5;0
6;0
7;0
8;0
9;0
10;0
11;0
12;0
13;0
14;0
15;0
16;0
17;0
18;0
19;0
20;0
21;0
22;0
23;0
24;0
25;0
26;0
27;0
28;0
29;0
30;0
31;0
32;0
33;0
34;0
35;0
36;0
37;0
38;0
39;0
40;0
41;0
42;0
43;0
44;0
45;0
46;0
47;0
48;0
49;0
50;0
51;0
52;0
53;0
54;0
55;0
56;0
57;0
58;0
59;0
60;0
61;0
62;0
63;0
64;0
65;0
66;0
67;0
68;0
69;0
70;0
71;0
72;0
73;0
74;0
75;0
76;0
77;0
78;0
79;0
80;0
81;0
82;0
83;0
84;0
85;0
86;0
87;0
88;0
89;0
90;0
91;0
92;0
93;0
94;0
95;0
96;0
97;0
98;0
99;0
100;0
101;0
102;0
103;0
104;0
105;0
106;0
107;0
108;0
109;0
110;0
111;0
112;0
113;0
114;0
115;0
116;0
117;0
118;0
119;0
120;0
121;0
122;0
123;0
124;0
125;0
126;0
127;0
128;0
129;0
130;0
131;0
132;0
133;0
134;3
135;14
136;22
137;29
138;28
139;32
140;31
141;31
142;34
143;42
144;36
145;20
146;36
147;37
148;27
149;47
150;37
151;36
152;27
153;32
154;31
155;31
156;22
157;26
158;20
159;20
160;29
161;32
162;22
163;27
164;36
165;31
166;20
167;26
168;27
169;21
170;30
171;34
172;26
173;21
174;30
175;33
176;23
177;34
178;28
179;28
180;31
181;32
182;21
183;33
184;30
185;34
186;24
187;28
188;34
189;37
190;22
191;33
192;33
193;29
194;29
195;32
196;26
197;30
198;28
199;24
200;42
201;26
202;26
203;25
204;29
205;29
206;36
207;33
208;32
209;26
210;31
211;33
212;29
213;28
214;27
215;44
216;21
217;18
218;30
219;34
220;25
221;31
222;27
223;43
224;30
225;22
226;37
227;37
228;32
229;35
230;26
231;39
232;24
233;28
234;28
235;27
236;37
237;34
238;20
239;26
240;24
241;26
242;25
243;28
244;33
245;27
246;33
247;24
248;34
249;37
250;34
251;35
252;39
253;33
254;23
255;40
256;32
257;32
258;35
259;30
260;28
261;34
262;34
263;37
264;37
265;35
266;38
267;31
268;29
269;26
270;44
271;30
272;35
273;33
274;45
275;35
276;33
277;41
278;31
279;24
280;22
281;33
282;43
283;34
284;34
285;32
286;38
287;31
288;31
289;36
290;48
291;37
292;33
293;40
294;50
295;31
296;39
297;44
298;42
299;36
300;28
301;32
302;27
303;38
304;29
305;31
306;46
307;30
308;40
309;32
310;48
311;38
312;36
313;37
314;49
315;43
316;32
317;44
318;47
319;46
320;40
321;44
322;27
323;33
324;45
325;38
326;45
327;53
328;36
329;30
330;50
331;47
332;47
333;50
334;39
335;43
336;39
337;36
338;50
339;36
340;33
341;36
342;43
343;51
344;37
345;46
346;39
347;39
348;47
349;41
350;57
351;31
352;49
353;40
354;49
355;57
356;40
357;47
358;46
359;37
360;66
361;57
362;43
363;56
364;50
365;50
366;45
367;51
368;52
369;50
370;52
371;55
372;61
373;41
374;57
375;65
376;54
377;48
378;48
379;50
380;52
381;53
382;47
383;48
384;66
385;64
386;58
387;69
388;46
389;46
390;57
391;52
392;45
393;49
394;60
395;55
396;53
397;53
398;47
399;56
400;57
401;40
402;54
403;59
404;66
405;40
406;56
407;64
408;58
409;56
410;58
411;50
412;66
413;57
414;55
415;65
416;62
417;62
418;60
419;50
420;61
421;76
422;51
423;44
424;47
425;61
426;45
427;62
428;59
429;54
430;64
431;74
432;58
433;60
434;49
435;50
436;75
437;56
438;60
439;59
440;77
441;69
442;70
443;47
444;50
445;68
446;46
447;57
448;59
449;76
450;55
451;66
452;70
453;66
454;54
455;60
456;62
457;58
458;60
459;69
460;71
461;56
462;62
463;63
464;60
465;65
466;74
467;49
468;61
469;76
470;55
471;61
472;68
473;45
474;72
475;82
476;60
477;60
478;45
479;82
480;49
481;68
482;76
483;48
484;67
485;57
486;63
487;64
488;61
489;62
490;58
491;63
492;66
493;62
494;73
495;60
496;67
497;53
498;51
499;50
500;66
501;56
502;68
503;64
504;66
505;71
506;62
507;60
508;51
509;70
510;59
511;57
512;60
513;49
514;54
515;57
516;68
517;73
518;54
519;59
520;75
521;64
522;73
523;53
524;60
525;49
526;70
527;61
528;73
529;58
530;74
531;51
532;60
533;57
534;62
535;72
536;72
537;65
538;53
539;71
540;65
541;55
542;57
543;80
544;54
545;56
546;71
547;55
548;77
549;75
550;53
551;60
552;58
553;57
554;53
555;64
556;63
557;65
558;59
559;64
560;70
561;53
562;66
563;64
564;69
565;61
566;50
567;59
568;61
569;62
570;58
571;71
572;68
573;63
574;64
575;60
576;56
577;51
578;64
579;67
580;58
581;73
582;64
583;54
584;50
585;77
586;61
587;56
588;50
589;62
590;76
591;63
592;48
593;62
594;59
595;72
596;81
597;54
598;54
599;65
600;75
601;56
602;51
603;71
604;77
605;60
606;54
607;62
608;74
609;59
610;61
611;57
612;52
613;62
614;59
615;60
616;50
617;61
618;68
619;51
620;70
621;42
622;52
623;60
624;41
625;56
626;52
627;67
628;63
629;53
630;65
631;50
632;58
633;61
634;58
635;49
636;52
637;71
638;61
639;58
640;43
641;60
642;63
643;62
644;57
645;50
646;61
647;50
648;52
649;57
650;52
651;71
652;51
653;70
654;59
655;47
656;64
657;55
658;62
659;65
660;52
661;69
662;70
663;65
664;66
665;69
666;49
667;54
668;50
669;55
670;67
671;50
672;49
673;58
674;69
675;68
676;44
677;48
678;63
679;70
680;68
681;70
682;65
683;53
684;43
685;51
686;52
687;54
688;68
689;48
690;43
691;51
692;53
693;51
694;56
695;52
696;53
697;59
698;48
699;57
700;53
701;45
702;57
703;55
704;44
705;57
706;54
707;55
708;58
709;69
710;47
711;46
712;61
713;51
714;50
715;49
716;45
717;44
718;56
719;58
720;56
721;42
722;56
723;47
724;54
725;48
726;59
727;58
728;54
729;40
730;55
731;49
732;55
733;42
734;50
735;47
736;56
737;60
738;45
739;68
740;48
741;50
742;47
743;63
744;53
745;56
746;53
747;61
748;49
749;57
750;48
751;54
752;53
753;42
754;43
755;56
756;41
757;46
758;46
759;38
760;42
761;56
762;56
763;45
764;51
765;43
766;59
767;52
768;52
769;43
770;36
771;57
772;45
773;42
774;42
775;50
776;45
777;47
778;47
779;38
780;53
781;53
782;48
783;49
784;45
785;46
786;41
787;50
788;50
789;51
790;47
791;55
792;45
793;46
794;37
795;51
796;59
797;47
798;49
799;43
800;44
801;42
802;38
803;45
804;41
805;37
806;47
807;50
808;55
809;42
810;52
811;48
812;45
813;39
814;42
815;35
816;53
817;46
818;44
819;39
820;34
821;52
822;32
823;54
824;46
825;42
826;54
827;55
828;44
829;44
830;42
831;45
832;37
833;33
834;55
835;37
836;37
837;38
838;42
839;36
840;35
841;28
842;41
843;45
844;42
845;39
846;45
847;44
848;42
849;40
850;41
851;45
852;38
853;45
854;43
855;41
856;30
857;38
858;44
859;40
860;36
861;41
862;45
863;51
864;43
865;29
866;44
867;41
868;43
869;36
870;39
871;35
872;37
873;37
874;37
875;39
876;42
877;41
878;38
879;47
880;40
881;32
882;23
883;31
884;34
885;42
886;45
887;32
888;41
889;44
890;46
891;34
892;40
893;28
894;38
895;41
896;33
897;36
898;34
899;42
900;34
901;37
902;36
903;38
904;33
905;31
906;48
907;43
908;43
909;45
910;42
911;25
912;33
913;24
914;45
915;24
916;32
917;26
918;51
919;35
920;31
921;36
922;42
923;32
924;49
925;41
926;32
927;33
928;32
929;26
930;31
931;40
932;34
933;41
934;35
935;35
936;39
937;34
938;36
939;35
940;36
941;34
942;31
943;41
944;35
945;22
946;53
947;28
948;29
949;35
950;43
951;26
952;35
953;39
954;35
955;36
956;36
957;34
958;44
959;42
960;40
961;32
962;35
963;37
964;50
965;36
966;37
967;29
968;31
969;36
970;37
971;29
972;29
973;30
974;21
975;35
976;28
977;32
978;35
979;31
980;29
981;38
982;26
983;31
984;22
985;31
986;22
987;37
988;29
989;32
990;39
991;36
992;36
993;33
994;22
995;35
996;24
997;35
998;36
999;30
1000;32
1001;27
1002;30
1003;30
1004;27
1005;35
1006;34
1007;27
1008;37
1009;32
1010;33
1011;31
1012;38
1013;34
1014;31
1015;35
1016;37
1017;25
1018;29
1019;31
1020;29
1021;35
1022;36
1023;36
1024;33
1025;30
1026;29
1027;30
1028;41
1029;37
1030;39
1031;42
1032;31
1033;34
1034;34
1035;18
1036;33
1037;35
1038;24
1039;31
1040;34
1041;31
1042;37
1043;23
1044;19
1045;29
1046;29
1047;32
1048;28
1049;33
1050;43
1051;30
1052;36
1053;35
1054;35
1055;29
1056;24
1057;28
1058;30
1059;26
1060;32
1061;33
1062;19
1063;32
1064;31
1065;21
1066;30
1067;23
1068;25
1069;24
1070;27
1071;35
1072;30
1073;19
1074;23
1075;22
1076;19
1077;34
1078;26
1079;23
1080;24
1081;32
1082;41
1083;32
1084;27
1085;25
1086;25
1087;32
1088;37
1089;26
1090;29
1091;24
1092;22
1093;27
1094;21
1095;32
1096;26
1097;21
1098;25
1099;37
1100;22
1101;31
1102;21
1103;20
1104;28
1105;27
1106;26
1107;25
1108;27
1109;23
1110;19
1111;28
1112;28
1113;25
1114;27
1115;26
1116;20
1117;31
1118;30
1119;26
1120;23
1121;22
1122;22
1123;31
1124;22
1125;24
1126;27
1127;21
1128;26
1129;22
1130;24
1131;29
1132;21
1133;32
1134;26
1135;31
1136;34
1137;16
1138;21
1139;28
1140;18
1141;16
1142;32
1143;36
1144;28
1145;25
1146;23
1147;29
1148;21
1149;30
1150;16
1151;23
1152;28
1153;27
1154;28
1155;29
1156;22
1157;22
1158;16
1159;34
1160;24
1161;28
1162;23
1163;29
1164;27
1165;35
1166;31
1167;21
1168;22
1169;21
1170;20
1171;15
1172;25
1173;23
1174;20
1175;19
1176;25
1177;32
1178;20
1179;34
1180;28
1181;30
1182;26
1183;21
1184;36
1185;22
1186;23
1187;21
1188;21
1189;21
1190;29
1191;31
1192;29
1193;26
1194;20
1195;23
1196;24
1197;21
1198;26
1199;17
1200;20
1201;25
1202;16
1203;24
1204;21
1205;22
1206;21
1207;21
1208;24
1209;30
1210;20
1211;17
1212;29
1213;14
1214;23
1215;21
1216;17
1217;24
1218;19
1219;27
1220;23
1221;24
1222;24
1223;19
1224;27
1225;22
1226;18
1227;27
1228;27
1229;26
1230;26
1231;22
1232;21
1233;27
1234;41
1235;50
1236;46
1237;47
1238;68
1239;65
1240;46
1241;33
1242;18
1243;17
1244;17
1245;21
1246;19
1247;28
1248;17
1249;31
1250;24
1251;19
1252;27
1253;24
1254;20
1255;31
1256;33
1257;29
1258;25
1259;18
1260;23
1261;28
1262;21
1263;15
1264;20
1265;21
1266;19
1267;18
1268;28
1269;31
1270;22
1271;25
1272;19
1273;25
1274;14
1275;14
1276;15
1277;16
1278;18
1279;19
1280;22
1281;12
1282;28
1283;28
1284;21
1285;16
1286;20
1287;28
1288;19
1289;18
1290;19
1291;20
1292;12
1293;23
1294;18
1295;18
1296;27
1297;15
1298;20
1299;17
1300;17
1301;21
1302;20
1303;21
1304;9
1305;16
1306;24
1307;20
1308;23
1309;16
1310;16
1311;27
1312;18
1313;11
1314;21
1315;13
1316;16
1317;24
1318;21
1319;21
1320;13
1321;17
1322;11
1323;17
1324;20
1325;16
1326;14
1327;18
1328;14
1329;23
1330;19
1331;16
1332;19
1333;14
1334;18
1335;17
1336;17
1337;21
1338;15
1339;18
1340;19
1341;14
1342;22
1343;25
1344;16
1345;16
1346;15
1347;10
1348;16
1349;15
1350;20
1351;16
1352;16
1353;14
1354;14
1355;17
1356;9
1357;15
1358;19
1359;11
1360;15
1361;18
1362;16
1363;19
1364;17
1365;16
1366;21
1367;18
1368;15
1369;15
1370;21
1371;14
1372;16
1373;14
1374;11
1375;13
1376;11
1377;12
1378;18
1379;16
1380;11
1381;14
1382;16
1383;18
1384;6
1385;10
1386;14
1387;13
1388;24
1389;20
1390;18
1391;17
1392;20
1393;18
1394;19
1395;20
1396;17
1397;14
1398;20
1399;12
1400;17
1401;11
1402;14
1403;16
1404;19
1405;21
1406;20
1407;26
1408;20
1409;15
1410;15
1411;14
1412;11
1413;24
1414;28
1415;15
1416;10
1417;18
1418;20
1419;16
1420;10
1421;23
1422;16
1423;20
1424;17
1425;23
1426;14
1427;9
1428;11
1429;8
1430;12
1431;16
1432;12
1433;16
1434;10
1435;20
1436;14
1437;18
1438;12
1439;13
1440;17
1441;16
1442;16
1443;12
1444;11
1445;16
1446;12
1447;9
1448;14
1449;15
1450;15
1451;18
1452;16
1453;16
1454;6
1455;13
1456;14
1457;13
1458;11
1459;15
1460;10
1461;12
1462;11
1463;18
1464;15
1465;12
1466;8
1467;14
1468;18
1469;15
1470;15
1471;9
1472;13
1473;17
1474;19
1475;9
1476;12
1477;17
1478;17
1479;21
1480;12
1481;10
1482;12
1483;12
1484;15
1485;7
1486;12
1487;10
1488;13
1489;15
1490;14
1491;14
1492;14
1493;12
1494;16
1495;10
1496;7
1497;9
1498;12
1499;17
1500;11
1501;14
1502;21
1503;12
1504;12
1505;17
1506;13
1507;14
1508;11
1509;10
1510;19
1511;11
1512;13
1513;14
1514;16
1515;13
1516;13
1517;7
1518;17
1519;11
1520;11
1521;13
1522;7
1523;14
1524;19
1525;19
1526;10
1527;8
1528;20
1529;11
1530;11
1531;13
1532;22
1533;20
1534;27
1535;33
1536;21
1537;14
1538;30
1539;22
1540;22
1541;16
1542;17
1543;14
1544;8
1545;15
1546;13
1547;12
1548;10
1549;7
1550;19
1551;11
1552;11
1553;6
1554;14
1555;9
1556;18
1557;12
1558;14
1559;19
1560;14
1561;17
1562;14
1563;12
1564;14
1565;21
1566;19
1567;12
1568;7
1569;15
1570;14
1571;9
1572;15
1573;12
1574;16
1575;11
1576;15
1577;13
1578;20
1579;11
1580;9
1581;6
1582;15
1583;10
1584;6
1585;10
1586;8
1587;10
1588;14
1589;8
1590;14
1591;8
1592;10
1593;8
1594;11
1595;12
1596;15
1597;9
1598;10
1599;5
1600;8
1601;11
1602;16
1603;16
1604;11
1605;15
1606;5
1607;14
1608;11
1609;11
1610;7
1611;9
1612;17
1613;8
1614;12
1615;9
1616;12
1617;12
1618;8
1619;17
1620;7
1621;14
1622;10
1623;10
1624;11
1625;16
1626;8
1627;10
1628;6
1629;13
1630;7
1631;11
1632;13
1633;13
1634;7
1635;11
1636;6
1637;14
1638;11
1639;8
1640;14
1641;9
1642;16
1643;11
1644;16
1645;14
1646;11
1647;15
1648;10
1649;9
1650;9
1651;11
1652;8
1653;11
1654;10
1655;7
1656;9
1657;5
1658;9
1659;4
1660;16
1661;7
1662;11
1663;12
1664;16
1665;16
1666;19
1667;7
1668;8
1669;12
1670;7
1671;11
1672;9
1673;8
1674;13
1675;12
1676;11
1677;8
1678;13
1679;10
1680;11
1681;12
1682;11
1683;12
1684;12
1685;8
1686;13
1687;6
1688;12
1689;12
1690;11
1691;15
1692;10
1693;9
1694;7
1695;6
1696;6
1697;11
1698;8
1699;7
1700;7
1701;8
1702;17
1703;19
1704;8
1705;9
1706;20
1707;14
1708;16
1709;11
1710;13
1711;7
1712;15
1713;7
1714;12
1715;11
1716;12
1717;9
1718;7
1719;11
1720;13
1721;8
1722;2
1723;14
1724;9
1725;8
1726;9
1727;14
1728;14
1729;11
1730;18
1731;10
1732;10
1733;16
1734;8
1735;14
1736;9
1737;6
1738;10
1739;7
1740;9
1741;11
1742;11
1743;3
1744;15
1745;10
1746;3
1747;6
1748;8
1749;17
1750;10
1751;1
1752;7
1753;9
1754;7
1755;7
1756;8
1757;10
1758;6
1759;13
1760;14
1761;22
1762;9
1763;18
1764;17
1765;25
1766;22
1767;10
1768;13
1769;10
1770;11
1771;7
1772;9
1773;16
1774;9
1775;8
1776;13
1777;12
1778;11
1779;10
1780;8
1781;11
1782;11
1783;7
1784;6
1785;5
1786;7
1787;12
1788;7
1789;15
1790;6
1791;8
1792;10
1793;9
1794;12
1795;4
1796;10
1797;13
1798;6
1799;9
1800;7
1801;5
1802;9
1803;9
1804;7
1805;10
1806;7
1807;6
1808;10
1809;3
1810;8
1811;4
1812;12
1813;11
1814;14
1815;9
1816;5
1817;11
1818;12
1819;7
1820;13
1821;8
1822;10
1823;7
1824;12
1825;12
1826;6
1827;12
1828;10
1829;15
1830;15
1831;14
1832;17
1833;21
1834;30
1835;33
1836;38
1837;26
1838;38
1839;20
1840;16
1841;10
1842;9
1843;17
1844;5
1845;6
1846;10
1847;11
1848;11
1849;9
1850;2
1851;10
1852;9
1853;7
1854;12
1855;10
1856;10
1857;8
1858;11
1859;4
1860;7
1861;11
1862;10
1863;14
1864;7
1865;9
1866;7
1867;11
1868;10
1869;9
1870;10
1871;9
1872;7
1873;6
1874;16
1875;10
1876;7
1877;8
1878;8
1879;8
1880;10
1881;9
1882;7
1883;5
1884;13
1885;10
1886;8
1887;8
1888;9
1889;6
1890;6
1891;10
1892;10
1893;5
1894;10
1895;13
1896;8
1897;1
1898;11
1899;6
1900;12
1901;8
1902;10
1903;11
1904;8
1905;7
1906;9
1907;7
1908;8
1909;12
1910;3
1911;7
1912;6
1913;10
1914;10
1915;8
1916;8
1917;10
1918;7
1919;6
1920;4
1921;12
1922;8
1923;11
1924;11
1925;11
1926;6
1927;4
1928;6
1929;8
1930;5
1931;6
1932;7
1933;10
1934;4
1935;6
1936;4
1937;11
1938;9
1939;8
1940;11
1941;3
1942;6
1943;8
1944;8
1945;10
1946;5
1947;6
1948;13
1949;6
1950;8
1951;4
1952;8
1953;10
1954;13
1955;9
1956;9
1957;4
1958;7
1959;6
1960;5
1961;8
1962;6
1963;8
1964;6
1965;8
1966;14
1967;7
1968;11
1969;15
1970;5
1971;4
1972;6
1973;8
1974;4
1975;5
1976;10
1977;5
1978;6
1979;11
1980;10
1981;4
1982;10
1983;13
1984;15
1985;8
1986;10
1987;5
1988;3
1989;6
1990;3
1991;9
1992;7
1993;12
1994;10
1995;8
1996;8
1997;10
1998;6
1999;9
2000;7
2001;11
2002;7
2003;5
2004;3
2005;9
2006;7
2007;7
2008;9
2009;8
2010;12
2011;4
2012;4
2013;5
2014;10
2015;7
2016;7
2017;4
2018;7
2019;7
2020;5
2021;4
2022;4
2023;6
2024;8
2025;5
2026;9
2027;7
2028;5
2029;7
2030;7
2031;6
2032;5
2033;7
2034;7
2035;8
2036;9
2037;6
2038;10
2039;11
2040;8
2041;3
2042;4
2043;8
2044;8
2045;9
2046;6
2047;5
2048;7
2049;7
2050;6
2051;6
2052;6
2053;4
2054;4
2055;6
2056;6
2057;4
2058;9
2059;10
2060;3
2061;7
2062;5
2063;10
2064;13
2065;10
2066;7
2067;8
2068;4
2069;7
2070;9
2071;9
2072;10
2073;6
2074;8
2075;7
2076;7
2077;8
2078;7
2079;13
2080;8
2081;8
2082;5
2083;6
2084;7
2085;6
2086;4
2087;8
2088;4
2089;7
2090;7
2091;3
2092;6
2093;7
2094;6
2095;8
2096;5
2097;8
2098;5
2099;11
2100;8
2101;9
2102;8
2103;7
2104;4
2105;10
2106;9
2107;7
2108;8
2109;9
2110;9
2111;3
2112;7
2113;2
2114;8
2115;6
2116;5
2117;4
2118;3
2119;6
2120;5
2121;7
2122;2
2123;6
2124;5
2125;7
2126;4
2127;7
2128;4
2129;4
2130;5
2131;9
2132;13
2133;6
2134;8
2135;9
2136;7
2137;15
2138;5
2139;6
2140;6
2141;9
2142;8
2143;6
2144;8
2145;6
2146;7
2147;11
2148;9
2149;5
2150;10
2151;13
2152;5
2153;4
2154;6
2155;7
2156;7
2157;4
2158;6
2159;4
2160;10
2161;6
2162;5
2163;9
2164;0
2165;2
2166;4
2167;4
2168;8
2169;5
2170;9
2171;5
2172;8
2173;5
2174;13
2175;2
2176;11
2177;7
2178;13
2179;3
2180;6
2181;6
2182;7
2183;4
2184;7
2185;2
2186;9
2187;5
2188;4
2189;5
2190;7
2191;4
2192;4
2193;1
2194;6
2195;6
2196;6
2197;7
2198;7
2199;2
2200;4
2201;9
2202;6
2203;5
2204;7
2205;3
2206;5
2207;7
2208;6
2209;11
2210;8
2211;6
2212;3
2213;3
2214;3
2215;5
2216;6
2217;13
2218;5
2219;2
2220;5
2221;5
2222;5
2223;7
2224;4
2225;2
2226;11
2227;8
2228;5
2229;9
2230;4
2231;2
2232;9
2233;6
2234;5
2235;3
2236;9
2237;7
2238;5
2239;2
2240;2
2241;9
2242;9
2243;9
2244;5
2245;8
2246;3
2247;3
2248;8
2249;2
2250;15
2251;5
2252;4
2253;6
2254;14
2255;3
2256;5
2257;7
2258;5
2259;6
2260;4
2261;9
2262;3
2263;4
2264;4
2265;7
2266;5
2267;7
2268;9
2269;6
2270;4
2271;5
2272;3
2273;7
2274;8
2275;5
2276;8
2277;5
2278;5
2279;2
2280;6
2281;4
2282;7
2283;6
2284;5
2285;6
2286;10
2287;4
2288;9
2289;9
2290;2
2291;8
2292;5
2293;2
2294;3
2295;7
2296;8
2297;7
2298;4
2299;4
2300;10
2301;5
2302;5
2303;7
2304;5
2305;3
2306;3
2307;8
2308;5
2309;9
2310;9
2311;4
2312;6
2313;3
2314;3
2315;4
2316;8
2317;5
2318;9
2319;8
2320;6
2321;4
2322;5
2323;4
2324;5
2325;5
2326;3
2327;8
2328;6
2329;5
2330;7
2331;4
2332;8
2333;7
2334;4
2335;2
2336;2
2337;3
2338;12
2339;6
2340;4
2341;5
2342;4
2343;9
2344;7
2345;4
2346;6
2347;7
2348;5
2349;6
2350;2
2351;4
2352;7
2353;11
2354;6
2355;7
2356;8
2357;3
2358;3
2359;8
2360;4
2361;7
2362;4
2363;1
2364;6
2365;8
2366;5
2367;4
2368;5
2369;7
2370;3
2371;4
2372;7
2373;5
2374;4
2375;3
2376;5
2377;9
2378;5
2379;7
2380;4
2381;5
2382;6
2383;4
2384;8
2385;7
2386;5
2387;12
2388;3
2389;4
2390;10
2391;5
2392;7
2393;4
2394;5
2395;6
2396;8
2397;6
2398;5
2399;9
2400;4
2401;11
2402;3
2403;9
2404;5
2405;2
2406;6
2407;6
2408;7
2409;8
2410;8
2411;4
2412;5
2413;6
2414;4
2415;3
2416;8
2417;7
2418;8
2419;8
2420;5
2421;6
2422;6
2423;6
2424;8
2425;7
2426;2
2427;7
2428;6
2429;5
2430;6
2431;1
2432;6
2433;6
2434;2
2435;5
2436;4
2437;3
2438;3
2439;4
2440;5
2441;4
2442;1
2443;5
2444;4
2445;6
2446;3
2447;6
2448;5
2449;3
2450;8
2451;5
2452;7
2453;3
2454;6
2455;2
2456;4
2457;7
2458;3
2459;5
2460;5
2461;5
2462;3
2463;7
2464;1
2465;3
2466;5
2467;5
2468;4
2469;3
2470;5
2471;7
2472;3
2473;3
2474;9
2475;3
2476;3
2477;4
2478;5
2479;2
2480;6
2481;3
2482;2
2483;5
2484;4
2485;4
2486;5
2487;2
2488;5
2489;6
2490;2
2491;1
2492;2
2493;3
2494;3
2495;4
2496;3
2497;8
2498;7
2499;3
2500;5
2501;5
2502;11
2503;8
2504;3
2505;7
2506;3
2507;1
2508;8
2509;7
2510;5
2511;4
2512;4
2513;5
2514;6
2515;2
2516;3
2517;4
2518;5
2519;5
2520;5
2521;4
2522;3
2523;5
2524;1
2525;4
2526;4
2527;2
2528;4
2529;8
2530;3
2531;9
2532;8
2533;4
2534;3
2535;1
2536;8
2537;3
2538;4
2539;7
2540;3
2541;6
2542;5
2543;5
2544;4
2545;3
2546;4
2547;4
2548;3
2549;4
2550;6
2551;4
2552;5
2553;2
2554;8
2555;1
2556;4
2557;4
2558;6
2559;8
2560;1
2561;5
2562;4
2563;10
2564;3
2565;4
2566;7
2567;4
2568;4
2569;2
2570;4
2571;6
2572;3
2573;5
2574;6
2575;3
2576;6
2577;5
2578;2
2579;3
2580;2
2581;4
2582;8
2583;5
2584;0
2585;3
2586;5
2587;4
2588;5
2589;6
2590;3
2591;4
2592;4
2593;6
2594;3
2595;5
2596;5
2597;8
2598;3
2599;3
2600;6
2601;3
2602;5
2603;6
2604;3
2605;5
2606;5
2607;10
2608;5
2609;8
2610;0
2611;2
2612;2
2613;2
2614;3
2615;2
2616;2
2617;4
2618;5
2619;3
2620;7
2621;2
2622;4
2623;5
2624;5
2625;2
2626;3
2627;4
2628;9
2629;2
2630;5
2631;2
2632;5
2633;3
2634;2
2635;2
2636;5
2637;3
2638;9
2639;5
2640;8
2641;2
2642;2
2643;3
2644;3
2645;4
2646;10
2647;3
2648;6
2649;6
2650;3
2651;4
2652;5
2653;5
2654;5
2655;5
2656;2
2657;8
2658;6
2659;7
2660;5
2661;4
2662;2
2663;10
2664;4
2665;2
2666;3
2667;5
2668;7
2669;8
2670;6
2671;8
2672;13
2673;9
2674;9
2675;14
2676;8
2677;14
2678;15
2679;5
2680;4
2681;6
2682;5
2683;4
2684;3
2685;8
2686;3
2687;1
2688;0
2689;5
2690;4
2691;4
2692;2
2693;3
2694;6
2695;3
2696;3
2697;5
2698;3
2699;6
2700;8
2701;4
2702;6
2703;4
2704;0
2705;6
2706;3
2707;4
2708;3
2709;3
2710;4
2711;7
2712;4
2713;3
2714;4
2715;3
2716;6
2717;5
2718;5
2719;7
2720;7
2721;2
2722;7
2723;5
2724;6
2725;2
2726;3
2727;4
2728;5
2729;3
2730;3
2731;6
2732;7
2733;4
2734;4
2735;3
2736;5
2737;2
2738;6
2739;2
2740;2
2741;4
2742;5
2743;2
2744;7
2745;4
2746;3
2747;7
2748;5
2749;5
2750;3
2751;2
2752;10
2753;4
2754;5
2755;3
2756;4
2757;4
2758;5
2759;5
2760;4
2761;2
2762;3
2763;3
2764;2
2765;1
2766;3
2767;3
2768;5
2769;2
2770;5
2771;5
2772;6
2773;1
2774;7
2775;5
2776;4
2777;6
2778;5
2779;3
2780;4
2781;4
2782;5
2783;7
2784;3
2785;3
2786;3
2787;5
2788;5
2789;6
2790;4
2791;4
2792;3
2793;2
2794;11
2795;3
2796;5
2797;3
2798;1
2799;1
2800;3
2801;3
2802;2
2803;0
2804;3
2805;4
2806;5
2807;7
2808;5
2809;4
2810;6
2811;5
2812;7
2813;4
2814;1
2815;3
2816;7
2817;3
2818;2
2819;5
2820;0
2821;3
2822;2
2823;5
2824;8
2825;3
2826;6
2827;2
2828;10
2829;3
2830;2
2831;3
2832;5
2833;2
2834;2
2835;3
2836;3
2837;3
2838;4
2839;2
2840;4
2841;6
2842;1
2843;3
2844;2
2845;5
2846;4
2847;7
2848;4
2849;2
2850;4
2851;5
2852;8
2853;3
2854;3
2855;2
2856;1
2857;2
2858;1
2859;6
2860;4
2861;3
2862;3
2863;5
2864;4
2865;5
2866;3
2867;4
2868;2
2869;4
2870;4
2871;1
2872;2
2873;1
2874;3
2875;5
2876;3
2877;3
2878;0
2879;3
2880;4
2881;3
2882;3
2883;5
2884;6
2885;1
2886;9
2887;5
2888;1
2889;3
2890;6
2891;5
2892;5
2893;3
2894;3
2895;5
2896;5
2897;3
2898;4
2899;6
2900;7
2901;1
2902;3
2903;4
2904;4
2905;2
2906;2
2907;5
2908;2
2909;3
2910;3
2911;6
2912;6
2913;2
2914;5
2915;3
2916;6
2917;2
2918;2
2919;4
2920;5
2921;4
2922;4
2923;5
2924;3
2925;2
2926;4
2927;2
2928;3
2929;3
2930;3
2931;1
2932;3
2933;4
2934;3
2935;5
2936;5
2937;2
2938;5
2939;2
2940;3
2941;4
2942;3
2943;3
2944;1
2945;3
2946;4
2947;2
2948;0
2949;4
2950;3
2951;6
2952;4
2953;4
2954;4
2955;4
2956;2
2957;2
2958;5
2959;3
2960;5
2961;4
2962;3
2963;4
2964;1
2965;1
2966;2
2967;4
2968;5
2969;3
2970;3
2971;3
2972;5
2973;6
2974;3
2975;5
2976;3
2977;4
2978;7
2979;4
2980;5
2981;3
2982;4
2983;2
2984;1
2985;2
2986;2
2987;4
2988;5
2989;2
2990;1
2991;4
2992;5
2993;5
2994;5
2995;2
2996;2
2997;7
2998;9
2999;1
3000;3
3001;4
3002;5
3003;3
3004;3
3005;5
3006;1
3007;1
3008;4
3009;2
3010;2
3011;5
3012;6
3013;2
3014;4
3015;7
3016;3
3017;0
3018;4
3019;2
3020;5
3021;0
3022;2
3023;6
3024;3
3025;6
3026;3
3027;3
3028;3
3029;5
3030;6
3031;3
3032;4
3033;4
3034;7
3035;3
3036;3
3037;5
3038;5
3039;1
3040;2
3041;3
3042;4
3043;1
3044;3
3045;4
3046;2
3047;5
3048;2
3049;4
3050;9
3051;11
3052;9
3053;11
3054;17
3055;19
3056;23
3057;16
3058;18
3059;21
3060;11
3061;8
3062;7
3063;8
3064;8
3065;2
3066;3
3067;6
3068;5
3069;1
3070;2
3071;5
3072;2
3073;6
3074;3
3075;5
3076;2
3077;2
3078;2
3079;3
3080;0
3081;5
3082;6
3083;0
3084;5
3085;5
3086;6
3087;3
3088;5
3089;2
3090;5
3091;2
3092;2
3093;4
3094;2
3095;3
3096;5
3097;4
3098;8
3099;3
3100;4
3101;6
3102;6
3103;5
3104;4
3105;3
3106;4
3107;6
3108;5
3109;0
3110;1
3111;4
3112;4
3113;2
3114;4
3115;1
3116;6
3117;1
3118;4
3119;1
3120;6
3121;3
3122;3
3123;6
3124;2
3125;2
3126;5
3127;4
3128;3
3129;1
3130;4
3131;2
3132;2
3133;1
3134;1
3135;5
3136;2
3137;5
3138;3
3139;4
3140;3
3141;1
3142;3
3143;3
3144;6
3145;0
3146;5
3147;1
3148;2
3149;5
3150;2
3151;4
3152;5
3153;5
3154;1
3155;1
3156;0
3157;1
3158;5
3159;2
3160;2
3161;2
3162;2
3163;4
3164;6
3165;5
3166;2
3167;5
3168;2
3169;5
3170;5
3171;5
3172;2
3173;2
3174;1
3175;5
3176;3
3177;4
3178;2
3179;6
3180;4
3181;4
3182;1
3183;2
3184;3
3185;2
3186;7
3187;6
3188;7
3189;8
3190;14
3191;13
3192;22
3193;28
3194;17
3195;23
3196;23
3197;10
3198;14
3199;16
3200;8
3201;8
3202;8
3203;5
3204;5
3205;2
3206;4
3207;3
3208;5
3209;3
3210;2
3211;2
3212;1
3213;4
3214;1
3215;4
3216;5
3217;5
3218;3
3219;2
3220;4
3221;2
3222;4
3223;2
3224;4
3225;4
3226;0
3227;7
3228;2
3229;3
3230;3
3231;3
3232;4
3233;3
3234;1
3235;5
3236;3
3237;5
3238;4
3239;2
3240;2
3241;0
3242;1
3243;6
3244;0
3245;3
3246;2
3247;2
3248;2
3249;2
3250;7
3251;5
3252;2
3253;1
3254;3
3255;2
3256;0
3257;4
3258;5
3259;2
3260;4
3261;1
3262;4
3263;5
3264;3
3265;4
3266;1
3267;3
3268;3
3269;4
3270;3
3271;1
3272;9
3273;2
3274;3
3275;2
3276;2
3277;6
3278;3
3279;1
3280;2
3281;3
3282;1
3283;4
3284;4
3285;3
3286;3
3287;6
3288;2
3289;5
3290;4
3291;6
3292;2
3293;6
3294;2
3295;2
3296;2
3297;1
3298;3
3299;3
3300;5
3301;1
3302;2
3303;1
3304;8
3305;1
3306;3
3307;0
3308;3
3309;5
3310;3
3311;4
3312;3
3313;3
3314;5
3315;2
3316;2
3317;7
3318;2
3319;4
3320;3
3321;4
3322;2
3323;4
3324;6
3325;1
3326;1
3327;2
3328;4
3329;8
3330;4
3331;3
3332;3
3333;5
3334;1
3335;5
3336;2
3337;4
3338;6
3339;5
3340;2
3341;2
3342;2
3343;3
3344;2
3345;6
3346;3
3347;2
3348;3
3349;3
3350;3
3351;1
3352;2
3353;2
3354;5
3355;1
3356;1
3357;6
3358;4
3359;3
3360;4
3361;5
3362;1
3363;1
3364;3
3365;4
3366;0
3367;5
3368;4
3369;7
3370;5
3371;1
3372;3
3373;4
3374;6
3375;0
3376;3
3377;3
3378;5
3379;5
3380;0
3381;4
3382;2
3383;6
3384;2
3385;7
3386;1
3387;5
3388;0
3389;4
3390;1
3391;2
3392;3
3393;4
3394;6
3395;2
3396;1
3397;1
3398;3
3399;3
3400;4
3401;4
3402;2
3403;2
3404;5
3405;4
3406;4
3407;1
3408;5
3409;2
3410;1
3411;3
3412;1
3413;4
3414;2
3415;1
3416;3
3417;2
3418;2
3419;4
3420;3
3421;0
3422;6
3423;1
3424;2
3425;1
3426;7
3427;7
3428;1
3429;4
3430;0
3431;1
3432;4
3433;5
3434;1
3435;1
3436;3
3437;4
3438;2
3439;0
3440;3
3441;3
3442;1
3443;0
3444;2
3445;2
3446;1
3447;5
3448;4
3449;2
3450;3
3451;2
3452;3
3453;4
3454;4
3455;3
3456;3
3457;4
3458;2
3459;2
3460;6
3461;3
3462;2
3463;3
3464;7
3465;2
3466;3
3467;8
3468;5
3469;4
3470;9
3471;8
3472;6
3473;4
3474;8
3475;9
3476;2
3477;2
3478;4
3479;2
3480;4
3481;2
3482;3
3483;3
3484;4
3485;1
3486;2
3487;4
3488;1
3489;2
3490;5
3491;4
3492;2
3493;2
3494;4
3495;1
3496;1
3497;1
3498;2
3499;2
3500;4
3501;2
3502;5
3503;4
3504;1
3505;1
3506;4
3507;3
3508;4
3509;4
3510;5
3511;1
3512;1
3513;4
3514;3
3515;1
3516;3
3517;5
3518;3
3519;4
3520;2
3521;1
3522;4
3523;1
3524;1
3525;2
3526;4
3527;1
3528;7
3529;3
3530;3
3531;3
3532;2
3533;3
3534;3
3535;3
3536;4
3537;4
3538;4
3539;1
3540;3
3541;6
3542;4
3543;3
3544;3
3545;3
3546;2
3547;3
3548;3
3549;7
3550;0
3551;4
3552;2
3553;2
3554;2
3555;2
3556;3
3557;4
3558;2
3559;0
3560;3
3561;1
3562;1
3563;7
3564;1
3565;7
3566;1
3567;4
3568;3
3569;1
3570;1
3571;1
3572;2
3573;2
3574;1
3575;2
3576;4
3577;2
3578;4
3579;3
3580;1
3581;9
3582;1
3583;4
3584;1
3585;1
3586;1
3587;4
3588;1
3589;3
3590;1
3591;1
3592;2
3593;3
3594;2
3595;2
3596;7
3597;4
3598;2
3599;6
3600;4
3601;2
3602;3
3603;2
3604;0
3605;3
3606;3
3607;5
3608;2
3609;1
3610;2
3611;3
3612;1
3613;3
3614;2
3615;2
3616;3
3617;6
3618;4
3619;3
3620;2
3621;5
3622;1
3623;5
3624;1
3625;5
3626;6
3627;3
3628;1
3629;0
3630;2
3631;4
3632;4
3633;2
3634;2
3635;2
3636;0
3637;3
3638;5
3639;0
3640;2
3641;2
3642;4
3643;6
3644;5
3645;1
3646;4
3647;3
3648;4
3649;2
3650;5
3651;3
3652;7
3653;4
3654;2
3655;3
3656;3
3657;5
3658;2
3659;2
3660;1
3661;1
3662;1
3663;2
3664;4
3665;5
3666;2
3667;3
3668;3
3669;1
3670;4
3671;2
3672;3
3673;4
3674;1
3675;1
3676;2
3677;1
3678;1
3679;1
3680;2
3681;4
3682;1
3683;5
3684;2
3685;3
3686;6
3687;3
3688;2
3689;3
3690;2
3691;5
3692;4
3693;3
3694;4
3695;0
3696;1
3697;3
3698;1
3699;1
3700;2
3701;2
3702;3
3703;3
3704;6
3705;4
3706;4
3707;3
3708;2
3709;2
3710;3
3711;1
3712;5
3713;4
3714;1
3715;3
3716;3
3717;3
3718;5
3719;2
3720;2
3721;5
3722;3
3723;1
3724;1
3725;1
3726;3
3727;4
3728;1
3729;5
3730;6
3731;1
3732;1
3733;3
3734;3
3735;0
3736;4
3737;5
3738;4
3739;0
3740;3
3741;1
3742;2
3743;2
3744;4
3745;2
3746;2
3747;3
3748;0
3749;1
3750;0
3751;3
3752;2
3753;0
3754;4
3755;2
3756;3
3757;2
3758;1
3759;1
3760;1
3761;4
3762;5
3763;4
3764;5
3765;2
3766;3
3767;1
3768;6
3769;2
3770;5
3771;2
3772;2
3773;1
3774;2
3775;4
3776;3
3777;1
3778;4
3779;1
3780;7
3781;4
3782;4
3783;1
3784;3
3785;3
3786;6
3787;2
3788;2
3789;2
3790;3
3791;1
3792;2
3793;4
3794;3
3795;1
3796;1
3797;2
3798;0
3799;2
3800;3
3801;1
3802;7
3803;2
3804;0
3805;4
3806;4
3807;3
3808;1
3809;6
3810;3
3811;0
3812;1
3813;3
3814;8
3815;4
3816;4
3817;7
3818;2
3819;7
3820;6
3821;4
3822;2
3823;2
3824;3
3825;3
3826;3
3827;2
3828;6
3829;1
3830;2
3831;0
3832;3
3833;3
3834;4
3835;3
3836;1
3837;2
3838;4
3839;1
3840;1
3841;0
3842;3
3843;3
3844;3
3845;1
3846;4
3847;3
3848;0
3849;2
3850;2
3851;4
3852;5
3853;1
3854;2
3855;3
3856;1
3857;2
3858;4
3859;0
3860;0
3861;1
3862;2
3863;5
3864;1
3865;1
3866;2
3867;3
3868;4
3869;5
3870;0
3871;2
3872;1
3873;1
3874;1
3875;7
3876;1
3877;5
3878;5
3879;4
3880;1
3881;1
3882;1
3883;8
3884;3
3885;2
3886;0
3887;3
3888;4
3889;5
3890;1
3891;2
3892;7
3893;3
3894;2
3895;6
3896;3
3897;3
3898;2
3899;4
3900;1
3901;2
3902;2
3903;4
3904;0
3905;6
3906;3
3907;1
3908;2
3909;0
3910;2
3911;4
3912;2
3913;0
3914;4
3915;4
3916;2
3917;3
3918;2
3919;2
3920;2
3921;0
3922;1
3923;4
3924;5
3925;3
3926;1
3927;1
3928;9
3929;4
3930;2
3931;2
3932;0
3933;2
3934;3
3935;3
3936;3
3937;1
3938;2
3939;1
3940;5
3941;4
3942;1
3943;4
3944;0
3945;3
3946;1
3947;4
3948;1
3949;2
3950;3
3951;3
3952;1
3953;2
3954;4
3955;4
3956;4
3957;2
3958;3
3959;3
3960;2
3961;0
3962;4
3963;2
3964;2
3965;5
3966;2
3967;5
3968;2
3969;3
3970;5
3971;4
3972;3
3973;4
3974;1
3975;1
3976;6
3977;2
3978;2
3979;2
3980;3
3981;1
3982;0
3983;5
3984;2
3985;3
3986;1
3987;4
3988;5
3989;4
3990;1
3991;0
3992;2
3993;2
3994;0
3995;0
3996;1
3997;3
3998;5
3999;1
4000;0
4001;0
4002;3
4003;4
4004;1
4005;1
4006;3
4007;3
4008;3
4009;1
4010;3
4011;1
4012;7
4013;1
4014;2
4015;1
4016;4
4017;3
4018;4
4019;3
4020;1
4021;2
4022;3
4023;0
4024;4
4025;3
4026;7
4027;3
4028;2
4029;4
4030;4
4031;2
4032;2
4033;5
4034;6
4035;3
4036;3
4037;6
4038;5
4039;1
4040;0
4041;2
4042;3
4043;3
4044;3
4045;1
4046;2
4047;4
4048;2
4049;6
4050;1
4051;2
4052;3
4053;0
4054;5
4055;3
4056;5
4057;2
4058;0
4059;2
4060;3
4061;2
4062;3
4063;1
4064;3
4065;1
4066;1
4067;0
4068;4
4069;1
4070;3
4071;1
4072;0
4073;2
4074;1
4075;0
4076;3
4077;2
4078;4
4079;1
4080;3
4081;0
4082;2
4083;2
4084;4
4085;2
4086;3
4087;5
4088;0
4089;1
4090;3
4091;1
4092;1
4093;5
4094;1
4095;4
4096;1
4097;1
4098;1
4099;4
4100;1
4101;3
4102;7
4103;2
4104;0
4105;4
4106;3
4107;3
4108;3
4109;1
4110;1
4111;2
4112;1
4113;2
4114;3
4115;3
4116;4
4117;1
4118;1
4119;0
4120;3
4121;4
4122;3
4123;4
4124;1
4125;4
4126;2
4127;4
4128;3
4129;2
4130;2
4131;4
4132;1
4133;0
4134;1
4135;0
4136;2
4137;2
4138;3
4139;2
4140;1
4141;2
4142;1
4143;5
4144;0
4145;5
4146;0
4147;1
4148;0
4149;1
4150;1
4151;1
4152;2
4153;2
4154;3
4155;0
4156;0
4157;1
4158;4
4159;3
4160;2
4161;3
4162;2
4163;4
4164;2
4165;1
4166;3
4167;2
4168;4
4169;3
4170;2
4171;2
4172;2
4173;4
4174;7
4175;3
4176;2
4177;3
4178;5
4179;0
4180;4
4181;6
4182;1
4183;0
4184;1
4185;3
4186;1
4187;2
4188;2
4189;0
4190;1
4191;1
4192;2
4193;4
4194;0
4195;3
4196;2
4197;2
4198;1
4199;5
4200;0
4201;1
4202;6
4203;4
4204;4
4205;2
4206;0
4207;2
4208;0
4209;2
4210;1
4211;2
4212;2
4213;2
4214;4
4215;0
4216;1
4217;0
4218;2
4219;2
4220;0
4221;1
4222;3
4223;2
4224;3
4225;0
4226;0
4227;2
4228;0
4229;0
4230;2
4231;2
4232;0
4233;3
4234;1
4235;4
4236;2
4237;2
4238;5
4239;1
4240;1
4241;0
4242;0
4243;1
4244;3
4245;7
4246;0
4247;0
4248;4
4249;4
4250;1
4251;1
4252;1
4253;1
4254;4
4255;3
4256;2
4257;0
4258;2
4259;2
4260;2
4261;4
4262;4
4263;2
4264;1
4265;2
4266;2
4267;1
4268;1
4269;2
4270;1
4271;2
4272;2
4273;3
4274;0
4275;3
4276;0
4277;0
4278;3
4279;4
4280;2
4281;1
4282;1
4283;2
4284;2
4285;1
4286;2
4287;2
4288;0
4289;3
4290;1
4291;2
4292;2
4293;0
4294;3
4295;0
4296;4
4297;1
4298;2
4299;3
4300;0
4301;1
4302;2
4303;2
4304;3
4305;1
4306;0
4307;2
4308;2
4309;1
4310;2
4311;2
4312;0
4313;3
4314;1
4315;2
4316;2
4317;1
4318;1
4319;1
4320;1
4321;1
4322;3
4323;1
4324;1
4325;0
4326;2
4327;0
4328;2
4329;0
4330;3
4331;1
4332;1
4333;2
4334;1
4335;3
4336;0
4337;4
4338;3
4339;0
4340;2
4341;2
4342;3
4343;6
4344;1
4345;3
4346;1
4347;5
4348;2
4349;4
4350;0
4351;5
4352;0
4353;2
4354;2
4355;4
4356;4
4357;7
4358;3
4359;4
4360;2
4361;3
4362;2
4363;2
4364;3
4365;2
4366;1
4367;2
4368;3
4369;1
4370;2
4371;2
4372;2
4373;3
4374;5
4375;3
4376;2
4377;2
4378;2
4379;2
4380;2
4381;0
4382;3
4383;2
4384;1
4385;5
4386;2
4387;2
4388;4
4389;2
4390;6
4391;1
4392;4
4393;5
4394;3
4395;2
4396;3
4397;2
4398;2
4399;2
4400;5
4401;0
4402;1
4403;3
4404;4
4405;0
4406;3
4407;0
4408;4
4409;3
4410;3
4411;2
4412;0
4413;2
4414;1
4415;1
4416;3
4417;4
4418;4
4419;3
4420;1
4421;2
4422;1
4423;5
4424;0
4425;0
4426;6
4427;3
4428;1
4429;1
4430;1
4431;2
4432;0
4433;2
4434;2
4435;3
4436;1
4437;2
4438;2
4439;3
4440;3
4441;2
4442;2
4443;5
4444;0
4445;2
4446;1
4447;0
4448;4
4449;1
4450;2
4451;2
4452;0
4453;6
4454;2
4455;1
4456;1
4457;0
4458;1
4459;3
4460;1
4461;0
4462;2
4463;2
4464;1
4465;2
4466;3
4467;4
4468;3
4469;2
4470;1
4471;1
4472;1
4473;3
4474;1
4475;1
4476;2
4477;1
4478;3
4479;2
4480;3
4481;1
4482;1
4483;2
4484;0
4485;6
4486;0
4487;1
4488;3
4489;0
4490;1
4491;0
4492;1
4493;2
4494;2
4495;5
4496;1
4497;2
4498;3
4499;1
4500;5
4501;1
4502;0
4503;1
4504;1
4505;2
4506;2
4507;2
4508;0
4509;1
4510;1
4511;1
4512;2
4513;3
4514;3
4515;3
4516;3
4517;3
4518;2
4519;5
4520;1
4521;3
4522;3
4523;5
4524;1
4525;2
4526;3
4527;2
4528;2
4529;2
4530;2
4531;4
4532;1
4533;0
4534;6
4535;2
4536;3
4537;2
4538;4
4539;2
4540;3
4541;0
4542;2
4543;2
4544;1
4545;1
4546;0
4547;4
4548;1
4549;3
4550;0
4551;1
4552;4
4553;2
4554;3
4555;4
4556;1
4557;0
4558;2
4559;3
4560;2
4561;4
4562;0
4563;1
4564;1
4565;1
4566;2
4567;0
4568;1
4569;2
4570;2
4571;0
4572;1
4573;0
4574;2
4575;1
4576;1
4577;1
4578;4
4579;0
4580;0
4581;1
4582;1
4583;0
4584;0
4585;1
4586;3
4587;2
4588;4
4589;1
4590;1
4591;2
4592;0
4593;2
4594;0
4595;1
4596;1
4597;2
4598;2
4599;1
4600;2
4601;4
4602;0
4603;2
4604;1
4605;5
4606;1
4607;1
4608;5
4609;2
4610;0
4611;1
4612;2
4613;2
4614;3
4615;3
4616;1
4617;3
4618;4
4619;3
4620;1
4621;3
4622;0
4623;1
4624;3
4625;1
4626;1
4627;0
4628;2
4629;3
4630;2
4631;1
4632;1
4633;1
4634;4
4635;1
4636;2
4637;2
4638;3
4639;2
4640;0
4641;3
4642;3
4643;1
4644;1
4645;3
4646;1
4647;0
4648;2
4649;3
4650;1
4651;0
4652;2
4653;1
4654;1
4655;1
4656;1
4657;1
4658;2
4659;3
4660;4
4661;2
4662;1
4663;4
4664;1
4665;3
4666;3
4667;3
4668;3
4669;1
4670;0
4671;3
4672;2
4673;1
4674;4
4675;1
4676;0
4677;2
4678;1
4679;3
4680;4
4681;2
4682;3
4683;1
4684;5
4685;2
4686;2
4687;4
4688;1
4689;4
4690;1
4691;1
4692;2
4693;1
4694;1
4695;2
4696;4
4697;4
4698;3
4699;0
4700;2
4701;2
4702;0
4703;1
4704;1
4705;1
4706;1
4707;1
4708;1
4709;1
4710;2
4711;1
4712;1
4713;1
4714;1
4715;2
4716;0
4717;3
4718;1
4719;1
4720;1
4721;1
4722;1
4723;0
4724;1
4725;3
4726;4
4727;2
4728;0
4729;2
4730;5
4731;1
4732;4
4733;4
4734;2
4735;0
4736;2
4737;5
4738;2
4739;2
4740;1
4741;5
4742;0
4743;1
4744;1
4745;3
4746;3
4747;2
4748;1
4749;0
4750;0
4751;1
4752;2
4753;2
4754;0
4755;1
4756;3
4757;0
4758;3
4759;2
4760;1
4761;5
4762;1
4763;3
4764;2
4765;2
4766;0
4767;1
4768;2
4769;1
4770;2
4771;1
4772;0
4773;1
4774;2
4775;1
4776;1
4777;2
4778;1
4779;3
4780;3
4781;2
4782;5
4783;1
4784;3
4785;2
4786;11
4787;13
4788;9
4789;9
4790;11
4791;14
4792;7
4793;8
4794;12
4795;9
4796;7
4797;4
4798;5
4799;2
4800;2
4801;1
4802;2
4803;3
4804;3
4805;1
4806;0
4807;2
4808;1
4809;1
4810;0
4811;1
4812;2
4813;1
4814;0
4815;2
4816;0
4817;1
4818;3
4819;2
4820;4
4821;2
4822;1
4823;1
4824;1
4825;2
4826;1
4827;3
4828;1
4829;2
4830;1
4831;1
4832;2
4833;3
4834;2
4835;0
4836;0
4837;1
4838;0
4839;2
4840;5
4841;0
4842;3
4843;0
4844;2
4845;0
4846;2
4847;2
4848;2
4849;2
4850;4
4851;2
4852;0
4853;2
4854;2
4855;3
4856;0
4857;1
4858;0
4859;4
4860;0
4861;2
4862;2
4863;2
4864;3
4865;1
4866;3
4867;0
4868;3
4869;0
4870;2
4871;1
4872;2
4873;1
4874;4
4875;2
4876;2
4877;4
4878;0
4879;1
4880;1
4881;1
4882;4
4883;2
4884;2
4885;2
4886;2
4887;2
4888;0
4889;0
4890;1
4891;0
4892;0
4893;2
4894;1
4895;0
4896;1
4897;1
4898;1
4899;3
4900;0
4901;3
4902;1
4903;1
4904;2
4905;0
4906;0
4907;3
4908;4
4909;2
4910;2
4911;3
4912;0
4913;1
4914;2
4915;1
4916;2
4917;1
4918;2
4919;4
4920;1
4921;3
4922;2
4923;2
4924;1
4925;3
4926;5
4927;3
4928;1
4929;1
4930;1
4931;1
4932;0
4933;2
4934;1
4935;4
4936;1
4937;1
4938;0
4939;4
4940;2
4941;1
4942;1
4943;1
4944;0
4945;1
4946;1
4947;3
4948;2
4949;0
4950;1
4951;1
4952;3
4953;2
4954;1
4955;3
4956;3
4957;2
4958;1
4959;0
4960;2
4961;1
4962;1
4963;0
4964;2
4965;1
4966;2
4967;2
4968;0
4969;1
4970;0
4971;2
4972;1
4973;4
4974;3
4975;2
4976;1
4977;3
4978;1
4979;1
4980;0
4981;0
4982;1
4983;4
4984;1
4985;0
4986;2
4987;3
4988;3
4989;7
4990;2
4991;3
4992;3
4993;2
4994;1
4995;4
4996;0
4997;1
4998;0
4999;3
5000;5
5001;3
5002;2
5003;3
5004;3
5005;1
5006;3
5007;1
5008;1
5009;0
5010;0
5011;1
5012;1
5013;1
5014;3
5015;1
5016;0
5017;1
5018;0
5019;2
5020;1
5021;2
5022;1
5023;2
5024;2
5025;2
5026;1
5027;4
5028;2
5029;2
5030;1
5031;2
5032;1
5033;3
5034;1
5035;1
5036;1
5037;0
5038;2
5039;0
5040;3
5041;6
5042;2
5043;2
5044;2
5045;1
5046;4
5047;1
5048;1
5049;1
5050;1
5051;0
5052;1
5053;2
5054;2
5055;1
5056;2
5057;4
5058;1
5059;4
5060;2
5061;1
5062;3
5063;1
5064;1
5065;1
5066;3
5067;5
5068;4
5069;2
5070;0
5071;3
5072;2
5073;6
5074;4
5075;5
5076;3
5077;2
5078;5
5079;3
5080;4
5081;1
5082;3
5083;0
5084;2
5085;1
5086;1
5087;6
5088;0
5089;5
5090;7
5091;5
5092;5
5093;4
5094;3
5095;8
5096;8
5097;10
5098;7
5099;16
5100;3
5101;6
5102;3
5103;4
5104;4
5105;3
5106;1
5107;3
5108;3
5109;3
5110;1
5111;3
5112;2
5113;3
5114;0
5115;0
5116;2
5117;0
5118;1
5119;0
5120;1
5121;2
5122;0
5123;2
5124;1
5125;3
5126;1
5127;2
5128;2
5129;2
5130;3
5131;1
5132;1
5133;3
5134;2
5135;0
5136;0
5137;1
5138;2
5139;0
5140;1
5141;1
5142;2
5143;0
5144;4
5145;0
5146;1
5147;2
5148;1
5149;1
5150;1
5151;0
5152;3
5153;1
5154;4
5155;3
5156;1
5157;2
5158;1
5159;2
5160;3
5161;0
5162;1
5163;1
5164;0
5165;2
5166;2
5167;1
5168;0
5169;1
5170;4
5171;1
5172;1
5173;1
5174;0
5175;0
5176;1
5177;1
5178;0
5179;2
5180;2
5181;5
5182;1
5183;1
5184;2
5185;2
5186;3
5187;3
5188;0
5189;2
5190;0
5191;3
5192;0
5193;5
5194;3
5195;1
5196;1
5197;2
5198;2
5199;4
5200;1
5201;1
5202;0
5203;2
5204;3
5205;1
5206;1
5207;1
5208;3
5209;3
5210;1
5211;3
5212;4
5213;1
5214;0
5215;3
5216;2
5217;2
5218;3
5219;1
5220;3
5221;3
5222;1
5223;3
5224;2
5225;2
5226;2
5227;1
5228;0
5229;2
5230;1
5231;2
5232;2
5233;2
5234;1
5235;0
5236;1
5237;1
5238;0
5239;0
5240;3
5241;2
5242;1
5243;1
5244;1
5245;3
5246;1
5247;0
5248;1
5249;2
5250;0
5251;2
5252;2
5253;0
5254;0
5255;0
5256;1
5257;1
5258;1
5259;3
5260;3
5261;2
5262;1
5263;3
5264;4
5265;1
5266;3
5267;3
5268;3
5269;0
5270;2
5271;1
5272;0
5273;3
5274;1
5275;4
5276;2
5277;2
5278;1
5279;2
5280;0
5281;2
5282;1
5283;3
5284;2
5285;3
5286;0
5287;0
5288;1
5289;2
5290;2
5291;1
5292;2
5293;2
5294;1
5295;3
5296;2
5297;1
5298;4
5299;2
5300;2
5301;3
5302;2
5303;2
5304;1
5305;4
5306;2
5307;0
5308;2
5309;2
5310;0
5311;2
5312;0
5313;3
5314;0
5315;3
5316;1
5317;1
5318;0
5319;0
5320;1
5321;0
5322;3
5323;3
5324;3
5325;2
5326;2
5327;1
5328;0
5329;0
5330;1
5331;1
5332;0
5333;1
5334;4
5335;2
5336;2
5337;0
5338;0
5339;0
5340;0
5341;1
5342;0
5343;0
5344;1
5345;1
5346;0
5347;3
5348;1
5349;2
5350;0
5351;1
5352;1
5353;3
5354;5
5355;4
5356;1
5357;1
5358;0
5359;0
5360;3
5361;0
5362;2
5363;1
5364;2
5365;0
5366;3
5367;1
5368;2
5369;3
5370;2
5371;3
5372;4
5373;3
5374;3
5375;1
5376;3
5377;1
5378;0
5379;1
5380;2
5381;1
5382;1
5383;1
5384;2
5385;1
5386;4
5387;4
5388;1
5389;3
5390;1
5391;1
5392;3
5393;0
5394;0
5395;3
5396;0
5397;1
5398;1
5399;1
5400;2
5401;0
5402;2
5403;1
5404;1
5405;3
5406;0
5407;3
5408;1
5409;0
5410;0
5411;0
5412;0
5413;1
5414;0
5415;4
5416;3
5417;1
5418;0
5419;0
5420;2
5421;2
5422;0
5423;0
5424;3
5425;0
5426;1
5427;2
5428;2
5429;0
5430;1
5431;0
5432;2
5433;1
5434;2
5435;2
5436;0
5437;0
5438;0
5439;2
5440;1
5441;1
5442;0
5443;4
5444;1
5445;0
5446;0
5447;0
5448;0
5449;1
5450;3
5451;1
5452;3
5453;2
5454;1
5455;2
5456;1
5457;0
5458;1
5459;4
5460;2
5461;3
5462;2
5463;3
5464;4
5465;3
5466;2
5467;0
5468;1
5469;4
5470;1
5471;4
5472;0
5473;1
5474;2
5475;0
5476;2
5477;1
5478;1
5479;1
5480;0
5481;0
5482;0
5483;2
5484;2
5485;3
5486;4
5487;2
5488;1
5489;1
5490;2
5491;1
5492;1
5493;0
5494;2
5495;1
5496;1
5497;3
5498;1
5499;1
5500;0
5501;1
5502;0
5503;0
5504;2
5505;0
5506;1
5507;1
5508;2
5509;3
5510;1
5511;1
5512;2
5513;1
5514;0
5515;3
5516;3
5517;4
5518;1
5519;1
5520;0
5521;0
5522;3
5523;1
5524;3
5525;2
5526;3
5527;2
5528;1
5529;2
5530;1
5531;2
5532;0
5533;4
5534;2
5535;2
5536;2
5537;2
5538;1
5539;0
5540;0
5541;1
5542;1
5543;3
5544;3
5545;2
5546;1
5547;0
5548;1
5549;2
5550;5
5551;3
5552;0
5553;0
5554;4
5555;1
5556;2
5557;1
5558;0
5559;2
5560;2
5561;1
5562;1
5563;1
5564;1
5565;1
5566;0
5567;2
5568;0
5569;2
5570;5
5571;2
5572;1
5573;1
5574;0
5575;0
5576;1
5577;3
5578;0
5579;0
5580;2
5581;0
5582;1
5583;1
5584;1
5585;4
5586;1
5587;1
5588;3
5589;1
5590;3
5591;1
5592;2
5593;2
5594;1
5595;3
5596;0
5597;2
5598;3
5599;3
5600;1
5601;1
5602;1
5603;0
5604;0
5605;2
5606;2
5607;1
5608;1
5609;1
5610;0
5611;0
5612;2
5613;1
5614;0
5615;2
5616;1
5617;3
5618;1
5619;1
5620;2
5621;1
5622;4
5623;0
5624;0
5625;1
5626;0
5627;4
5628;2
5629;1
5630;1
5631;2
5632;0
5633;4
5634;1
5635;1
5636;1
5637;3
5638;1
5639;0
5640;3
5641;0
5642;0
5643;0
5644;2
5645;2
5646;1
5647;3
5648;1
5649;2
5650;3
5651;2
5652;2
5653;2
5654;2
5655;3
5656;2
5657;2
5658;0
5659;0
5660;1
5661;2
5662;1
5663;1
5664;2
5665;1
5666;1
5667;0
5668;2
5669;1
5670;1
5671;1
5672;2
5673;1
5674;2
5675;1
5676;2
5677;2
5678;1
5679;2
5680;3
5681;1
5682;1
5683;0
5684;2
5685;0
5686;1
5687;1
5688;1
5689;0
5690;4
5691;4
5692;1
5693;2
5694;3
5695;1
5696;1
5697;1
5698;1
5699;3
5700;2
5701;0
5702;2
5703;0
5704;2
5705;3
5706;1
5707;1
5708;2
5709;1
5710;0
5711;3
5712;2
5713;0
5714;2
5715;3
5716;2
5717;1
5718;2
5719;0
5720;3
5721;1
5722;0
5723;1
5724;1
5725;3
5726;5
5727;2
5728;1
5729;2
5730;0
5731;3
5732;4
5733;1
5734;0
5735;2
5736;4
5737;1
5738;0
5739;1
5740;2
5741;0
5742;1
5743;3
5744;1
5745;2
5746;1
5747;3
5748;0
5749;1
5750;3
5751;2
5752;4
5753;2
5754;2
5755;0
5756;0
5757;0
5758;2
5759;1
5760;0
5761;2
5762;2
5763;2
5764;1
5765;2
5766;0
5767;3
5768;1
5769;4
5770;4
5771;1
5772;2
5773;2
5774;1
5775;1
5776;0
5777;0
5778;3
5779;3
5780;3
5781;1
5782;0
5783;0
5784;7
5785;0
5786;2
5787;5
5788;1
5789;1
5790;0
5791;1
5792;0
5793;1
5794;0
5795;1
5796;1
5797;1
5798;2
5799;1
5800;1
5801;2
5802;1
5803;2
5804;1
5805;2
5806;0
5807;2
5808;3
5809;3
5810;2
5811;1
5812;0
5813;2
5814;4
5815;0
5816;2
5817;1
5818;3
5819;3
5820;3
5821;1
5822;4
5823;0
5824;3
5825;4
5826;2
5827;1
5828;0
5829;0
5830;0
5831;1
5832;2
5833;2
5834;2
5835;2
5836;0
5837;4
5838;1
5839;2
5840;1
5841;2
5842;0
5843;0
5844;2
5845;3
5846;1
5847;1
5848;3
5849;7
5850;4
5851;3
5852;0
5853;1
5854;2
5855;0
5856;2
5857;0
5858;2
5859;1
5860;1
5861;1
5862;2
5863;3
5864;2
5865;2
5866;3
5867;5
5868;2
5869;3
5870;4
5871;2
5872;2
5873;0
5874;0
5875;0
5876;1
5877;2
5878;2
5879;2
5880;1
5881;1
5882;0
5883;0
5884;0
5885;2
5886;2
5887;2
5888;2
5889;4
5890;3
5891;1
5892;2
5893;5
5894;6
5895;1
5896;3
5897;6
5898;2
5899;4
5900;3
5901;4
5902;4
5903;1
5904;4
5905;1
5906;1
5907;3
5908;1
5909;1
5910;1
5911;1
5912;1
5913;1
5914;1
5915;0
5916;3
5917;0
5918;2
5919;0
5920;2
5921;0
5922;2
5923;0
5924;2
5925;1
5926;1
5927;3
5928;3
5929;0
5930;1
5931;1
5932;1
5933;4
5934;2
5935;4
5936;1
5937;0
5938;2
5939;0
5940;4
5941;1
5942;1
5943;1
5944;2
5945;5
5946;2
5947;0
5948;3
5949;2
5950;1
5951;3
5952;0
5953;0
5954;3
5955;2
5956;4
5957;0
5958;0
5959;0
5960;1
5961;0
5962;2
5963;2
5964;1
5965;0
5966;0
5967;1
5968;1
5969;1
5970;1
5971;2
5972;6
5973;2
5974;2
5975;0
5976;0
5977;1
5978;2
5979;1
5980;0
5981;0
5982;2
5983;3
5984;1
5985;0
5986;0
5987;2
5988;2
5989;2
5990;0
5991;2
5992;3
5993;0
5994;2
5995;0
5996;0
5997;4
5998;1
5999;2
6000;1
6001;1
6002;0
6003;0
6004;2
6005;2
6006;2
6007;1
6008;1
6009;2
6010;3
6011;1
6012;1
6013;4
6014;5
6015;1
6016;1
6017;1
6018;2
6019;1
6020;3
6021;2
6022;1
6023;1
6024;2
6025;2
6026;4
6027;1
6028;0
6029;1
6030;3
6031;1
6032;1
6033;3
6034;4
6035;0
6036;0
6037;3
6038;1
6039;3
6040;1
6041;1
6042;1
6043;0
6044;0
6045;2
6046;0
6047;0
6048;1
6049;1
6050;1
6051;2
6052;2
6053;0
6054;4
6055;3
6056;0
6057;2
6058;2
6059;2
6060;2
6061;5
6062;1
6063;4
6064;2
6065;2
6066;1
6067;3
6068;2
6069;2
6070;0
6071;0
6072;1
6073;3
6074;3
6075;1
6076;3
6077;3
6078;1
6079;1
6080;7
6081;2
6082;2
6083;2
6084;0
6085;0
6086;1
6087;0
6088;1
6089;0
6090;2
6091;0
6092;0
6093;2
6094;2
6095;3
6096;0
6097;2
6098;1
6099;0
6100;0
6101;2
6102;2
6103;1
6104;1
6105;0
6106;2
6107;2
6108;0
6109;4
6110;5
6111;3
6112;3
6113;1
6114;1
6115;1
6116;3
6117;3
6118;1
6119;1
6120;1
6121;1
6122;2
6123;3
6124;2
6125;0
6126;0
6127;0
6128;3
6129;1
6130;4
6131;1
6132;1
6133;0
6134;3
6135;0
6136;3
6137;0
6138;0
6139;1
6140;0
6141;3
6142;1
6143;1
6144;0
6145;2
6146;0
6147;1
6148;2
6149;2
6150;1
6151;2
6152;3
6153;3
6154;1
6155;1
6156;2
6157;3
6158;2
6159;2
6160;2
6161;4
6162;1
6163;1
6164;0
6165;0
6166;1
6167;0
6168;1
6169;2
6170;1
6171;2
6172;1
6173;2
6174;0
6175;1
6176;2
6177;1
6178;5
6179;3
6180;0
6181;1
6182;1
6183;1
6184;2
6185;0
6186;1
6187;2
6188;0
6189;2
6190;0
6191;3
6192;2
6193;0
6194;1
6195;0
6196;1
6197;0
6198;2
6199;2
6200;4
6201;2
6202;2
6203;2
6204;2
6205;1
6206;0
6207;4
6208;1
6209;3
6210;2
6211;1
6212;1
6213;3
6214;0
6215;0
6216;1
6217;2
6218;1
6219;2
6220;2
6221;2
6222;1
6223;1
6224;4
6225;5
6226;4
6227;0
6228;3
6229;2
6230;0
6231;2
6232;2
6233;2
6234;2
6235;3
6236;3
6237;1
6238;3
6239;1
6240;1
6241;2
6242;0
6243;0
6244;3
6245;3
6246;0
6247;2
6248;2
6249;3
6250;3
6251;4
6252;2
6253;4
6254;1
6255;2
6256;3
6257;2
6258;0
6259;1
6260;4
6261;1
6262;0
6263;0
6264;2
6265;0
6266;0
6267;1
6268;1
6269;0
6270;0
6271;0
6272;1
6273;1
6274;2
6275;3
6276;0
6277;2
6278;2
6279;0
6280;1
6281;1
6282;5
6283;2
6284;2
6285;1
6286;1
6287;2
6288;2
6289;4
6290;0
6291;2
6292;1
6293;2
6294;2
6295;1
6296;0
6297;2
6298;0
6299;3
6300;3
6301;2
6302;0
6303;3
6304;1
6305;1
6306;3
6307;1
6308;0
6309;1
6310;1
6311;0
6312;2
6313;0
6314;3
6315;3
6316;2
6317;1
6318;2
6319;1
6320;2
6321;0
6322;2
6323;1
6324;2
6325;3
6326;3
6327;2
6328;1
6329;2
6330;1
6331;2
6332;3
6333;2
6334;1
6335;1
6336;1
6337;4
6338;0
6339;1
6340;3
6341;2
6342;0
6343;2
6344;2
6345;1
6346;2
6347;0
6348;2
6349;2
6350;0
6351;3
6352;3
6353;3
6354;1
6355;1
6356;4
6357;1
6358;0
6359;1
6360;2
6361;1
6362;0
6363;1
6364;1
6365;0
6366;3
6367;1
6368;3
6369;0
6370;2
6371;1
6372;3
6373;1
6374;0
6375;4
6376;0
6377;3
6378;2
6379;3
6380;3
6381;2
6382;0
6383;0
6384;2
6385;3
6386;3
6387;2
6388;0
6389;3
6390;1
6391;2
6392;3
6393;2
6394;1
6395;1
6396;3
6397;5
6398;0
6399;2
6400;3
6401;0
6402;1
6403;2
6404;0
6405;2
6406;1
6407;5
6408;2
6409;0
6410;2
6411;4
6412;0
6413;4
6414;1
6415;1
6416;2
6417;2
6418;2
6419;1
6420;1
6421;1
6422;0
6423;1
6424;0
6425;1
6426;1
6427;0
6428;1
6429;1
6430;1
6431;1
6432;1
6433;0
6434;1
6435;2
6436;1
6437;1
6438;2
6439;1
6440;1
6441;1
6442;2
6443;0
6444;0
6445;2
6446;3
6447;1
6448;2
6449;2
6450;0
6451;3
6452;0
6453;0
6454;0
6455;3
6456;2
6457;1
6458;1
6459;3
6460;1
6461;0
6462;1
6463;3
6464;2
6465;1
6466;2
6467;3
6468;1
6469;2
6470;0
6471;0
6472;3
6473;2
6474;1
6475;4
6476;3
6477;2
6478;1
6479;0
6480;0
6481;0
6482;1
6483;2
6484;3
6485;1
6486;1
6487;3
6488;2
6489;1
6490;4
6491;0
6492;1
6493;1
6494;3
6495;0
6496;0
6497;2
6498;3
6499;2
6500;3
6501;1
6502;1
6503;2
6504;1
6505;0
6506;3
6507;0
6508;3
6509;3
6510;1
6511;6
6512;0
6513;3
6514;1
6515;3
6516;4
6517;3
6518;4
6519;7
6520;1
6521;5
6522;2
6523;1
6524;1
6525;5
6526;1
6527;4
6528;2
6529;0
6530;1
6531;0
6532;2
6533;1
6534;2
6535;0
6536;0
6537;1
6538;2
6539;2
6540;3
6541;2
6542;3
6543;2
6544;1
6545;2
6546;0
6547;5
6548;1
6549;3
6550;1
6551;1
6552;2
6553;0
6554;2
6555;1
6556;0
6557;0
6558;0
6559;3
6560;0
6561;2
6562;1
6563;1
6564;0
6565;0
6566;1
6567;2
6568;3
6569;0
6570;0
6571;2
6572;0
6573;3
6574;0
6575;0
6576;0
6577;1
6578;1
6579;1
6580;1
6581;2
6582;0
6583;0
6584;1
6585;0
6586;1
6587;0
6588;1
6589;0
6590;2
6591;0
6592;1
6593;2
6594;0
6595;2
6596;1
6597;1
6598;0
6599;1
6600;1
6601;1
6602;1
6603;0
6604;1
6605;1
6606;2
6607;1
6608;1
6609;3
6610;1
6611;2
6612;1
6613;2
6614;0
6615;1
6616;0
6617;0
6618;1
6619;0
6620;3
6621;1
6622;0
6623;2
6624;0
6625;2
6626;1
6627;0
6628;0
6629;3
6630;1
6631;1
6632;1
6633;1
6634;2
6635;2
6636;3
6637;2
6638;1
6639;2
6640;1
6641;4
6642;1
6643;1
6644;0
6645;1
6646;0
6647;4
6648;1
6649;0
6650;1
6651;1
6652;1
6653;0
6654;3
6655;0
6656;1
6657;1
6658;2
6659;2
6660;1
6661;0
6662;0
6663;1
6664;1
6665;2
6666;3
6667;3
6668;0
6669;1
6670;0
6671;1
6672;1
6673;1
6674;0
6675;1
6676;1
6677;2
6678;0
6679;1
6680;0
6681;1
6682;0
6683;1
6684;1
6685;0
6686;1
6687;1
6688;1
6689;1
6690;1
6691;0
6692;3
6693;0
6694;2
6695;2
6696;2
6697;2
6698;0
6699;0
6700;1
6701;0
6702;2
6703;2
6704;1
6705;2
6706;0
6707;0
6708;2
6709;4
6710;0
6711;2
6712;2
6713;1
6714;0
6715;2
6716;2
6717;3
6718;5
6719;1
6720;0
6721;0
6722;0
6723;1
6724;1
6725;0
6726;1
6727;2
6728;4
6729;1
6730;0
6731;0
6732;0
6733;7
6734;1
6735;0
6736;1
6737;1
6738;0
6739;1
6740;1
6741;2
6742;0
6743;1
6744;1
6745;3
6746;2
6747;2
6748;1
6749;0
6750;2
6751;0
6752;0
6753;0
6754;0
6755;0
6756;1
6757;0
6758;1
6759;3
6760;1
6761;2
6762;1
6763;0
6764;0
6765;0
6766;1
6767;1
6768;1
6769;3
6770;1
6771;2
6772;2
6773;0
6774;0
6775;1
6776;1
6777;0
6778;1
6779;0
6780;2
6781;2
6782;1
6783;0
6784;1
6785;1
6786;0
6787;2
6788;1
6789;0
6790;2
6791;0
6792;0
6793;0
6794;2
6795;0
6796;0
6797;3
6798;1
6799;0
6800;1
6801;2
6802;0
6803;1
6804;0
6805;2
6806;0
6807;1
6808;0
6809;2
6810;1
6811;0
6812;1
6813;0
6814;1
6815;0
6816;1
6817;0
6818;1
6819;1
6820;1
6821;1
6822;0
6823;2
6824;0
6825;1
6826;1
6827;0
6828;0
6829;2
6830;2
6831;0
6832;1
6833;4
6834;1
6835;1
6836;0
6837;0
6838;1
6839;0
6840;1
6841;0
6842;1
6843;0
6844;0
6845;1
6846;0
6847;0
6848;0
6849;0
6850;1
6851;1
6852;2
6853;1
6854;1
6855;1
6856;2
6857;0
6858;0
6859;1
6860;1
6861;2
6862;1
6863;0
6864;0
6865;1
6866;3
6867;0
6868;1
6869;0
6870;2
6871;2
6872;3
6873;1
6874;1
6875;1
6876;0
6877;0
6878;2
6879;0
6880;2
6881;1
6882;0
6883;1
6884;0
6885;1
6886;1
6887;1
6888;3
6889;0
6890;0
6891;0
6892;2
6893;3
6894;1
6895;3
6896;1
6897;1
6898;3
6899;0
6900;1
6901;0
6902;0
6903;0
6904;1
6905;0
6906;1
6907;0
6908;1
6909;2
6910;1
6911;1
6912;0
6913;1
6914;3
6915;1
6916;2
6917;1
6918;1
6919;3
6920;0
6921;1
6922;1
6923;0
6924;2
6925;0
6926;3
6927;1
6928;1
6929;3
6930;1
6931;0
6932;1
6933;0
6934;2
6935;0
6936;1
6937;1
6938;0
6939;0
6940;0
6941;3
6942;0
6943;2
6944;2
6945;1
6946;0
6947;1
6948;2
6949;1
6950;1
6951;0
6952;0
6953;0
6954;0
6955;0
6956;3
6957;3
6958;4
6959;0
6960;2
6961;4
6962;1
6963;0
6964;0
6965;1
6966;0
6967;0
6968;2
6969;0
6970;2
6971;1
6972;2
6973;1
6974;0
6975;0
6976;2
6977;0
6978;0
6979;0
6980;2
6981;1
6982;1
6983;0
6984;1
6985;0
6986;1
6987;0
6988;2
6989;0
6990;2
6991;0
6992;0
6993;1
6994;1
6995;1
6996;2
6997;2
6998;2
6999;1
7000;1
7001;1
7002;0
7003;1
7004;0
7005;1
7006;1
7007;1
7008;1
7009;0
7010;0
7011;0
7012;0
7013;1
7014;1
7015;2
7016;1
7017;2
7018;1
7019;1
7020;0
7021;1
7022;1
7023;2
7024;0
7025;1
7026;0
7027;1
7028;0
7029;1
7030;0
7031;0
7032;1
7033;1
7034;1
7035;0
7036;0
7037;0
7038;0
7039;0
7040;0
7041;0
7042;0
7043;0
7044;1
7045;0
7046;0
7047;0
7048;3
7049;1
7050;0
7051;1
7052;0
7053;0
7054;0
7055;2
7056;2
7057;0
7058;0
7059;1
7060;0
7061;0
7062;0
7063;0
7064;3
7065;1
7066;0
7067;0
7068;0
7069;1
7070;0
7071;0
7072;1
7073;1
7074;1
7075;0
7076;0
7077;0
7078;0
7079;1
7080;0
7081;2
7082;1
7083;0
7084;0
7085;0
7086;1
7087;1
7088;3
7089;1
7090;0
7091;0
7092;1
7093;4
7094;1
7095;0
7096;0
7097;0
7098;0
7099;2
7100;0
7101;1
7102;1
7103;0
7104;2
7105;1
7106;1
7107;0
7108;0
7109;1
7110;1
7111;1
7112;1
7113;0
7114;1
7115;2
7116;1
7117;0
7118;0
7119;0
7120;0
7121;0
7122;1
7123;0
7124;2
7125;0
7126;1
7127;1
7128;2
7129;0
7130;0
7131;0
7132;0
7133;0
7134;1
7135;0
7136;0
7137;1
7138;1
7139;1
7140;0
7141;1
7142;0
7143;0
7144;0
7145;1
7146;1
7147;0
7148;1
7149;0
7150;0
7151;1
7152;0
7153;0
7154;0
7155;0
7156;0
7157;1
7158;1
7159;0
7160;0
7161;1
7162;0
7163;1
7164;0
7165;1
7166;2
7167;1
7168;0
7169;0
7170;0
7171;0
7172;2
7173;0
7174;1
7175;1
7176;0
7177;0
7178;0
7179;2
7180;0
7181;0
7182;0
7183;0
7184;1
7185;2
7186;0
7187;1
7188;0
7189;0
7190;0
7191;2
7192;1
7193;0
7194;1
7195;1
7196;0
7197;0
7198;0
7199;0
7200;0
7201;0
7202;0
7203;0
7204;0
7205;1
7206;0
7207;1
7208;0
7209;0
7210;2
7211;1
7212;0
7213;1
7214;1
7215;0
7216;0
7217;2
7218;1
7219;1
7220;0
7221;2
7222;0
7223;3
7224;0
7225;0
7226;0
7227;0
7228;1
7229;0
7230;2
7231;0
7232;2
7233;1
7234;2
7235;1
7236;2
7237;2
7238;0
7239;1
7240;1
7241;0
7242;0
7243;0
7244;0
7245;0
7246;0
7247;0
7248;0
7249;1
7250;0
7251;1
7252;1
7253;2
7254;1
7255;1
7256;3
7257;3
7258;2
7259;3
7260;1
7261;1
7262;0
7263;2
7264;1
7265;0
7266;0
7267;0
7268;0
7269;1
7270;1
7271;0
7272;0
7273;2
7274;0
7275;0
7276;1
7277;0
7278;0
7279;1
7280;1
7281;0
7282;0
7283;1
7284;0
7285;0
7286;0
7287;0
7288;0
7289;1
7290;0
7291;1
7292;0
7293;0
7294;1
7295;2
7296;2
7297;0
7298;0
7299;2
7300;2
7301;1
7302;3
7303;0
7304;0
7305;0
7306;0
7307;1
7308;0
7309;0
7310;1
7311;0
7312;1
7313;0
7314;1
7315;1
7316;1
7317;1
7318;1
7319;0
7320;0
7321;1
7322;1
7323;0
7324;0
7325;1
7326;1
7327;1
7328;0
7329;1
7330;1
7331;1
7332;1
7333;0
7334;0
7335;1
7336;0
7337;0
7338;0
7339;0
7340;1
7341;0
7342;1
7343;0
7344;0
7345;0
7346;1
7347;0
7348;1
7349;0
7350;1
7351;0
7352;1
7353;0
7354;0
7355;1
7356;1
7357;0
7358;1
7359;2
7360;0
7361;0
7362;1
7363;0
7364;1
7365;0
7366;0
7367;0
7368;1
7369;1
7370;3
7371;3
7372;0
7373;0
7374;2
7375;0
7376;1
7377;0
7378;0
7379;2
7380;0
7381;1
7382;0
7383;2
7384;2
7385;0
7386;0
7387;2
7388;0
7389;0
7390;1
7391;0
7392;0
7393;0
7394;0
7395;0
7396;0
7397;0
7398;0
7399;1
7400;0
7401;1
7402;0
7403;0
7404;0
7405;0
7406;0
7407;1
7408;1
7409;4
7410;0
7411;1
7412;1
7413;0
7414;4
7415;0
7416;0
7417;0
7418;2
7419;3
7420;0
7421;0
7422;3
7423;2
7424;1
7425;0
7426;0
7427;0
7428;0
7429;0
7430;0
7431;0
7432;0
7433;1
7434;0
7435;0
7436;0
7437;2
7438;0
7439;1
7440;0
7441;0
7442;0
7443;2
7444;0
7445;0
7446;2
7447;1
7448;0
7449;1
7450;0
7451;0
7452;0
7453;1
7454;0
7455;0
7456;1
7457;1
7458;0
7459;1
7460;0
7461;0
7462;0
7463;1
7464;1
7465;1
7466;1
7467;0
7468;0
7469;2
7470;2
7471;0
7472;0
7473;0
7474;3
7475;1
7476;0
7477;1
7478;0
7479;0
7480;0
7481;0
7482;0
7483;1
7484;1
7485;0
7486;0
7487;1
7488;0
7489;1
7490;0
7491;1
7492;0
7493;0
7494;0
7495;1
7496;0
7497;0
7498;2
7499;2
7500;0
7501;0
7502;1
7503;0
7504;1
7505;1
7506;0
7507;0
7508;1
7509;0
7510;0
7511;0
7512;1
7513;0
7514;0
7515;0
7516;1
7517;0
7518;0
7519;0
7520;1
7521;0
7522;0
7523;0
7524;0
7525;0
7526;0
7527;0
7528;0
7529;1
7530;2
7531;0
7532;0
7533;1
7534;1
7535;0
7536;0
7537;0
7538;0
7539;0
7540;0
7541;1
7542;1
7543;0
7544;2
7545;0
7546;0
7547;1
7548;1
7549;0
7550;1
7551;0
7552;3
7553;1
7554;0
7555;3
7556;0
7557;0
7558;0
7559;1
7560;0
7561;0
7562;1
7563;0
7564;0
7565;0
7566;0
7567;1
7568;1
7569;1
7570;2
7571;1
7572;0
7573;0
7574;0
7575;0
7576;1
7577;0
7578;1
7579;0
7580;0
7581;0
7582;0
7583;0
7584;1
7585;1
7586;0
7587;2
7588;2
7589;0
7590;2
7591;0
7592;0
7593;2
7594;1
7595;0
7596;1
7597;1
7598;0
7599;0
7600;0
7601;0
7602;0
7603;1
7604;1
7605;0
7606;1
7607;1
7608;0
7609;0
7610;0
7611;2
7612;0
7613;1
7614;1
7615;0
7616;1
7617;2
7618;0
7619;0
7620;1
7621;2
7622;0
7623;2
7624;1
7625;0
7626;0
7627;0
7628;1
7629;0
7630;1
7631;0
7632;1
7633;0
7634;1
7635;0
7636;0
7637;0
7638;1
7639;0
7640;0
7641;0
7642;0
7643;1
7644;0
7645;0
7646;0
7647;1
7648;0
7649;0
7650;0
7651;0
7652;1
7653;0
7654;1
7655;0
7656;0
7657;0
7658;0
7659;2
7660;0
7661;0
7662;0
7663;0
7664;0
7665;0
7666;0
7667;0
7668;0
7669;0
7670;1
7671;0
7672;1
7673;4
7674;0
7675;0
7676;1
7677;4
7678;0
7679;7
7680;3
7681;6
7682;0
7683;9
7684;7
7685;6
7686;10
7687;10
7688;22
7689;25
7690;30
7691;31
7692;30
7693;38
7694;44
7695;41
7696;47
7697;64
7698;45
7699;42
7700;38
7701;29
7702;29
7703;22
7704;13
7705;9
7706;6
7707;4
7708;6
7709;2
7710;0
7711;0
7712;1
7713;0
7714;0
7715;1
7716;0
7717;0
7718;0
7719;0
7720;0
7721;1
7722;0
7723;0
7724;0
7725;0
7726;0
7727;0
7728;1
7729;0
7730;0
7731;0
7732;0
7733;0
7734;0
7735;1
7736;0
7737;0
7738;0
7739;1
7740;0
7741;1
7742;0
7743;0
7744;0
7745;0
7746;0
7747;0
7748;0
7749;0
7750;0
7751;1
7752;0
7753;2
7754;1
7755;0
7756;0
7757;1
7758;0
7759;0
7760;0
7761;1
7762;0
7763;0
7764;1
7765;0
7766;0
7767;0
7768;1
7769;0
7770;0
7771;1
7772;1
7773;0
7774;0
7775;0
7776;0
7777;0
7778;0
7779;0
7780;1
7781;2
7782;0
7783;1
7784;1
7785;0
7786;0
7787;0
7788;0
7789;0
7790;0
7791;1
7792;1
7793;0
7794;0
7795;0
7796;0
7797;0
7798;0
7799;0
7800;2
7801;1
7802;1
7803;0
7804;0
7805;0
7806;0
7807;1
7808;0
7809;0
7810;0
7811;1
7812;0
7813;0
7814;0
7815;0
7816;1
7817;0
7818;0
7819;0
7820;0
7821;0
7822;1
7823;0
7824;0
7825;0
7826;1
7827;0
7828;0
7829;0
7830;1
7831;0
7832;2
7833;0
7834;2
7835;0
7836;0
7837;0
7838;0
7839;0
7840;0
7841;0
7842;0
7843;0
7844;0
7845;1
7846;0
7847;0
7848;0
7849;0
7850;0
7851;0
7852;0
7853;0
7854;0
7855;0
7856;0
7857;0
7858;0
7859;0
7860;0
7861;0
7862;1
7863;0
7864;0
7865;0
7866;0
7867;0
7868;0
7869;0
7870;0
7871;0
7872;0
7873;0
7874;1
7875;0
7876;0
7877;0
7878;0
7879;1
7880;0
7881;0
7882;0
7883;0
7884;0
7885;0
7886;0
7887;1
7888;1
7889;2
7890;0
7891;2
7892;0
7893;1
7894;0
7895;0
7896;1
7897;0
7898;0
7899;1
7900;0
7901;0
7902;1
7903;2
7904;0
7905;0
7906;1
7907;1
7908;0
7909;1
7910;0
7911;1
7912;2
7913;1
7914;1
7915;1
7916;0
7917;0
7918;0
7919;0
7920;0
7921;0
7922;0
7923;0
7924;0
7925;0
7926;1
7927;0
7928;0
7929;0
7930;2
7931;0
7932;0
7933;0
7934;0
7935;0
7936;0
7937;0
7938;0
7939;1
7940;0
7941;0
7942;1
7943;0
7944;0
7945;0
7946;0
7947;0
7948;1
7949;0
7950;0
7951;0
7952;1
7953;0
7954;1
7955;1
7956;1
7957;1
7958;1
7959;0
7960;0
7961;0
7962;0
7963;0
7964;1
7965;0
7966;0
7967;0
7968;1
7969;0
7970;0
7971;0
7972;0
7973;1
7974;0
7975;0
7976;0
7977;0
7978;0
7979;1
7980;0
7981;0
7982;1
7983;1
7984;1
7985;0
7986;1
7987;0
7988;0
7989;0
7990;1
7991;0
7992;1
7993;0
7994;0
7995;1
7996;0
7997;0
7998;0
7999;0
8000;0
8001;0
8002;0
8003;0
8004;0
8005;1
8006;0
8007;0
8008;0
8009;0
8010;0
8011;0
8012;0
8013;1
8014;0
8015;0
8016;0
8017;0
8018;0
8019;0
8020;0
8021;0
8022;0
8023;0
8024;0
8025;2
8026;0
8027;0
8028;1
8029;1
8030;0
8031;0
8032;1
8033;0
8034;0
8035;0
8036;0
8037;0
8038;0
8039;0
8040;0
8041;0
8042;0
8043;0
8044;1
8045;1
8046;0
8047;1
8048;1
8049;0
8050;0
8051;0
8052;0
8053;2
8054;0
8055;0
8056;0
8057;1
8058;0
8059;0
8060;0
8061;0
8062;0
8063;1
8064;0
8065;0
8066;0
8067;0
8068;0
8069;1
8070;0
8071;0
8072;0
8073;0
8074;0
8075;0
8076;1
8077;1
8078;2
8079;0
8080;0
8081;1
8082;0
8083;0
8084;0
8085;0
8086;1
8087;2
8088;0
8089;2
8090;0
8091;0
8092;0
8093;0
8094;1
8095;0
8096;0
8097;1
8098;0
8099;0
8100;0
8101;0
8102;1
8103;1
8104;3
8105;0
8106;1
8107;0
8108;0
8109;1
8110;0
8111;0
8112;0
8113;0
8114;0
8115;0
8116;0
8117;2
8118;0
8119;0
8120;0
8121;0
8122;0
8123;1
8124;0
8125;0
8126;0
8127;0
8128;1
8129;1
8130;3
8131;0
8132;0
8133;1
8134;0
8135;0
8136;1
8137;0
8138;0
8139;0
8140;0
8141;0
8142;0
8143;0
8144;0
8145;1
8146;0
8147;0
8148;0
8149;0
8150;0
8151;0
8152;0
8153;0
8154;0
8155;0
8156;0
8157;0
8158;0
8159;0
8160;0
8161;0
8162;0
8163;0
8164;0
8165;0
8166;0
8167;0
8168;0
8169;0
8170;0
8171;0
8172;0
8173;0
8174;0
8175;0
8176;0
8177;0
8178;0
8179;0
8180;0
8181;0
8182;0
8183;0
8184;0
8185;0
8186;0
8187;0
8188;0
8189;0
8190;0
8191;0
