0;0
1;0
2;0
3;0
4;0
5;0
6;0
7;0
8;0
9;0
10;0
11;0
12;0
13;0
14;0
15;0
16;0
17;0
18;0
19;0
20;0
21;0
22;0
23;0
24;0
25;0
26;0
27;0
28;0
29;0
30;0
31;0
32;0
33;0
34;0
35;0
36;0
37;0
38;0
39;0
40;0
41;0
42;0
43;0
44;0
45;0
46;0
47;0
48;0
49;0
50;0
51;0
52;0
53;0
54;0
55;0
56;0
57;0
58;0
59;0
60;0
61;0
62;0
63;0
64;0
65;0
66;0
67;0
68;0
69;0
70;0
71;0
72;0
73;0
74;0
75;0
76;0
77;0
78;0
79;0
80;0
81;0
82;0
83;0
84;0
85;0
86;0
87;0
88;0
89;0
90;0
91;0
92;0
93;0
94;0
95;0
96;0
97;0
98;0
99;0
100;0
101;0
102;0
103;0
104;0
105;0
106;0
107;0
108;0
109;0
110;0
111;0
112;0
113;0
114;0
115;0
116;0
117;0
118;0
119;0
120;0
121;0
122;0
123;0
124;0
125;0
126;0
127;0
128;0
129;0
130;0
131;0
132;0
133;1
134;5
135;8
136;20
137;26
138;15
139;15
140;15
141;20
142;14
143;20
144;29
145;20
146;17
147;23
148;10
149;19
150;15
151;15
152;9
153;20
154;17
155;11
156;24
157;19
158;20
159;26
160;13
161;18
162;19
163;14
164;18
165;15
166;18
167;24
168;11
169;13
170;20
171;19
172;12
173;23
174;21
175;9
176;14
177;14
178;11
179;26
180;24
181;25
182;22
183;17
184;12
185;14
186;19
187;27
188;17
189;18
190;18
191;21
192;16
193;14
194;24
195;19
196;32
197;19
198;17
199;17
200;24
201;23
202;24
203;24
204;17
205;19
206;20
207;19
208;19
209;19
210;22
211;20
212;24
213;22
214;23
215;23
216;20
217;22
218;16
219;28
220;24
221;16
222;27
223;32
224;25
225;25
226;14
227;17
228;21
229;24
230;30
231;31
232;20
233;28
234;33
235;25
236;28
237;23
238;24
239;22
240;22
241;28
242;28
243;27
244;32
245;29
246;28
247;27
248;34
249;31
250;26
251;23
252;31
253;28
254;36
255;28
256;32
257;28
258;23
259;24
260;29
261;28
262;33
263;30
264;38
265;33
266;28
267;31
268;26
269;38
270;29
271;28
272;40
273;24
274;33
275;28
276;33
277;36
278;28
279;34
280;35
281;43
282;36
283;41
284;38
285;34
286;40
287;47
288;45
289;34
290;48
291;37
292;36
293;44
294;38
295;48
296;46
297;34
298;45
299;51
300;44
301;38
302;39
303;48
304;46
305;43
306;32
307;41
308;35
309;39
310;46
311;49
312;49
313;44
314;64
315;35
316;41
317;44
318;55
319;52
320;40
321;56
322;67
323;52
324;36
325;40
326;59
327;54
328;53
329;52
330;58
331;43
332;67
333;37
334;47
335;53
336;51
337;48
338;56
339;56
340;55
341;49
342;37
343;59
344;64
345;61
346;46
347;51
348;44
349;59
350;60
351;63
352;53
353;60
354;48
355;51
356;55
357;60
358;77
359;65
360;67
361;81
362;57
363;56
364;68
365;69
366;52
367;66
368;56
369;61
370;58
371;56
372;53
373;74
374;48
375;53
376;71
377;53
378;68
379;60
380;63
381;78
382;66
383;60
384;54
385;62
386;68
387;58
388;65
389;58
390;67
391;50
392;71
393;52
394;78
395;72
396;63
397;69
398;66
399;66
400;68
401;74
402;60
403;76
404;71
405;69
406;76
407;80
408;53
409;67
410;76
411;65
412;65
413;76
414;73
415;77
416;78
417;65
418;76
419;78
420;78
421;72
422;73
423;61
424;73
425;79
426;80
427;83
428;63
429;73
430;69
431;65
432;73
433;63
434;72
435;60
436;85
437;71
438;70
439;61
440;72
441;71
442;68
443;65
444;69
445;74
446;76
447;63
448;82
449;63
450;73
451;60
452;66
453;66
454;83
455;72
456;86
457;58
458;90
459;82
460;79
461;64
462;79
463;62
464;94
465;62
466;70
467;71
468;59
469;54
470;55
471;64
472;73
473;73
474;73
475;54
476;71
477;71
478;59
479;75
480;77
481;62
482;70
483;71
484;58
485;79
486;75
487;71
488;65
489;61
490;66
491;72
492;74
493;76
494;73
495;60
496;69
497;76
498;64
499;58
500;62
501;67
502;66
503;88
504;79
505;53
506;82
507;71
508;65
509;58
510;63
511;77
512;69
513;64
514;59
515;93
516;62
517;70
518;50
519;56
520;71
521;77
522;75
523;67
524;71
525;59
526;88
527;65
528;69
529;67
530;57
531;66
532;70
533;57
534;89
535;80
536;56
537;47
538;79
539;70
540;61
541;55
542;77
543;54
544;81
545;68
546;60
547;58
548;76
549;59
550;60
551;61
552;65
553;69
554;75
555;71
556;64
557;59
558;59
559;46
560;67
561;75
562;73
563;67
564;63
565;65
566;62
567;70
568;63
569;79
570;64
571;79
572;67
573;72
574;59
575;66
576;70
577;84
578;78
579;65
580;70
581;70
582;57
583;57
584;54
585;63
586;59
587;66
588;61
589;64
590;63
591;58
592;66
593;75
594;66
595;77
596;69
597;66
598;55
599;59
600;57
601;46
602;66
603;71
604;54
605;60
606;68
607;50
608;72
609;67
610;78
611;57
612;73
613;54
614;64
615;74
616;60
617;62
618;57
619;70
620;69
621;58
622;69
623;59
624;59
625;78
626;67
627;65
628;62
629;67
630;65
631;65
632;66
633;68
634;63
635;75
636;54
637;68
638;64
639;68
640;54
641;59
642;67
643;62
644;61
645;47
646;59
647;57
648;52
649;61
650;58
651;59
652;57
653;59
654;63
655;53
656;65
657;57
658;70
659;64
660;64
661;60
662;70
663;66
664;63
665;77
666;52
667;49
668;60
669;65
670;62
671;56
672;68
673;59
674;56
675;53
676;67
677;71
678;46
679;45
680;62
681;64
682;56
683;57
684;40
685;71
686;59
687;50
688;62
689;60
690;55
691;44
692;51
693;49
694;59
695;55
696;56
697;52
698;61
699;45
700;61
701;61
702;55
703;57
704;70
705;65
706;52
707;52
708;60
709;50
710;63
711;53
712;46
713;54
714;60
715;42
716;53
717;48
718;52
719;54
720;53
721;70
722;69
723;56
724;59
725;55
726;47
727;58
728;44
729;58
730;49
731;59
732;49
733;40
734;66
735;61
736;43
737;58
738;64
739;41
740;66
741;59
742;64
743;70
744;53
745;61
746;57
747;61
748;60
749;65
750;53
751;52
752;47
753;53
754;49
755;51
756;53
757;50
758;42
759;42
760;57
761;51
762;49
763;49
764;49
765;51
766;46
767;46
768;57
769;50
770;40
771;57
772;48
773;70
774;65
775;50
776;48
777;50
778;56
779;59
780;48
781;53
782;40
783;53
784;43
785;59
786;47
787;40
788;44
789;52
790;56
791;45
792;50
793;52
794;56
795;49
796;39
797;42
798;50
799;44
800;41
801;41
802;58
803;40
804;46
805;51
806;44
807;40
808;58
809;41
810;51
811;51
812;39
813;43
814;68
815;43
816;55
817;43
818;36
819;47
820;49
821;45
822;43
823;55
824;50
825;50
826;38
827;50
828;56
829;31
830;56
831;45
832;45
833;30
834;40
835;48
836;61
837;51
838;51
839;52
840;36
841;35
842;46
843;44
844;46
845;55
846;45
847;47
848;42
849;42
850;44
851;33
852;35
853;52
854;48
855;49
856;43
857;44
858;44
859;43
860;29
861;43
862;51
863;47
864;53
865;45
866;43
867;43
868;32
869;41
870;38
871;48
872;49
873;42
874;39
875;39
876;55
877;38
878;57
879;48
880;36
881;40
882;39
883;33
884;41
885;38
886;47
887;49
888;43
889;42
890;43
891;36
892;45
893;40
894;39
895;40
896;36
897;38
898;32
899;36
900;33
901;43
902;37
903;44
904;46
905;39
906;39
907;46
908;41
909;46
910;39
911;47
912;34
913;48
914;36
915;34
916;38
917;40
918;46
919;35
920;44
921;46
922;38
923;50
924;48
925;41
926;27
927;27
928;46
929;44
930;48
931;41
932;37
933;41
934;32
935;45
936;49
937;48
938;40
939;45
940;47
941;43
942;36
943;37
944;35
945;38
946;48
947;36
948;41
949;33
950;47
951;36
952;40
953;40
954;44
955;33
956;41
957;40
958;50
959;45
960;34
961;36
962;39
963;42
964;41
965;51
966;28
967;36
968;38
969;52
970;48
971;49
972;41
973;47
974;47
975;46
976;53
977;37
978;41
979;47
980;31
981;30
982;35
983;31
984;45
985;37
986;50
987;24
988;37
989;37
990;46
991;37
992;47
993;44
994;44
995;49
996;44
997;32
998;49
999;48
1000;39
1001;33
1002;51
1003;37
1004;31
1005;30
1006;36
1007;46
1008;41
1009;38
1010;41
1011;33
1012;34
1013;32
1014;32
1015;33
1016;34
1017;33
1018;40
1019;38
1020;30
1021;42
1022;41
1023;37
1024;36
1025;33
1026;41
1027;30
1028;28
1029;46
1030;30
1031;39
1032;34
1033;23
1034;32
1035;30
1036;33
1037;32
1038;20
1039;39
1040;30
1041;33
1042;36
1043;36
1044;36
1045;25
1046;31
1047;21
1048;33
1049;41
1050;41
1051;36
1052;34
1053;23
1054;28
1055;40
1056;25
1057;25
1058;25
1059;29
1060;39
1061;35
1062;36
1063;22
1064;29
1065;32
1066;24
1067;26
1068;30
1069;32
1070;23
1071;36
1072;23
1073;21
1074;28
1075;25
1076;33
1077;24
1078;28
1079;24
1080;28
1081;28
1082;29
1083;27
1084;27
1085;29
1086;29
1087;24
1088;29
1089;28
1090;25
1091;31
1092;28
1093;21
1094;30
1095;25
1096;26
1097;33
1098;26
1099;23
1100;22
1101;33
1102;14
1103;36
1104;29
1105;31
1106;17
1107;34
1108;26
1109;20
1110;26
1111;31
1112;29
1113;27
1114;22
1115;25
1116;27
1117;24
1118;24
1119;32
1120;29
1121;29
1122;30
1123;26
1124;29
1125;29
1126;14
1127;29
1128;32
1129;21
1130;25
1131;26
1132;18
1133;18
1134;31
1135;27
1136;29
1137;17
1138;26
1139;36
1140;30
1141;26
1142;29
1143;24
1144;19
1145;27
1146;34
1147;26
1148;31
1149;29
1150;19
1151;19
1152;20
1153;35
1154;19
1155;32
1156;35
1157;29
1158;32
1159;24
1160;29
1161;28
1162;20
1163;19
1164;29
1165;26
1166;25
1167;21
1168;24
1169;19
1170;28
1171;23
1172;27
1173;13
1174;25
1175;26
1176;13
1177;31
1178;21
1179;24
1180;19
1181;21
1182;26
1183;22
1184;28
1185;32
1186;33
1187;28
1188;33
1189;24
1190;27
1191;32
1192;21
1193;25
1194;37
1195;25
1196;26
1197;23
1198;31
1199;36
1200;27
1201;32
1202;26
1203;33
1204;37
1205;25
1206;23
1207;24
1208;31
1209;21
1210;26
1211;29
1212;32
1213;31
1214;24
1215;26
1216;22
1217;27
1218;27
1219;24
1220;18
1221;20
1222;17
1223;23
1224;27
1225;28
1226;29
1227;26
1228;20
1229;30
1230;26
1231;13
1232;29
1233;31
1234;20
1235;29
1236;20
1237;22
1238;24
1239;25
1240;26
1241;30
1242;26
1243;36
1244;27
1245;25
1246;22
1247;26
1248;16
1249;19
1250;24
1251;24
1252;16
1253;25
1254;20
1255;18
1256;30
1257;20
1258;22
1259;24
1260;22
1261;29
1262;24
1263;20
1264;16
1265;24
1266;15
1267;23
1268;26
1269;37
1270;23
1271;24
1272;25
1273;30
1274;28
1275;24
1276;22
1277;17
1278;21
1279;19
1280;23
1281;18
1282;30
1283;26
1284;15
1285;29
1286;20
1287;19
1288;21
1289;15
1290;19
1291;27
1292;21
1293;16
1294;16
1295;23
1296;24
1297;22
1298;18
1299;27
1300;23
1301;29
1302;23
1303;25
1304;20
1305;24
1306;21
1307;20
1308;26
1309;21
1310;18
1311;22
1312;28
1313;21
1314;19
1315;23
1316;29
1317;25
1318;24
1319;24
1320;22
1321;28
1322;27
1323;22
1324;26
1325;22
1326;23
1327;20
1328;19
1329;17
1330;18
1331;21
1332;13
1333;15
1334;17
1335;22
1336;18
1337;19
1338;22
1339;16
1340;16
1341;16
1342;10
1343;19
1344;16
1345;27
1346;18
1347;16
1348;24
1349;16
1350;24
1351;22
1352;22
1353;10
1354;16
1355;14
1356;15
1357;20
1358;21
1359;13
1360;31
1361;11
1362;13
1363;14
1364;14
1365;18
1366;18
1367;27
1368;17
1369;15
1370;6
1371;10
1372;16
1373;20
1374;17
1375;20
1376;18
1377;18
1378;14
1379;19
1380;11
1381;24
1382;23
1383;20
1384;21
1385;15
1386;19
1387;12
1388;13
1389;12
1390;24
1391;17
1392;17
1393;24
1394;22
1395;11
1396;13
1397;24
1398;18
1399;14
1400;14
1401;12
1402;17
1403;15
1404;13
1405;8
1406;14
1407;20
1408;14
1409;20
1410;14
1411;23
1412;14
1413;19
1414;20
1415;19
1416;21
1417;14
1418;22
1419;15
1420;19
1421;17
1422;9
1423;14
1424;15
1425;19
1426;18
1427;8
1428;16
1429;20
1430;16
1431;18
1432;10
1433;11
1434;17
1435;22
1436;19
1437;22
1438;18
1439;16
1440;17
1441;8
1442;13
1443;16
1444;17
1445;16
1446;15
1447;22
1448;19
1449;14
1450;14
1451;22
1452;19
1453;12
1454;18
1455;17
1456;17
1457;16
1458;16
1459;15
1460;13
1461;16
1462;15
1463;18
1464;14
1465;8
1466;13
1467;22
1468;17
1469;14
1470;16
1471;20
1472;16
1473;23
1474;10
1475;17
1476;11
1477;6
1478;9
1479;21
1480;13
1481;13
1482;16
1483;16
1484;10
1485;13
1486;20
1487;13
1488;18
1489;18
1490;15
1491;12
1492;10
1493;16
1494;15
1495;17
1496;15
1497;14
1498;16
1499;19
1500;13
1501;17
1502;11
1503;12
1504;14
1505;12
1506;14
1507;12
1508;10
1509;15
1510;15
1511;14
1512;13
1513;22
1514;15
1515;22
1516;10
1517;13
1518;15
1519;22
1520;14
1521;14
1522;18
1523;13
1524;16
1525;22
1526;12
1527;17
1528;23
1529;14
1530;17
1531;8
1532;13
1533;19
1534;12
1535;17
1536;19
1537;12
1538;10
1539;14
1540;13
1541;18
1542;12
1543;10
1544;18
1545;12
1546;13
1547;14
1548;12
1549;15
1550;9
1551;11
1552;10
1553;14
1554;11
1555;10
1556;17
1557;22
1558;17
1559;18
1560;12
1561;11
1562;13
1563;9
1564;9
1565;15
1566;15
1567;11
1568;15
1569;16
1570;15
1571;8
1572;15
1573;13
1574;21
1575;9
1576;8
1577;13
1578;13
1579;8
1580;15
1581;18
1582;8
1583;10
1584;17
1585;11
1586;6
1587;9
1588;6
1589;16
1590;13
1591;15
1592;12
1593;11
1594;17
1595;12
1596;7
1597;8
1598;15
1599;8
1600;11
1601;11
1602;12
1603;6
1604;14
1605;10
1606;16
1607;13
1608;16
1609;7
1610;8
1611;8
1612;15
1613;10
1614;11
1615;19
1616;12
1617;9
1618;11
1619;9
1620;17
1621;14
1622;17
1623;9
1624;10
1625;10
1626;14
1627;11
1628;12
1629;11
1630;13
1631;11
1632;12
1633;11
1634;10
1635;8
1636;11
1637;11
1638;16
1639;11
1640;15
1641;11
1642;18
1643;7
1644;14
1645;11
1646;10
1647;14
1648;4
1649;11
1650;11
1651;15
1652;11
1653;15
1654;14
1655;15
1656;10
1657;10
1658;9
1659;10
1660;7
1661;13
1662;16
1663;12
1664;11
1665;12
1666;14
1667;5
1668;13
1669;11
1670;11
1671;10
1672;15
1673;8
1674;12
1675;10
1676;9
1677;12
1678;12
1679;11
1680;12
1681;10
1682;9
1683;15
1684;12
1685;9
1686;9
1687;11
1688;15
1689;16
1690;7
1691;6
1692;9
1693;13
1694;9
1695;11
1696;18
1697;10
1698;5
1699;10
1700;8
1701;14
1702;9
1703;11
1704;5
1705;16
1706;6
1707;12
1708;10
1709;11
1710;10
1711;13
1712;8
1713;9
1714;8
1715;11
1716;12
1717;14
1718;13
1719;14
1720;7
1721;5
1722;20
1723;12
1724;12
1725;9
1726;11
1727;9
1728;11
1729;8
1730;12
1731;14
1732;8
1733;11
1734;12
1735;16
1736;11
1737;11
1738;13
1739;10
1740;14
1741;14
1742;8
1743;15
1744;7
1745;13
1746;11
1747;12
1748;10
1749;11
1750;13
1751;11
1752;8
1753;4
1754;8
1755;13
1756;7
1757;16
1758;21
1759;5
1760;9
1761;8
1762;7
1763;10
1764;12
1765;10
1766;7
1767;12
1768;6
1769;13
1770;12
1771;7
1772;9
1773;9
1774;7
1775;8
1776;12
1777;14
1778;12
1779;11
1780;12
1781;10
1782;7
1783;7
1784;18
1785;9
1786;8
1787;12
1788;6
1789;6
1790;8
1791;6
1792;7
1793;8
1794;8
1795;8
1796;6
1797;8
1798;8
1799;10
1800;11
1801;8
1802;6
1803;13
1804;11
1805;6
1806;12
1807;8
1808;11
1809;4
1810;10
1811;10
1812;12
1813;6
1814;13
1815;10
1816;14
1817;9
1818;12
1819;9
1820;14
1821;7
1822;11
1823;13
1824;8
1825;8
1826;14
1827;11
1828;11
1829;16
1830;8
1831;5
1832;14
1833;9
1834;6
1835;12
1836;12
1837;14
1838;11
1839;8
1840;6
1841;5
1842;9
1843;8
1844;7
1845;12
1846;10
1847;9
1848;11
1849;12
1850;12
1851;7
1852;10
1853;12
1854;6
1855;3
1856;10
1857;7
1858;7
1859;6
1860;6
1861;8
1862;8
1863;13
1864;10
1865;15
1866;10
1867;16
1868;13
1869;9
1870;13
1871;6
1872;13
1873;8
1874;9
1875;7
1876;6
1877;9
1878;9
1879;9
1880;8
1881;8
1882;14
1883;9
1884;11
1885;12
1886;8
1887;13
1888;13
1889;8
1890;10
1891;9
1892;10
1893;8
1894;10
1895;5
1896;6
1897;8
1898;10
1899;8
1900;7
1901;3
1902;11
1903;5
1904;7
1905;7
1906;5
1907;6
1908;14
1909;5
1910;6
1911;5
1912;3
1913;9
1914;8
1915;11
1916;3
1917;4
1918;6
1919;10
1920;13
1921;8
1922;9
1923;12
1924;11
1925;7
1926;11
1927;17
1928;10
1929;5
1930;3
1931;7
1932;10
1933;11
1934;11
1935;5
1936;8
1937;4
1938;12
1939;9
1940;7
1941;9
1942;7
1943;8
1944;7
1945;11
1946;5
1947;9
1948;9
1949;5
1950;6
1951;7
1952;9
1953;7
1954;8
1955;6
1956;7
1957;8
1958;5
1959;6
1960;6
1961;8
1962;10
1963;9
1964;9
1965;5
1966;6
1967;11
1968;12
1969;7
1970;6
1971;5
1972;15
1973;7
1974;2
1975;4
1976;12
1977;7
1978;7
1979;11
1980;0
1981;13
1982;5
1983;6
1984;6
1985;5
1986;3
1987;5
1988;8
1989;6
1990;6
1991;3
1992;13
1993;7
1994;10
1995;3
1996;9
1997;5
1998;7
1999;12
2000;9
2001;3
2002;7
2003;9
2004;8
2005;5
2006;5
2007;4
2008;8
2009;11
2010;13
2011;9
2012;3
2013;12
2014;12
2015;5
2016;2
2017;4
2018;5
2019;5
2020;7
2021;4
2022;12
2023;7
2024;5
2025;5
2026;4
2027;12
2028;9
2029;5
2030;5
2031;4
2032;6
2033;4
2034;8
2035;5
2036;2
2037;9
2038;8
2039;9
2040;5
2041;3
2042;12
2043;5
2044;4
2045;9
2046;2
2047;7
2048;8
2049;7
2050;11
2051;9
2052;6
2053;8
2054;6
2055;5
2056;6
2057;6
2058;7
2059;8
2060;3
2061;7
2062;4
2063;2
2064;6
2065;5
2066;8
2067;4
2068;8
2069;5
2070;3
2071;6
2072;4
2073;3
2074;8
2075;8
2076;3
2077;8
2078;5
2079;8
2080;5
2081;7
2082;11
2083;1
2084;9
2085;8
2086;3
2087;8
2088;2
2089;5
2090;4
2091;8
2092;0
2093;9
2094;8
2095;11
2096;6
2097;7
2098;5
2099;8
2100;4
2101;5
2102;9
2103;7
2104;12
2105;7
2106;3
2107;7
2108;10
2109;5
2110;6
2111;6
2112;4
2113;8
2114;11
2115;9
2116;4
2117;7
2118;11
2119;5
2120;5
2121;6
2122;7
2123;7
2124;5
2125;6
2126;5
2127;7
2128;3
2129;4
2130;5
2131;4
2132;6
2133;4
2134;6
2135;9
2136;4
2137;6
2138;5
2139;6
2140;4
2141;9
2142;2
2143;4
2144;9
2145;6
2146;3
2147;11
2148;6
2149;7
2150;7
2151;7
2152;1
2153;6
2154;11
2155;4
2156;4
2157;9
2158;5
2159;9
2160;4
2161;5
2162;3
2163;6
2164;4
2165;4
2166;2
2167;4
2168;7
2169;2
2170;6
2171;7
2172;4
2173;10
2174;6
2175;5
2176;7
2177;0
2178;4
2179;6
2180;9
2181;5
2182;4
2183;5
2184;5
2185;11
2186;3
2187;4
2188;6
2189;6
2190;4
2191;7
2192;7
2193;6
2194;5
2195;4
2196;4
2197;0
2198;7
2199;4
2200;5
2201;6
2202;8
2203;9
2204;5
2205;5
2206;11
2207;4
2208;3
2209;13
2210;9
2211;6
2212;7
2213;4
2214;4
2215;9
2216;7
2217;7
2218;12
2219;4
2220;4
2221;5
2222;5
2223;8
2224;7
2225;9
2226;8
2227;9
2228;4
2229;2
2230;3
2231;10
2232;6
2233;6
2234;3
2235;7
2236;6
2237;4
2238;4
2239;5
2240;3
2241;3
2242;9
2243;5
2244;6
2245;3
2246;7
2247;4
2248;9
2249;6
2250;5
2251;4
2252;4
2253;4
2254;4
2255;5
2256;5
2257;6
2258;11
2259;9
2260;6
2261;1
2262;3
2263;7
2264;4
2265;4
2266;5
2267;2
2268;4
2269;3
2270;5
2271;5
2272;5
2273;1
2274;3
2275;3
2276;10
2277;6
2278;4
2279;5
2280;8
2281;5
2282;4
2283;2
2284;4
2285;7
2286;6
2287;8
2288;5
2289;7
2290;6
2291;6
2292;2
2293;5
2294;9
2295;3
2296;7
2297;8
2298;4
2299;13
2300;3
2301;4
2302;3
2303;2
2304;2
2305;5
2306;2
2307;5
2308;1
2309;9
2310;2
2311;7
2312;8
2313;9
2314;2
2315;2
2316;3
2317;1
2318;5
2319;7
2320;6
2321;2
2322;4
2323;3
2324;1
2325;2
2326;2
2327;4
2328;5
2329;1
2330;3
2331;5
2332;4
2333;4
2334;4
2335;7
2336;5
2337;4
2338;6
2339;5
2340;5
2341;2
2342;6
2343;3
2344;3
2345;5
2346;2
2347;3
2348;3
2349;1
2350;6
2351;10
2352;4
2353;4
2354;3
2355;8
2356;8
2357;6
2358;6
2359;2
2360;4
2361;8
2362;3
2363;2
2364;5
2365;6
2366;1
2367;4
2368;6
2369;1
2370;8
2371;5
2372;1
2373;3
2374;3
2375;4
2376;2
2377;5
2378;3
2379;7
2380;4
2381;1
2382;7
2383;7
2384;4
2385;7
2386;5
2387;1
2388;8
2389;5
2390;9
2391;3
2392;7
2393;4
2394;1
2395;2
2396;3
2397;5
2398;5
2399;4
2400;4
2401;4
2402;3
2403;6
2404;3
2405;7
2406;6
2407;4
2408;4
2409;8
2410;3
2411;4
2412;6
2413;4
2414;9
2415;4
2416;4
2417;6
2418;9
2419;5
2420;6
2421;4
2422;9
2423;8
2424;7
2425;4
2426;3
2427;6
2428;4
2429;5
2430;4
2431;4
2432;3
2433;3
2434;2
2435;3
2436;12
2437;1
2438;5
2439;7
2440;3
2441;10
2442;8
2443;6
2444;4
2445;4
2446;4
2447;4
2448;2
2449;7
2450;3
2451;4
2452;2
2453;2
2454;4
2455;4
2456;2
2457;5
2458;5
2459;6
2460;2
2461;3
2462;7
2463;6
2464;7
2465;6
2466;4
2467;3
2468;7
2469;4
2470;4
2471;3
2472;0
2473;4
2474;4
2475;3
2476;1
2477;2
2478;7
2479;0
2480;1
2481;3
2482;4
2483;4
2484;1
2485;6
2486;3
2487;9
2488;5
2489;4
2490;7
2491;2
2492;7
2493;3
2494;6
2495;4
2496;5
2497;4
2498;1
2499;4
2500;2
2501;2
2502;5
2503;1
2504;2
2505;4
2506;6
2507;6
2508;2
2509;5
2510;6
2511;1
2512;3
2513;9
2514;7
2515;4
2516;4
2517;3
2518;3
2519;2
2520;4
2521;3
2522;6
2523;5
2524;6
2525;4
2526;3
2527;4
2528;4
2529;7
2530;6
2531;3
2532;3
2533;6
2534;2
2535;5
2536;7
2537;5
2538;3
2539;4
2540;3
2541;5
2542;6
2543;5
2544;6
2545;8
2546;8
2547;6
2548;7
2549;6
2550;4
2551;4
2552;0
2553;3
2554;5
2555;6
2556;2
2557;5
2558;1
2559;4
2560;4
2561;3
2562;10
2563;4
2564;3
2565;3
2566;2
2567;5
2568;5
2569;5
2570;4
2571;2
2572;7
2573;4
2574;2
2575;4
2576;2
2577;0
2578;3
2579;10
2580;4
2581;4
2582;8
2583;7
2584;4
2585;1
2586;3
2587;1
2588;3
2589;6
2590;1
2591;3
2592;3
2593;5
2594;8
2595;3
2596;6
2597;2
2598;1
2599;3
2600;4
2601;4
2602;2
2603;7
2604;2
2605;0
2606;6
2607;4
2608;5
2609;2
2610;11
2611;6
2612;4
2613;4
2614;8
2615;4
2616;3
2617;9
2618;2
2619;8
2620;0
2621;5
2622;2
2623;2
2624;4
2625;6
2626;4
2627;3
2628;5
2629;7
2630;4
2631;3
2632;9
2633;4
2634;5
2635;4
2636;3
2637;3
2638;5
2639;3
2640;3
2641;2
2642;6
2643;3
2644;6
2645;5
2646;1
2647;3
2648;3
2649;5
2650;0
2651;3
2652;1
2653;4
2654;2
2655;3
2656;4
2657;3
2658;3
2659;7
2660;5
2661;5
2662;0
2663;8
2664;4
2665;2
2666;2
2667;5
2668;3
2669;8
2670;2
2671;7
2672;4
2673;2
2674;5
2675;7
2676;2
2677;10
2678;6
2679;4
2680;5
2681;7
2682;1
2683;8
2684;4
2685;2
2686;9
2687;3
2688;1
2689;5
2690;5
2691;5
2692;2
2693;2
2694;8
2695;5
2696;6
2697;3
2698;3
2699;1
2700;2
2701;5
2702;3
2703;3
2704;2
2705;3
2706;2
2707;4
2708;2
2709;12
2710;3
2711;1
2712;3
2713;6
2714;1
2715;5
2716;5
2717;4
2718;4
2719;8
2720;3
2721;3
2722;0
2723;6
2724;5
2725;3
2726;8
2727;3
2728;2
2729;3
2730;4
2731;4
2732;4
2733;7
2734;3
2735;4
2736;4
2737;4
2738;3
2739;3
2740;5
2741;8
2742;3
2743;6
2744;3
2745;2
2746;1
2747;3
2748;5
2749;2
2750;2
2751;3
2752;7
2753;3
2754;5
2755;4
2756;5
2757;2
2758;2
2759;6
2760;6
2761;3
2762;2
2763;1
2764;3
2765;2
2766;0
2767;4
2768;3
2769;4
2770;7
2771;6
2772;4
2773;2
2774;2
2775;9
2776;1
2777;4
2778;6
2779;3
2780;2
2781;2
2782;4
2783;3
2784;6
2785;4
2786;2
2787;2
2788;6
2789;3
2790;5
2791;4
2792;3
2793;2
2794;2
2795;5
2796;4
2797;4
2798;4
2799;3
2800;2
2801;2
2802;4
2803;4
2804;6
2805;8
2806;3
2807;2
2808;6
2809;6
2810;5
2811;2
2812;1
2813;4
2814;3
2815;2
2816;1
2817;2
2818;1
2819;4
2820;3
2821;0
2822;1
2823;4
2824;1
2825;2
2826;2
2827;5
2828;2
2829;5
2830;4
2831;5
2832;6
2833;11
2834;7
2835;2
2836;5
2837;8
2838;3
2839;1
2840;5
2841;6
2842;5
2843;2
2844;1
2845;3
2846;2
2847;2
2848;5
2849;0
2850;4
2851;4
2852;4
2853;2
2854;4
2855;2
2856;2
2857;7
2858;5
2859;5
2860;4
2861;5
2862;3
2863;3
2864;6
2865;3
2866;5
2867;3
2868;3
2869;2
2870;4
2871;2
2872;1
2873;7
2874;3
2875;1
2876;5
2877;3
2878;3
2879;0
2880;1
2881;0
2882;2
2883;6
2884;3
2885;5
2886;5
2887;4
2888;6
2889;1
2890;1
2891;7
2892;3
2893;2
2894;4
2895;5
2896;4
2897;3
2898;3
2899;6
2900;2
2901;3
2902;3
2903;3
2904;1
2905;4
2906;0
2907;4
2908;3
2909;0
2910;2
2911;2
2912;4
2913;2
2914;4
2915;6
2916;1
2917;6
2918;7
2919;3
2920;5
2921;6
2922;1
2923;7
2924;4
2925;3
2926;5
2927;5
2928;3
2929;3
2930;2
2931;3
2932;2
2933;1
2934;2
2935;0
2936;0
2937;1
2938;6
2939;5
2940;9
2941;7
2942;3
2943;2
2944;5
2945;3
2946;1
2947;2
2948;2
2949;1
2950;3
2951;6
2952;2
2953;1
2954;5
2955;2
2956;4
2957;6
2958;2
2959;3
2960;2
2961;10
2962;6
2963;1
2964;5
2965;5
2966;7
2967;2
2968;3
2969;4
2970;2
2971;4
2972;3
2973;2
2974;0
2975;8
2976;2
2977;3
2978;2
2979;1
2980;8
2981;4
2982;2
2983;2
2984;1
2985;2
2986;2
2987;1
2988;4
2989;3
2990;5
2991;4
2992;2
2993;4
2994;1
2995;1
2996;2
2997;2
2998;3
2999;1
3000;1
3001;3
3002;4
3003;2
3004;2
3005;3
3006;3
3007;6
3008;4
3009;3
3010;2
3011;4
3012;7
3013;4
3014;3
3015;1
3016;3
3017;4
3018;3
3019;3
3020;3
3021;4
3022;1
3023;3
3024;7
3025;3
3026;7
3027;7
3028;3
3029;4
3030;2
3031;2
3032;5
3033;3
3034;3
3035;1
3036;5
3037;4
3038;4
3039;2
3040;2
3041;5
3042;3
3043;3
3044;3
3045;5
3046;5
3047;5
3048;1
3049;2
3050;3
3051;3
3052;1
3053;3
3054;3
3055;3
3056;3
3057;3
3058;1
3059;2
3060;5
3061;1
3062;4
3063;4
3064;2
3065;5
3066;5
3067;6
3068;1
3069;3
3070;4
3071;7
3072;5
3073;1
3074;4
3075;5
3076;4
3077;5
3078;6
3079;1
3080;7
3081;3
3082;5
3083;2
3084;1
3085;4
3086;2
3087;6
3088;3
3089;3
3090;5
3091;4
3092;1
3093;4
3094;4
3095;2
3096;2
3097;6
3098;7
3099;3
3100;4
3101;4
3102;1
3103;2
3104;2
3105;5
3106;4
3107;6
3108;5
3109;7
3110;3
3111;4
3112;8
3113;4
3114;3
3115;5
3116;4
3117;1
3118;2
3119;2
3120;5
3121;5
3122;3
3123;7
3124;4
3125;1
3126;4
3127;4
3128;1
3129;6
3130;7
3131;1
3132;6
3133;3
3134;4
3135;3
3136;1
3137;1
3138;4
3139;3
3140;2
3141;3
3142;3
3143;3
3144;2
3145;6
3146;4
3147;4
3148;1
3149;5
3150;4
3151;6
3152;2
3153;4
3154;1
3155;6
3156;5
3157;6
3158;3
3159;6
3160;2
3161;6
3162;4
3163;3
3164;4
3165;0
3166;3
3167;2
3168;7
3169;3
3170;4
3171;2
3172;1
3173;5
3174;3
3175;1
3176;4
3177;6
3178;3
3179;7
3180;3
3181;6
3182;5
3183;2
3184;2
3185;2
3186;3
3187;1
3188;1
3189;3
3190;4
3191;3
3192;2
3193;5
3194;7
3195;3
3196;1
3197;3
3198;6
3199;2
3200;1
3201;3
3202;3
3203;3
3204;2
3205;4
3206;4
3207;4
3208;3
3209;4
3210;1
3211;5
3212;3
3213;2
3214;6
3215;3
3216;4
3217;4
3218;2
3219;3
3220;1
3221;5
3222;5
3223;4
3224;2
3225;1
3226;4
3227;2
3228;3
3229;1
3230;5
3231;1
3232;3
3233;2
3234;5
3235;3
3236;1
3237;3
3238;6
3239;1
3240;6
3241;4
3242;1
3243;4
3244;3
3245;2
3246;1
3247;4
3248;4
3249;2
3250;3
3251;3
3252;4
3253;1
3254;2
3255;3
3256;2
3257;0
3258;0
3259;2
3260;3
3261;1
3262;1
3263;4
3264;4
3265;2
3266;4
3267;3
3268;1
3269;6
3270;0
3271;1
3272;0
3273;2
3274;0
3275;1
3276;3
3277;0
3278;4
3279;0
3280;4
3281;3
3282;0
3283;2
3284;5
3285;1
3286;4
3287;0
3288;2
3289;0
3290;1
3291;4
3292;3
3293;3
3294;5
3295;3
3296;2
3297;3
3298;2
3299;0
3300;3
3301;2
3302;4
3303;3
3304;3
3305;1
3306;2
3307;2
3308;1
3309;2
3310;4
3311;2
3312;1
3313;4
3314;5
3315;4
3316;1
3317;4
3318;1
3319;3
3320;9
3321;3
3322;2
3323;1
3324;3
3325;3
3326;2
3327;1
3328;1
3329;2
3330;2
3331;4
3332;2
3333;5
3334;0
3335;0
3336;9
3337;2
3338;4
3339;2
3340;5
3341;1
3342;1
3343;0
3344;0
3345;4
3346;1
3347;1
3348;3
3349;3
3350;2
3351;5
3352;1
3353;4
3354;3
3355;2
3356;1
3357;2
3358;1
3359;3
3360;2
3361;1
3362;4
3363;2
3364;2
3365;1
3366;2
3367;0
3368;5
3369;2
3370;6
3371;1
3372;0
3373;2
3374;1
3375;4
3376;1
3377;2
3378;1
3379;2
3380;1
3381;1
3382;2
3383;2
3384;0
3385;1
3386;3
3387;2
3388;3
3389;4
3390;2
3391;2
3392;4
3393;7
3394;2
3395;5
3396;0
3397;3
3398;3
3399;2
3400;1
3401;2
3402;1
3403;6
3404;2
3405;3
3406;3
3407;1
3408;2
3409;2
3410;2
3411;4
3412;2
3413;4
3414;4
3415;1
3416;1
3417;2
3418;1
3419;2
3420;1
3421;0
3422;3
3423;1
3424;3
3425;4
3426;1
3427;3
3428;3
3429;4
3430;2
3431;2
3432;7
3433;0
3434;1
3435;1
3436;1
3437;2
3438;2
3439;3
3440;0
3441;0
3442;2
3443;1
3444;1
3445;1
3446;1
3447;3
3448;4
3449;1
3450;2
3451;2
3452;3
3453;3
3454;4
3455;3
3456;1
3457;0
3458;1
3459;3
3460;1
3461;2
3462;4
3463;1
3464;2
3465;4
3466;2
3467;1
3468;4
3469;2
3470;3
3471;4
3472;1
3473;1
3474;0
3475;2
3476;2
3477;0
3478;3
3479;3
3480;0
3481;1
3482;1
3483;1
3484;6
3485;0
3486;2
3487;3
3488;3
3489;5
3490;1
3491;0
3492;3
3493;1
3494;0
3495;6
3496;1
3497;3
3498;2
3499;2
3500;1
3501;4
3502;1
3503;1
3504;1
3505;2
3506;1
3507;2
3508;2
3509;5
3510;4
3511;1
3512;1
3513;4
3514;4
3515;6
3516;0
3517;2
3518;5
3519;1
3520;1
3521;3
3522;2
3523;3
3524;3
3525;2
3526;4
3527;1
3528;2
3529;2
3530;1
3531;2
3532;2
3533;1
3534;1
3535;1
3536;2
3537;3
3538;2
3539;4
3540;1
3541;3
3542;3
3543;1
3544;3
3545;1
3546;4
3547;2
3548;3
3549;4
3550;1
3551;2
3552;1
3553;0
3554;2
3555;4
3556;1
3557;3
3558;4
3559;1
3560;3
3561;5
3562;0
3563;3
3564;0
3565;3
3566;3
3567;2
3568;0
3569;1
3570;2
3571;2
3572;0
3573;1
3574;0
3575;1
3576;1
3577;1
3578;1
3579;3
3580;1
3581;1
3582;3
3583;3
3584;1
3585;2
3586;2
3587;3
3588;3
3589;2
3590;4
3591;1
3592;2
3593;1
3594;1
3595;4
3596;3
3597;2
3598;2
3599;2
3600;1
3601;3
3602;3
3603;4
3604;2
3605;4
3606;2
3607;1
3608;0
3609;3
3610;2
3611;2
3612;0
3613;2
3614;3
3615;1
3616;2
3617;1
3618;3
3619;2
3620;1
3621;1
3622;3
3623;1
3624;1
3625;1
3626;2
3627;0
3628;3
3629;3
3630;0
3631;1
3632;4
3633;1
3634;2
3635;2
3636;3
3637;2
3638;1
3639;2
3640;1
3641;3
3642;1
3643;1
3644;3
3645;3
3646;1
3647;3
3648;0
3649;4
3650;1
3651;1
3652;5
3653;2
3654;1
3655;2
3656;0
3657;0
3658;3
3659;5
3660;2
3661;0
3662;1
3663;3
3664;0
3665;1
3666;2
3667;3
3668;1
3669;0
3670;1
3671;0
3672;2
3673;1
3674;2
3675;0
3676;3
3677;3
3678;1
3679;2
3680;5
3681;3
3682;3
3683;0
3684;3
3685;5
3686;2
3687;5
3688;2
3689;5
3690;3
3691;3
3692;3
3693;1
3694;1
3695;3
3696;1
3697;1
3698;3
3699;1
3700;0
3701;1
3702;0
3703;2
3704;3
3705;2
3706;1
3707;3
3708;2
3709;2
3710;2
3711;3
3712;3
3713;1
3714;3
3715;0
3716;1
3717;2
3718;1
3719;2
3720;6
3721;3
3722;9
3723;2
3724;0
3725;0
3726;2
3727;1
3728;1
3729;1
3730;2
3731;3
3732;3
3733;1
3734;3
3735;1
3736;1
3737;3
3738;1
3739;2
3740;1
3741;2
3742;4
3743;2
3744;0
3745;1
3746;3
3747;1
3748;2
3749;2
3750;1
3751;1
3752;2
3753;1
3754;2
3755;1
3756;1
3757;1
3758;2
3759;1
3760;1
3761;1
3762;1
3763;3
3764;2
3765;2
3766;0
3767;4
3768;1
3769;1
3770;2
3771;1
3772;0
3773;1
3774;1
3775;1
3776;0
3777;1
3778;4
3779;2
3780;4
3781;2
3782;4
3783;0
3784;1
3785;3
3786;2
3787;1
3788;5
3789;3
3790;3
3791;4
3792;0
3793;3
3794;3
3795;5
3796;1
3797;4
3798;0
3799;3
3800;2
3801;1
3802;1
3803;3
3804;1
3805;1
3806;1
3807;0
3808;2
3809;3
3810;0
3811;3
3812;2
3813;1
3814;2
3815;2
3816;2
3817;2
3818;2
3819;1
3820;2
3821;2
3822;1
3823;3
3824;4
3825;4
3826;3
3827;2
3828;3
3829;1
3830;1
3831;2
3832;4
3833;1
3834;4
3835;2
3836;1
3837;4
3838;4
3839;0
3840;1
3841;1
3842;3
3843;3
3844;4
3845;1
3846;3
3847;2
3848;3
3849;0
3850;3
3851;3
3852;2
3853;0
3854;3
3855;4
3856;1
3857;1
3858;1
3859;3
3860;1
3861;3
3862;0
3863;3
3864;0
3865;3
3866;1
3867;2
3868;6
3869;2
3870;1
3871;1
3872;2
3873;3
3874;2
3875;2
3876;2
3877;3
3878;3
3879;1
3880;1
3881;0
3882;1
3883;0
3884;3
3885;3
3886;4
3887;4
3888;0
3889;2
3890;0
3891;3
3892;1
3893;0
3894;1
3895;2
3896;1
3897;1
3898;1
3899;2
3900;1
3901;0
3902;3
3903;1
3904;3
3905;2
3906;1
3907;3
3908;2
3909;1
3910;0
3911;2
3912;1
3913;3
3914;3
3915;2
3916;2
3917;0
3918;1
3919;2
3920;2
3921;1
3922;1
3923;1
3924;3
3925;1
3926;1
3927;2
3928;3
3929;3
3930;2
3931;2
3932;1
3933;1
3934;4
3935;0
3936;3
3937;0
3938;0
3939;1
3940;1
3941;1
3942;3
3943;2
3944;4
3945;3
3946;1
3947;5
3948;1
3949;2
3950;1
3951;2
3952;3
3953;3
3954;0
3955;2
3956;3
3957;4
3958;1
3959;2
3960;1
3961;2
3962;2
3963;3
3964;0
3965;1
3966;2
3967;5
3968;3
3969;1
3970;3
3971;2
3972;0
3973;2
3974;3
3975;3
3976;3
3977;0
3978;1
3979;1
3980;1
3981;0
3982;1
3983;2
3984;1
3985;1
3986;1
3987;6
3988;2
3989;3
3990;4
3991;1
3992;0
3993;1
3994;3
3995;0
3996;0
3997;1
3998;2
3999;3
4000;0
4001;2
4002;1
4003;1
4004;1
4005;4
4006;1
4007;1
4008;2
4009;4
4010;3
4011;1
4012;2
4013;2
4014;0
4015;2
4016;0
4017;0
4018;1
4019;2
4020;4
4021;2
4022;1
4023;4
4024;0
4025;2
4026;1
4027;4
4028;1
4029;1
4030;1
4031;0
4032;0
4033;1
4034;2
4035;3
4036;0
4037;0
4038;0
4039;0
4040;3
4041;3
4042;3
4043;5
4044;3
4045;2
4046;0
4047;1
4048;4
4049;3
4050;3
4051;5
4052;0
4053;5
4054;1
4055;4
4056;1
4057;4
4058;1
4059;0
4060;2
4061;1
4062;3
4063;0
4064;2
4065;1
4066;1
4067;1
4068;0
4069;1
4070;5
4071;3
4072;1
4073;0
4074;1
4075;3
4076;2
4077;2
4078;3
4079;1
4080;1
4081;1
4082;2
4083;0
4084;2
4085;2
4086;2
4087;4
4088;4
4089;0
4090;1
4091;0
4092;3
4093;1
4094;3
4095;2
4096;0
4097;3
4098;2
4099;3
4100;1
4101;5
4102;2
4103;3
4104;1
4105;1
4106;1
4107;1
4108;2
4109;1
4110;4
4111;2
4112;2
4113;2
4114;5
4115;1
4116;0
4117;2
4118;2
4119;5
4120;3
4121;1
4122;1
4123;1
4124;0
4125;1
4126;1
4127;0
4128;2
4129;1
4130;1
4131;0
4132;1
4133;2
4134;1
4135;3
4136;0
4137;2
4138;3
4139;3
4140;2
4141;2
4142;5
4143;3
4144;3
4145;0
4146;1
4147;1
4148;1
4149;2
4150;3
4151;1
4152;2
4153;1
4154;2
4155;1
4156;3
4157;3
4158;0
4159;2
4160;1
4161;3
4162;1
4163;1
4164;0
4165;1
4166;0
4167;2
4168;4
4169;2
4170;2
4171;0
4172;2
4173;0
4174;1
4175;3
4176;1
4177;0
4178;1
4179;3
4180;3
4181;1
4182;0
4183;1
4184;1
4185;2
4186;2
4187;0
4188;1
4189;3
4190;0
4191;2
4192;2
4193;0
4194;1
4195;1
4196;2
4197;3
4198;0
4199;1
4200;2
4201;4
4202;0
4203;2
4204;0
4205;2
4206;2
4207;1
4208;3
4209;1
4210;0
4211;2
4212;0
4213;0
4214;0
4215;0
4216;0
4217;0
4218;4
4219;0
4220;2
4221;1
4222;1
4223;1
4224;0
4225;0
4226;1
4227;1
4228;3
4229;3
4230;1
4231;2
4232;1
4233;1
4234;1
4235;0
4236;1
4237;0
4238;6
4239;0
4240;2
4241;2
4242;1
4243;4
4244;2
4245;1
4246;5
4247;4
4248;0
4249;1
4250;4
4251;3
4252;1
4253;0
4254;1
4255;1
4256;1
4257;2
4258;1
4259;2
4260;1
4261;1
4262;0
4263;0
4264;2
4265;3
4266;2
4267;0
4268;1
4269;2
4270;4
4271;1
4272;2
4273;0
4274;0
4275;2
4276;2
4277;0
4278;1
4279;3
4280;2
4281;4
4282;2
4283;3
4284;2
4285;2
4286;0
4287;0
4288;1
4289;4
4290;3
4291;2
4292;1
4293;1
4294;1
4295;0
4296;1
4297;5
4298;0
4299;2
4300;2
4301;2
4302;0
4303;5
4304;2
4305;0
4306;0
4307;0
4308;0
4309;0
4310;1
4311;1
4312;2
4313;0
4314;3
4315;2
4316;1
4317;0
4318;2
4319;2
4320;0
4321;0
4322;0
4323;2
4324;2
4325;2
4326;1
4327;0
4328;1
4329;1
4330;0
4331;0
4332;2
4333;0
4334;2
4335;1
4336;4
4337;2
4338;1
4339;3
4340;2
4341;0
4342;1
4343;2
4344;1
4345;3
4346;1
4347;2
4348;0
4349;2
4350;2
4351;2
4352;3
4353;1
4354;2
4355;1
4356;1
4357;1
4358;0
4359;0
4360;1
4361;2
4362;0
4363;3
4364;3
4365;2
4366;0
4367;1
4368;0
4369;2
4370;2
4371;2
4372;2
4373;1
4374;3
4375;1
4376;0
4377;1
4378;0
4379;0
4380;0
4381;0
4382;0
4383;2
4384;1
4385;2
4386;1
4387;3
4388;0
4389;1
4390;1
4391;1
4392;1
4393;1
4394;2
4395;0
4396;1
4397;1
4398;1
4399;1
4400;2
4401;3
4402;2
4403;0
4404;1
4405;0
4406;2
4407;2
4408;2
4409;2
4410;1
4411;4
4412;3
4413;4
4414;1
4415;0
4416;0
4417;1
4418;1
4419;2
4420;2
4421;3
4422;0
4423;1
4424;1
4425;1
4426;0
4427;1
4428;1
4429;2
4430;2
4431;0
4432;1
4433;1
4434;4
4435;0
4436;2
4437;1
4438;0
4439;1
4440;1
4441;2
4442;2
4443;2
4444;2
4445;1
4446;3
4447;0
4448;2
4449;0
4450;2
4451;2
4452;2
4453;2
4454;1
4455;0
4456;1
4457;2
4458;4
4459;3
4460;4
4461;0
4462;0
4463;1
4464;0
4465;0
4466;3
4467;3
4468;4
4469;1
4470;1
4471;2
4472;4
4473;2
4474;2
4475;3
4476;1
4477;2
4478;5
4479;3
4480;2
4481;2
4482;2
4483;1
4484;3
4485;2
4486;4
4487;1
4488;1
4489;1
4490;0
4491;0
4492;1
4493;4
4494;1
4495;1
4496;2
4497;1
4498;2
4499;0
4500;0
4501;1
4502;2
4503;2
4504;0
4505;2
4506;1
4507;3
4508;1
4509;2
4510;1
4511;0
4512;1
4513;1
4514;1
4515;0
4516;0
4517;1
4518;0
4519;0
4520;0
4521;2
4522;2
4523;4
4524;2
4525;2
4526;0
4527;0
4528;0
4529;1
4530;1
4531;1
4532;0
4533;0
4534;3
4535;1
4536;1
4537;1
4538;1
4539;1
4540;1
4541;3
4542;1
4543;1
4544;1
4545;0
4546;1
4547;0
4548;2
4549;2
4550;1
4551;1
4552;3
4553;3
4554;1
4555;0
4556;1
4557;0
4558;3
4559;1
4560;3
4561;0
4562;2
4563;5
4564;5
4565;0
4566;5
4567;3
4568;1
4569;1
4570;0
4571;1
4572;1
4573;4
4574;4
4575;1
4576;5
4577;2
4578;0
4579;2
4580;1
4581;0
4582;4
4583;1
4584;1
4585;1
4586;1
4587;3
4588;3
4589;3
4590;0
4591;2
4592;1
4593;1
4594;0
4595;0
4596;3
4597;1
4598;1
4599;1
4600;1
4601;1
4602;1
4603;6
4604;2
4605;2
4606;1
4607;0
4608;1
4609;2
4610;3
4611;0
4612;4
4613;2
4614;1
4615;2
4616;1
4617;2
4618;2
4619;1
4620;1
4621;3
4622;1
4623;2
4624;1
4625;1
4626;2
4627;2
4628;2
4629;2
4630;3
4631;2
4632;1
4633;1
4634;1
4635;1
4636;3
4637;1
4638;0
4639;0
4640;1
4641;1
4642;1
4643;1
4644;0
4645;0
4646;1
4647;2
4648;2
4649;7
4650;0
4651;3
4652;0
4653;3
4654;1
4655;0
4656;1
4657;3
4658;1
4659;2
4660;2
4661;1
4662;2
4663;2
4664;4
4665;2
4666;2
4667;1
4668;1
4669;0
4670;2
4671;2
4672;2
4673;2
4674;2
4675;1
4676;0
4677;2
4678;1
4679;1
4680;2
4681;4
4682;0
4683;1
4684;1
4685;1
4686;2
4687;1
4688;1
4689;0
4690;1
4691;0
4692;1
4693;1
4694;0
4695;1
4696;1
4697;2
4698;1
4699;0
4700;0
4701;2
4702;2
4703;0
4704;0
4705;3
4706;1
4707;3
4708;5
4709;0
4710;3
4711;1
4712;3
4713;2
4714;0
4715;1
4716;0
4717;1
4718;1
4719;2
4720;0
4721;2
4722;2
4723;1
4724;4
4725;0
4726;0
4727;3
4728;2
4729;0
4730;1
4731;0
4732;2
4733;4
4734;0
4735;1
4736;1
4737;1
4738;2
4739;2
4740;1
4741;2
4742;3
4743;2
4744;2
4745;2
4746;0
4747;2
4748;1
4749;2
4750;0
4751;0
4752;1
4753;1
4754;1
4755;3
4756;1
4757;2
4758;1
4759;3
4760;7
4761;0
4762;1
4763;3
4764;2
4765;1
4766;2
4767;2
4768;1
4769;2
4770;1
4771;1
4772;1
4773;4
4774;2
4775;2
4776;0
4777;0
4778;3
4779;2
4780;2
4781;1
4782;3
4783;2
4784;0
4785;1
4786;1
4787;2
4788;5
4789;3
4790;3
4791;1
4792;1
4793;0
4794;3
4795;2
4796;0
4797;1
4798;3
4799;2
4800;0
4801;4
4802;1
4803;0
4804;1
4805;3
4806;0
4807;0
4808;1
4809;1
4810;0
4811;0
4812;1
4813;2
4814;2
4815;0
4816;4
4817;3
4818;0
4819;2
4820;0
4821;0
4822;0
4823;4
4824;0
4825;2
4826;1
4827;5
4828;2
4829;4
4830;1
4831;0
4832;0
4833;1
4834;0
4835;1
4836;2
4837;1
4838;0
4839;0
4840;2
4841;0
4842;0
4843;1
4844;1
4845;0
4846;2
4847;2
4848;0
4849;2
4850;3
4851;3
4852;1
4853;0
4854;1
4855;1
4856;3
4857;0
4858;1
4859;1
4860;2
4861;0
4862;2
4863;1
4864;2
4865;1
4866;3
4867;1
4868;0
4869;1
4870;2
4871;4
4872;1
4873;1
4874;0
4875;3
4876;1
4877;0
4878;1
4879;1
4880;1
4881;0
4882;1
4883;0
4884;0
4885;3
4886;1
4887;1
4888;1
4889;2
4890;0
4891;1
4892;2
4893;1
4894;0
4895;0
4896;4
4897;2
4898;3
4899;2
4900;1
4901;1
4902;4
4903;1
4904;2
4905;0
4906;3
4907;0
4908;0
4909;2
4910;1
4911;0
4912;1
4913;2
4914;1
4915;2
4916;2
4917;2
4918;3
4919;0
4920;3
4921;1
4922;1
4923;2
4924;1
4925;3
4926;0
4927;2
4928;2
4929;3
4930;0
4931;3
4932;1
4933;2
4934;0
4935;2
4936;1
4937;0
4938;2
4939;1
4940;0
4941;3
4942;1
4943;4
4944;0
4945;2
4946;2
4947;0
4948;1
4949;3
4950;1
4951;3
4952;2
4953;3
4954;2
4955;1
4956;1
4957;2
4958;3
4959;2
4960;0
4961;0
4962;0
4963;1
4964;1
4965;0
4966;1
4967;2
4968;0
4969;1
4970;2
4971;1
4972;1
4973;2
4974;0
4975;2
4976;2
4977;0
4978;0
4979;2
4980;1
4981;1
4982;3
4983;2
4984;2
4985;1
4986;1
4987;3
4988;2
4989;0
4990;2
4991;1
4992;1
4993;3
4994;1
4995;1
4996;1
4997;2
4998;1
4999;1
5000;1
5001;0
5002;1
5003;2
5004;0
5005;0
5006;0
5007;2
5008;3
5009;1
5010;1
5011;1
5012;1
5013;1
5014;3
5015;0
5016;3
5017;2
5018;1
5019;2
5020;0
5021;3
5022;0
5023;1
5024;1
5025;1
5026;0
5027;1
5028;5
5029;3
5030;0
5031;1
5032;1
5033;0
5034;1
5035;1
5036;2
5037;1
5038;0
5039;1
5040;0
5041;0
5042;2
5043;0
5044;3
5045;3
5046;2
5047;1
5048;0
5049;2
5050;1
5051;1
5052;1
5053;3
5054;1
5055;3
5056;1
5057;0
5058;0
5059;1
5060;4
5061;4
5062;1
5063;2
5064;0
5065;1
5066;2
5067;1
5068;1
5069;2
5070;3
5071;0
5072;0
5073;2
5074;2
5075;2
5076;0
5077;1
5078;1
5079;3
5080;2
5081;3
5082;0
5083;2
5084;2
5085;0
5086;1
5087;0
5088;4
5089;1
5090;2
5091;0
5092;0
5093;0
5094;1
5095;2
5096;0
5097;2
5098;4
5099;2
5100;6
5101;1
5102;1
5103;0
5104;3
5105;0
5106;4
5107;1
5108;0
5109;1
5110;1
5111;2
5112;3
5113;1
5114;1
5115;2
5116;3
5117;3
5118;2
5119;0
5120;0
5121;2
5122;1
5123;1
5124;3
5125;1
5126;1
5127;0
5128;1
5129;0
5130;1
5131;1
5132;1
5133;1
5134;0
5135;0
5136;1
5137;1
5138;5
5139;1
5140;2
5141;0
5142;4
5143;0
5144;1
5145;0
5146;0
5147;2
5148;0
5149;2
5150;1
5151;3
5152;1
5153;2
5154;0
5155;1
5156;1
5157;1
5158;1
5159;2
5160;0
5161;0
5162;1
5163;2
5164;0
5165;0
5166;3
5167;0
5168;1
5169;2
5170;2
5171;1
5172;2
5173;0
5174;1
5175;1
5176;1
5177;1
5178;3
5179;2
5180;3
5181;0
5182;0
5183;1
5184;1
5185;0
5186;2
5187;0
5188;1
5189;0
5190;0
5191;1
5192;1
5193;5
5194;1
5195;2
5196;3
5197;0
5198;1
5199;3
5200;1
5201;2
5202;1
5203;2
5204;1
5205;1
5206;1
5207;1
5208;2
5209;2
5210;0
5211;0
5212;2
5213;4
5214;2
5215;1
5216;0
5217;0
5218;0
5219;1
5220;0
5221;2
5222;2
5223;2
5224;3
5225;1
5226;3
5227;2
5228;1
5229;2
5230;2
5231;1
5232;0
5233;1
5234;1
5235;1
5236;1
5237;2
5238;1
5239;2
5240;3
5241;0
5242;0
5243;2
5244;0
5245;1
5246;0
5247;1
5248;0
5249;0
5250;0
5251;2
5252;1
5253;1
5254;0
5255;3
5256;2
5257;2
5258;0
5259;3
5260;2
5261;0
5262;1
5263;0
5264;0
5265;1
5266;0
5267;1
5268;0
5269;2
5270;1
5271;0
5272;0
5273;0
5274;3
5275;0
5276;0
5277;1
5278;2
5279;4
5280;0
5281;0
5282;0
5283;0
5284;0
5285;1
5286;1
5287;4
5288;2
5289;1
5290;2
5291;1
5292;0
5293;1
5294;0
5295;1
5296;0
5297;0
5298;1
5299;0
5300;1
5301;1
5302;1
5303;0
5304;1
5305;3
5306;1
5307;0
5308;3
5309;5
5310;3
5311;2
5312;2
5313;1
5314;0
5315;2
5316;0
5317;0
5318;4
5319;6
5320;1
5321;1
5322;1
5323;3
5324;2
5325;2
5326;1
5327;3
5328;1
5329;1
5330;2
5331;1
5332;0
5333;1
5334;1
5335;1
5336;0
5337;0
5338;0
5339;0
5340;1
5341;2
5342;3
5343;0
5344;1
5345;3
5346;1
5347;0
5348;4
5349;1
5350;0
5351;0
5352;0
5353;0
5354;1
5355;2
5356;1
5357;1
5358;1
5359;0
5360;0
5361;0
5362;3
5363;2
5364;2
5365;1
5366;0
5367;1
5368;0
5369;1
5370;0
5371;2
5372;0
5373;0
5374;2
5375;2
5376;0
5377;0
5378;0
5379;0
5380;0
5381;2
5382;2
5383;2
5384;0
5385;0
5386;1
5387;0
5388;1
5389;0
5390;1
5391;0
5392;1
5393;1
5394;1
5395;1
5396;1
5397;0
5398;2
5399;0
5400;0
5401;0
5402;1
5403;0
5404;2
5405;2
5406;3
5407;0
5408;2
5409;1
5410;2
5411;0
5412;3
5413;0
5414;1
5415;2
5416;1
5417;2
5418;0
5419;2
5420;0
5421;2
5422;2
5423;1
5424;0
5425;0
5426;1
5427;1
5428;0
5429;1
5430;1
5431;4
5432;1
5433;1
5434;1
5435;1
5436;2
5437;1
5438;0
5439;1
5440;2
5441;5
5442;0
5443;0
5444;1
5445;3
5446;0
5447;2
5448;1
5449;1
5450;1
5451;0
5452;0
5453;2
5454;0
5455;3
5456;1
5457;1
5458;2
5459;0
5460;0
5461;2
5462;1
5463;0
5464;0
5465;2
5466;1
5467;3
5468;1
5469;0
5470;1
5471;0
5472;0
5473;1
5474;2
5475;0
5476;2
5477;0
5478;3
5479;0
5480;1
5481;2
5482;0
5483;3
5484;0
5485;3
5486;0
5487;2
5488;0
5489;2
5490;0
5491;1
5492;0
5493;1
5494;0
5495;3
5496;0
5497;0
5498;0
5499;1
5500;1
5501;0
5502;1
5503;1
5504;1
5505;0
5506;0
5507;1
5508;3
5509;3
5510;0
5511;2
5512;3
5513;0
5514;1
5515;1
5516;0
5517;1
5518;0
5519;1
5520;1
5521;1
5522;1
5523;1
5524;2
5525;0
5526;0
5527;0
5528;0
5529;2
5530;2
5531;1
5532;0
5533;0
5534;1
5535;1
5536;2
5537;1
5538;1
5539;1
5540;2
5541;2
5542;1
5543;0
5544;0
5545;2
5546;0
5547;0
5548;1
5549;1
5550;0
5551;0
5552;2
5553;2
5554;2
5555;4
5556;1
5557;0
5558;3
5559;0
5560;1
5561;4
5562;1
5563;2
5564;0
5565;1
5566;2
5567;2
5568;0
5569;0
5570;0
5571;1
5572;0
5573;1
5574;0
5575;2
5576;0
5577;1
5578;1
5579;0
5580;0
5581;1
5582;0
5583;0
5584;1
5585;0
5586;0
5587;0
5588;1
5589;2
5590;1
5591;0
5592;0
5593;0
5594;2
5595;0
5596;1
5597;3
5598;1
5599;2
5600;3
5601;1
5602;3
5603;0
5604;1
5605;2
5606;1
5607;0
5608;1
5609;3
5610;0
5611;1
5612;1
5613;1
5614;4
5615;0
5616;0
5617;0
5618;0
5619;0
5620;0
5621;0
5622;0
5623;2
5624;2
5625;0
5626;0
5627;1
5628;1
5629;2
5630;1
5631;1
5632;2
5633;0
5634;3
5635;2
5636;0
5637;1
5638;2
5639;0
5640;0
5641;2
5642;0
5643;0
5644;3
5645;2
5646;3
5647;4
5648;4
5649;1
5650;0
5651;0
5652;2
5653;0
5654;1
5655;2
5656;1
5657;0
5658;1
5659;1
5660;2
5661;1
5662;2
5663;0
5664;2
5665;2
5666;1
5667;1
5668;2
5669;4
5670;0
5671;2
5672;2
5673;1
5674;1
5675;1
5676;0
5677;0
5678;0
5679;3
5680;4
5681;1
5682;1
5683;0
5684;2
5685;3
5686;1
5687;0
5688;0
5689;3
5690;2
5691;1
5692;3
5693;1
5694;1
5695;2
5696;2
5697;1
5698;0
5699;1
5700;2
5701;0
5702;0
5703;1
5704;1
5705;1
5706;2
5707;1
5708;2
5709;1
5710;1
5711;3
5712;0
5713;1
5714;0
5715;2
5716;0
5717;2
5718;0
5719;0
5720;3
5721;0
5722;1
5723;2
5724;0
5725;0
5726;1
5727;3
5728;0
5729;2
5730;5
5731;1
5732;0
5733;4
5734;0
5735;2
5736;2
5737;1
5738;1
5739;0
5740;3
5741;0
5742;4
5743;0
5744;1
5745;1
5746;1
5747;2
5748;1
5749;1
5750;1
5751;3
5752;2
5753;2
5754;0
5755;2
5756;2
5757;2
5758;0
5759;1
5760;4
5761;1
5762;2
5763;1
5764;2
5765;1
5766;1
5767;1
5768;0
5769;2
5770;0
5771;0
5772;2
5773;2
5774;3
5775;1
5776;0
5777;0
5778;0
5779;4
5780;1
5781;3
5782;0
5783;0
5784;0
5785;0
5786;1
5787;0
5788;1
5789;1
5790;1
5791;1
5792;0
5793;0
5794;4
5795;1
5796;1
5797;0
5798;1
5799;1
5800;3
5801;0
5802;4
5803;1
5804;0
5805;1
5806;0
5807;0
5808;1
5809;2
5810;3
5811;2
5812;1
5813;1
5814;0
5815;3
5816;1
5817;1
5818;0
5819;3
5820;1
5821;0
5822;1
5823;3
5824;0
5825;0
5826;1
5827;0
5828;0
5829;1
5830;3
5831;1
5832;1
5833;0
5834;2
5835;2
5836;1
5837;1
5838;1
5839;1
5840;3
5841;1
5842;1
5843;0
5844;2
5845;3
5846;2
5847;0
5848;2
5849;1
5850;0
5851;2
5852;1
5853;0
5854;1
5855;0
5856;1
5857;0
5858;0
5859;2
5860;0
5861;3
5862;2
5863;0
5864;1
5865;2
5866;0
5867;1
5868;2
5869;0
5870;1
5871;0
5872;2
5873;1
5874;1
5875;0
5876;1
5877;0
5878;0
5879;4
5880;2
5881;2
5882;0
5883;0
5884;2
5885;0
5886;0
5887;0
5888;2
5889;1
5890;1
5891;1
5892;2
5893;0
5894;2
5895;2
5896;1
5897;2
5898;1
5899;0
5900;4
5901;1
5902;0
5903;1
5904;0
5905;0
5906;0
5907;1
5908;1
5909;1
5910;1
5911;1
5912;2
5913;1
5914;0
5915;2
5916;0
5917;0
5918;1
5919;0
5920;0
5921;0
5922;1
5923;0
5924;0
5925;0
5926;2
5927;1
5928;0
5929;0
5930;0
5931;2
5932;0
5933;2
5934;3
5935;1
5936;0
5937;1
5938;0
5939;1
5940;1
5941;2
5942;1
5943;0
5944;1
5945;0
5946;3
5947;1
5948;0
5949;0
5950;0
5951;1
5952;2
5953;0
5954;0
5955;0
5956;0
5957;3
5958;0
5959;3
5960;1
5961;4
5962;1
5963;4
5964;1
5965;2
5966;0
5967;1
5968;1
5969;0
5970;1
5971;1
5972;1
5973;1
5974;0
5975;0
5976;1
5977;1
5978;2
5979;2
5980;0
5981;0
5982;3
5983;1
5984;0
5985;0
5986;2
5987;0
5988;2
5989;2
5990;2
5991;1
5992;2
5993;0
5994;1
5995;0
5996;0
5997;3
5998;0
5999;0
6000;1
6001;2
6002;2
6003;0
6004;0
6005;2
6006;0
6007;1
6008;1
6009;1
6010;1
6011;2
6012;1
6013;1
6014;1
6015;3
6016;1
6017;0
6018;0
6019;1
6020;0
6021;0
6022;2
6023;2
6024;0
6025;1
6026;1
6027;0
6028;1
6029;0
6030;0
6031;1
6032;0
6033;2
6034;1
6035;0
6036;0
6037;1
6038;2
6039;1
6040;3
6041;0
6042;1
6043;2
6044;3
6045;0
6046;0
6047;2
6048;0
6049;3
6050;0
6051;1
6052;1
6053;2
6054;1
6055;0
6056;0
6057;1
6058;2
6059;0
6060;0
6061;1
6062;3
6063;0
6064;2
6065;1
6066;0
6067;3
6068;0
6069;0
6070;2
6071;1
6072;0
6073;3
6074;0
6075;2
6076;1
6077;0
6078;2
6079;1
6080;0
6081;0
6082;0
6083;2
6084;0
6085;1
6086;0
6087;1
6088;0
6089;1
6090;3
6091;0
6092;0
6093;0
6094;1
6095;0
6096;4
6097;1
6098;1
6099;1
6100;0
6101;1
6102;0
6103;5
6104;0
6105;1
6106;0
6107;1
6108;1
6109;1
6110;0
6111;0
6112;0
6113;1
6114;0
6115;0
6116;0
6117;0
6118;2
6119;2
6120;0
6121;0
6122;1
6123;0
6124;3
6125;3
6126;0
6127;2
6128;1
6129;1
6130;0
6131;1
6132;0
6133;3
6134;0
6135;1
6136;0
6137;3
6138;2
6139;0
6140;3
6141;0
6142;1
6143;0
6144;1
6145;0
6146;0
6147;0
6148;1
6149;1
6150;1
6151;1
6152;0
6153;1
6154;1
6155;2
6156;0
6157;0
6158;1
6159;0
6160;0
6161;1
6162;1
6163;1
6164;4
6165;1
6166;1
6167;0
6168;1
6169;1
6170;1
6171;3
6172;1
6173;1
6174;1
6175;1
6176;1
6177;1
6178;1
6179;0
6180;0
6181;0
6182;2
6183;1
6184;1
6185;0
6186;0
6187;1
6188;0
6189;0
6190;2
6191;1
6192;1
6193;2
6194;0
6195;2
6196;1
6197;1
6198;0
6199;0
6200;1
6201;1
6202;1
6203;1
6204;1
6205;0
6206;1
6207;0
6208;1
6209;1
6210;0
6211;1
6212;0
6213;4
6214;1
6215;0
6216;0
6217;0
6218;1
6219;0
6220;2
6221;0
6222;3
6223;1
6224;1
6225;0
6226;1
6227;0
6228;0
6229;0
6230;1
6231;0
6232;1
6233;1
6234;0
6235;1
6236;1
6237;0
6238;0
6239;1
6240;1
6241;2
6242;0
6243;0
6244;0
6245;1
6246;0
6247;0
6248;1
6249;0
6250;0
6251;1
6252;0
6253;0
6254;1
6255;0
6256;0
6257;0
6258;0
6259;1
6260;1
6261;2
6262;2
6263;1
6264;0
6265;0
6266;0
6267;0
6268;2
6269;1
6270;2
6271;0
6272;1
6273;0
6274;2
6275;0
6276;0
6277;1
6278;0
6279;0
6280;0
6281;0
6282;0
6283;0
6284;0
6285;0
6286;0
6287;1
6288;2
6289;2
6290;0
6291;2
6292;1
6293;0
6294;0
6295;1
6296;4
6297;0
6298;0
6299;1
6300;0
6301;1
6302;2
6303;1
6304;1
6305;1
6306;1
6307;1
6308;0
6309;0
6310;0
6311;1
6312;0
6313;1
6314;0
6315;1
6316;1
6317;0
6318;3
6319;1
6320;0
6321;0
6322;1
6323;0
6324;2
6325;1
6326;1
6327;1
6328;1
6329;1
6330;0
6331;1
6332;1
6333;2
6334;0
6335;1
6336;0
6337;1
6338;0
6339;0
6340;1
6341;1
6342;0
6343;1
6344;0
6345;0
6346;1
6347;1
6348;2
6349;1
6350;1
6351;3
6352;0
6353;0
6354;0
6355;1
6356;1
6357;1
6358;1
6359;1
6360;1
6361;1
6362;1
6363;0
6364;2
6365;1
6366;1
6367;0
6368;0
6369;0
6370;1
6371;2
6372;1
6373;0
6374;0
6375;1
6376;1
6377;0
6378;0
6379;0
6380;1
6381;0
6382;1
6383;0
6384;2
6385;0
6386;3
6387;2
6388;1
6389;1
6390;0
6391;0
6392;1
6393;2
6394;0
6395;1
6396;1
6397;2
6398;0
6399;2
6400;3
6401;0
6402;0
6403;1
6404;0
6405;0
6406;0
6407;0
6408;0
6409;0
6410;2
6411;0
6412;1
6413;0
6414;0
6415;1
6416;0
6417;0
6418;0
6419;0
6420;1
6421;1
6422;1
6423;0
6424;0
6425;0
6426;0
6427;0
6428;0
6429;2
6430;2
6431;0
6432;2
6433;0
6434;0
6435;0
6436;1
6437;0
6438;1
6439;2
6440;2
6441;0
6442;0
6443;0
6444;0
6445;0
6446;1
6447;0
6448;1
6449;1
6450;1
6451;1
6452;1
6453;1
6454;2
6455;1
6456;3
6457;1
6458;0
6459;0
6460;0
6461;0
6462;1
6463;0
6464;0
6465;0
6466;1
6467;0
6468;1
6469;0
6470;0
6471;0
6472;0
6473;1
6474;1
6475;0
6476;1
6477;0
6478;1
6479;0
6480;0
6481;0
6482;0
6483;1
6484;0
6485;1
6486;0
6487;1
6488;0
6489;0
6490;2
6491;0
6492;0
6493;1
6494;2
6495;0
6496;1
6497;0
6498;0
6499;0
6500;1
6501;0
6502;0
6503;2
6504;0
6505;1
6506;0
6507;1
6508;1
6509;0
6510;0
6511;0
6512;2
6513;2
6514;0
6515;0
6516;1
6517;0
6518;2
6519;1
6520;1
6521;1
6522;0
6523;1
6524;2
6525;1
6526;0
6527;0
6528;1
6529;1
6530;1
6531;1
6532;0
6533;2
6534;1
6535;1
6536;0
6537;0
6538;2
6539;0
6540;2
6541;1
6542;0
6543;0
6544;0
6545;1
6546;1
6547;0
6548;2
6549;0
6550;2
6551;1
6552;0
6553;0
6554;2
6555;1
6556;1
6557;1
6558;2
6559;0
6560;0
6561;0
6562;0
6563;0
6564;0
6565;1
6566;0
6567;1
6568;1
6569;0
6570;1
6571;1
6572;0
6573;0
6574;0
6575;0
6576;1
6577;2
6578;0
6579;1
6580;1
6581;1
6582;3
6583;1
6584;0
6585;1
6586;1
6587;1
6588;2
6589;0
6590;0
6591;0
6592;1
6593;1
6594;2
6595;1
6596;0
6597;0
6598;0
6599;1
6600;1
6601;1
6602;0
6603;0
6604;0
6605;0
6606;1
6607;2
6608;2
6609;0
6610;0
6611;0
6612;1
6613;0
6614;0
6615;0
6616;2
6617;1
6618;1
6619;1
6620;0
6621;0
6622;0
6623;0
6624;0
6625;0
6626;0
6627;0
6628;1
6629;0
6630;1
6631;0
6632;1
6633;0
6634;0
6635;0
6636;0
6637;0
6638;0
6639;0
6640;0
6641;0
6642;0
6643;1
6644;1
6645;0
6646;0
6647;0
6648;0
6649;0
6650;0
6651;0
6652;1
6653;0
6654;0
6655;0
6656;0
6657;2
6658;0
6659;0
6660;0
6661;0
6662;0
6663;1
6664;1
6665;0
6666;0
6667;2
6668;0
6669;0
6670;1
6671;0
6672;0
6673;0
6674;1
6675;0
6676;0
6677;0
6678;2
6679;2
6680;0
6681;1
6682;0
6683;1
6684;1
6685;0
6686;0
6687;0
6688;0
6689;0
6690;1
6691;0
6692;0
6693;0
6694;0
6695;1
6696;0
6697;1
6698;1
6699;0
6700;1
6701;1
6702;1
6703;1
6704;1
6705;1
6706;0
6707;0
6708;3
6709;0
6710;0
6711;0
6712;0
6713;1
6714;0
6715;1
6716;0
6717;1
6718;1
6719;0
6720;2
6721;1
6722;1
6723;0
6724;0
6725;1
6726;0
6727;0
6728;0
6729;1
6730;1
6731;0
6732;0
6733;1
6734;0
6735;1
6736;0
6737;2
6738;0
6739;0
6740;2
6741;2
6742;0
6743;2
6744;1
6745;0
6746;0
6747;2
6748;0
6749;0
6750;0
6751;0
6752;0
6753;0
6754;1
6755;1
6756;1
6757;1
6758;1
6759;0
6760;0
6761;0
6762;1
6763;0
6764;1
6765;1
6766;0
6767;0
6768;1
6769;0
6770;0
6771;0
6772;0
6773;0
6774;2
6775;0
6776;1
6777;2
6778;0
6779;0
6780;2
6781;1
6782;0
6783;0
6784;0
6785;1
6786;0
6787;0
6788;1
6789;0
6790;1
6791;0
6792;1
6793;0
6794;1
6795;0
6796;1
6797;1
6798;0
6799;1
6800;0
6801;0
6802;1
6803;0
6804;0
6805;1
6806;0
6807;0
6808;0
6809;0
6810;0
6811;0
6812;0
6813;1
6814;0
6815;0
6816;0
6817;1
6818;0
6819;0
6820;0
6821;0
6822;0
6823;0
6824;0
6825;1
6826;0
6827;2
6828;0
6829;2
6830;0
6831;1
6832;0
6833;0
6834;0
6835;1
6836;0
6837;0
6838;1
6839;2
6840;0
6841;0
6842;0
6843;1
6844;0
6845;0
6846;1
6847;0
6848;2
6849;0
6850;0
6851;0
6852;0
6853;0
6854;0
6855;0
6856;0
6857;0
6858;2
6859;1
6860;0
6861;2
6862;2
6863;1
6864;0
6865;0
6866;0
6867;1
6868;0
6869;0
6870;0
6871;2
6872;0
6873;1
6874;0
6875;0
6876;0
6877;0
6878;0
6879;0
6880;0
6881;0
6882;1
6883;0
6884;0
6885;0
6886;0
6887;0
6888;1
6889;2
6890;0
6891;0
6892;0
6893;0
6894;0
6895;0
6896;1
6897;1
6898;2
6899;1
6900;1
6901;0
6902;0
6903;0
6904;0
6905;0
6906;0
6907;0
6908;1
6909;1
6910;0
6911;1
6912;0
6913;2
6914;1
6915;0
6916;0
6917;0
6918;0
6919;1
6920;1
6921;0
6922;0
6923;0
6924;0
6925;1
6926;0
6927;1
6928;0
6929;0
6930;0
6931;1
6932;0
6933;1
6934;0
6935;0
6936;0
6937;0
6938;0
6939;1
6940;1
6941;1
6942;0
6943;0
6944;1
6945;0
6946;0
6947;1
6948;0
6949;0
6950;0
6951;0
6952;0
6953;1
6954;1
6955;1
6956;1
6957;2
6958;0
6959;0
6960;1
6961;1
6962;0
6963;0
6964;0
6965;0
6966;0
6967;0
6968;1
6969;0
6970;0
6971;0
6972;0
6973;0
6974;0
6975;0
6976;0
6977;1
6978;1
6979;0
6980;2
6981;0
6982;0
6983;2
6984;0
6985;0
6986;0
6987;0
6988;0
6989;1
6990;1
6991;0
6992;1
6993;0
6994;0
6995;0
6996;0
6997;2
6998;1
6999;0
7000;1
7001;0
7002;0
7003;0
7004;1
7005;0
7006;0
7007;1
7008;0
7009;0
7010;0
7011;0
7012;0
7013;0
7014;0
7015;1
7016;0
7017;0
7018;0
7019;0
7020;0
7021;0
7022;0
7023;1
7024;0
7025;1
7026;1
7027;0
7028;0
7029;0
7030;0
7031;0
7032;0
7033;0
7034;1
7035;3
7036;0
7037;1
7038;1
7039;0
7040;0
7041;0
7042;2
7043;0
7044;1
7045;1
7046;0
7047;0
7048;0
7049;0
7050;0
7051;0
7052;0
7053;2
7054;1
7055;0
7056;0
7057;1
7058;1
7059;2
7060;1
7061;1
7062;0
7063;2
7064;1
7065;0
7066;0
7067;1
7068;0
7069;2
7070;0
7071;0
7072;1
7073;2
7074;1
7075;0
7076;2
7077;0
7078;0
7079;0
7080;1
7081;0
7082;1
7083;2
7084;0
7085;1
7086;1
7087;0
7088;3
7089;0
7090;1
7091;1
7092;0
7093;1
7094;0
7095;0
7096;0
7097;0
7098;1
7099;3
7100;0
7101;0
7102;1
7103;0
7104;2
7105;1
7106;1
7107;0
7108;1
7109;0
7110;1
7111;0
7112;0
7113;1
7114;0
7115;1
7116;1
7117;1
7118;0
7119;1
7120;0
7121;1
7122;0
7123;0
7124;0
7125;0
7126;0
7127;0
7128;2
7129;1
7130;0
7131;0
7132;0
7133;1
7134;0
7135;0
7136;1
7137;0
7138;0
7139;0
7140;0
7141;1
7142;0
7143;0
7144;1
7145;1
7146;1
7147;1
7148;0
7149;0
7150;1
7151;0
7152;0
7153;2
7154;1
7155;1
7156;0
7157;1
7158;2
7159;0
7160;0
7161;1
7162;2
7163;0
7164;1
7165;2
7166;0
7167;0
7168;1
7169;1
7170;2
7171;0
7172;1
7173;1
7174;1
7175;0
7176;2
7177;1
7178;0
7179;1
7180;0
7181;0
7182;1
7183;2
7184;0
7185;1
7186;1
7187;1
7188;0
7189;1
7190;1
7191;0
7192;3
7193;2
7194;1
7195;0
7196;0
7197;0
7198;1
7199;2
7200;0
7201;1
7202;2
7203;1
7204;1
7205;0
7206;2
7207;0
7208;1
7209;0
7210;0
7211;0
7212;0
7213;2
7214;0
7215;2
7216;0
7217;2
7218;1
7219;0
7220;0
7221;3
7222;0
7223;1
7224;1
7225;0
7226;1
7227;1
7228;2
7229;0
7230;2
7231;1
7232;0
7233;2
7234;2
7235;0
7236;1
7237;1
7238;1
7239;0
7240;2
7241;1
7242;1
7243;2
7244;1
7245;3
7246;2
7247;1
7248;2
7249;1
7250;2
7251;1
7252;3
7253;0
7254;0
7255;2
7256;0
7257;0
7258;0
7259;1
7260;1
7261;0
7262;0
7263;1
7264;1
7265;0
7266;3
7267;2
7268;1
7269;3
7270;2
7271;0
7272;2
7273;0
7274;2
7275;2
7276;0
7277;2
7278;1
7279;0
7280;2
7281;1
7282;1
7283;1
7284;1
7285;1
7286;1
7287;0
7288;2
7289;2
7290;0
7291;0
7292;1
7293;1
7294;1
7295;1
7296;0
7297;0
7298;2
7299;1
7300;1
7301;1
7302;1
7303;1
7304;1
7305;0
7306;3
7307;1
7308;1
7309;1
7310;2
7311;0
7312;1
7313;2
7314;0
7315;1
7316;1
7317;3
7318;1
7319;3
7320;1
7321;2
7322;0
7323;0
7324;1
7325;1
7326;0
7327;1
7328;1
7329;0
7330;2
7331;1
7332;1
7333;0
7334;0
7335;1
7336;0
7337;0
7338;0
7339;2
7340;4
7341;2
7342;4
7343;1
7344;0
7345;0
7346;2
7347;2
7348;1
7349;2
7350;2
7351;1
7352;1
7353;1
7354;2
7355;0
7356;0
7357;2
7358;0
7359;0
7360;3
7361;2
7362;0
7363;0
7364;2
7365;1
7366;1
7367;0
7368;3
7369;1
7370;3
7371;5
7372;5
7373;2
7374;1
7375;1
7376;0
7377;1
7378;0
7379;1
7380;2
7381;1
7382;3
7383;0
7384;1
7385;2
7386;1
7387;2
7388;1
7389;1
7390;1
7391;2
7392;4
7393;1
7394;1
7395;0
7396;3
7397;2
7398;0
7399;0
7400;1
7401;0
7402;0
7403;2
7404;1
7405;2
7406;2
7407;2
7408;5
7409;4
7410;0
7411;2
7412;1
7413;3
7414;1
7415;0
7416;2
7417;0
7418;3
7419;3
7420;0
7421;1
7422;0
7423;1
7424;2
7425;0
7426;0
7427;0
7428;1
7429;0
7430;2
7431;0
7432;1
7433;3
7434;4
7435;0
7436;2
7437;0
7438;1
7439;2
7440;3
7441;1
7442;0
7443;1
7444;0
7445;0
7446;2
7447;2
7448;3
7449;2
7450;0
7451;0
7452;1
7453;1
7454;1
7455;0
7456;2
7457;1
7458;1
7459;4
7460;2
7461;2
7462;2
7463;1
7464;0
7465;1
7466;2
7467;2
7468;3
7469;2
7470;1
7471;0
7472;0
7473;1
7474;0
7475;3
7476;3
7477;0
7478;2
7479;1
7480;3
7481;0
7482;3
7483;1
7484;0
7485;2
7486;0
7487;1
7488;4
7489;1
7490;1
7491;4
7492;1
7493;0
7494;1
7495;2
7496;1
7497;3
7498;2
7499;2
7500;2
7501;1
7502;1
7503;1
7504;2
7505;2
7506;1
7507;1
7508;2
7509;2
7510;3
7511;1
7512;0
7513;3
7514;1
7515;1
7516;0
7517;3
7518;2
7519;3
7520;1
7521;1
7522;1
7523;1
7524;1
7525;1
7526;2
7527;0
7528;1
7529;3
7530;4
7531;1
7532;1
7533;2
7534;2
7535;1
7536;3
7537;0
7538;3
7539;1
7540;4
7541;2
7542;3
7543;3
7544;2
7545;0
7546;3
7547;1
7548;2
7549;1
7550;0
7551;0
7552;0
7553;1
7554;1
7555;1
7556;5
7557;1
7558;2
7559;2
7560;5
7561;1
7562;1
7563;1
7564;1
7565;1
7566;0
7567;2
7568;0
7569;3
7570;0
7571;0
7572;2
7573;3
7574;2
7575;0
7576;1
7577;2
7578;1
7579;0
7580;1
7581;0
7582;2
7583;1
7584;0
7585;1
7586;4
7587;1
7588;6
7589;1
7590;1
7591;3
7592;4
7593;4
7594;1
7595;3
7596;1
7597;3
7598;1
7599;3
7600;0
7601;2
7602;3
7603;1
7604;1
7605;2
7606;1
7607;4
7608;3
7609;0
7610;0
7611;1
7612;2
7613;3
7614;0
7615;0
7616;2
7617;2
7618;2
7619;1
7620;1
7621;0
7622;1
7623;1
7624;1
7625;1
7626;1
7627;0
7628;2
7629;1
7630;0
7631;3
7632;4
7633;1
7634;1
7635;0
7636;0
7637;0
7638;0
7639;0
7640;2
7641;1
7642;5
7643;0
7644;1
7645;0
7646;0
7647;0
7648;0
7649;0
7650;2
7651;1
7652;1
7653;1
7654;1
7655;2
7656;2
7657;0
7658;0
7659;1
7660;1
7661;0
7662;1
7663;0
7664;1
7665;0
7666;0
7667;2
7668;2
7669;0
7670;1
7671;1
7672;1
7673;1
7674;0
7675;0
7676;4
7677;2
7678;0
7679;0
7680;1
7681;0
7682;1
7683;0
7684;2
7685;0
7686;0
7687;1
7688;0
7689;1
7690;0
7691;1
7692;1
7693;1
7694;1
7695;1
7696;2
7697;1
7698;2
7699;0
7700;1
7701;1
7702;1
7703;0
7704;1
7705;1
7706;0
7707;0
7708;0
7709;0
7710;1
7711;0
7712;0
7713;1
7714;3
7715;1
7716;2
7717;1
7718;0
7719;0
7720;0
7721;0
7722;0
7723;0
7724;0
7725;1
7726;0
7727;0
7728;0
7729;1
7730;0
7731;2
7732;1
7733;2
7734;0
7735;0
7736;0
7737;1
7738;0
7739;1
7740;0
7741;2
7742;0
7743;0
7744;0
7745;2
7746;0
7747;0
7748;0
7749;1
7750;0
7751;4
7752;1
7753;0
7754;0
7755;0
7756;2
7757;1
7758;1
7759;0
7760;0
7761;0
7762;0
7763;2
7764;2
7765;2
7766;0
7767;0
7768;0
7769;0
7770;1
7771;1
7772;0
7773;2
7774;0
7775;1
7776;0
7777;0
7778;0
7779;0
7780;1
7781;0
7782;1
7783;2
7784;1
7785;0
7786;1
7787;0
7788;0
7789;0
7790;0
7791;0
7792;0
7793;0
7794;1
7795;0
7796;1
7797;0
7798;0
7799;0
7800;0
7801;0
7802;0
7803;0
7804;1
7805;0
7806;1
7807;0
7808;1
7809;1
7810;1
7811;0
7812;1
7813;0
7814;0
7815;1
7816;0
7817;1
7818;0
7819;0
7820;0
7821;0
7822;1
7823;0
7824;0
7825;0
7826;0
7827;0
7828;0
7829;0
7830;0
7831;0
7832;0
7833;0
7834;0
7835;0
7836;0
7837;1
7838;0
7839;0
7840;0
7841;1
7842;1
7843;0
7844;1
7845;1
7846;1
7847;0
7848;0
7849;2
7850;0
7851;0
7852;0
7853;0
7854;0
7855;0
7856;0
7857;0
7858;1
7859;0
7860;0
7861;0
7862;1
7863;0
7864;0
7865;0
7866;1
7867;0
7868;0
7869;0
7870;2
7871;0
7872;0
7873;0
7874;1
7875;0
7876;1
7877;0
7878;0
7879;1
7880;1
7881;1
7882;0
7883;0
7884;0
7885;0
7886;0
7887;0
7888;1
7889;0
7890;1
7891;1
7892;0
7893;0
7894;1
7895;0
7896;0
7897;0
7898;0
7899;0
7900;0
7901;0
7902;0
7903;0
7904;0
7905;0
7906;0
7907;0
7908;0
7909;0
7910;0
7911;0
7912;0
7913;0
7914;1
7915;0
7916;0
7917;0
7918;0
7919;0
7920;0
7921;0
7922;0
7923;0
7924;0
7925;0
7926;1
7927;0
7928;0
7929;1
7930;0
7931;0
7932;0
7933;0
7934;0
7935;2
7936;1
7937;1
7938;0
7939;0
7940;0
7941;0
7942;1
7943;0
7944;1
7945;0
7946;0
7947;0
7948;0
7949;0
7950;0
7951;0
7952;0
7953;0
7954;0
7955;0
7956;0
7957;0
7958;1
7959;0
7960;0
7961;0
7962;0
7963;1
7964;0
7965;1
7966;0
7967;0
7968;0
7969;0
7970;1
7971;0
7972;0
7973;0
7974;1
7975;1
7976;0
7977;0
7978;1
7979;0
7980;0
7981;0
7982;0
7983;0
7984;0
7985;0
7986;0
7987;0
7988;0
7989;0
7990;1
7991;0
7992;1
7993;0
7994;1
7995;0
7996;0
7997;1
7998;0
7999;0
8000;0
8001;0
8002;0
8003;0
8004;0
8005;0
8006;0
8007;0
8008;0
8009;0
8010;0
8011;0
8012;0
8013;1
8014;1
8015;1
8016;0
8017;0
8018;0
8019;0
8020;0
8021;0
8022;0
8023;0
8024;1
8025;0
8026;1
8027;1
8028;0
8029;0
8030;0
8031;0
8032;0
8033;0
8034;0
8035;0
8036;0
8037;1
8038;0
8039;0
8040;1
8041;0
8042;0
8043;1
8044;1
8045;0
8046;0
8047;0
8048;0
8049;0
8050;0
8051;0
8052;1
8053;0
8054;0
8055;0
8056;0
8057;0
8058;0
8059;0
8060;0
8061;1
8062;0
8063;0
8064;0
8065;1
8066;1
8067;1
8068;1
8069;0
8070;1
8071;0
8072;1
8073;0
8074;0
8075;0
8076;0
8077;0
8078;2
8079;0
8080;0
8081;0
8082;0
8083;0
8084;1
8085;0
8086;0
8087;0
8088;0
8089;0
8090;0
8091;0
8092;1
8093;1
8094;0
8095;0
8096;0
8097;0
8098;0
8099;0
8100;1
8101;0
8102;2
8103;0
8104;0
8105;1
8106;1
8107;1
8108;0
8109;0
8110;0
8111;0
8112;0
8113;0
8114;1
8115;0
8116;0
8117;0
8118;0
8119;0
8120;0
8121;0
8122;0
8123;0
8124;0
8125;0
8126;0
8127;0
8128;0
8129;0
8130;0
8131;0
8132;0
8133;0
8134;0
8135;0
8136;0
8137;0
8138;0
8139;0
8140;0
8141;0
8142;0
8143;0
8144;0
8145;0
8146;0
8147;0
8148;0
8149;0
8150;0
8151;0
8152;0
8153;0
8154;0
8155;0
8156;0
8157;0
8158;0
8159;0
8160;0
8161;0
8162;0
8163;0
8164;0
8165;0
8166;0
8167;0
8168;0
8169;0
8170;0
8171;0
8172;0
8173;0
8174;0
8175;0
8176;0
8177;0
8178;0
8179;0
8180;0
8181;0
8182;0
8183;0
8184;0
8185;0
8186;0
8187;0
8188;0
8189;0
8190;0
8191;0
