0;0
1;0
2;0
3;0
4;0
5;0
6;0
7;0
8;0
9;0
10;0
11;0
12;0
13;0
14;0
15;0
16;0
17;0
18;0
19;0
20;0
21;0
22;0
23;0
24;0
25;0
26;0
27;0
28;0
29;0
30;0
31;0
32;0
33;0
34;0
35;0
36;0
37;0
38;0
39;0
40;0
41;0
42;0
43;0
44;0
45;0
46;0
47;0
48;0
49;0
50;0
51;0
52;0
53;0
54;0
55;0
56;0
57;0
58;0
59;0
60;0
61;1
62;0
63;2
64;2
65;7
66;9
67;17
68;54
69;93
70;125
71;154
72;166
73;176
74;162
75;183
76;178
77;175
78;160
79;165
80;157
81;161
82;149
83;170
84;123
85;159
86;135
87;172
88;174
89;152
90;154
91;151
92;123
93;129
94;141
95;150
96;130
97;148
98;125
99;128
100;127
101;135
102;133
103;116
104;110
105;114
106;101
107;129
108;117
109;115
110;116
111;111
112;99
113;125
114;118
115;87
116;123
117;93
118;93
119;102
120;101
121;94
122;100
123;95
124;97
125;85
126;92
127;98
128;94
129;95
130;86
131;73
132;87
133;97
134;90
135;95
136;92
137;109
138;91
139;85
140;95
141;100
142;108
143;121
144;111
145;110
146;116
147;88
148;97
149;111
150;94
151;124
152;107
153;85
154;95
155;104
156;113
157;113
158;105
159;92
160;92
161;107
162;97
163;126
164;106
165;133
166;112
167;120
168;110
169;140
170;126
171;126
172;116
173;136
174;121
175;133
176;125
177;131
178;148
179;132
180;162
181;144
182;145
183;123
184;143
185;136
186;141
187;126
188;127
189;139
190;117
191;142
192;156
193;140
194;146
195;143
196;136
197;161
198;148
199;162
200;139
201;160
202;130
203;154
204;152
205;142
206;162
207;147
208;148
209;150
210;135
211;162
212;148
213;147
214;164
215;144
216;146
217;143
218;155
219;173
220;165
221;165
222;155
223;160
224;146
225;155
226;149
227;150
228;174
229;145
230;140
231;154
232;164
233;190
234;177
235;151
236;176
237;160
238;156
239;166
240;185
241;134
242;179
243;185
244;174
245;160
246;167
247;176
248;158
249;148
250;167
251;170
252;174
253;177
254;165
255;172
256;180
257;156
258;154
259;166
260;195
261;159
262;158
263;170
264;177
265;147
266;164
267;160
268;188
269;173
270;176
271;165
272;182
273;164
274;150
275;167
276;179
277;180
278;167
279;180
280;168
281;176
282;207
283;189
284;156
285;187
286;178
287;177
288;161
289;202
290;198
291;210
292;215
293;196
294;201
295;200
296;208
297;206
298;219
299;212
300;196
301;198
302;213
303;215
304;224
305;200
306;206
307;211
308;232
309;218
310;233
311;234
312;239
313;239
314;244
315;249
316;238
317;235
318;230
319;268
320;228
321;265
322;273
323;238
324;268
325;282
326;279
327;252
328;276
329;269
330;284
331;299
332;335
333;266
334;325
335;328
336;325
337;327
338;324
339;358
340;347
341;310
342;319
343;306
344;353
345;386
346;362
347;375
348;378
349;373
350;392
351;434
352;427
353;429
354;451
355;429
356;454
357;487
358;468
359;465
360;524
361;479
362;445
363;491
364;471
365;502
366;534
367;525
368;518
369;544
370;590
371;591
372;615
373;626
374;554
375;574
376;603
377;632
378;648
379;681
380;689
381;690
382;793
383;711
384;814
385;773
386;780
387;787
388;780
389;850
390;867
391;874
392;920
393;927
394;919
395;927
396;934
397;955
398;1012
399;1014
400;1092
401;1112
402;1079
403;1167
404;1238
405;1177
406;1226
407;1223
408;1316
409;1266
410;1350
411;1373
412;1441
413;1481
414;1494
415;1462
416;1520
417;1563
418;1533
419;1625
420;1689
421;1557
422;1716
423;1648
424;1746
425;1858
426;1819
427;1845
428;1857
429;1904
430;2006
431;1994
432;2049
433;2089
434;2105
435;2169
436;2190
437;2197
438;2196
439;2280
440;2312
441;2356
442;2322
443;2382
444;2441
445;2377
446;2450
447;2414
448;2534
449;2492
450;2524
451;2482
452;2453
453;2507
454;2438
455;2525
456;2567
457;2499
458;2532
459;2581
460;2588
461;2593
462;2612
463;2541
464;2545
465;2503
466;2679
467;2635
468;2504
469;2437
470;2455
471;2546
472;2381
473;2383
474;2391
475;2273
476;2300
477;2274
478;2318
479;2271
480;2266
481;2233
482;2195
483;2165
484;2079
485;2089
486;2152
487;2123
488;2030
489;1925
490;1917
491;1857
492;1914
493;1842
494;1766
495;1795
496;1662
497;1682
498;1681
499;1654
500;1667
501;1629
502;1514
503;1523
504;1538
505;1488
506;1392
507;1392
508;1357
509;1286
510;1339
511;1225
512;1328
513;1218
514;1177
515;1205
516;1126
517;1106
518;1035
519;1070
520;1053
521;989
522;989
523;993
524;971
525;862
526;898
527;889
528;831
529;789
530;801
531;769
532;799
533;744
534;727
535;728
536;743
537;730
538;672
539;678
540;642
541;625
542;632
543;586
544;629
545;553
546;575
547;584
548;524
549;510
550;553
551;481
552;495
553;464
554;464
555;486
556;452
557;410
558;436
559;386
560;436
561;396
562;420
563;378
564;387
565;352
566;352
567;338
568;392
569;335
570;330
571;305
572;317
573;336
574;294
575;298
576;288
577;289
578;271
579;262
580;287
581;270
582;254
583;224
584;249
585;253
586;209
587;241
588;217
589;215
590;222
591;207
592;168
593;208
594;182
595;161
596;213
597;194
598;193
599;163
600;157
601;161
602;154
603;204
604;174
605;149
606;162
607;159
608;152
609;175
610;170
611;131
612;169
613;133
614;141
615;138
616;145
617;145
618;146
619;170
620;132
621;126
622;131
623;133
624;137
625;136
626;152
627;135
628;139
629;150
630;155
631;144
632;121
633;139
634;138
635;141
636;144
637;128
638;129
639;157
640;125
641;142
642;156
643;147
644;160
645;152
646;135
647;147
648;140
649;155
650;145
651;151
652;142
653;161
654;137
655;143
656;155
657;127
658;166
659;165
660;138
661;147
662;140
663;142
664;144
665;158
666;181
667;140
668;153
669;163
670;163
671;165
672;157
673;164
674;171
675;166
676;179
677;180
678;171
679;155
680;160
681;141
682;158
683;166
684;193
685;175
686;152
687;153
688;166
689;154
690;177
691;145
692;178
693;193
694;176
695;178
696;158
697;177
698;193
699;166
700;195
701;186
702;153
703;202
704;188
705;197
706;239
707;199
708;188
709;193
710;190
711;194
712;215
713;192
714;192
715;196
716;204
717;218
718;197
719;196
720;192
721;207
722;211
723;200
724;228
725;228
726;206
727;193
728;225
729;226
730;213
731;202
732;240
733;205
734;210
735;239
736;229
737;212
738;236
739;222
740;237
741;220
742;224
743;219
744;252
745;227
746;241
747;241
748;223
749;241
750;220
751;227
752;241
753;241
754;232
755;228
756;241
757;235
758;246
759;231
760;228
761;234
762;221
763;247
764;233
765;237
766;224
767;247
768;239
769;226
770;233
771;227
772;232
773;232
774;250
775;229
776;230
777;258
778;227
779;231
780;243
781;205
782;243
783;248
784;218
785;229
786;221
787;249
788;225
789;253
790;230
791;235
792;253
793;230
794;244
795;219
796;229
797;231
798;247
799;205
800;225
801;248
802;244
803;260
804;242
805;225
806;236
807;242
808;220
809;243
810;236
811;232
812;231
813;206
814;237
815;233
816;245
817;216
818;221
819;211
820;222
821;243
822;236
823;239
824;204
825;220
826;207
827;215
828;207
829;218
830;211
831;226
832;213
833;197
834;209
835;221
836;222
837;235
838;211
839;199
840;184
841;219
842;221
843;201
844;215
845;236
846;202
847;210
848;228
849;221
850;226
851;212
852;229
853;206
854;224
855;197
856;229
857;242
858;250
859;202
860;208
861;220
862;192
863;208
864;215
865;207
866;216
867;205
868;203
869;220
870;196
871;219
872;192
873;232
874;207
875;216
876;201
877;241
878;226
879;240
880;211
881;207
882;206
883;222
884;213
885;221
886;225
887;225
888;246
889;223
890;222
891;245
892;201
893;220
894;222
895;230
896;227
897;219
898;260
899;226
900;228
901;220
902;251
903;249
904;244
905;253
906;229
907;243
908;238
909;274
910;242
911;262
912;242
913;243
914;243
915;258
916;245
917;280
918;257
919;249
920;296
921;273
922;298
923;276
924;258
925;262
926;256
927;293
928;280
929;277
930;252
931;285
932;256
933;264
934;284
935;292
936;283
937;283
938;303
939;278
940;272
941;277
942;291
943;318
944;303
945;296
946;294
947;280
948;321
949;272
950;284
951;294
952;295
953;277
954;279
955;282
956;295
957;312
958;285
959;318
960;295
961;320
962;277
963;309
964;313
965;282
966;308
967;287
968;294
969;296
970;311
971;312
972;307
973;306
974;292
975;296
976;310
977;311
978;302
979;294
980;282
981;276
982;271
983;294
984;268
985;267
986;305
987;273
988;270
989;306
990;278
991;287
992;303
993;290
994;299
995;309
996;295
997;283
998;278
999;293
1000;265
1001;286
1002;314
1003;267
1004;266
1005;313
1006;301
1007;258
1008;249
1009;269
1010;294
1011;287
1012;276
1013;310
1014;279
1015;306
1016;287
1017;281
1018;260
1019;291
1020;286
1021;294
1022;271
1023;266
1024;299
1025;294
1026;266
1027;307
1028;284
1029;284
1030;273
1031;269
1032;300
1033;286
1034;262
1035;296
1036;273
1037;288
1038;267
1039;293
1040;291
1041;284
1042;281
1043;290
1044;265
1045;261
1046;325
1047;318
1048;304
1049;312
1050;321
1051;277
1052;304
1053;282
1054;290
1055;313
1056;252
1057;289
1058;291
1059;312
1060;301
1061;294
1062;327
1063;289
1064;311
1065;294
1066;333
1067;326
1068;303
1069;311
1070;301
1071;327
1072;330
1073;343
1074;345
1075;376
1076;388
1077;353
1078;363
1079;366
1080;356
1081;363
1082;355
1083;396
1084;368
1085;401
1086;370
1087;359
1088;379
1089;374
1090;358
1091;383
1092;390
1093;412
1094;418
1095;390
1096;395
1097;411
1098;441
1099;430
1100;464
1101;442
1102;458
1103;442
1104;409
1105;482
1106;448
1107;474
1108;506
1109;432
1110;476
1111;464
1112;504
1113;500
1114;515
1115;484
1116;489
1117;505
1118;553
1119;524
1120;560
1121;537
1122;560
1123;589
1124;535
1125;563
1126;534
1127;623
1128;558
1129;602
1130;629
1131;592
1132;589
1133;623
1134;649
1135;657
1136;673
1137;702
1138;699
1139;630
1140;646
1141;680
1142;720
1143;703
1144;669
1145;718
1146;713
1147;788
1148;739
1149;798
1150;760
1151;810
1152;772
1153;838
1154;816
1155;858
1156;770
1157;864
1158;853
1159;884
1160;855
1161;853
1162;889
1163;863
1164;886
1165;920
1166;909
1167;927
1168;920
1169;970
1170;938
1171;948
1172;898
1173;941
1174;928
1175;977
1176;949
1177;983
1178;1007
1179;1011
1180;1023
1181;989
1182;1026
1183;1026
1184;1068
1185;1070
1186;1069
1187;1061
1188;1056
1189;1060
1190;1060
1191;1082
1192;1103
1193;1101
1194;1119
1195;1064
1196;1121
1197;1135
1198;1106
1199;1133
1200;1138
1201;1094
1202;1078
1203;1191
1204;1150
1205;1131
1206;1152
1207;1111
1208;1068
1209;1157
1210;1155
1211;1172
1212;1180
1213;1275
1214;1213
1215;1219
1216;1139
1217;1137
1218;1181
1219;1174
1220;1161
1221;1180
1222;1183
1223;1084
1224;1163
1225;1099
1226;1100
1227;1145
1228;1119
1229;1135
1230;1170
1231;1139
1232;1034
1233;1100
1234;1073
1235;1059
1236;1034
1237;1022
1238;1056
1239;1046
1240;1082
1241;1076
1242;988
1243;989
1244;1017
1245;1030
1246;998
1247;956
1248;968
1249;969
1250;985
1251;987
1252;952
1253;934
1254;964
1255;960
1256;915
1257;868
1258;944
1259;892
1260;871
1261;854
1262;828
1263;843
1264;819
1265;835
1266;785
1267;784
1268;805
1269;767
1270;784
1271;657
1272;709
1273;699
1274;692
1275;709
1276;710
1277;666
1278;619
1279;641
1280;650
1281;638
1282;586
1283;559
1284;566
1285;562
1286;553
1287;549
1288;534
1289;549
1290;534
1291;500
1292;511
1293;466
1294;479
1295;470
1296;420
1297;497
1298;445
1299;441
1300;421
1301;394
1302;380
1303;425
1304;419
1305;378
1306;387
1307;387
1308;357
1309;356
1310;368
1311;334
1312;325
1313;338
1314;322
1315;301
1316;307
1317;297
1318;333
1319;277
1320;263
1321;264
1322;278
1323;261
1324;270
1325;258
1326;228
1327;228
1328;236
1329;278
1330;231
1331;196
1332;227
1333;241
1334;188
1335;202
1336;210
1337;198
1338;204
1339;224
1340;187
1341;201
1342;180
1343;185
1344;194
1345;177
1346;168
1347;186
1348;175
1349;173
1350;188
1351;148
1352;149
1353;178
1354;145
1355;162
1356;164
1357;144
1358;150
1359;158
1360;140
1361;144
1362;148
1363;150
1364;122
1365;131
1366;145
1367;155
1368;133
1369;134
1370;134
1371;133
1372;126
1373;133
1374;127
1375;135
1376;126
1377;128
1378;115
1379;106
1380;122
1381;117
1382;124
1383;134
1384;115
1385;130
1386;117
1387;120
1388;120
1389;117
1390;116
1391;140
1392;122
1393;120
1394;114
1395;140
1396;117
1397;121
1398;130
1399;111
1400;117
1401;118
1402;126
1403;119
1404;106
1405;109
1406;150
1407;100
1408;108
1409;138
1410;101
1411;130
1412;125
1413;117
1414;101
1415;104
1416;108
1417;113
1418;111
1419;126
1420;138
1421;107
1422;109
1423;119
1424;101
1425;116
1426;115
1427;97
1428;110
1429;109
1430;113
1431;100
1432;102
1433;117
1434;97
1435;109
1436;101
1437;113
1438;129
1439;114
1440;120
1441;105
1442;123
1443;107
1444;98
1445;111
1446;103
1447;118
1448;119
1449;107
1450;135
1451;121
1452;116
1453;121
1454;109
1455;100
1456;119
1457;132
1458;122
1459;108
1460;113
1461;119
1462;114
1463;103
1464;96
1465;113
1466;137
1467;145
1468;125
1469;112
1470;129
1471;136
1472;123
1473;116
1474;124
1475;126
1476;133
1477;105
1478;96
1479;106
1480;107
1481;111
1482;126
1483;132
1484;112
1485;103
1486;147
1487;102
1488;110
1489;86
1490;136
1491;115
1492;117
1493;122
1494;129
1495;129
1496;109
1497;133
1498;114
1499;109
1500;118
1501;126
1502;122
1503;103
1504;127
1505;113
1506;113
1507;150
1508;108
1509;110
1510;118
1511;152
1512;101
1513;131
1514;123
1515;121
1516;118
1517;147
1518;128
1519;126
1520;138
1521;125
1522;118
1523;123
1524;114
1525;137
1526;139
1527;116
1528;129
1529;125
1530;127
1531;131
1532;148
1533;125
1534;117
1535;122
1536;134
1537;148
1538;134
1539;125
1540;145
1541;119
1542;124
1543;128
1544;146
1545;114
1546;124
1547;131
1548;113
1549;110
1550;132
1551;124
1552;116
1553;123
1554;150
1555;130
1556;122
1557;135
1558;119
1559;142
1560;104
1561;158
1562;147
1563;130
1564;130
1565;139
1566;131
1567;117
1568;123
1569;132
1570;141
1571;129
1572;128
1573;152
1574;139
1575;157
1576;119
1577;137
1578;159
1579;160
1580;129
1581;142
1582;152
1583;153
1584;133
1585;164
1586;154
1587;141
1588;133
1589;137
1590;144
1591;163
1592;154
1593;154
1594;142
1595;141
1596;171
1597;147
1598;170
1599;145
1600;143
1601;131
1602;160
1603;131
1604;157
1605;166
1606;179
1607;149
1608;152
1609;161
1610;172
1611;149
1612;150
1613;170
1614;167
1615;154
1616;171
1617;157
1618;144
1619;193
1620;169
1621;156
1622;168
1623;191
1624;156
1625;169
1626;174
1627;173
1628;154
1629;173
1630;172
1631;157
1632;152
1633;165
1634;163
1635;195
1636;159
1637;142
1638;202
1639;202
1640;186
1641;157
1642;194
1643;172
1644;188
1645;221
1646;203
1647;187
1648;195
1649;180
1650;205
1651;194
1652;198
1653;181
1654;179
1655;200
1656;200
1657;178
1658;175
1659;189
1660;197
1661;181
1662;218
1663;206
1664;210
1665;217
1666;188
1667;221
1668;235
1669;196
1670;193
1671;214
1672;208
1673;215
1674;206
1675;206
1676;219
1677;227
1678;188
1679;229
1680;220
1681;235
1682;215
1683;208
1684;213
1685;186
1686;203
1687;231
1688;216
1689;234
1690;214
1691;208
1692;199
1693;214
1694;218
1695;212
1696;215
1697;202
1698;217
1699;232
1700;222
1701;198
1702;239
1703;236
1704;204
1705;221
1706;204
1707;209
1708;192
1709;221
1710;207
1711;217
1712;190
1713;250
1714;179
1715;201
1716;227
1717;231
1718;221
1719;194
1720;204
1721;212
1722;213
1723;225
1724;211
1725;192
1726;231
1727;209
1728;200
1729;203
1730;187
1731;192
1732;218
1733;187
1734;202
1735;185
1736;182
1737;223
1738;212
1739;186
1740;192
1741;181
1742;189
1743;207
1744;171
1745;208
1746;184
1747;198
1748;178
1749;197
1750;182
1751;190
1752;187
1753;188
1754;166
1755;194
1756;199
1757;181
1758;183
1759;189
1760;176
1761;185
1762;201
1763;191
1764;209
1765;207
1766;189
1767;192
1768;167
1769;161
1770;162
1771;168
1772;160
1773;169
1774;172
1775;155
1776;175
1777;177
1778;158
1779;151
1780;150
1781;160
1782;154
1783;167
1784;143
1785;171
1786;202
1787;160
1788;148
1789;143
1790;156
1791;136
1792;128
1793;151
1794;173
1795;151
1796;148
1797;160
1798;140
1799;121
1800;153
1801;138
1802;144
1803;139
1804;138
1805;138
1806;162
1807;145
1808;136
1809;132
1810;135
1811;128
1812;121
1813;131
1814;116
1815;112
1816;105
1817;152
1818;125
1819;130
1820;115
1821;145
1822;153
1823;129
1824;130
1825;125
1826;135
1827;129
1828;154
1829;118
1830;105
1831;128
1832;112
1833;106
1834;126
1835;134
1836;133
1837;133
1838;136
1839;112
1840;124
1841;131
1842;129
1843;110
1844;130
1845;116
1846;93
1847;116
1848;123
1849;125
1850;128
1851;115
1852;126
1853;98
1854;118
1855;121
1856;109
1857;124
1858;113
1859;121
1860;130
1861;115
1862;106
1863;129
1864;125
1865;129
1866;139
1867;137
1868;121
1869;125
1870;136
1871;123
1872;104
1873;120
1874;113
1875;112
1876;134
1877;121
1878;108
1879;107
1880;99
1881;110
1882;105
1883;93
1884;116
1885;96
1886;113
1887;128
1888;124
1889;103
1890;102
1891;131
1892;122
1893;101
1894;103
1895;93
1896;93
1897;103
1898;107
1899;109
1900;99
1901;138
1902;102
1903;115
1904;112
1905;122
1906;103
1907;111
1908;125
1909;106
1910;101
1911;116
1912;116
1913;111
1914;103
1915;99
1916;104
1917;128
1918;101
1919;121
1920;110
1921;122
1922;114
1923;113
1924;135
1925;123
1926;109
1927;128
1928;112
1929;106
1930;116
1931;114
1932;123
1933;123
1934;111
1935;103
1936;110
1937;127
1938;112
1939;120
1940;101
1941;126
1942;128
1943;103
1944;108
1945;102
1946;123
1947;121
1948;121
1949;103
1950;132
1951;124
1952;114
1953;119
1954;118
1955;143
1956;124
1957;124
1958;114
1959;114
1960;121
1961;142
1962;130
1963;127
1964;121
1965;133
1966;123
1967;138
1968;118
1969;112
1970;121
1971;111
1972;139
1973;134
1974;115
1975;126
1976;124
1977;135
1978;106
1979;109
1980;128
1981;116
1982;114
1983;101
1984;123
1985;110
1986;100
1987;136
1988;116
1989;122
1990;109
1991;121
1992;121
1993;123
1994;129
1995;125
1996;120
1997;128
1998;106
1999;139
2000;127
2001;139
2002;132
2003;108
2004;124
2005;109
2006;121
2007;140
2008;130
2009;117
2010;130
2011;121
2012;118
2013;125
2014;139
2015;125
2016;123
2017;123
2018;115
2019;112
2020;140
2021;106
2022;125
2023;129
2024;136
2025;142
2026;130
2027;108
2028;127
2029;126
2030;110
2031;135
2032;119
2033;131
2034;121
2035;125
2036;142
2037;135
2038;115
2039;133
2040;138
2041;130
2042;134
2043;139
2044;161
2045;131
2046;113
2047;144
2048;153
2049;132
2050;135
2051;128
2052;134
2053;162
2054;132
2055;134
2056;124
2057;132
2058;140
2059;139
2060;159
2061;146
2062;138
2063;109
2064;150
2065;122
2066;151
2067;150
2068;132
2069;139
2070;151
2071;118
2072;119
2073;139
2074;137
2075;116
2076;153
2077;130
2078;130
2079;141
2080;140
2081;140
2082;121
2083;141
2084;146
2085;143
2086;146
2087;130
2088;130
2089;132
2090;162
2091;152
2092;128
2093;129
2094;148
2095;146
2096;155
2097;146
2098;133
2099;144
2100;136
2101;148
2102;131
2103;140
2104;141
2105;122
2106;124
2107;117
2108;131
2109;138
2110;125
2111;143
2112;133
2113;151
2114;134
2115;146
2116;146
2117;138
2118;135
2119;157
2120;142
2121;149
2122;141
2123;150
2124;134
2125;153
2126;153
2127;152
2128;145
2129;114
2130;114
2131;150
2132;159
2133;133
2134;145
2135;165
2136;157
2137;153
2138;175
2139;147
2140;135
2141;133
2142;139
2143;152
2144;174
2145;145
2146;155
2147;138
2148;153
2149;158
2150;159
2151;158
2152;177
2153;161
2154;147
2155;188
2156;155
2157;161
2158;164
2159;147
2160;156
2161;160
2162;170
2163;141
2164;152
2165;154
2166;159
2167;155
2168;166
2169;152
2170;155
2171;145
2172;146
2173;146
2174;146
2175;161
2176;139
2177;150
2178;159
2179;178
2180;162
2181;173
2182;152
2183;172
2184;165
2185;161
2186;149
2187;157
2188;196
2189;168
2190;161
2191;181
2192;157
2193;137
2194;140
2195;156
2196;160
2197;172
2198;160
2199;158
2200;143
2201;157
2202;176
2203;168
2204;141
2205;171
2206;157
2207;165
2208;182
2209;179
2210;167
2211;176
2212;157
2213;166
2214;187
2215;155
2216;176
2217;175
2218;139
2219;162
2220;183
2221;146
2222;141
2223;152
2224;156
2225;176
2226;167
2227;173
2228;163
2229;144
2230;161
2231;146
2232;169
2233;147
2234;188
2235;174
2236;142
2237;158
2238;167
2239;161
2240;166
2241;148
2242;160
2243;148
2244;149
2245;143
2246;161
2247;152
2248;168
2249;157
2250;168
2251;140
2252;161
2253;159
2254;159
2255;159
2256;162
2257;150
2258;156
2259;157
2260;158
2261;152
2262;159
2263;197
2264;160
2265;161
2266;141
2267;180
2268;166
2269;165
2270;161
2271;162
2272;159
2273;165
2274;153
2275;167
2276;183
2277;152
2278;162
2279;159
2280;174
2281;134
2282;148
2283;148
2284;175
2285;174
2286;140
2287;165
2288;138
2289;165
2290;179
2291;147
2292;173
2293;162
2294;137
2295;165
2296;143
2297;164
2298;155
2299;179
2300;155
2301;170
2302;163
2303;142
2304;158
2305;169
2306;160
2307;151
2308;142
2309;162
2310;140
2311;139
2312;173
2313;162
2314;141
2315;155
2316;146
2317;144
2318;141
2319;138
2320;132
2321;148
2322;147
2323;143
2324;170
2325;148
2326;150
2327;150
2328;148
2329;145
2330;157
2331;145
2332;146
2333;176
2334;146
2335;150
2336;154
2337;160
2338;159
2339;160
2340;160
2341;165
2342;160
2343;134
2344;136
2345;165
2346;152
2347;160
2348;140
2349;146
2350;157
2351;154
2352;154
2353;147
2354;152
2355;152
2356;140
2357;153
2358;160
2359;128
2360;137
2361;175
2362;158
2363;152
2364;161
2365;132
2366;143
2367;138
2368;152
2369;151
2370;130
2371;157
2372;161
2373;154
2374;145
2375;151
2376;168
2377;141
2378;138
2379;161
2380;167
2381;148
2382;161
2383;148
2384;152
2385;154
2386;136
2387;164
2388;162
2389;169
2390;147
2391;139
2392;144
2393;147
2394;152
2395;142
2396;129
2397;148
2398;138
2399;183
2400;139
2401;143
2402;137
2403;167
2404;148
2405;129
2406;141
2407;148
2408;144
2409;161
2410;154
2411;152
2412;132
2413;147
2414;144
2415;148
2416;130
2417;145
2418;142
2419;153
2420;142
2421;130
2422;129
2423;125
2424;160
2425;136
2426;162
2427;157
2428;140
2429;127
2430;131
2431;154
2432;132
2433;138
2434;134
2435;140
2436;156
2437;132
2438;138
2439;152
2440;153
2441;145
2442;128
2443;155
2444;137
2445;134
2446;140
2447;154
2448;137
2449;149
2450;145
2451;149
2452;131
2453;152
2454;146
2455;110
2456;170
2457;139
2458;130
2459;128
2460;140
2461;146
2462;146
2463;156
2464;154
2465;151
2466;123
2467;160
2468;129
2469;160
2470;141
2471;136
2472;150
2473;127
2474;141
2475;151
2476;143
2477;142
2478;134
2479;137
2480;131
2481;129
2482;133
2483;132
2484;127
2485;137
2486;131
2487;153
2488;143
2489;129
2490;117
2491;145
2492;151
2493;124
2494;122
2495;126
2496;126
2497;145
2498;138
2499;91
2500;150
2501;140
2502;129
2503;123
2504;147
2505;138
2506;136
2507;141
2508;118
2509;127
2510;145
2511;127
2512;143
2513;133
2514;127
2515;143
2516;131
2517;120
2518;117
2519;152
2520;138
2521;137
2522;158
2523;164
2524;123
2525;135
2526;131
2527;129
2528;138
2529;137
2530;143
2531;123
2532;146
2533;127
2534;131
2535;111
2536;180
2537;123
2538;147
2539;144
2540;140
2541;104
2542;138
2543;131
2544;115
2545;141
2546;125
2547;136
2548;116
2549;144
2550;160
2551;175
2552;128
2553;130
2554;112
2555;135
2556;133
2557;129
2558;134
2559;142
2560;138
2561;130
2562;133
2563;125
2564;120
2565;161
2566;124
2567;149
2568;138
2569;127
2570;123
2571;123
2572;154
2573;145
2574;140
2575;136
2576;127
2577;121
2578;126
2579;138
2580;118
2581;141
2582;120
2583;130
2584;129
2585;144
2586;126
2587;130
2588;124
2589;114
2590;139
2591;129
2592;122
2593;133
2594;131
2595;104
2596;135
2597;121
2598;148
2599;132
2600;131
2601;134
2602;128
2603;138
2604;144
2605;142
2606;139
2607;131
2608;132
2609;126
2610;122
2611;110
2612;102
2613;136
2614;110
2615;121
2616;129
2617;113
2618;130
2619;148
2620;138
2621;139
2622;136
2623;131
2624;103
2625;111
2626;124
2627;121
2628;123
2629;131
2630;130
2631;114
2632;122
2633;131
2634;124
2635;120
2636;142
2637;111
2638;117
2639;129
2640;127
2641;104
2642;148
2643;123
2644;119
2645;105
2646;134
2647;130
2648;132
2649;117
2650;130
2651;117
2652;134
2653;126
2654;121
2655;122
2656;106
2657;127
2658;121
2659;115
2660;147
2661;127
2662;128
2663;133
2664;130
2665;140
2666;123
2667;95
2668;115
2669;132
2670;120
2671;136
2672;115
2673;126
2674;126
2675;104
2676;120
2677;101
2678;116
2679;132
2680;134
2681;118
2682;133
2683;132
2684;118
2685;131
2686;118
2687;129
2688;115
2689;119
2690;127
2691;138
2692;111
2693;132
2694;129
2695;128
2696;123
2697;108
2698;120
2699;121
2700;115
2701;130
2702;112
2703;103
2704;121
2705;116
2706;118
2707;112
2708;111
2709;114
2710;117
2711;103
2712;136
2713;102
2714;131
2715;127
2716;113
2717;103
2718;137
2719;138
2720;111
2721;102
2722;120
2723;111
2724;116
2725;115
2726;104
2727;127
2728;111
2729;122
2730;104
2731;101
2732;112
2733;124
2734;110
2735;122
2736;135
2737;133
2738;131
2739;116
2740;114
2741;139
2742;99
2743;115
2744;117
2745;129
2746;109
2747;110
2748;122
2749;146
2750;108
2751;126
2752;111
2753;111
2754;104
2755;110
2756;117
2757;110
2758;118
2759;124
2760;112
2761;104
2762;121
2763;134
2764;102
2765;92
2766;119
2767;131
2768;105
2769;121
2770;113
2771;108
2772;138
2773;127
2774;114
2775;105
2776;117
2777;134
2778;115
2779;108
2780;108
2781;97
2782;132
2783;118
2784;110
2785;118
2786;110
2787;117
2788;101
2789;125
2790;103
2791;103
2792;107
2793;134
2794;101
2795;107
2796;119
2797;93
2798;119
2799;104
2800;120
2801;118
2802;123
2803;110
2804;99
2805;101
2806;124
2807;92
2808;100
2809;100
2810;106
2811;109
2812;99
2813;103
2814;95
2815;101
2816;110
2817;104
2818;118
2819;107
2820;108
2821;105
2822;96
2823;112
2824;111
2825;100
2826;127
2827;104
2828;99
2829;119
2830;116
2831;88
2832;105
2833;107
2834;104
2835;91
2836;116
2837;113
2838;100
2839;83
2840;103
2841;97
2842;106
2843;98
2844;111
2845;87
2846;99
2847;105
2848;100
2849;96
2850;94
2851;107
2852;107
2853;87
2854;95
2855;113
2856;108
2857;106
2858;116
2859;107
2860;102
2861;83
2862;101
2863;92
2864;101
2865;94
2866;93
2867;105
2868;109
2869;91
2870;100
2871;111
2872;102
2873;106
2874;107
2875;98
2876;85
2877;91
2878;96
2879;102
2880;99
2881;80
2882;79
2883;100
2884;83
2885;97
2886;93
2887;96
2888;98
2889;106
2890;87
2891;109
2892;105
2893;78
2894;100
2895;90
2896;88
2897;86
2898;108
2899;96
2900;97
2901;91
2902;109
2903;95
2904;106
2905;100
2906;96
2907;96
2908;111
2909;102
2910;121
2911;99
2912;93
2913;101
2914;106
2915;70
2916;100
2917;86
2918;94
2919;86
2920;89
2921;81
2922;97
2923;98
2924;86
2925;96
2926;87
2927;100
2928;89
2929;91
2930;89
2931;85
2932;80
2933;124
2934;100
2935;94
2936;87
2937;95
2938;95
2939;94
2940;124
2941;84
2942;74
2943;95
2944;110
2945;86
2946;95
2947;90
2948;92
2949;94
2950;85
2951;120
2952;86
2953;86
2954;82
2955;87
2956;90
2957;82
2958;99
2959;103
2960;87
2961;108
2962;86
2963;82
2964;107
2965;84
2966;91
2967;81
2968;90
2969;89
2970;100
2971;102
2972;89
2973;103
2974;84
2975;99
2976;84
2977;80
2978;89
2979;102
2980;87
2981;84
2982;98
2983;74
2984;95
2985;97
2986;109
2987;80
2988;101
2989;91
2990;89
2991;92
2992;102
2993;90
2994;73
2995;76
2996;86
2997;101
2998;78
2999;89
3000;100
3001;110
3002;88
3003;91
3004;97
3005;96
3006;90
3007;98
3008;86
3009;89
3010;103
3011;87
3012;77
3013;84
3014;81
3015;93
3016;100
3017;105
3018;87
3019;76
3020;96
3021;98
3022;99
3023;86
3024;89
3025;98
3026;104
3027;88
3028;78
3029;87
3030;86
3031;110
3032;81
3033;101
3034;81
3035;78
3036;85
3037;102
3038;93
3039;93
3040;87
3041;101
3042;100
3043;98
3044;96
3045;63
3046;87
3047;85
3048;89
3049;79
3050;92
3051;80
3052;81
3053;70
3054;93
3055;84
3056;96
3057;96
3058;86
3059;97
3060;84
3061;90
3062;78
3063;96
3064;90
3065;94
3066;110
3067;89
3068;75
3069;91
3070;89
3071;81
3072;95
3073;89
3074;89
3075;72
3076;78
3077;76
3078;80
3079;90
3080;93
3081;85
3082;108
3083;73
3084;94
3085;80
3086;91
3087;92
3088;90
3089;70
3090;105
3091;84
3092;93
3093;81
3094;100
3095;78
3096;99
3097;89
3098;86
3099;93
3100;89
3101;83
3102;88
3103;81
3104;110
3105;92
3106;92
3107;63
3108;87
3109;75
3110;75
3111;91
3112;85
3113;77
3114;92
3115;95
3116;82
3117;89
3118;93
3119;90
3120;80
3121;85
3122;84
3123;90
3124;89
3125;93
3126;92
3127;84
3128;70
3129;80
3130;83
3131;93
3132;86
3133;94
3134;82
3135;87
3136;72
3137;91
3138;97
3139;81
3140;77
3141;79
3142;85
3143;95
3144;76
3145;64
3146;99
3147;76
3148;72
3149;81
3150;70
3151;74
3152;92
3153;68
3154;76
3155;99
3156;67
3157;85
3158;70
3159;58
3160;78
3161;76
3162;95
3163;69
3164;85
3165;92
3166;76
3167;63
3168;100
3169;74
3170;62
3171;75
3172;85
3173;85
3174;88
3175;81
3176;93
3177;79
3178;81
3179;79
3180;83
3181;81
3182;98
3183;61
3184;83
3185;89
3186;90
3187;97
3188;100
3189;83
3190;89
3191;90
3192;79
3193;76
3194;73
3195;83
3196;85
3197;78
3198;85
3199;82
3200;93
3201;92
3202;69
3203;86
3204;90
3205;73
3206;85
3207;80
3208;79
3209;65
3210;89
3211;71
3212;80
3213;82
3214;97
3215;77
3216;73
3217;66
3218;90
3219;95
3220;95
3221;94
3222;72
3223;85
3224;90
3225;78
3226;73
3227;79
3228;83
3229;77
3230;82
3231;78
3232;80
3233;70
3234;74
3235;77
3236;76
3237;81
3238;83
3239;98
3240;76
3241;90
3242;83
3243;85
3244;81
3245;76
3246;63
3247;69
3248;73
3249;85
3250;63
3251;66
3252;77
3253;76
3254;78
3255;92
3256;84
3257;75
3258;68
3259;73
3260;95
3261;79
3262;62
3263;89
3264;73
3265;84
3266;80
3267;82
3268;77
3269;77
3270;67
3271;85
3272;73
3273;85
3274;72
3275;77
3276;84
3277;77
3278;76
3279;81
3280;71
3281;83
3282;75
3283;78
3284;72
3285;88
3286;79
3287;75
3288;84
3289;67
3290;66
3291;64
3292;85
3293;64
3294;71
3295;98
3296;75
3297;63
3298;77
3299;82
3300;76
3301;59
3302;85
3303;91
3304;66
3305;84
3306;77
3307;79
3308;69
3309;68
3310;84
3311;91
3312;81
3313;73
3314;87
3315;83
3316;76
3317;69
3318;79
3319;92
3320;69
3321;65
3322;90
3323;78
3324;69
3325;69
3326;83
3327;77
3328;66
3329;74
3330;70
3331;67
3332;79
3333;69
3334;79
3335;75
3336;74
3337;65
3338;81
3339;72
3340;58
3341;90
3342;77
3343;82
3344;65
3345;57
3346;70
3347;72
3348;57
3349;78
3350;85
3351;81
3352;80
3353;88
3354;73
3355;66
3356;93
3357;65
3358;69
3359;76
3360;71
3361;79
3362;72
3363;69
3364;65
3365;79
3366;65
3367;62
3368;88
3369;79
3370;75
3371;80
3372;69
3373;73
3374;77
3375;76
3376;73
3377;60
3378;76
3379;70
3380;73
3381;71
3382;65
3383;68
3384;66
3385;84
3386;64
3387;64
3388;73
3389;55
3390;54
3391;81
3392;68
3393;64
3394;86
3395;58
3396;75
3397;72
3398;74
3399;67
3400;70
3401;86
3402;82
3403;67
3404;73
3405;59
3406;85
3407;67
3408;89
3409;73
3410;85
3411;69
3412;68
3413;64
3414;59
3415;74
3416;69
3417;74
3418;80
3419;79
3420;69
3421;79
3422;72
3423;62
3424;80
3425;74
3426;93
3427;78
3428;73
3429;75
3430;65
3431;67
3432;69
3433;77
3434;66
3435;74
3436;57
3437;70
3438;81
3439;62
3440;72
3441;64
3442;83
3443;80
3444;61
3445;74
3446;76
3447;77
3448;73
3449;80
3450;80
3451;78
3452;66
3453;74
3454;53
3455;55
3456;57
3457;89
3458;74
3459;75
3460;65
3461;72
3462;68
3463;70
3464;72
3465;70
3466;69
3467;77
3468;67
3469;61
3470;62
3471;77
3472;64
3473;67
3474;78
3475;65
3476;66
3477;80
3478;67
3479;76
3480;86
3481;83
3482;76
3483;79
3484;75
3485;75
3486;73
3487;62
3488;66
3489;56
3490;85
3491;59
3492;76
3493;81
3494;70
3495;55
3496;66
3497;81
3498;75
3499;63
3500;73
3501;71
3502;64
3503;71
3504;81
3505;59
3506;77
3507;64
3508;62
3509;62
3510;68
3511;63
3512;79
3513;61
3514;70
3515;69
3516;68
3517;65
3518;75
3519;72
3520;64
3521;83
3522;50
3523;72
3524;72
3525;76
3526;60
3527;56
3528;78
3529;72
3530;73
3531;69
3532;66
3533;81
3534;83
3535;81
3536;59
3537;66
3538;69
3539;70
3540;71
3541;63
3542;76
3543;63
3544;72
3545;66
3546;73
3547;72
3548;75
3549;59
3550;81
3551;78
3552;77
3553;84
3554;65
3555;78
3556;80
3557;80
3558;71
3559;78
3560;62
3561;78
3562;74
3563;58
3564;72
3565;68
3566;69
3567;76
3568;61
3569;64
3570;69
3571;68
3572;54
3573;74
3574;79
3575;82
3576;55
3577;66
3578;63
3579;69
3580;90
3581;83
3582;79
3583;70
3584;58
3585;64
3586;65
3587;73
3588;84
3589;72
3590;66
3591;75
3592;64
3593;69
3594;53
3595;75
3596;85
3597;68
3598;71
3599;72
3600;81
3601;79
3602;91
3603;80
3604;87
3605;67
3606;74
3607;77
3608;85
3609;88
3610;68
3611;69
3612;70
3613;73
3614;84
3615;84
3616;67
3617;89
3618;84
3619;68
3620;83
3621;77
3622;74
3623;85
3624;77
3625;79
3626;76
3627;87
3628;85
3629;74
3630;74
3631;74
3632;68
3633;94
3634;66
3635;66
3636;68
3637;75
3638;64
3639;80
3640;63
3641;73
3642;77
3643;81
3644;71
3645;78
3646;78
3647;82
3648;82
3649;84
3650;87
3651;82
3652;69
3653;84
3654;87
3655;86
3656;89
3657;75
3658;84
3659;107
3660;69
3661;81
3662;71
3663;79
3664;73
3665;70
3666;77
3667;101
3668;86
3669;76
3670;92
3671;94
3672;92
3673;91
3674;98
3675;83
3676;82
3677;82
3678;69
3679;79
3680;88
3681;102
3682;92
3683;92
3684;71
3685;82
3686;85
3687;84
3688;80
3689;86
3690;85
3691;68
3692;92
3693;88
3694;82
3695;77
3696;73
3697;86
3698;74
3699;105
3700;89
3701;87
3702;105
3703;85
3704;98
3705;88
3706;105
3707;84
3708;92
3709;97
3710;95
3711;98
3712;79
3713;95
3714;86
3715;99
3716;98
3717;101
3718;104
3719;89
3720;79
3721;95
3722;87
3723;104
3724;78
3725;93
3726;107
3727;123
3728;80
3729;98
3730;108
3731;75
3732;95
3733;83
3734;91
3735;103
3736;104
3737;100
3738;98
3739;86
3740;90
3741;93
3742;85
3743;106
3744;107
3745;100
3746;94
3747;113
3748;97
3749;108
3750;89
3751;94
3752;100
3753;86
3754;99
3755;96
3756;119
3757;93
3758;95
3759;107
3760;125
3761;124
3762;115
3763;93
3764;107
3765;106
3766;104
3767;122
3768;109
3769;118
3770;77
3771;110
3772;89
3773;113
3774;114
3775;92
3776;99
3777;120
3778;101
3779;111
3780;103
3781;108
3782;117
3783;103
3784;93
3785;93
3786;105
3787;91
3788;92
3789;89
3790;99
3791;97
3792;107
3793;113
3794;107
3795;96
3796;100
3797;99
3798;103
3799;101
3800;116
3801;105
3802;110
3803;110
3804;104
3805;118
3806;109
3807;123
3808;101
3809;115
3810;108
3811;132
3812;99
3813;127
3814;101
3815;112
3816;87
3817;102
3818;135
3819;119
3820;99
3821;129
3822;116
3823;101
3824;109
3825;112
3826;112
3827;120
3828;110
3829;118
3830;118
3831;92
3832;112
3833;104
3834;99
3835;114
3836;100
3837;108
3838;129
3839;102
3840;109
3841;106
3842;106
3843;128
3844;110
3845;120
3846;101
3847;114
3848;127
3849;120
3850;104
3851;127
3852;123
3853;119
3854;106
3855;124
3856;124
3857;127
3858;105
3859;96
3860;102
3861;118
3862;123
3863;118
3864;117
3865;107
3866;100
3867;113
3868;122
3869;121
3870;128
3871;118
3872;125
3873;118
3874;115
3875;97
3876;99
3877;120
3878;107
3879;98
3880;123
3881;122
3882;111
3883;130
3884;125
3885;116
3886;100
3887;123
3888;113
3889;107
3890;95
3891;112
3892;130
3893;104
3894;110
3895;114
3896;122
3897;117
3898;126
3899;120
3900;102
3901;139
3902;136
3903;109
3904;130
3905;118
3906;123
3907;132
3908;123
3909;96
3910;134
3911;99
3912;127
3913;121
3914;119
3915;118
3916;118
3917;104
3918;98
3919;124
3920;137
3921;111
3922;116
3923;117
3924;128
3925;133
3926;143
3927;125
3928;116
3929;131
3930;107
3931;116
3932;120
3933;130
3934;114
3935;104
3936;106
3937;96
3938;137
3939;119
3940;135
3941;115
3942;107
3943;125
3944;117
3945;127
3946;128
3947;133
3948;113
3949;97
3950;112
3951;122
3952;129
3953;117
3954;116
3955;125
3956;141
3957;121
3958;116
3959;120
3960;131
3961;114
3962;158
3963;152
3964;129
3965;142
3966;100
3967;129
3968;126
3969;152
3970;124
3971;129
3972;116
3973;125
3974;119
3975;109
3976;132
3977;129
3978;141
3979;133
3980;134
3981;131
3982;127
3983;126
3984;131
3985;123
3986;128
3987;145
3988;133
3989;119
3990;141
3991;122
3992;137
3993;137
3994;142
3995;136
3996;155
3997;125
3998;139
3999;153
4000;127
4001;114
4002;135
4003;142
4004;138
4005;131
4006;126
4007;137
4008;145
4009;132
4010;142
4011;132
4012;145
4013;146
4014;145
4015;135
4016;137
4017;139
4018;133
4019;146
4020;142
4021;150
4022;145
4023;136
4024;156
4025;135
4026;131
4027;147
4028;135
4029;163
4030;147
4031;142
4032;138
4033;142
4034;138
4035;126
4036;133
4037;141
4038;150
4039;138
4040;146
4041;124
4042;131
4043;134
4044;145
4045;127
4046;140
4047;150
4048;153
4049;145
4050;127
4051;137
4052;132
4053;157
4054;150
4055;151
4056;165
4057;141
4058;152
4059;143
4060;164
4061;151
4062;153
4063;155
4064;169
4065;124
4066;155
4067;164
4068;180
4069;166
4070;155
4071;166
4072;148
4073;149
4074;173
4075;154
4076;157
4077;148
4078;155
4079;145
4080;147
4081;152
4082;161
4083;172
4084;161
4085;145
4086;150
4087;142
4088;162
4089;159
4090;172
4091;168
4092;175
4093;164
4094;163
4095;154
4096;164
4097;169
4098;166
4099;148
4100;171
4101;155
4102;158
4103;158
4104;145
4105;144
4106;178
4107;175
4108;163
4109;159
4110;191
4111;142
4112;188
4113;151
4114;169
4115;174
4116;182
4117;160
4118;164
4119;147
4120;177
4121;177
4122;180
4123;150
4124;178
4125;161
4126;168
4127;180
4128;172
4129;159
4130;165
4131;174
4132;166
4133;195
4134;172
4135;161
4136;179
4137;179
4138;194
4139;173
4140;168
4141;172
4142;174
4143;194
4144;176
4145;185
4146;179
4147;160
4148;168
4149;159
4150;199
4151;195
4152;205
4153;156
4154;167
4155;172
4156;180
4157;182
4158;179
4159;154
4160;201
4161;177
4162;166
4163;167
4164;184
4165;188
4166;174
4167;181
4168;187
4169;171
4170;181
4171;189
4172;152
4173;187
4174;189
4175;165
4176;181
4177;183
4178;183
4179;198
4180;177
4181;164
4182;181
4183;187
4184;150
4185;167
4186;177
4187;210
4188;181
4189;201
4190;182
4191;179
4192;174
4193;195
4194;179
4195;199
4196;176
4197;186
4198;197
4199;191
4200;183
4201;186
4202;198
4203;189
4204;204
4205;196
4206;199
4207;181
4208;194
4209;188
4210;188
4211;189
4212;174
4213;198
4214;220
4215;186
4216;203
4217;197
4218;183
4219;186
4220;208
4221;183
4222;183
4223;214
4224;196
4225;149
4226;144
4227;206
4228;198
4229;201
4230;184
4231;168
4232;215
4233;180
4234;179
4235;165
4236;215
4237;179
4238;179
4239;184
4240;195
4241;175
4242;186
4243;185
4244;151
4245;180
4246;165
4247;149
4248;185
4249;187
4250;154
4251;188
4252;163
4253;185
4254;195
4255;179
4256;213
4257;211
4258;195
4259;181
4260;198
4261;174
4262;166
4263;188
4264;177
4265;167
4266;174
4267;171
4268;181
4269;173
4270;196
4271;168
4272;185
4273;184
4274;193
4275;162
4276;174
4277;192
4278;179
4279;159
4280;199
4281;163
4282;161
4283;165
4284;161
4285;170
4286;169
4287;187
4288;171
4289;166
4290;168
4291;199
4292;173
4293;142
4294;177
4295;169
4296;169
4297;195
4298;157
4299;178
4300;169
4301;183
4302;169
4303;194
4304;168
4305;167
4306;168
4307;165
4308;170
4309;156
4310;188
4311;173
4312;172
4313;152
4314;164
4315;193
4316;167
4317;160
4318;154
4319;170
4320;173
4321;162
4322;164
4323;158
4324;185
4325;153
4326;160
4327;146
4328;165
4329;131
4330;168
4331;165
4332;156
4333;168
4334;142
4335;177
4336;160
4337;161
4338;166
4339;173
4340;157
4341;154
4342;190
4343;145
4344;151
4345;187
4346;151
4347;178
4348;153
4349;171
4350;143
4351;154
4352;161
4353;147
4354;147
4355;167
4356;146
4357;152
4358;152
4359;150
4360;148
4361;146
4362;145
4363;148
4364;154
4365;159
4366;143
4367;162
4368;155
4369;132
4370;157
4371;164
4372;133
4373;132
4374;119
4375;139
4376;154
4377;144
4378;139
4379;137
4380;148
4381;129
4382;140
4383;133
4384;131
4385;123
4386;137
4387;150
4388;135
4389;147
4390;130
4391;155
4392;152
4393;139
4394;158
4395;134
4396;141
4397;144
4398;122
4399;148
4400;127
4401;123
4402;126
4403;136
4404;136
4405;119
4406;121
4407;137
4408;130
4409;132
4410;135
4411;128
4412;119
4413;135
4414;120
4415;124
4416;130
4417;122
4418;145
4419;103
4420;117
4421;131
4422;129
4423;132
4424;143
4425;127
4426;131
4427;116
4428;103
4429;109
4430;106
4431;123
4432;116
4433;115
4434;112
4435;127
4436;137
4437;109
4438;121
4439;98
4440;128
4441;103
4442;115
4443;116
4444;122
4445;114
4446;116
4447;111
4448;113
4449;112
4450;117
4451;105
4452;108
4453;113
4454;98
4455;124
4456;116
4457;128
4458;101
4459;101
4460;110
4461;96
4462;109
4463;142
4464;92
4465;117
4466;123
4467;103
4468;97
4469;96
4470;100
4471;96
4472;110
4473;113
4474;121
4475;89
4476;131
4477;121
4478;117
4479;110
4480;105
4481;107
4482;95
4483;89
4484;100
4485;105
4486;92
4487;104
4488;89
4489;117
4490;122
4491;103
4492;112
4493;112
4494;93
4495;111
4496;101
4497;100
4498;98
4499;125
4500;99
4501;101
4502;100
4503;104
4504;104
4505;106
4506;97
4507;99
4508;100
4509;107
4510;100
4511;114
4512;101
4513;98
4514;115
4515;116
4516;95
4517;80
4518;104
4519;89
4520;110
4521;85
4522;90
4523;90
4524;96
4525;117
4526;111
4527;109
4528;110
4529;98
4530;118
4531;85
4532;115
4533;96
4534;114
4535;97
4536;108
4537;127
4538;85
4539;93
4540;111
4541;106
4542;88
4543;102
4544;102
4545;92
4546;129
4547;119
4548;112
4549;92
4550;101
4551;110
4552;91
4553;119
4554;108
4555;114
4556;115
4557;122
4558;126
4559;127
4560;113
4561;86
4562;131
4563;109
4564;108
4565;96
4566;124
4567;108
4568;115
4569;109
4570;124
4571;97
4572;120
4573;122
4574;111
4575;118
4576;113
4577;113
4578;121
4579;130
4580;127
4581;110
4582;118
4583;134
4584;118
4585;126
4586;109
4587;113
4588;110
4589;117
4590;121
4591;128
4592;125
4593;105
4594;101
4595;135
4596;115
4597;131
4598;125
4599;140
4600;125
4601;129
4602;100
4603;152
4604;126
4605;149
4606;127
4607;127
4608;150
4609;123
4610;107
4611;145
4612;134
4613;133
4614;129
4615;148
4616;132
4617;120
4618;145
4619;138
4620;131
4621;150
4622;137
4623;142
4624;136
4625;139
4626;142
4627;152
4628;144
4629;134
4630;127
4631;147
4632;129
4633;165
4634;166
4635;155
4636;155
4637;125
4638;172
4639;154
4640;120
4641;146
4642;142
4643;152
4644;152
4645;161
4646;164
4647;150
4648;176
4649;145
4650;154
4651;145
4652;172
4653;158
4654;180
4655;157
4656;174
4657;179
4658;156
4659;147
4660;191
4661;186
4662;166
4663;171
4664;175
4665;181
4666;159
4667;184
4668;163
4669;176
4670;182
4671;170
4672;180
4673;197
4674;160
4675;182
4676;181
4677;182
4678;197
4679;214
4680;214
4681;183
4682;178
4683;172
4684;187
4685;202
4686;196
4687;187
4688;214
4689;192
4690;210
4691;192
4692;186
4693;212
4694;191
4695;221
4696;194
4697;176
4698;210
4699;205
4700;196
4701;213
4702;237
4703;189
4704;212
4705;210
4706;217
4707;234
4708;214
4709;198
4710;210
4711;218
4712;228
4713;235
4714;235
4715;201
4716;216
4717;220
4718;224
4719;208
4720;229
4721;214
4722;262
4723;215
4724;262
4725;252
4726;271
4727;213
4728;199
4729;226
4730;232
4731;235
4732;267
4733;273
4734;279
4735;265
4736;234
4737;256
4738;253
4739;260
4740;273
4741;265
4742;248
4743;256
4744;285
4745;263
4746;289
4747;281
4748;264
4749;252
4750;240
4751;242
4752;234
4753;277
4754;251
4755;264
4756;256
4757;323
4758;291
4759;246
4760;279
4761;292
4762;291
4763;293
4764;279
4765;273
4766;282
4767;285
4768;260
4769;294
4770;270
4771;296
4772;312
4773;298
4774;260
4775;287
4776;301
4777;296
4778;269
4779;295
4780;309
4781;295
4782;287
4783;286
4784;323
4785;290
4786;314
4787;287
4788;291
4789;325
4790;303
4791;321
4792;293
4793;304
4794;313
4795;329
4796;312
4797;301
4798;320
4799;314
4800;337
4801;299
4802;315
4803;324
4804;333
4805;343
4806;324
4807;347
4808;350
4809;354
4810;354
4811;308
4812;320
4813;320
4814;375
4815;353
4816;314
4817;332
4818;347
4819;359
4820;338
4821;333
4822;342
4823;312
4824;362
4825;346
4826;324
4827;348
4828;352
4829;347
4830;356
4831;391
4832;348
4833;323
4834;331
4835;339
4836;336
4837;354
4838;366
4839;384
4840;354
4841;361
4842;335
4843;351
4844;412
4845;352
4846;362
4847;380
4848;354
4849;349
4850;368
4851;357
4852;375
4853;354
4854;352
4855;364
4856;349
4857;387
4858;370
4859;375
4860;391
4861;354
4862;368
4863;392
4864;382
4865;388
4866;393
4867;364
4868;399
4869;349
4870;379
4871;379
4872;425
4873;385
4874;399
4875;383
4876;383
4877;382
4878;321
4879;381
4880;420
4881;384
4882;389
4883;398
4884;384
4885;391
4886;366
4887;415
4888;392
4889;362
4890;379
4891;432
4892;378
4893;375
4894;382
4895;388
4896;386
4897;410
4898;390
4899;394
4900;366
4901;364
4902;422
4903;406
4904;433
4905;376
4906;399
4907;394
4908;355
4909;409
4910;382
4911;391
4912;397
4913;419
4914;397
4915;384
4916;385
4917;442
4918;389
4919;430
4920;433
4921;388
4922;424
4923;419
4924;396
4925;422
4926;388
4927;398
4928;428
4929;388
4930;414
4931;409
4932;436
4933;413
4934;378
4935;430
4936;379
4937;416
4938;378
4939;405
4940;395
4941;396
4942;426
4943;396
4944;434
4945;403
4946;405
4947;395
4948;406
4949;413
4950;430
4951;445
4952;391
4953;406
4954;396
4955;369
4956;420
4957;394
4958;372
4959;433
4960;406
4961;366
4962;411
4963;400
4964;444
4965;395
4966;387
4967;419
4968;384
4969;402
4970;361
4971;393
4972;375
4973;393
4974;445
4975;405
4976;409
4977;421
4978;418
4979;394
4980;388
4981;394
4982;405
4983;411
4984;407
4985;383
4986;392
4987;388
4988;372
4989;412
4990;428
4991;407
4992;397
4993;379
4994;395
4995;373
4996;419
4997;386
4998;385
4999;375
5000;351
5001;414
5002;372
5003;405
5004;376
5005;367
5006;350
5007;377
5008;394
5009;384
5010;440
5011;403
5012;363
5013;378
5014;369
5015;379
5016;369
5017;357
5018;351
5019;410
5020;356
5021;360
5022;405
5023;368
5024;410
5025;373
5026;369
5027;382
5028;380
5029;357
5030;382
5031;386
5032;374
5033;352
5034;374
5035;385
5036;355
5037;379
5038;381
5039;380
5040;364
5041;367
5042;351
5043;365
5044;367
5045;375
5046;378
5047;397
5048;346
5049;343
5050;363
5051;344
5052;326
5053;318
5054;394
5055;375
5056;341
5057;367
5058;342
5059;363
5060;344
5061;352
5062;353
5063;316
5064;362
5065;331
5066;330
5067;298
5068;367
5069;339
5070;332
5071;363
5072;324
5073;303
5074;352
5075;332
5076;288
5077;328
5078;326
5079;331
5080;361
5081;363
5082;353
5083;328
5084;315
5085;333
5086;348
5087;332
5088;308
5089;319
5090;316
5091;337
5092;297
5093;353
5094;318
5095;289
5096;306
5097;322
5098;324
5099;337
5100;313
5101;316
5102;262
5103;331
5104;312
5105;291
5106;337
5107;313
5108;327
5109;308
5110;335
5111;322
5112;270
5113;287
5114;314
5115;279
5116;299
5117;325
5118;265
5119;325
5120;324
5121;290
5122;301
5123;283
5124;271
5125;299
5126;322
5127;300
5128;276
5129;256
5130;290
5131;262
5132;302
5133;291
5134;297
5135;282
5136;281
5137;266
5138;253
5139;262
5140;281
5141;318
5142;264
5143;282
5144;247
5145;274
5146;263
5147;268
5148;280
5149;300
5150;243
5151;265
5152;266
5153;240
5154;270
5155;272
5156;276
5157;245
5158;232
5159;266
5160;255
5161;235
5162;245
5163;266
5164;265
5165;271
5166;255
5167;252
5168;265
5169;238
5170;255
5171;235
5172;237
5173;271
5174;275
5175;251
5176;238
5177;251
5178;244
5179;237
5180;263
5181;234
5182;246
5183;219
5184;235
5185;231
5186;244
5187;224
5188;245
5189;244
5190;260
5191;253
5192;248
5193;252
5194;208
5195;236
5196;232
5197;201
5198;256
5199;241
5200;229
5201;215
5202;253
5203;219
5204;237
5205;232
5206;248
5207;230
5208;216
5209;213
5210;243
5211;224
5212;229
5213;228
5214;226
5215;226
5216;231
5217;219
5218;206
5219;201
5220;206
5221;215
5222;216
5223;204
5224;192
5225;201
5226;196
5227;226
5228;227
5229;203
5230;202
5231;188
5232;214
5233;207
5234;220
5235;201
5236;216
5237;210
5238;218
5239;203
5240;208
5241;207
5242;194
5243;232
5244;217
5245;236
5246;215
5247;228
5248;212
5249;210
5250;191
5251;205
5252;178
5253;194
5254;191
5255;187
5256;192
5257;184
5258;162
5259;209
5260;218
5261;197
5262;195
5263;180
5264;187
5265;185
5266;200
5267;208
5268;188
5269;220
5270;192
5271;209
5272;190
5273;169
5274;207
5275;199
5276;199
5277;190
5278;196
5279;190
5280;211
5281;192
5282;186
5283;202
5284;215
5285;177
5286;196
5287;176
5288;181
5289;169
5290;170
5291;179
5292;170
5293;182
5294;178
5295;169
5296;175
5297;167
5298;174
5299;184
5300;193
5301;152
5302;165
5303;182
5304;157
5305;180
5306;183
5307;157
5308;183
5309;177
5310;167
5311;199
5312;185
5313;186
5314;170
5315;170
5316;182
5317;154
5318;157
5319;199
5320;163
5321;163
5322;166
5323;172
5324;171
5325;195
5326;165
5327;164
5328;170
5329;168
5330;192
5331;156
5332;162
5333;178
5334;180
5335;182
5336;152
5337;185
5338;176
5339;180
5340;177
5341;161
5342;171
5343;172
5344;158
5345;178
5346;183
5347;180
5348;174
5349;180
5350;203
5351;186
5352;171
5353;159
5354;166
5355;178
5356;162
5357;178
5358;198
5359;186
5360;149
5361;180
5362;165
5363;180
5364;156
5365;152
5366;161
5367;148
5368;169
5369;174
5370;144
5371;169
5372;138
5373;150
5374;141
5375;170
5376;166
5377;170
5378;150
5379;166
5380;147
5381;163
5382;188
5383;153
5384;157
5385;149
5386;157
5387;172
5388;146
5389;157
5390;169
5391;120
5392;155
5393;145
5394;179
5395;143
5396;159
5397;172
5398;164
5399;148
5400;137
5401;155
5402;157
5403;156
5404;160
5405;138
5406;150
5407;155
5408;174
5409;141
5410;149
5411;152
5412;164
5413;163
5414;137
5415;158
5416;164
5417;140
5418;144
5419;154
5420;156
5421;150
5422;158
5423;152
5424;154
5425;147
5426;156
5427;136
5428;140
5429;172
5430;145
5431;161
5432;155
5433;142
5434;139
5435;148
5436;137
5437;117
5438;166
5439;178
5440;158
5441;160
5442;147
5443;157
5444;141
5445;153
5446;147
5447;143
5448;135
5449;153
5450;146
5451;140
5452;141
5453;143
5454;157
5455;153
5456;144
5457;142
5458;148
5459;147
5460;134
5461;149
5462;137
5463;152
5464;164
5465;152
5466;146
5467;128
5468;141
5469;137
5470;144
5471;137
5472;129
5473;141
5474;147
5475;140
5476;151
5477;139
5478;148
5479;107
5480;135
5481;139
5482;136
5483;165
5484;131
5485;136
5486;147
5487;147
5488;151
5489;149
5490;152
5491;153
5492;147
5493;138
5494;123
5495;145
5496;119
5497;112
5498;136
5499;154
5500;141
5501;142
5502;138
5503;139
5504;106
5505;133
5506;122
5507;135
5508;127
5509;130
5510;144
5511;126
5512;135
5513;121
5514;117
5515;126
5516;120
5517;123
5518;124
5519;126
5520;134
5521;127
5522;127
5523;132
5524;114
5525;123
5526;117
5527;126
5528;118
5529;118
5530;116
5531;103
5532;130
5533;132
5534;145
5535;117
5536;135
5537;95
5538;104
5539;117
5540;112
5541;114
5542;117
5543;122
5544;121
5545;135
5546;121
5547;123
5548;129
5549;124
5550;104
5551;111
5552;118
5553;111
5554;105
5555;128
5556;129
5557;107
5558;100
5559;118
5560;111
5561;115
5562;95
5563;89
5564;127
5565;122
5566;134
5567;118
5568;121
5569;127
5570;108
5571;87
5572;126
5573;95
5574;92
5575;86
5576;126
5577;87
5578;110
5579;109
5580;104
5581;117
5582;113
5583;107
5584;100
5585;82
5586;126
5587;108
5588;108
5589;101
5590;90
5591;109
5592;105
5593;105
5594;107
5595;92
5596;106
5597;98
5598;95
5599;99
5600;90
5601;115
5602;97
5603;75
5604;85
5605;108
5606;91
5607;87
5608;93
5609;97
5610;102
5611;91
5612;98
5613;97
5614;81
5615;100
5616;94
5617;81
5618;94
5619;93
5620;99
5621;97
5622;95
5623;89
5624;87
5625;100
5626;102
5627;93
5628;87
5629;88
5630;90
5631;94
5632;79
5633;105
5634;82
5635;83
5636;87
5637;75
5638;64
5639;70
5640;91
5641;78
5642;81
5643;97
5644;67
5645;77
5646;78
5647;77
5648;89
5649;92
5650;88
5651;64
5652;85
5653;90
5654;77
5655;75
5656;90
5657;74
5658;76
5659;78
5660;88
5661;70
5662;84
5663;61
5664;61
5665;73
5666;72
5667;71
5668;69
5669;76
5670;72
5671;64
5672;79
5673;68
5674;62
5675;66
5676;76
5677;74
5678;76
5679;64
5680;68
5681;48
5682;71
5683;61
5684;83
5685;76
5686;78
5687;82
5688;63
5689;40
5690;60
5691;81
5692;74
5693;76
5694;62
5695;61
5696;54
5697;64
5698;56
5699;72
5700;71
5701;67
5702;82
5703;66
5704;61
5705;72
5706;69
5707;59
5708;54
5709;53
5710;71
5711;66
5712;67
5713;51
5714;60
5715;62
5716;70
5717;70
5718;57
5719;71
5720;54
5721;69
5722;59
5723;61
5724;52
5725;73
5726;73
5727;61
5728;51
5729;53
5730;51
5731;58
5732;55
5733;65
5734;62
5735;62
5736;70
5737;63
5738;57
5739;60
5740;56
5741;59
5742;65
5743;50
5744;62
5745;57
5746;76
5747;67
5748;53
5749;50
5750;68
5751;57
5752;54
5753;57
5754;64
5755;54
5756;59
5757;67
5758;52
5759;64
5760;49
5761;45
5762;58
5763;56
5764;55
5765;48
5766;46
5767;49
5768;40
5769;61
5770;57
5771;46
5772;51
5773;43
5774;57
5775;54
5776;55
5777;50
5778;59
5779;44
5780;48
5781;50
5782;41
5783;43
5784;55
5785;54
5786;43
5787;42
5788;50
5789;49
5790;47
5791;56
5792;48
5793;56
5794;47
5795;57
5796;45
5797;55
5798;53
5799;45
5800;46
5801;45
5802;38
5803;45
5804;54
5805;57
5806;51
5807;56
5808;49
5809;49
5810;59
5811;55
5812;41
5813;51
5814;37
5815;60
5816;41
5817;62
5818;54
5819;51
5820;56
5821;46
5822;49
5823;51
5824;41
5825;49
5826;55
5827;37
5828;33
5829;49
5830;48
5831;35
5832;45
5833;41
5834;37
5835;47
5836;59
5837;43
5838;49
5839;39
5840;49
5841;49
5842;57
5843;48
5844;64
5845;50
5846;60
5847;45
5848;47
5849;43
5850;47
5851;42
5852;54
5853;46
5854;38
5855;49
5856;43
5857;46
5858;53
5859;52
5860;61
5861;47
5862;43
5863;47
5864;47
5865;52
5866;42
5867;48
5868;52
5869;56
5870;41
5871;42
5872;48
5873;36
5874;45
5875;48
5876;35
5877;44
5878;46
5879;46
5880;41
5881;57
5882;34
5883;48
5884;50
5885;44
5886;53
5887;51
5888;58
5889;42
5890;47
5891;53
5892;46
5893;42
5894;45
5895;43
5896;48
5897;50
5898;47
5899;46
5900;60
5901;62
5902;55
5903;39
5904;55
5905;42
5906;44
5907;44
5908;53
5909;57
5910;47
5911;49
5912;52
5913;44
5914;54
5915;52
5916;47
5917;46
5918;42
5919;40
5920;35
5921;46
5922;49
5923;37
5924;52
5925;42
5926;51
5927;54
5928;39
5929;51
5930;60
5931;50
5932;57
5933;54
5934;56
5935;67
5936;52
5937;48
5938;49
5939;52
5940;57
5941;52
5942;47
5943;56
5944;49
5945;53
5946;47
5947;59
5948;54
5949;44
5950;49
5951;51
5952;58
5953;58
5954;54
5955;58
5956;49
5957;54
5958;62
5959;39
5960;58
5961;47
5962;51
5963;47
5964;54
5965;60
5966;62
5967;57
5968;57
5969;51
5970;46
5971;43
5972;50
5973;49
5974;69
5975;49
5976;50
5977;63
5978;45
5979;44
5980;46
5981;57
5982;56
5983;44
5984;55
5985;52
5986;47
5987;43
5988;63
5989;53
5990;58
5991;50
5992;45
5993;38
5994;47
5995;59
5996;60
5997;51
5998;53
5999;56
6000;60
6001;55
6002;54
6003;57
6004;54
6005;61
6006;50
6007;52
6008;52
6009;50
6010;50
6011;61
6012;54
6013;46
6014;61
6015;56
6016;45
6017;51
6018;60
6019;56
6020;61
6021;58
6022;82
6023;50
6024;62
6025;60
6026;50
6027;48
6028;55
6029;55
6030;62
6031;64
6032;66
6033;64
6034;64
6035;53
6036;60
6037;58
6038;60
6039;66
6040;64
6041;63
6042;56
6043;54
6044;59
6045;59
6046;46
6047;54
6048;56
6049;58
6050;64
6051;61
6052;58
6053;51
6054;60
6055;55
6056;54
6057;47
6058;46
6059;57
6060;57
6061;57
6062;61
6063;53
6064;65
6065;61
6066;56
6067;46
6068;63
6069;54
6070;65
6071;59
6072;51
6073;62
6074;70
6075;62
6076;58
6077;43
6078;55
6079;57
6080;64
6081;54
6082;66
6083;50
6084;60
6085;45
6086;52
6087;44
6088;68
6089;63
6090;57
6091;55
6092;59
6093;61
6094;72
6095;56
6096;63
6097;59
6098;65
6099;61
6100;52
6101;52
6102;54
6103;65
6104;70
6105;62
6106;60
6107;68
6108;46
6109;70
6110;59
6111;71
6112;61
6113;69
6114;57
6115;66
6116;60
6117;62
6118;66
6119;55
6120;65
6121;61
6122;69
6123;59
6124;57
6125;66
6126;41
6127;64
6128;73
6129;73
6130;64
6131;61
6132;65
6133;65
6134;60
6135;65
6136;79
6137;47
6138;73
6139;47
6140;63
6141;69
6142;66
6143;49
6144;63
6145;73
6146;59
6147;64
6148;62
6149;69
6150;55
6151;58
6152;58
6153;61
6154;57
6155;64
6156;68
6157;53
6158;63
6159;52
6160;53
6161;52
6162;67
6163;49
6164;59
6165;71
6166;60
6167;60
6168;72
6169;56
6170;57
6171;51
6172;70
6173;61
6174;60
6175;62
6176;47
6177;61
6178;58
6179;69
6180;58
6181;54
6182;57
6183;60
6184;76
6185;65
6186;67
6187;64
6188;56
6189;60
6190;63
6191;61
6192;54
6193;66
6194;64
6195;60
6196;61
6197;64
6198;55
6199;50
6200;62
6201;51
6202;69
6203;57
6204;70
6205;66
6206;63
6207;47
6208;62
6209;66
6210;65
6211;69
6212;67
6213;70
6214;60
6215;56
6216;57
6217;60
6218;60
6219;62
6220;61
6221;46
6222;54
6223;63
6224;55
6225;64
6226;51
6227;51
6228;60
6229;61
6230;52
6231;44
6232;67
6233;55
6234;54
6235;50
6236;66
6237;50
6238;62
6239;56
6240;72
6241;53
6242;62
6243;47
6244;61
6245;67
6246;65
6247;56
6248;70
6249;54
6250;60
6251;56
6252;51
6253;52
6254;61
6255;63
6256;55
6257;49
6258;44
6259;51
6260;63
6261;65
6262;51
6263;64
6264;59
6265;59
6266;39
6267;61
6268;68
6269;52
6270;54
6271;52
6272;45
6273;52
6274;55
6275;48
6276;54
6277;66
6278;54
6279;56
6280;49
6281;49
6282;52
6283;47
6284;71
6285;36
6286;38
6287;43
6288;69
6289;39
6290;54
6291;60
6292;48
6293;61
6294;55
6295;45
6296;52
6297;59
6298;58
6299;48
6300;53
6301;52
6302;49
6303;49
6304;57
6305;60
6306;55
6307;45
6308;54
6309;44
6310;48
6311;43
6312;47
6313;56
6314;50
6315;49
6316;53
6317;48
6318;50
6319;32
6320;52
6321;40
6322;38
6323;42
6324;31
6325;47
6326;49
6327;38
6328;49
6329;48
6330;44
6331;47
6332;58
6333;43
6334;51
6335;34
6336;46
6337;41
6338;46
6339;45
6340;37
6341;47
6342;47
6343;45
6344;46
6345;39
6346;40
6347;44
6348;47
6349;37
6350;41
6351;37
6352;24
6353;41
6354;48
6355;54
6356;48
6357;47
6358;42
6359;55
6360;43
6361;51
6362;52
6363;30
6364;34
6365;35
6366;46
6367;43
6368;46
6369;35
6370;45
6371;40
6372;36
6373;46
6374;41
6375;41
6376;38
6377;38
6378;47
6379;39
6380;35
6381;40
6382;41
6383;40
6384;39
6385;28
6386;33
6387;34
6388;35
6389;38
6390;38
6391;51
6392;37
6393;41
6394;37
6395;45
6396;33
6397;37
6398;29
6399;44
6400;43
6401;33
6402;33
6403;45
6404;44
6405;41
6406;33
6407;34
6408;31
6409;38
6410;21
6411;45
6412;31
6413;27
6414;38
6415;29
6416;44
6417;30
6418;43
6419;33
6420;34
6421;33
6422;35
6423;55
6424;50
6425;40
6426;31
6427;37
6428;42
6429;29
6430;28
6431;45
6432;37
6433;32
6434;27
6435;32
6436;38
6437;42
6438;46
6439;31
6440;52
6441;31
6442;38
6443;33
6444;43
6445;34
6446;42
6447;38
6448;36
6449;45
6450;33
6451;31
6452;37
6453;38
6454;41
6455;33
6456;33
6457;33
6458;46
6459;32
6460;33
6461;40
6462;31
6463;41
6464;26
6465;31
6466;20
6467;34
6468;31
6469;37
6470;31
6471;37
6472;37
6473;25
6474;39
6475;26
6476;31
6477;38
6478;29
6479;28
6480;47
6481;28
6482;45
6483;32
6484;29
6485;29
6486;30
6487;33
6488;41
6489;34
6490;42
6491;31
6492;32
6493;34
6494;45
6495;29
6496;28
6497;42
6498;20
6499;27
6500;40
6501;37
6502;34
6503;46
6504;31
6505;35
6506;36
6507;24
6508;35
6509;38
6510;26
6511;32
6512;33
6513;30
6514;31
6515;30
6516;36
6517;32
6518;24
6519;33
6520;35
6521;33
6522;40
6523;26
6524;34
6525;22
6526;31
6527;38
6528;32
6529;37
6530;29
6531;39
6532;43
6533;31
6534;37
6535;39
6536;37
6537;46
6538;40
6539;35
6540;40
6541;28
6542;36
6543;34
6544;29
6545;25
6546;36
6547;28
6548;36
6549;27
6550;38
6551;27
6552;30
6553;39
6554;38
6555;41
6556;36
6557;34
6558;40
6559;27
6560;38
6561;29
6562;26
6563;27
6564;35
6565;36
6566;46
6567;30
6568;30
6569;36
6570;25
6571;39
6572;40
6573;40
6574;35
6575;33
6576;38
6577;41
6578;37
6579;45
6580;39
6581;38
6582;39
6583;45
6584;34
6585;46
6586;47
6587;32
6588;44
6589;38
6590;42
6591;54
6592;52
6593;47
6594;43
6595;53
6596;44
6597;38
6598;55
6599;41
6600;45
6601;41
6602;52
6603;36
6604;40
6605;47
6606;42
6607;41
6608;38
6609;56
6610;48
6611;38
6612;32
6613;45
6614;44
6615;52
6616;48
6617;53
6618;45
6619;44
6620;47
6621;51
6622;50
6623;39
6624;46
6625;49
6626;32
6627;40
6628;50
6629;53
6630;40
6631;47
6632;52
6633;43
6634;44
6635;49
6636;45
6637;46
6638;49
6639;37
6640;60
6641;44
6642;55
6643;45
6644;48
6645;41
6646;52
6647;50
6648;49
6649;59
6650;47
6651;55
6652;50
6653;64
6654;53
6655;51
6656;61
6657;55
6658;59
6659;54
6660;48
6661;48
6662;64
6663;45
6664;48
6665;68
6666;58
6667;56
6668;73
6669;59
6670;49
6671;47
6672;44
6673;53
6674;55
6675;59
6676;54
6677;59
6678;71
6679;69
6680;61
6681;62
6682;59
6683;56
6684;58
6685;65
6686;62
6687;64
6688;46
6689;67
6690;70
6691;61
6692;58
6693;61
6694;63
6695;72
6696;76
6697;74
6698;64
6699;75
6700;68
6701;70
6702;81
6703;56
6704;72
6705;65
6706;58
6707;77
6708;61
6709;58
6710;73
6711;80
6712;84
6713;88
6714;65
6715;68
6716;70
6717;73
6718;71
6719;77
6720;84
6721;61
6722;69
6723;79
6724;86
6725;64
6726;71
6727;70
6728;69
6729;72
6730;84
6731;80
6732;84
6733;84
6734;80
6735;75
6736;77
6737;88
6738;88
6739;73
6740;90
6741;82
6742;95
6743;80
6744;72
6745;79
6746;83
6747;84
6748;95
6749;74
6750;77
6751;76
6752;74
6753;96
6754;85
6755;78
6756;101
6757;67
6758;92
6759;94
6760;115
6761;81
6762;93
6763;101
6764;92
6765;72
6766;82
6767;106
6768;95
6769;100
6770;104
6771;91
6772;99
6773;80
6774;84
6775;95
6776;102
6777;98
6778;96
6779;95
6780;90
6781;74
6782;91
6783;89
6784;96
6785;103
6786;105
6787;83
6788;109
6789;89
6790;110
6791;100
6792;113
6793;88
6794;88
6795;104
6796;91
6797;119
6798;92
6799;94
6800;103
6801;93
6802;93
6803;97
6804;103
6805;83
6806;110
6807;111
6808;108
6809;111
6810;120
6811;118
6812;121
6813;83
6814;88
6815;115
6816;101
6817;120
6818;108
6819;105
6820;121
6821;126
6822;108
6823;129
6824;100
6825;117
6826;126
6827;109
6828;121
6829;101
6830;100
6831;108
6832;139
6833;116
6834;107
6835;100
6836;115
6837;115
6838;116
6839;110
6840;111
6841;129
6842;107
6843;121
6844;137
6845;111
6846;111
6847;102
6848;120
6849;107
6850;115
6851;99
6852;120
6853;106
6854;101
6855;123
6856;124
6857;123
6858;127
6859;127
6860;110
6861;133
6862;109
6863;144
6864;144
6865;133
6866;131
6867;122
6868;111
6869;109
6870;109
6871;125
6872;127
6873;121
6874;126
6875;133
6876;141
6877;146
6878;114
6879;124
6880;115
6881;103
6882;135
6883;130
6884;131
6885;130
6886;143
6887;140
6888;129
6889;150
6890;118
6891;119
6892;134
6893;135
6894;118
6895;140
6896;142
6897;134
6898;145
6899;136
6900;132
6901;144
6902;114
6903;131
6904;133
6905;146
6906;129
6907;114
6908;142
6909;137
6910;148
6911;129
6912;148
6913;138
6914;135
6915;143
6916;135
6917;135
6918;154
6919;142
6920;129
6921;121
6922;153
6923;129
6924;156
6925;147
6926;120
6927;130
6928;156
6929;155
6930;150
6931;171
6932;138
6933;139
6934;151
6935;145
6936;145
6937;160
6938;129
6939;151
6940;132
6941;146
6942;144
6943;145
6944;149
6945;138
6946;144
6947;132
6948;160
6949;149
6950;155
6951;135
6952;146
6953;156
6954;137
6955;161
6956;174
6957;147
6958;161
6959;133
6960;138
6961;140
6962;136
6963;136
6964;147
6965;168
6966;140
6967;151
6968;151
6969;143
6970;161
6971;151
6972;167
6973;158
6974;140
6975;153
6976;156
6977;156
6978;141
6979;133
6980;156
6981;152
6982;152
6983;151
6984;148
6985;159
6986;166
6987;156
6988;141
6989;151
6990;136
6991;157
6992;151
6993;128
6994;150
6995;150
6996;173
6997;144
6998;147
6999;136
7000;150
7001;198
7002;171
7003;168
7004;162
7005;144
7006;152
7007;163
7008;138
7009;131
7010;171
7011;168
7012;152
7013;156
7014;150
7015;151
7016;160
7017;153
7018;151
7019;146
7020;148
7021;154
7022;124
7023;171
7024;143
7025;140
7026;151
7027;154
7028;144
7029;146
7030;140
7031;147
7032;130
7033;138
7034;145
7035;162
7036;161
7037;157
7038;163
7039;146
7040;132
7041;145
7042;166
7043;144
7044;140
7045;162
7046;157
7047;166
7048;145
7049;155
7050;138
7051;138
7052;164
7053;157
7054;147
7055;140
7056;156
7057;138
7058;133
7059;150
7060;156
7061;165
7062;147
7063;138
7064;157
7065;154
7066;141
7067;150
7068;131
7069;146
7070;141
7071;142
7072;122
7073;142
7074;146
7075;135
7076;129
7077;151
7078;134
7079;142
7080;146
7081;135
7082;156
7083;150
7084;164
7085;154
7086;168
7087;141
7088;152
7089;147
7090;146
7091;125
7092;159
7093;125
7094;158
7095;144
7096;155
7097;150
7098;127
7099;147
7100;150
7101;161
7102;139
7103;143
7104;140
7105;149
7106;163
7107;149
7108;139
7109;130
7110;150
7111;133
7112;139
7113;164
7114;143
7115;123
7116;159
7117;147
7118;146
7119;125
7120;128
7121;135
7122;142
7123;123
7124;117
7125;131
7126;139
7127;136
7128;117
7129;135
7130;127
7131;111
7132;153
7133;131
7134;132
7135;110
7136;112
7137;143
7138;147
7139;132
7140;144
7141;134
7142;109
7143;136
7144;124
7145;129
7146;130
7147;130
7148;131
7149;122
7150;141
7151;134
7152;124
7153;139
7154;121
7155;98
7156;106
7157;124
7158;109
7159;119
7160;98
7161;111
7162;119
7163;125
7164;140
7165;121
7166;104
7167;137
7168;121
7169;139
7170;118
7171;138
7172;127
7173;130
7174;116
7175;102
7176;120
7177;121
7178;117
7179;138
7180;111
7181;105
7182;122
7183;130
7184;112
7185;136
7186;102
7187;107
7188;121
7189;114
7190;110
7191;113
7192;85
7193;107
7194;108
7195;106
7196;114
7197;89
7198;103
7199;129
7200;111
7201;110
7202;103
7203;114
7204;124
7205;115
7206;107
7207;112
7208;102
7209;108
7210;108
7211;101
7212;90
7213;109
7214;104
7215;88
7216;124
7217;114
7218;91
7219;115
7220;100
7221;105
7222;101
7223;90
7224;95
7225;104
7226;99
7227;105
7228;103
7229;103
7230;114
7231;86
7232;108
7233;79
7234;101
7235;99
7236;95
7237;95
7238;100
7239;78
7240;95
7241;107
7242;93
7243;102
7244;79
7245;81
7246;86
7247;97
7248;99
7249;96
7250;93
7251;92
7252;83
7253;108
7254;90
7255;90
7256;76
7257;81
7258;110
7259;79
7260;89
7261;82
7262;94
7263;82
7264;90
7265;88
7266;81
7267;95
7268;93
7269;94
7270;76
7271;102
7272;85
7273;93
7274;82
7275;86
7276;83
7277;67
7278;77
7279;76
7280;86
7281;81
7282;84
7283;73
7284;80
7285;84
7286;74
7287;66
7288;77
7289;82
7290;65
7291;81
7292;64
7293;76
7294;73
7295;70
7296;65
7297;63
7298;71
7299;79
7300;74
7301;85
7302;77
7303;67
7304;82
7305;62
7306;53
7307;65
7308;66
7309;64
7310;63
7311;62
7312;65
7313;67
7314;58
7315;55
7316;40
7317;51
7318;53
7319;63
7320;66
7321;61
7322;57
7323;64
7324;61
7325;64
7326;52
7327;71
7328;48
7329;66
7330;59
7331;52
7332;64
7333;61
7334;67
7335;54
7336;60
7337;48
7338;62
7339;60
7340;64
7341;69
7342;55
7343;61
7344;59
7345;37
7346;61
7347;63
7348;57
7349;51
7350;57
7351;45
7352;51
7353;58
7354;56
7355;50
7356;62
7357;46
7358;49
7359;48
7360;44
7361;54
7362;51
7363;36
7364;49
7365;45
7366;54
7367;38
7368;48
7369;45
7370;42
7371;53
7372;44
7373;47
7374;42
7375;50
7376;51
7377;48
7378;43
7379;33
7380;46
7381;37
7382;43
7383;45
7384;34
7385;46
7386;47
7387;54
7388;36
7389;33
7390;41
7391;42
7392;39
7393;43
7394;36
7395;42
7396;40
7397;49
7398;39
7399;38
7400;37
7401;30
7402;34
7403;46
7404;32
7405;30
7406;39
7407;35
7408;40
7409;32
7410;44
7411;33
7412;38
7413;24
7414;39
7415;37
7416;39
7417;40
7418;28
7419;33
7420;34
7421;34
7422;29
7423;34
7424;30
7425;24
7426;30
7427;39
7428;38
7429;31
7430;21
7431;26
7432;36
7433;35
7434;33
7435;25
7436;38
7437;30
7438;35
7439;23
7440;31
7441;33
7442;21
7443;29
7444;20
7445;23
7446;33
7447;28
7448;26
7449;18
7450;28
7451;34
7452;32
7453;22
7454;30
7455;25
7456;29
7457;18
7458;24
7459;34
7460;30
7461;21
7462;18
7463;14
7464;23
7465;19
7466;22
7467;30
7468;18
7469;24
7470;41
7471;20
7472;29
7473;26
7474;20
7475;21
7476;26
7477;27
7478;14
7479;20
7480;24
7481;29
7482;21
7483;20
7484;25
7485;21
7486;22
7487;15
7488;21
7489;17
7490;16
7491;23
7492;22
7493;18
7494;15
7495;26
7496;22
7497;16
7498;19
7499;16
7500;17
7501;19
7502;12
7503;9
7504;15
7505;19
7506;16
7507;16
7508;21
7509;15
7510;15
7511;25
7512;17
7513;22
7514;17
7515;16
7516;15
7517;13
7518;25
7519;19
7520;24
7521;19
7522;17
7523;17
7524;12
7525;11
7526;13
7527;14
7528;15
7529;13
7530;12
7531;9
7532;17
7533;16
7534;25
7535;22
7536;8
7537;11
7538;16
7539;11
7540;17
7541;17
7542;13
7543;20
7544;11
7545;13
7546;8
7547;18
7548;19
7549;17
7550;14
7551;12
7552;12
7553;11
7554;13
7555;15
7556;14
7557;9
7558;16
7559;11
7560;11
7561;13
7562;11
7563;9
7564;8
7565;12
7566;12
7567;13
7568;13
7569;8
7570;15
7571;12
7572;10
7573;18
7574;11
7575;8
7576;17
7577;14
7578;16
7579;12
7580;9
7581;13
7582;12
7583;13
7584;13
7585;8
7586;9
7587;10
7588;5
7589;13
7590;11
7591;5
7592;8
7593;11
7594;11
7595;5
7596;5
7597;8
7598;7
7599;6
7600;9
7601;8
7602;13
7603;9
7604;11
7605;7
7606;7
7607;9
7608;8
7609;8
7610;13
7611;11
7612;6
7613;7
7614;9
7615;9
7616;10
7617;14
7618;3
7619;10
7620;7
7621;10
7622;5
7623;7
7624;8
7625;14
7626;11
7627;8
7628;8
7629;12
7630;10
7631;6
7632;5
7633;11
7634;8
7635;8
7636;9
7637;9
7638;11
7639;10
7640;10
7641;10
7642;11
7643;9
7644;9
7645;10
7646;11
7647;8
7648;3
7649;7
7650;6
7651;7
7652;7
7653;14
7654;3
7655;7
7656;7
7657;7
7658;8
7659;8
7660;6
7661;5
7662;9
7663;9
7664;5
7665;11
7666;4
7667;8
7668;4
7669;11
7670;10
7671;8
7672;8
7673;2
7674;5
7675;9
7676;14
7677;2
7678;12
7679;9
7680;6
7681;2
7682;5
7683;11
7684;7
7685;12
7686;7
7687;9
7688;11
7689;6
7690;7
7691;5
7692;4
7693;10
7694;4
7695;6
7696;6
7697;10
7698;7
7699;4
7700;8
7701;10
7702;6
7703;6
7704;1
7705;4
7706;8
7707;9
7708;4
7709;4
7710;4
7711;6
7712;8
7713;8
7714;5
7715;7
7716;6
7717;9
7718;8
7719;6
7720;6
7721;9
7722;6
7723;10
7724;10
7725;8
7726;7
7727;2
7728;6
7729;3
7730;3
7731;7
7732;8
7733;7
7734;4
7735;8
7736;12
7737;6
7738;4
7739;7
7740;7
7741;5
7742;4
7743;8
7744;5
7745;7
7746;8
7747;7
7748;4
7749;10
7750;7
7751;6
7752;3
7753;4
7754;3
7755;8
7756;10
7757;6
7758;7
7759;10
7760;4
7761;6
7762;8
7763;8
7764;8
7765;5
7766;3
7767;6
7768;6
7769;6
7770;5
7771;8
7772;8
7773;6
7774;5
7775;4
7776;6
7777;8
7778;10
7779;4
7780;7
7781;7
7782;7
7783;5
7784;6
7785;7
7786;7
7787;3
7788;5
7789;4
7790;8
7791;7
7792;10
7793;5
7794;2
7795;16
7796;8
7797;7
7798;7
7799;7
7800;6
7801;5
7802;4
7803;4
7804;5
7805;8
7806;5
7807;8
7808;4
7809;8
7810;7
7811;9
7812;4
7813;4
7814;2
7815;3
7816;3
7817;0
7818;0
7819;0
7820;0
7821;1
7822;0
7823;0
7824;0
7825;0
7826;2
7827;1
7828;0
7829;0
7830;0
7831;1
7832;0
7833;0
7834;1
7835;0
7836;0
7837;0
7838;1
7839;1
7840;0
7841;0
7842;0
7843;1
7844;0
7845;0
7846;0
7847;0
7848;1
7849;0
7850;0
7851;1
7852;2
7853;0
7854;0
7855;1
7856;0
7857;0
7858;0
7859;0
7860;0
7861;0
7862;0
7863;0
7864;1
7865;0
7866;0
7867;1
7868;1
7869;0
7870;0
7871;0
7872;2
7873;0
7874;0
7875;0
7876;1
7877;0
7878;1
7879;0
7880;0
7881;0
7882;0
7883;0
7884;0
7885;0
7886;0
7887;0
7888;0
7889;0
7890;0
7891;0
7892;0
7893;0
7894;0
7895;0
7896;1
7897;1
7898;0
7899;0
7900;1
7901;0
7902;0
7903;0
7904;0
7905;0
7906;0
7907;0
7908;0
7909;0
7910;1
7911;0
7912;0
7913;1
7914;0
7915;0
7916;0
7917;1
7918;0
7919;0
7920;0
7921;0
7922;0
7923;0
7924;0
7925;0
7926;0
7927;0
7928;0
7929;0
7930;0
7931;0
7932;0
7933;0
7934;0
7935;0
7936;0
7937;0
7938;0
7939;2
7940;0
7941;0
7942;0
7943;1
7944;0
7945;0
7946;0
7947;0
7948;0
7949;0
7950;0
7951;0
7952;0
7953;1
7954;1
7955;0
7956;0
7957;1
7958;0
7959;0
7960;0
7961;0
7962;3
7963;0
7964;0
7965;0
7966;0
7967;0
7968;0
7969;0
7970;1
7971;0
7972;0
7973;0
7974;0
7975;0
7976;0
7977;0
7978;0
7979;0
7980;0
7981;0
7982;0
7983;0
7984;0
7985;1
7986;0
7987;0
7988;0
7989;0
7990;0
7991;0
7992;1
7993;0
7994;0
7995;0
7996;0
7997;0
7998;1
7999;0
8000;0
8001;0
8002;0
8003;0
8004;0
8005;0
8006;0
8007;0
8008;0
8009;0
8010;0
8011;0
8012;0
8013;0
8014;0
8015;0
8016;0
8017;0
8018;0
8019;0
8020;0
8021;0
8022;0
8023;0
8024;0
8025;0
8026;0
8027;0
8028;0
8029;0
8030;0
8031;0
8032;0
8033;0
8034;0
8035;0
8036;0
8037;0
8038;0
8039;0
8040;0
8041;0
8042;0
8043;0
8044;0
8045;0
8046;0
8047;0
8048;0
8049;0
8050;0
8051;0
8052;0
8053;0
8054;0
8055;0
8056;0
8057;0
8058;0
8059;0
8060;0
8061;0
8062;0
8063;0
8064;0
8065;0
8066;0
8067;0
8068;0
8069;0
8070;0
8071;0
8072;0
8073;0
8074;0
8075;0
8076;0
8077;0
8078;0
8079;0
8080;0
8081;0
8082;0
8083;0
8084;0
8085;0
8086;0
8087;0
8088;0
8089;0
8090;0
8091;0
8092;0
8093;0
8094;0
8095;0
8096;0
8097;0
8098;0
8099;0
8100;0
8101;0
8102;0
8103;0
8104;0
8105;0
8106;0
8107;0
8108;0
8109;0
8110;0
8111;0
8112;0
8113;0
8114;0
8115;0
8116;0
8117;0
8118;0
8119;0
8120;0
8121;0
8122;0
8123;0
8124;0
8125;0
8126;0
8127;0
8128;0
8129;0
8130;0
8131;0
8132;0
8133;0
8134;0
8135;0
8136;0
8137;0
8138;0
8139;0
8140;0
8141;0
8142;0
8143;0
8144;0
8145;0
8146;0
8147;0
8148;0
8149;0
8150;0
8151;0
8152;0
8153;0
8154;0
8155;0
8156;0
8157;0
8158;0
8159;0
8160;0
8161;0
8162;0
8163;0
8164;0
8165;0
8166;0
8167;0
8168;0
8169;0
8170;0
8171;0
8172;0
8173;0
8174;0
8175;0
8176;0
8177;0
8178;0
8179;0
8180;0
8181;0
8182;0
8183;0
8184;0
8185;0
8186;0
8187;0
8188;0
8189;0
8190;0
8191;0
