0;0
1;0
2;0
3;0
4;0
5;0
6;0
7;0
8;0
9;0
10;0
11;0
12;0
13;0
14;0
15;0
16;0
17;0
18;0
19;0
20;0
21;0
22;0
23;0
24;0
25;0
26;0
27;0
28;0
29;0
30;0
31;0
32;0
33;0
34;0
35;0
36;0
37;0
38;0
39;0
40;0
41;0
42;0
43;0
44;0
45;0
46;0
47;0
48;0
49;0
50;0
51;0
52;0
53;0
54;0
55;0
56;0
57;0
58;0
59;0
60;0
61;0
62;0
63;0
64;0
65;0
66;0
67;6
68;6
69;11
70;9
71;28
72;27
73;24
74;21
75;15
76;23
77;26
78;27
79;31
80;24
81;33
82;28
83;9
84;25
85;20
86;19
87;27
88;20
89;32
90;19
91;18
92;31
93;25
94;17
95;25
96;31
97;25
98;20
99;26
100;32
101;29
102;24
103;18
104;28
105;24
106;17
107;19
108;29
109;36
110;27
111;24
112;23
113;18
114;26
115;16
116;21
117;24
118;21
119;25
120;24
121;24
122;28
123;32
124;24
125;20
126;19
127;32
128;26
129;30
130;30
131;20
132;29
133;23
134;25
135;24
136;20
137;20
138;27
139;29
140;27
141;24
142;30
143;38
144;21
145;26
146;20
147;30
148;17
149;21
150;28
151;29
152;34
153;37
154;25
155;28
156;20
157;27
158;28
159;29
160;31
161;19
162;18
163;25
164;26
165;25
166;27
167;26
168;18
169;21
170;24
171;24
172;30
173;23
174;19
175;31
176;33
177;27
178;21
179;26
180;23
181;28
182;32
183;22
184;27
185;33
186;19
187;25
188;28
189;28
190;28
191;24
192;22
193;19
194;17
195;32
196;22
197;20
198;20
199;24
200;30
201;33
202;24
203;24
204;16
205;35
206;19
207;22
208;26
209;27
210;23
211;21
212;18
213;31
214;28
215;19
216;24
217;26
218;28
219;26
220;29
221;27
222;17
223;21
224;28
225;27
226;30
227;31
228;20
229;26
230;30
231;28
232;27
233;23
234;24
235;23
236;23
237;24
238;28
239;19
240;22
241;25
242;31
243;24
244;18
245;16
246;24
247;26
248;22
249;28
250;25
251;26
252;28
253;21
254;23
255;23
256;21
257;26
258;28
259;34
260;35
261;23
262;31
263;27
264;22
265;31
266;29
267;21
268;31
269;26
270;29
271;36
272;26
273;23
274;19
275;15
276;26
277;21
278;27
279;41
280;22
281;24
282;38
283;26
284;28
285;20
286;21
287;23
288;27
289;32
290;24
291;25
292;28
293;20
294;29
295;23
296;20
297;19
298;26
299;22
300;24
301;35
302;32
303;20
304;29
305;26
306;28
307;25
308;25
309;26
310;34
311;20
312;33
313;32
314;25
315;28
316;21
317;22
318;31
319;30
320;25
321;28
322;31
323;30
324;22
325;21
326;26
327;29
328;29
329;23
330;27
331;29
332;24
333;27
334;28
335;27
336;30
337;37
338;19
339;33
340;23
341;38
342;31
343;25
344;21
345;33
346;13
347;22
348;40
349;22
350;29
351;29
352;26
353;31
354;30
355;20
356;28
357;24
358;31
359;28
360;26
361;39
362;27
363;39
364;25
365;20
366;27
367;24
368;25
369;19
370;33
371;32
372;37
373;28
374;30
375;32
376;34
377;27
378;28
379;33
380;34
381;38
382;24
383;22
384;28
385;31
386;25
387;29
388;19
389;30
390;18
391;31
392;19
393;34
394;29
395;35
396;32
397;29
398;28
399;30
400;24
401;31
402;33
403;27
404;28
405;18
406;33
407;36
408;22
409;35
410;25
411;31
412;27
413;30
414;33
415;25
416;34
417;32
418;31
419;26
420;32
421;27
422;28
423;29
424;33
425;27
426;33
427;35
428;36
429;30
430;20
431;35
432;38
433;31
434;31
435;23
436;25
437;35
438;31
439;38
440;24
441;27
442;35
443;20
444;31
445;22
446;36
447;38
448;31
449;35
450;29
451;23
452;30
453;30
454;30
455;34
456;31
457;41
458;29
459;38
460;30
461;35
462;28
463;37
464;29
465;29
466;29
467;33
468;37
469;32
470;28
471;42
472;34
473;31
474;37
475;32
476;32
477;34
478;28
479;30
480;40
481;47
482;24
483;30
484;32
485;33
486;34
487;27
488;28
489;34
490;39
491;39
492;41
493;37
494;33
495;38
496;27
497;35
498;28
499;33
500;38
501;35
502;41
503;29
504;28
505;43
506;24
507;28
508;29
509;33
510;18
511;28
512;28
513;26
514;35
515;25
516;27
517;32
518;37
519;31
520;28
521;26
522;30
523;40
524;34
525;30
526;29
527;41
528;24
529;28
530;23
531;32
532;20
533;19
534;33
535;31
536;25
537;26
538;28
539;22
540;34
541;29
542;38
543;21
544;22
545;35
546;35
547;31
548;32
549;30
550;37
551;36
552;30
553;30
554;37
555;29
556;27
557;42
558;29
559;23
560;29
561;29
562;34
563;34
564;36
565;38
566;28
567;24
568;24
569;32
570;31
571;25
572;34
573;33
574;29
575;29
576;21
577;38
578;34
579;34
580;31
581;38
582;32
583;38
584;28
585;23
586;36
587;31
588;36
589;31
590;37
591;27
592;37
593;30
594;33
595;32
596;32
597;29
598;22
599;25
600;45
601;26
602;36
603;25
604;32
605;36
606;30
607;25
608;29
609;36
610;39
611;36
612;38
613;28
614;32
615;35
616;44
617;36
618;29
619;26
620;36
621;32
622;32
623;36
624;23
625;33
626;30
627;29
628;41
629;27
630;31
631;44
632;37
633;26
634;37
635;30
636;26
637;26
638;25
639;42
640;26
641;23
642;27
643;17
644;34
645;28
646;30
647;21
648;30
649;34
650;39
651;32
652;21
653;34
654;22
655;44
656;31
657;38
658;27
659;36
660;29
661;24
662;31
663;31
664;33
665;29
666;18
667;28
668;24
669;23
670;35
671;28
672;26
673;32
674;33
675;26
676;34
677;35
678;28
679;36
680;25
681;23
682;27
683;31
684;27
685;34
686;25
687;25
688;29
689;32
690;28
691;43
692;33
693;26
694;30
695;28
696;37
697;32
698;33
699;27
700;37
701;31
702;23
703;32
704;34
705;39
706;32
707;30
708;33
709;34
710;34
711;28
712;30
713;36
714;24
715;26
716;29
717;30
718;41
719;21
720;34
721;28
722;29
723;27
724;29
725;33
726;25
727;41
728;31
729;34
730;26
731;44
732;31
733;34
734;35
735;22
736;31
737;21
738;33
739;27
740;29
741;33
742;30
743;30
744;24
745;26
746;34
747;31
748;45
749;25
750;32
751;30
752;33
753;35
754;30
755;29
756;27
757;29
758;35
759;30
760;28
761;34
762;30
763;43
764;29
765;33
766;26
767;29
768;27
769;29
770;15
771;22
772;21
773;30
774;27
775;32
776;25
777;32
778;26
779;37
780;25
781;32
782;24
783;24
784;26
785;26
786;38
787;37
788;37
789;27
790;33
791;30
792;21
793;34
794;32
795;21
796;35
797;27
798;29
799;33
800;39
801;29
802;24
803;29
804;36
805;22
806;30
807;28
808;35
809;30
810;32
811;32
812;27
813;19
814;28
815;36
816;27
817;35
818;34
819;29
820;29
821;31
822;28
823;26
824;34
825;28
826;23
827;24
828;34
829;33
830;28
831;30
832;34
833;43
834;34
835;33
836;36
837;25
838;30
839;25
840;38
841;26
842;28
843;36
844;37
845;45
846;27
847;21
848;21
849;33
850;26
851;28
852;20
853;27
854;22
855;31
856;30
857;27
858;29
859;36
860;35
861;37
862;25
863;27
864;27
865;40
866;22
867;29
868;26
869;29
870;33
871;39
872;30
873;40
874;19
875;26
876;32
877;36
878;39
879;30
880;34
881;32
882;22
883;33
884;26
885;35
886;23
887;35
888;30
889;38
890;28
891;38
892;26
893;40
894;26
895;30
896;21
897;21
898;33
899;19
900;39
901;33
902;28
903;32
904;37
905;31
906;30
907;25
908;35
909;27
910;27
911;38
912;26
913;28
914;42
915;29
916;31
917;30
918;34
919;32
920;25
921;25
922;22
923;28
924;32
925;28
926;31
927;23
928;24
929;22
930;30
931;28
932;29
933;35
934;43
935;27
936;32
937;31
938;42
939;36
940;37
941;26
942;35
943;22
944;30
945;31
946;32
947;28
948;33
949;26
950;37
951;31
952;22
953;34
954;21
955;30
956;33
957;41
958;29
959;28
960;29
961;33
962;30
963;24
964;31
965;32
966;31
967;22
968;30
969;29
970;26
971;28
972;27
973;30
974;27
975;36
976;23
977;34
978;45
979;33
980;28
981;29
982;30
983;40
984;28
985;35
986;31
987;30
988;34
989;35
990;30
991;29
992;31
993;33
994;29
995;25
996;34
997;37
998;31
999;32
1000;31
1001;27
1002;27
1003;35
1004;35
1005;32
1006;36
1007;31
1008;32
1009;37
1010;31
1011;43
1012;36
1013;31
1014;27
1015;34
1016;25
1017;28
1018;46
1019;36
1020;25
1021;48
1022;39
1023;28
1024;38
1025;24
1026;22
1027;31
1028;48
1029;44
1030;36
1031;25
1032;33
1033;34
1034;38
1035;35
1036;37
1037;37
1038;34
1039;26
1040;40
1041;36
1042;27
1043;38
1044;55
1045;42
1046;35
1047;52
1048;31
1049;31
1050;46
1051;38
1052;40
1053;37
1054;36
1055;26
1056;38
1057;39
1058;33
1059;40
1060;41
1061;33
1062;39
1063;33
1064;39
1065;40
1066;36
1067;37
1068;38
1069;35
1070;37
1071;39
1072;42
1073;43
1074;55
1075;50
1076;33
1077;54
1078;40
1079;51
1080;38
1081;40
1082;31
1083;37
1084;34
1085;35
1086;35
1087;37
1088;34
1089;33
1090;40
1091;42
1092;43
1093;37
1094;41
1095;37
1096;39
1097;29
1098;44
1099;42
1100;40
1101;44
1102;45
1103;34
1104;50
1105;37
1106;44
1107;42
1108;45
1109;47
1110;42
1111;39
1112;41
1113;38
1114;42
1115;30
1116;33
1117;36
1118;42
1119;45
1120;42
1121;39
1122;42
1123;54
1124;51
1125;40
1126;44
1127;40
1128;40
1129;37
1130;27
1131;42
1132;48
1133;44
1134;33
1135;30
1136;39
1137;26
1138;49
1139;37
1140;37
1141;26
1142;40
1143;34
1144;43
1145;41
1146;29
1147;50
1148;37
1149;46
1150;41
1151;32
1152;31
1153;34
1154;38
1155;37
1156;35
1157;47
1158;33
1159;37
1160;28
1161;39
1162;43
1163;34
1164;44
1165;35
1166;53
1167;40
1168;47
1169;43
1170;38
1171;35
1172;49
1173;46
1174;33
1175;46
1176;37
1177;32
1178;48
1179;40
1180;47
1181;45
1182;34
1183;48
1184;43
1185;36
1186;37
1187;33
1188;31
1189;39
1190;36
1191;30
1192;33
1193;30
1194;47
1195;45
1196;39
1197;39
1198;33
1199;39
1200;49
1201;44
1202;34
1203;38
1204;38
1205;31
1206;36
1207;36
1208;32
1209;38
1210;36
1211;34
1212;33
1213;29
1214;52
1215;41
1216;47
1217;40
1218;38
1219;41
1220;29
1221;44
1222;35
1223;34
1224;42
1225;37
1226;35
1227;38
1228;38
1229;38
1230;34
1231;23
1232;35
1233;25
1234;35
1235;32
1236;31
1237;33
1238;36
1239;27
1240;29
1241;29
1242;35
1243;35
1244;36
1245;38
1246;43
1247;34
1248;39
1249;46
1250;36
1251;38
1252;35
1253;25
1254;38
1255;40
1256;35
1257;28
1258;34
1259;30
1260;35
1261;41
1262;33
1263;29
1264;32
1265;36
1266;29
1267;34
1268;31
1269;36
1270;34
1271;37
1272;35
1273;37
1274;31
1275;31
1276;30
1277;39
1278;31
1279;29
1280;36
1281;28
1282;25
1283;35
1284;33
1285;39
1286;35
1287;30
1288;40
1289;39
1290;31
1291;31
1292;32
1293;39
1294;43
1295;39
1296;34
1297;35
1298;36
1299;43
1300;31
1301;38
1302;40
1303;36
1304;19
1305;40
1306;43
1307;31
1308;35
1309;40
1310;38
1311;34
1312;33
1313;33
1314;21
1315;34
1316;34
1317;24
1318;40
1319;32
1320;35
1321;30
1322;54
1323;32
1324;28
1325;39
1326;41
1327;36
1328;33
1329;34
1330;41
1331;33
1332;41
1333;27
1334;35
1335;34
1336;32
1337;32
1338;38
1339;32
1340;32
1341;27
1342;36
1343;31
1344;36
1345;38
1346;27
1347;29
1348;30
1349;41
1350;32
1351;32
1352;30
1353;36
1354;25
1355;30
1356;27
1357;29
1358;33
1359;35
1360;32
1361;27
1362;31
1363;30
1364;34
1365;42
1366;33
1367;38
1368;32
1369;23
1370;28
1371;23
1372;25
1373;30
1374;27
1375;34
1376;33
1377;21
1378;38
1379;39
1380;28
1381;36
1382;28
1383;31
1384;38
1385;42
1386;28
1387;35
1388;33
1389;31
1390;31
1391;31
1392;20
1393;34
1394;25
1395;21
1396;36
1397;23
1398;24
1399;27
1400;35
1401;33
1402;26
1403;27
1404;32
1405;35
1406;34
1407;35
1408;31
1409;18
1410;27
1411;27
1412;27
1413;28
1414;35
1415;29
1416;38
1417;28
1418;25
1419;32
1420;28
1421;27
1422;34
1423;21
1424;29
1425;31
1426;29
1427;40
1428;28
1429;33
1430;28
1431;19
1432;35
1433;27
1434;27
1435;29
1436;26
1437;26
1438;28
1439;34
1440;32
1441;28
1442;17
1443;34
1444;28
1445;32
1446;34
1447;38
1448;32
1449;29
1450;28
1451;30
1452;34
1453;44
1454;33
1455;25
1456;28
1457;33
1458;22
1459;40
1460;24
1461;27
1462;22
1463;18
1464;29
1465;21
1466;21
1467;27
1468;33
1469;29
1470;43
1471;24
1472;36
1473;25
1474;31
1475;27
1476;31
1477;28
1478;29
1479;16
1480;34
1481;20
1482;29
1483;21
1484;35
1485;27
1486;32
1487;30
1488;25
1489;22
1490;28
1491;28
1492;32
1493;27
1494;35
1495;30
1496;29
1497;20
1498;30
1499;18
1500;29
1501;35
1502;27
1503;27
1504;25
1505;29
1506;32
1507;44
1508;25
1509;22
1510;29
1511;28
1512;32
1513;27
1514;35
1515;31
1516;29
1517;39
1518;31
1519;26
1520;22
1521;27
1522;28
1523;30
1524;23
1525;20
1526;19
1527;28
1528;31
1529;16
1530;28
1531;19
1532;28
1533;25
1534;29
1535;20
1536;28
1537;28
1538;32
1539;27
1540;23
1541;24
1542;28
1543;29
1544;41
1545;36
1546;27
1547;28
1548;28
1549;34
1550;31
1551;27
1552;30
1553;30
1554;21
1555;25
1556;33
1557;31
1558;27
1559;24
1560;30
1561;28
1562;33
1563;30
1564;28
1565;26
1566;26
1567;17
1568;25
1569;38
1570;27
1571;22
1572;24
1573;24
1574;41
1575;26
1576;23
1577;21
1578;27
1579;24
1580;18
1581;35
1582;24
1583;24
1584;36
1585;29
1586;23
1587;36
1588;25
1589;22
1590;30
1591;29
1592;22
1593;23
1594;34
1595;21
1596;25
1597;22
1598;27
1599;21
1600;24
1601;28
1602;29
1603;20
1604;32
1605;34
1606;26
1607;18
1608;24
1609;27
1610;22
1611;33
1612;26
1613;22
1614;16
1615;18
1616;31
1617;22
1618;26
1619;27
1620;23
1621;28
1622;26
1623;27
1624;24
1625;21
1626;23
1627;18
1628;30
1629;22
1630;26
1631;26
1632;32
1633;25
1634;27
1635;29
1636;32
1637;28
1638;17
1639;27
1640;24
1641;24
1642;17
1643;26
1644;24
1645;30
1646;23
1647;21
1648;27
1649;43
1650;14
1651;18
1652;22
1653;27
1654;32
1655;18
1656;28
1657;33
1658;31
1659;27
1660;22
1661;23
1662;21
1663;15
1664;26
1665;29
1666;34
1667;17
1668;16
1669;20
1670;25
1671;24
1672;26
1673;23
1674;27
1675;24
1676;18
1677;27
1678;29
1679;22
1680;21
1681;30
1682;19
1683;18
1684;22
1685;17
1686;23
1687;30
1688;22
1689;20
1690;18
1691;20
1692;20
1693;28
1694;23
1695;22
1696;26
1697;22
1698;23
1699;26
1700;23
1701;20
1702;24
1703;36
1704;11
1705;26
1706;26
1707;30
1708;10
1709;34
1710;26
1711;38
1712;21
1713;30
1714;27
1715;29
1716;22
1717;22
1718;26
1719;26
1720;22
1721;22
1722;28
1723;23
1724;20
1725;19
1726;23
1727;21
1728;18
1729;22
1730;25
1731;24
1732;21
1733;19
1734;23
1735;21
1736;22
1737;29
1738;20
1739;21
1740;31
1741;14
1742;32
1743;20
1744;25
1745;15
1746;24
1747;28
1748;18
1749;19
1750;31
1751;26
1752;25
1753;23
1754;28
1755;29
1756;33
1757;24
1758;26
1759;31
1760;24
1761;25
1762;19
1763;26
1764;25
1765;26
1766;26
1767;24
1768;22
1769;22
1770;30
1771;30
1772;20
1773;23
1774;34
1775;29
1776;14
1777;22
1778;24
1779;30
1780;22
1781;26
1782;27
1783;24
1784;19
1785;23
1786;33
1787;27
1788;24
1789;32
1790;17
1791;26
1792;18
1793;14
1794;16
1795;24
1796;32
1797;24
1798;31
1799;22
1800;30
1801;27
1802;22
1803;20
1804;21
1805;27
1806;17
1807;20
1808;25
1809;28
1810;26
1811;17
1812;24
1813;21
1814;30
1815;17
1816;20
1817;19
1818;22
1819;24
1820;27
1821;23
1822;28
1823;25
1824;17
1825;19
1826;27
1827;25
1828;17
1829;29
1830;29
1831;21
1832;25
1833;25
1834;24
1835;24
1836;31
1837;21
1838;25
1839;24
1840;26
1841;33
1842;17
1843;18
1844;19
1845;24
1846;20
1847;21
1848;27
1849;26
1850;25
1851;21
1852;29
1853;27
1854;21
1855;35
1856;30
1857;18
1858;24
1859;18
1860;24
1861;23
1862;24
1863;22
1864;26
1865;29
1866;19
1867;16
1868;20
1869;22
1870;21
1871;28
1872;25
1873;21
1874;30
1875;29
1876;32
1877;14
1878;27
1879;13
1880;25
1881;24
1882;23
1883;21
1884;27
1885;26
1886;20
1887;23
1888;27
1889;17
1890;38
1891;21
1892;23
1893;21
1894;23
1895;17
1896;24
1897;24
1898;18
1899;33
1900;24
1901;31
1902;24
1903;25
1904;21
1905;25
1906;23
1907;25
1908;32
1909;27
1910;21
1911;24
1912;24
1913;24
1914;23
1915;23
1916;27
1917;26
1918;17
1919;24
1920;20
1921;30
1922;18
1923;28
1924;16
1925;31
1926;24
1927;26
1928;26
1929;24
1930;23
1931;21
1932;22
1933;25
1934;21
1935;17
1936;22
1937;19
1938;21
1939;29
1940;29
1941;27
1942;27
1943;30
1944;28
1945;18
1946;21
1947;24
1948;23
1949;23
1950;23
1951;18
1952;20
1953;18
1954;25
1955;26
1956;18
1957;19
1958;20
1959;24
1960;15
1961;21
1962;24
1963;17
1964;22
1965;24
1966;19
1967;18
1968;19
1969;15
1970;25
1971;24
1972;18
1973;22
1974;23
1975;22
1976;16
1977;19
1978;18
1979;22
1980;21
1981;15
1982;24
1983;26
1984;21
1985;13
1986;14
1987;19
1988;21
1989;16
1990;20
1991;27
1992;21
1993;14
1994;19
1995;18
1996;20
1997;26
1998;21
1999;21
2000;20
2001;23
2002;23
2003;11
2004;25
2005;27
2006;21
2007;16
2008;21
2009;24
2010;23
2011;19
2012;14
2013;24
2014;18
2015;20
2016;21
2017;23
2018;25
2019;20
2020;23
2021;11
2022;16
2023;13
2024;23
2025;26
2026;13
2027;19
2028;30
2029;13
2030;26
2031;17
2032;13
2033;14
2034;30
2035;26
2036;19
2037;16
2038;20
2039;19
2040;13
2041;11
2042;20
2043;18
2044;15
2045;18
2046;21
2047;12
2048;23
2049;12
2050;19
2051;18
2052;19
2053;21
2054;19
2055;13
2056;25
2057;10
2058;14
2059;20
2060;13
2061;15
2062;11
2063;14
2064;14
2065;19
2066;7
2067;24
2068;16
2069;18
2070;16
2071;11
2072;17
2073;19
2074;19
2075;15
2076;16
2077;14
2078;10
2079;9
2080;18
2081;19
2082;17
2083;13
2084;15
2085;19
2086;9
2087;17
2088;18
2089;22
2090;13
2091;16
2092;14
2093;10
2094;13
2095;19
2096;20
2097;10
2098;15
2099;17
2100;11
2101;18
2102;13
2103;8
2104;14
2105;18
2106;17
2107;16
2108;11
2109;14
2110;16
2111;15
2112;13
2113;15
2114;16
2115;8
2116;13
2117;13
2118;24
2119;10
2120;13
2121;12
2122;19
2123;10
2124;23
2125;10
2126;8
2127;15
2128;14
2129;8
2130;19
2131;13
2132;13
2133;14
2134;15
2135;11
2136;18
2137;9
2138;14
2139;8
2140;10
2141;13
2142;20
2143;13
2144;12
2145;13
2146;6
2147;10
2148;13
2149;11
2150;12
2151;15
2152;11
2153;15
2154;9
2155;10
2156;15
2157;7
2158;14
2159;12
2160;11
2161;10
2162;12
2163;14
2164;13
2165;14
2166;7
2167;12
2168;11
2169;17
2170;8
2171;6
2172;11
2173;17
2174;7
2175;13
2176;15
2177;10
2178;12
2179;14
2180;9
2181;10
2182;13
2183;14
2184;13
2185;8
2186;11
2187;12
2188;13
2189;14
2190;10
2191;11
2192;10
2193;13
2194;8
2195;10
2196;11
2197;8
2198;8
2199;17
2200;15
2201;13
2202;12
2203;12
2204;12
2205;17
2206;9
2207;13
2208;16
2209;6
2210;10
2211;9
2212;11
2213;13
2214;14
2215;7
2216;8
2217;9
2218;8
2219;11
2220;13
2221;7
2222;14
2223;20
2224;13
2225;16
2226;5
2227;13
2228;8
2229;12
2230;12
2231;14
2232;15
2233;9
2234;7
2235;9
2236;10
2237;10
2238;9
2239;11
2240;11
2241;9
2242;10
2243;9
2244;18
2245;11
2246;11
2247;14
2248;9
2249;11
2250;6
2251;14
2252;11
2253;9
2254;15
2255;7
2256;12
2257;12
2258;7
2259;9
2260;7
2261;5
2262;11
2263;9
2264;13
2265;5
2266;6
2267;11
2268;7
2269;8
2270;6
2271;12
2272;10
2273;7
2274;13
2275;9
2276;6
2277;6
2278;6
2279;13
2280;10
2281;6
2282;7
2283;6
2284;13
2285;7
2286;5
2287;5
2288;10
2289;6
2290;5
2291;9
2292;7
2293;9
2294;7
2295;11
2296;11
2297;7
2298;5
2299;6
2300;13
2301;8
2302;12
2303;16
2304;13
2305;14
2306;10
2307;5
2308;14
2309;4
2310;8
2311;12
2312;9
2313;7
2314;7
2315;7
2316;12
2317;12
2318;10
2319;6
2320;7
2321;12
2322;14
2323;9
2324;7
2325;7
2326;6
2327;9
2328;6
2329;11
2330;12
2331;15
2332;5
2333;8
2334;5
2335;11
2336;7
2337;7
2338;3
2339;10
2340;11
2341;8
2342;12
2343;10
2344;14
2345;8
2346;8
2347;5
2348;7
2349;10
2350;11
2351;11
2352;6
2353;11
2354;8
2355;10
2356;8
2357;9
2358;8
2359;6
2360;6
2361;9
2362;6
2363;9
2364;6
2365;13
2366;7
2367;14
2368;4
2369;6
2370;11
2371;5
2372;8
2373;7
2374;11
2375;15
2376;9
2377;13
2378;6
2379;11
2380;11
2381;15
2382;10
2383;6
2384;9
2385;13
2386;9
2387;8
2388;8
2389;9
2390;5
2391;4
2392;11
2393;9
2394;6
2395;5
2396;13
2397;9
2398;8
2399;7
2400;8
2401;3
2402;7
2403;9
2404;11
2405;7
2406;12
2407;11
2408;10
2409;8
2410;8
2411;7
2412;7
2413;8
2414;9
2415;6
2416;7
2417;6
2418;6
2419;5
2420;8
2421;3
2422;12
2423;10
2424;7
2425;10
2426;13
2427;10
2428;9
2429;8
2430;7
2431;8
2432;10
2433;7
2434;9
2435;8
2436;9
2437;10
2438;6
2439;9
2440;6
2441;8
2442;9
2443;11
2444;10
2445;10
2446;10
2447;12
2448;7
2449;9
2450;10
2451;9
2452;3
2453;9
2454;6
2455;8
2456;12
2457;8
2458;10
2459;5
2460;6
2461;6
2462;4
2463;11
2464;8
2465;11
2466;12
2467;6
2468;12
2469;11
2470;4
2471;8
2472;8
2473;13
2474;11
2475;10
2476;11
2477;13
2478;3
2479;10
2480;9
2481;6
2482;12
2483;8
2484;7
2485;8
2486;7
2487;8
2488;7
2489;9
2490;5
2491;9
2492;9
2493;5
2494;10
2495;5
2496;11
2497;7
2498;10
2499;6
2500;10
2501;6
2502;12
2503;13
2504;5
2505;8
2506;10
2507;9
2508;12
2509;6
2510;6
2511;8
2512;11
2513;7
2514;9
2515;4
2516;8
2517;9
2518;8
2519;10
2520;6
2521;7
2522;4
2523;8
2524;9
2525;8
2526;8
2527;6
2528;5
2529;10
2530;9
2531;6
2532;9
2533;6
2534;12
2535;12
2536;8
2537;7
2538;3
2539;14
2540;9
2541;6
2542;6
2543;6
2544;7
2545;9
2546;11
2547;7
2548;10
2549;6
2550;4
2551;9
2552;9
2553;7
2554;6
2555;7
2556;5
2557;4
2558;9
2559;7
2560;7
2561;8
2562;6
2563;7
2564;10
2565;8
2566;3
2567;9
2568;8
2569;6
2570;4
2571;5
2572;8
2573;5
2574;9
2575;7
2576;7
2577;5
2578;7
2579;10
2580;11
2581;4
2582;10
2583;10
2584;12
2585;9
2586;6
2587;2
2588;5
2589;8
2590;6
2591;13
2592;9
2593;4
2594;11
2595;9
2596;8
2597;3
2598;6
2599;6
2600;4
2601;2
2602;7
2603;4
2604;6
2605;8
2606;7
2607;4
2608;4
2609;8
2610;4
2611;16
2612;12
2613;3
2614;4
2615;10
2616;5
2617;7
2618;5
2619;6
2620;10
2621;6
2622;12
2623;8
2624;6
2625;7
2626;7
2627;9
2628;8
2629;8
2630;3
2631;5
2632;8
2633;6
2634;10
2635;3
2636;10
2637;6
2638;8
2639;10
2640;8
2641;2
2642;11
2643;9
2644;7
2645;18
2646;15
2647;6
2648;13
2649;8
2650;12
2651;12
2652;8
2653;8
2654;6
2655;10
2656;6
2657;7
2658;9
2659;8
2660;11
2661;9
2662;4
2663;5
2664;7
2665;7
2666;9
2667;8
2668;12
2669;6
2670;10
2671;9
2672;8
2673;7
2674;7
2675;8
2676;9
2677;12
2678;9
2679;11
2680;8
2681;6
2682;10
2683;6
2684;12
2685;5
2686;5
2687;8
2688;4
2689;9
2690;9
2691;4
2692;11
2693;10
2694;8
2695;9
2696;8
2697;4
2698;11
2699;10
2700;15
2701;5
2702;7
2703;7
2704;11
2705;7
2706;10
2707;7
2708;4
2709;8
2710;6
2711;10
2712;6
2713;6
2714;4
2715;5
2716;4
2717;3
2718;11
2719;4
2720;12
2721;6
2722;11
2723;5
2724;11
2725;6
2726;9
2727;6
2728;6
2729;5
2730;14
2731;8
2732;5
2733;7
2734;7
2735;4
2736;12
2737;8
2738;6
2739;6
2740;8
2741;2
2742;7
2743;10
2744;6
2745;6
2746;9
2747;7
2748;4
2749;5
2750;9
2751;7
2752;10
2753;4
2754;9
2755;9
2756;7
2757;8
2758;6
2759;7
2760;6
2761;8
2762;4
2763;8
2764;5
2765;4
2766;3
2767;9
2768;7
2769;10
2770;10
2771;7
2772;7
2773;7
2774;7
2775;3
2776;10
2777;12
2778;8
2779;11
2780;5
2781;12
2782;7
2783;10
2784;8
2785;3
2786;14
2787;3
2788;11
2789;8
2790;6
2791;5
2792;4
2793;13
2794;8
2795;10
2796;13
2797;8
2798;5
2799;13
2800;3
2801;7
2802;10
2803;5
2804;8
2805;7
2806;8
2807;7
2808;8
2809;18
2810;8
2811;8
2812;7
2813;8
2814;6
2815;7
2816;5
2817;15
2818;8
2819;12
2820;9
2821;6
2822;12
2823;14
2824;6
2825;7
2826;8
2827;13
2828;8
2829;7
2830;8
2831;8
2832;5
2833;8
2834;8
2835;8
2836;7
2837;10
2838;7
2839;5
2840;6
2841;9
2842;6
2843;10
2844;6
2845;8
2846;10
2847;13
2848;11
2849;9
2850;6
2851;13
2852;11
2853;8
2854;14
2855;12
2856;12
2857;10
2858;6
2859;8
2860;9
2861;12
2862;9
2863;15
2864;13
2865;14
2866;10
2867;9
2868;10
2869;15
2870;8
2871;12
2872;9
2873;10
2874;8
2875;7
2876;10
2877;14
2878;9
2879;10
2880;6
2881;11
2882;8
2883;13
2884;14
2885;15
2886;15
2887;14
2888;18
2889;14
2890;12
2891;13
2892;14
2893;10
2894;11
2895;17
2896;15
2897;13
2898;16
2899;16
2900;13
2901;15
2902;17
2903;18
2904;17
2905;10
2906;12
2907;15
2908;18
2909;8
2910;14
2911;17
2912;6
2913;18
2914;25
2915;16
2916;11
2917;19
2918;16
2919;15
2920;21
2921;23
2922;25
2923;23
2924;17
2925;18
2926;27
2927;19
2928;31
2929;26
2930;31
2931;25
2932;24
2933;27
2934;27
2935;22
2936;28
2937;26
2938;30
2939;26
2940;29
2941;30
2942;33
2943;31
2944;25
2945;28
2946;33
2947;29
2948;24
2949;28
2950;29
2951;40
2952;39
2953;44
2954;35
2955;49
2956;32
2957;25
2958;47
2959;41
2960;44
2961;39
2962;48
2963;35
2964;41
2965;43
2966;47
2967;41
2968;49
2969;37
2970;51
2971;45
2972;38
2973;50
2974;48
2975;41
2976;49
2977;52
2978;48
2979;55
2980;53
2981;43
2982;54
2983;41
2984;64
2985;51
2986;52
2987;57
2988;59
2989;50
2990;63
2991;60
2992;48
2993;66
2994;73
2995;61
2996;43
2997;52
2998;64
2999;60
3000;67
3001;60
3002;62
3003;76
3004;65
3005;51
3006;71
3007;64
3008;49
3009;69
3010;70
3011;78
3012;86
3013;64
3014;73
3015;77
3016;83
3017;79
3018;94
3019;96
3020;80
3021;69
3022;94
3023;89
3024;92
3025;88
3026;87
3027;94
3028;78
3029;90
3030;98
3031;105
3032;88
3033;100
3034;88
3035;94
3036;129
3037;96
3038;101
3039;91
3040;93
3041;86
3042;104
3043;91
3044;123
3045;89
3046;100
3047;111
3048;98
3049;100
3050;106
3051;117
3052;119
3053;123
3054;105
3055;131
3056;104
3057;109
3058;114
3059;98
3060;101
3061;121
3062;105
3063;106
3064;124
3065;117
3066;138
3067;119
3068;129
3069;118
3070;141
3071;128
3072;128
3073;124
3074;119
3075;157
3076;114
3077;117
3078;146
3079;120
3080;117
3081;139
3082;137
3083;109
3084;137
3085;159
3086;134
3087;131
3088;141
3089;130
3090;140
3091;140
3092;122
3093;158
3094;144
3095;147
3096;143
3097;140
3098;144
3099;137
3100;146
3101;153
3102;131
3103;143
3104;162
3105;141
3106;133
3107;163
3108;156
3109;160
3110;146
3111;154
3112;138
3113;172
3114;171
3115;151
3116;125
3117;132
3118;149
3119;152
3120;168
3121;143
3122;163
3123;153
3124;179
3125;168
3126;165
3127;173
3128;163
3129;150
3130;148
3131;144
3132;156
3133;163
3134;149
3135;178
3136;165
3137;173
3138;156
3139;159
3140;168
3141;160
3142;168
3143;158
3144;162
3145;172
3146;167
3147;148
3148;166
3149;161
3150;166
3151;139
3152;166
3153;147
3154;150
3155;155
3156;182
3157;156
3158;159
3159;144
3160;152
3161;161
3162;150
3163;156
3164;161
3165;146
3166;142
3167;146
3168;140
3169;145
3170;144
3171;146
3172;165
3173;133
3174;163
3175;143
3176;156
3177;169
3178;138
3179;153
3180;141
3181;164
3182;158
3183;156
3184;171
3185;123
3186;146
3187;137
3188;144
3189;132
3190;127
3191;143
3192;156
3193;144
3194;150
3195;114
3196;131
3197;138
3198;139
3199;140
3200;127
3201;150
3202;113
3203;129
3204;114
3205;135
3206;145
3207;113
3208;147
3209;139
3210;118
3211;107
3212;118
3213;118
3214;118
3215;105
3216;127
3217;117
3218;101
3219;127
3220;102
3221;105
3222;99
3223;123
3224;111
3225;103
3226;120
3227;118
3228;112
3229;112
3230;104
3231;97
3232;122
3233;96
3234;107
3235;98
3236;102
3237;108
3238;105
3239;101
3240;67
3241;85
3242;101
3243;76
3244;83
3245;72
3246;88
3247;88
3248;84
3249;91
3250;86
3251;80
3252;80
3253;74
3254;71
3255;76
3256;90
3257;72
3258;80
3259;84
3260;75
3261;70
3262;63
3263;72
3264;78
3265;84
3266;80
3267;68
3268;65
3269;72
3270;57
3271;65
3272;79
3273;68
3274;66
3275;58
3276;59
3277;55
3278;75
3279;63
3280;51
3281;70
3282;70
3283;59
3284;55
3285;59
3286;66
3287;53
3288;53
3289;44
3290;51
3291;35
3292;55
3293;48
3294;42
3295;60
3296;44
3297;45
3298;33
3299;31
3300;44
3301;47
3302;46
3303;38
3304;38
3305;31
3306;37
3307;29
3308;34
3309;27
3310;26
3311;32
3312;37
3313;34
3314;31
3315;34
3316;40
3317;24
3318;36
3319;27
3320;34
3321;29
3322;21
3323;27
3324;30
3325;41
3326;36
3327;21
3328;22
3329;22
3330;24
3331;30
3332;31
3333;36
3334;23
3335;17
3336;27
3337;29
3338;18
3339;14
3340;19
3341;26
3342;21
3343;40
3344;16
3345;24
3346;14
3347;19
3348;17
3349;21
3350;16
3351;14
3352;14
3353;13
3354;9
3355;20
3356;15
3357;15
3358;19
3359;9
3360;14
3361;10
3362;15
3363;14
3364;15
3365;16
3366;10
3367;13
3368;21
3369;15
3370;16
3371;14
3372;12
3373;4
3374;10
3375;11
3376;13
3377;7
3378;7
3379;12
3380;9
3381;15
3382;13
3383;8
3384;14
3385;13
3386;7
3387;12
3388;7
3389;9
3390;14
3391;8
3392;10
3393;7
3394;9
3395;9
3396;12
3397;11
3398;10
3399;8
3400;6
3401;9
3402;8
3403;6
3404;10
3405;6
3406;6
3407;7
3408;6
3409;5
3410;6
3411;8
3412;7
3413;9
3414;12
3415;7
3416;10
3417;11
3418;7
3419;3
3420;5
3421;13
3422;3
3423;6
3424;5
3425;9
3426;11
3427;9
3428;3
3429;10
3430;3
3431;5
3432;6
3433;6
3434;4
3435;6
3436;7
3437;6
3438;5
3439;4
3440;8
3441;9
3442;7
3443;5
3444;2
3445;6
3446;10
3447;8
3448;8
3449;9
3450;3
3451;4
3452;4
3453;3
3454;3
3455;9
3456;6
3457;2
3458;3
3459;9
3460;4
3461;5
3462;1
3463;6
3464;6
3465;11
3466;7
3467;6
3468;6
3469;12
3470;5
3471;7
3472;5
3473;6
3474;7
3475;4
3476;5
3477;7
3478;6
3479;5
3480;5
3481;2
3482;8
3483;7
3484;7
3485;7
3486;5
3487;5
3488;2
3489;8
3490;9
3491;5
3492;7
3493;8
3494;2
3495;8
3496;8
3497;3
3498;3
3499;1
3500;5
3501;9
3502;5
3503;8
3504;5
3505;3
3506;7
3507;3
3508;9
3509;5
3510;8
3511;5
3512;5
3513;0
3514;4
3515;8
3516;2
3517;3
3518;3
3519;6
3520;4
3521;3
3522;7
3523;6
3524;5
3525;4
3526;9
3527;6
3528;6
3529;6
3530;7
3531;4
3532;4
3533;1
3534;4
3535;9
3536;7
3537;5
3538;2
3539;5
3540;4
3541;8
3542;7
3543;6
3544;6
3545;5
3546;4
3547;3
3548;2
3549;1
3550;6
3551;6
3552;3
3553;4
3554;8
3555;5
3556;3
3557;6
3558;6
3559;7
3560;5
3561;1
3562;6
3563;2
3564;2
3565;6
3566;2
3567;5
3568;5
3569;10
3570;6
3571;9
3572;1
3573;4
3574;6
3575;10
3576;5
3577;7
3578;4
3579;4
3580;3
3581;2
3582;2
3583;8
3584;5
3585;3
3586;4
3587;3
3588;1
3589;3
3590;6
3591;3
3592;6
3593;3
3594;1
3595;7
3596;3
3597;7
3598;8
3599;5
3600;4
3601;5
3602;8
3603;7
3604;4
3605;7
3606;2
3607;5
3608;5
3609;10
3610;8
3611;4
3612;1
3613;6
3614;6
3615;8
3616;7
3617;6
3618;7
3619;7
3620;4
3621;3
3622;3
3623;10
3624;2
3625;3
3626;3
3627;4
3628;4
3629;8
3630;5
3631;5
3632;6
3633;4
3634;6
3635;2
3636;5
3637;1
3638;2
3639;5
3640;7
3641;2
3642;2
3643;2
3644;6
3645;6
3646;8
3647;0
3648;7
3649;3
3650;5
3651;5
3652;5
3653;7
3654;4
3655;4
3656;1
3657;4
3658;7
3659;5
3660;6
3661;3
3662;5
3663;3
3664;6
3665;4
3666;3
3667;4
3668;5
3669;7
3670;4
3671;5
3672;3
3673;5
3674;3
3675;7
3676;2
3677;8
3678;7
3679;3
3680;2
3681;5
3682;8
3683;4
3684;3
3685;9
3686;6
3687;5
3688;2
3689;3
3690;8
3691;6
3692;6
3693;4
3694;2
3695;2
3696;4
3697;6
3698;6
3699;7
3700;6
3701;4
3702;10
3703;5
3704;6
3705;6
3706;8
3707;6
3708;4
3709;4
3710;4
3711;5
3712;11
3713;4
3714;5
3715;8
3716;5
3717;7
3718;7
3719;6
3720;5
3721;4
3722;3
3723;6
3724;4
3725;3
3726;4
3727;6
3728;3
3729;3
3730;1
3731;4
3732;7
3733;0
3734;6
3735;1
3736;0
3737;0
3738;4
3739;4
3740;3
3741;5
3742;8
3743;3
3744;8
3745;10
3746;3
3747;7
3748;6
3749;5
3750;4
3751;4
3752;3
3753;6
3754;3
3755;9
3756;8
3757;3
3758;8
3759;5
3760;13
3761;6
3762;5
3763;8
3764;7
3765;4
3766;4
3767;5
3768;4
3769;6
3770;3
3771;3
3772;7
3773;3
3774;3
3775;4
3776;4
3777;6
3778;4
3779;5
3780;5
3781;2
3782;2
3783;5
3784;8
3785;2
3786;1
3787;6
3788;7
3789;0
3790;4
3791;6
3792;6
3793;8
3794;5
3795;5
3796;3
3797;4
3798;5
3799;4
3800;9
3801;7
3802;5
3803;6
3804;5
3805;4
3806;6
3807;4
3808;0
3809;2
3810;1
3811;2
3812;3
3813;10
3814;4
3815;5
3816;9
3817;3
3818;2
3819;6
3820;4
3821;3
3822;8
3823;2
3824;3
3825;2
3826;7
3827;5
3828;3
3829;6
3830;3
3831;4
3832;7
3833;1
3834;5
3835;6
3836;2
3837;4
3838;5
3839;3
3840;5
3841;4
3842;1
3843;8
3844;5
3845;5
3846;4
3847;7
3848;2
3849;4
3850;6
3851;4
3852;3
3853;5
3854;5
3855;8
3856;3
3857;3
3858;5
3859;5
3860;7
3861;7
3862;4
3863;5
3864;6
3865;4
3866;6
3867;3
3868;3
3869;4
3870;3
3871;3
3872;6
3873;4
3874;6
3875;4
3876;5
3877;5
3878;3
3879;10
3880;4
3881;1
3882;1
3883;8
3884;6
3885;3
3886;2
3887;1
3888;8
3889;7
3890;6
3891;3
3892;4
3893;6
3894;6
3895;5
3896;2
3897;4
3898;6
3899;5
3900;3
3901;5
3902;8
3903;7
3904;10
3905;4
3906;6
3907;2
3908;5
3909;3
3910;4
3911;7
3912;4
3913;2
3914;8
3915;5
3916;5
3917;7
3918;3
3919;4
3920;5
3921;4
3922;8
3923;4
3924;4
3925;10
3926;4
3927;4
3928;3
3929;7
3930;11
3931;3
3932;3
3933;3
3934;5
3935;10
3936;3
3937;2
3938;4
3939;5
3940;7
3941;2
3942;1
3943;5
3944;5
3945;5
3946;2
3947;9
3948;5
3949;5
3950;8
3951;3
3952;6
3953;2
3954;3
3955;6
3956;3
3957;5
3958;9
3959;6
3960;4
3961;4
3962;6
3963;6
3964;5
3965;7
3966;3
3967;3
3968;1
3969;6
3970;7
3971;3
3972;4
3973;5
3974;7
3975;4
3976;4
3977;2
3978;4
3979;4
3980;2
3981;3
3982;5
3983;7
3984;5
3985;4
3986;7
3987;9
3988;2
3989;7
3990;9
3991;5
3992;3
3993;7
3994;3
3995;3
3996;6
3997;5
3998;5
3999;5
4000;4
4001;6
4002;5
4003;8
4004;2
4005;7
4006;10
4007;3
4008;2
4009;3
4010;4
4011;1
4012;7
4013;4
4014;4
4015;4
4016;6
4017;7
4018;2
4019;1
4020;4
4021;6
4022;4
4023;5
4024;3
4025;6
4026;5
4027;6
4028;2
4029;7
4030;5
4031;1
4032;3
4033;5
4034;5
4035;6
4036;4
4037;4
4038;3
4039;2
4040;5
4041;4
4042;5
4043;10
4044;7
4045;3
4046;4
4047;7
4048;8
4049;4
4050;3
4051;2
4052;8
4053;2
4054;4
4055;9
4056;6
4057;5
4058;5
4059;4
4060;3
4061;3
4062;5
4063;4
4064;7
4065;7
4066;3
4067;2
4068;5
4069;6
4070;8
4071;3
4072;6
4073;4
4074;6
4075;6
4076;6
4077;4
4078;9
4079;4
4080;8
4081;3
4082;9
4083;4
4084;7
4085;4
4086;8
4087;8
4088;7
4089;2
4090;2
4091;5
4092;10
4093;4
4094;3
4095;8
4096;6
4097;6
4098;6
4099;8
4100;4
4101;6
4102;6
4103;4
4104;4
4105;5
4106;4
4107;6
4108;4
4109;7
4110;8
4111;4
4112;3
4113;8
4114;4
4115;8
4116;7
4117;9
4118;10
4119;5
4120;6
4121;3
4122;7
4123;6
4124;4
4125;6
4126;2
4127;6
4128;6
4129;4
4130;7
4131;9
4132;6
4133;8
4134;2
4135;3
4136;8
4137;2
4138;5
4139;2
4140;10
4141;6
4142;3
4143;5
4144;4
4145;4
4146;5
4147;5
4148;5
4149;8
4150;10
4151;6
4152;3
4153;3
4154;7
4155;5
4156;3
4157;6
4158;5
4159;2
4160;6
4161;7
4162;7
4163;3
4164;5
4165;7
4166;6
4167;7
4168;6
4169;4
4170;9
4171;7
4172;6
4173;10
4174;3
4175;8
4176;7
4177;9
4178;4
4179;2
4180;7
4181;2
4182;6
4183;3
4184;5
4185;3
4186;6
4187;10
4188;4
4189;6
4190;4
4191;6
4192;6
4193;4
4194;7
4195;2
4196;7
4197;5
4198;1
4199;4
4200;5
4201;5
4202;8
4203;5
4204;9
4205;4
4206;7
4207;9
4208;9
4209;7
4210;11
4211;7
4212;7
4213;4
4214;1
4215;7
4216;8
4217;1
4218;5
4219;7
4220;6
4221;8
4222;5
4223;4
4224;11
4225;6
4226;14
4227;12
4228;7
4229;6
4230;6
4231;10
4232;7
4233;12
4234;10
4235;3
4236;7
4237;7
4238;4
4239;3
4240;4
4241;5
4242;2
4243;5
4244;3
4245;10
4246;9
4247;9
4248;3
4249;5
4250;8
4251;7
4252;2
4253;4
4254;7
4255;7
4256;9
4257;10
4258;8
4259;8
4260;9
4261;3
4262;4
4263;9
4264;5
4265;5
4266;8
4267;10
4268;4
4269;7
4270;2
4271;3
4272;11
4273;4
4274;7
4275;3
4276;5
4277;6
4278;7
4279;7
4280;5
4281;7
4282;4
4283;6
4284;4
4285;7
4286;6
4287;4
4288;7
4289;5
4290;3
4291;4
4292;7
4293;6
4294;7
4295;3
4296;3
4297;6
4298;7
4299;6
4300;1
4301;5
4302;7
4303;6
4304;12
4305;6
4306;11
4307;8
4308;4
4309;4
4310;7
4311;8
4312;9
4313;4
4314;5
4315;9
4316;4
4317;8
4318;4
4319;8
4320;8
4321;5
4322;4
4323;3
4324;4
4325;5
4326;5
4327;7
4328;4
4329;9
4330;10
4331;12
4332;11
4333;10
4334;4
4335;10
4336;5
4337;9
4338;7
4339;12
4340;11
4341;7
4342;6
4343;7
4344;4
4345;3
4346;5
4347;6
4348;6
4349;7
4350;6
4351;6
4352;5
4353;6
4354;5
4355;6
4356;7
4357;10
4358;13
4359;9
4360;6
4361;7
4362;4
4363;4
4364;4
4365;8
4366;8
4367;4
4368;5
4369;7
4370;6
4371;8
4372;3
4373;7
4374;5
4375;7
4376;6
4377;4
4378;8
4379;4
4380;9
4381;7
4382;5
4383;10
4384;7
4385;9
4386;7
4387;3
4388;4
4389;7
4390;11
4391;7
4392;6
4393;6
4394;5
4395;3
4396;9
4397;6
4398;5
4399;6
4400;9
4401;9
4402;5
4403;7
4404;5
4405;9
4406;4
4407;5
4408;6
4409;7
4410;9
4411;13
4412;7
4413;10
4414;7
4415;5
4416;10
4417;7
4418;8
4419;4
4420;10
4421;10
4422;4
4423;2
4424;9
4425;8
4426;8
4427;6
4428;9
4429;4
4430;7
4431;8
4432;5
4433;5
4434;4
4435;10
4436;11
4437;4
4438;9
4439;9
4440;4
4441;7
4442;4
4443;6
4444;7
4445;9
4446;9
4447;4
4448;6
4449;5
4450;8
4451;7
4452;8
4453;7
4454;6
4455;3
4456;2
4457;5
4458;9
4459;5
4460;3
4461;5
4462;1
4463;5
4464;5
4465;4
4466;4
4467;5
4468;3
4469;5
4470;6
4471;8
4472;8
4473;6
4474;7
4475;5
4476;5
4477;7
4478;3
4479;5
4480;5
4481;5
4482;5
4483;4
4484;4
4485;3
4486;6
4487;4
4488;5
4489;6
4490;6
4491;4
4492;5
4493;8
4494;3
4495;7
4496;4
4497;10
4498;4
4499;6
4500;8
4501;1
4502;9
4503;6
4504;5
4505;9
4506;5
4507;7
4508;5
4509;11
4510;8
4511;10
4512;7
4513;6
4514;4
4515;7
4516;3
4517;8
4518;2
4519;3
4520;5
4521;5
4522;6
4523;6
4524;4
4525;9
4526;3
4527;5
4528;6
4529;6
4530;3
4531;4
4532;7
4533;4
4534;5
4535;8
4536;3
4537;4
4538;5
4539;9
4540;1
4541;3
4542;8
4543;2
4544;5
4545;6
4546;2
4547;5
4548;3
4549;10
4550;7
4551;6
4552;5
4553;6
4554;5
4555;4
4556;8
4557;8
4558;6
4559;5
4560;4
4561;8
4562;4
4563;7
4564;5
4565;6
4566;6
4567;4
4568;5
4569;5
4570;4
4571;7
4572;3
4573;6
4574;8
4575;3
4576;5
4577;5
4578;4
4579;7
4580;4
4581;3
4582;5
4583;8
4584;6
4585;6
4586;6
4587;1
4588;4
4589;2
4590;4
4591;9
4592;4
4593;5
4594;2
4595;5
4596;3
4597;8
4598;6
4599;5
4600;5
4601;8
4602;9
4603;9
4604;8
4605;4
4606;5
4607;5
4608;6
4609;6
4610;5
4611;5
4612;6
4613;7
4614;3
4615;6
4616;5
4617;7
4618;7
4619;6
4620;4
4621;8
4622;4
4623;6
4624;8
4625;6
4626;7
4627;6
4628;4
4629;8
4630;3
4631;9
4632;5
4633;3
4634;1
4635;9
4636;7
4637;2
4638;4
4639;2
4640;3
4641;8
4642;7
4643;4
4644;8
4645;9
4646;6
4647;4
4648;9
4649;7
4650;7
4651;4
4652;7
4653;4
4654;6
4655;3
4656;7
4657;5
4658;9
4659;4
4660;2
4661;5
4662;4
4663;3
4664;7
4665;4
4666;9
4667;11
4668;4
4669;3
4670;2
4671;7
4672;10
4673;10
4674;6
4675;6
4676;4
4677;4
4678;1
4679;1
4680;4
4681;10
4682;4
4683;2
4684;4
4685;6
4686;5
4687;6
4688;6
4689;3
4690;2
4691;6
4692;5
4693;3
4694;6
4695;0
4696;4
4697;5
4698;1
4699;8
4700;5
4701;4
4702;7
4703;5
4704;6
4705;7
4706;5
4707;6
4708;8
4709;7
4710;3
4711;9
4712;7
4713;6
4714;4
4715;5
4716;6
4717;2
4718;3
4719;4
4720;2
4721;10
4722;6
4723;6
4724;3
4725;7
4726;5
4727;2
4728;5
4729;3
4730;5
4731;9
4732;8
4733;3
4734;9
4735;7
4736;3
4737;4
4738;3
4739;5
4740;3
4741;10
4742;4
4743;3
4744;7
4745;7
4746;6
4747;6
4748;6
4749;1
4750;7
4751;2
4752;1
4753;5
4754;5
4755;5
4756;7
4757;4
4758;6
4759;2
4760;3
4761;9
4762;5
4763;3
4764;5
4765;6
4766;3
4767;2
4768;5
4769;1
4770;7
4771;10
4772;8
4773;3
4774;4
4775;6
4776;2
4777;2
4778;5
4779;4
4780;5
4781;7
4782;7
4783;5
4784;3
4785;5
4786;6
4787;2
4788;6
4789;4
4790;12
4791;7
4792;6
4793;1
4794;1
4795;2
4796;2
4797;1
4798;7
4799;5
4800;4
4801;8
4802;3
4803;8
4804;5
4805;7
4806;3
4807;6
4808;3
4809;4
4810;1
4811;4
4812;7
4813;5
4814;7
4815;6
4816;3
4817;3
4818;6
4819;1
4820;3
4821;3
4822;2
4823;8
4824;7
4825;4
4826;6
4827;3
4828;4
4829;5
4830;9
4831;2
4832;2
4833;5
4834;6
4835;6
4836;6
4837;6
4838;3
4839;2
4840;2
4841;3
4842;6
4843;0
4844;5
4845;3
4846;6
4847;1
4848;6
4849;6
4850;6
4851;7
4852;6
4853;5
4854;3
4855;7
4856;5
4857;3
4858;3
4859;5
4860;3
4861;5
4862;4
4863;5
4864;5
4865;2
4866;5
4867;1
4868;1
4869;1
4870;5
4871;4
4872;2
4873;2
4874;3
4875;5
4876;3
4877;0
4878;4
4879;5
4880;3
4881;5
4882;6
4883;3
4884;4
4885;2
4886;6
4887;3
4888;5
4889;6
4890;7
4891;3
4892;4
4893;8
4894;5
4895;2
4896;6
4897;4
4898;4
4899;9
4900;9
4901;4
4902;3
4903;1
4904;5
4905;7
4906;1
4907;3
4908;2
4909;6
4910;6
4911;5
4912;2
4913;4
4914;3
4915;5
4916;3
4917;6
4918;3
4919;6
4920;6
4921;5
4922;1
4923;3
4924;10
4925;6
4926;6
4927;3
4928;2
4929;2
4930;3
4931;5
4932;8
4933;5
4934;3
4935;2
4936;5
4937;4
4938;8
4939;7
4940;9
4941;5
4942;5
4943;5
4944;3
4945;5
4946;9
4947;9
4948;7
4949;6
4950;4
4951;6
4952;5
4953;6
4954;5
4955;6
4956;5
4957;4
4958;4
4959;5
4960;7
4961;4
4962;6
4963;5
4964;3
4965;3
4966;3
4967;3
4968;5
4969;3
4970;7
4971;2
4972;6
4973;5
4974;5
4975;2
4976;5
4977;1
4978;4
4979;7
4980;3
4981;7
4982;4
4983;3
4984;5
4985;3
4986;4
4987;5
4988;5
4989;4
4990;6
4991;1
4992;4
4993;4
4994;5
4995;3
4996;3
4997;1
4998;3
4999;3
5000;3
5001;4
5002;1
5003;5
5004;2
5005;1
5006;8
5007;2
5008;3
5009;4
5010;3
5011;7
5012;7
5013;7
5014;5
5015;4
5016;2
5017;6
5018;4
5019;7
5020;5
5021;4
5022;6
5023;10
5024;5
5025;2
5026;7
5027;5
5028;7
5029;7
5030;3
5031;3
5032;4
5033;7
5034;6
5035;3
5036;0
5037;4
5038;4
5039;4
5040;9
5041;4
5042;3
5043;5
5044;7
5045;7
5046;7
5047;1
5048;3
5049;5
5050;6
5051;6
5052;4
5053;3
5054;2
5055;5
5056;6
5057;3
5058;7
5059;2
5060;4
5061;6
5062;3
5063;7
5064;3
5065;7
5066;6
5067;6
5068;3
5069;3
5070;5
5071;3
5072;3
5073;4
5074;3
5075;3
5076;8
5077;6
5078;5
5079;7
5080;3
5081;2
5082;7
5083;5
5084;8
5085;3
5086;7
5087;1
5088;5
5089;2
5090;2
5091;5
5092;6
5093;4
5094;4
5095;5
5096;4
5097;4
5098;5
5099;4
5100;7
5101;4
5102;3
5103;6
5104;3
5105;3
5106;6
5107;6
5108;5
5109;4
5110;5
5111;2
5112;3
5113;4
5114;3
5115;6
5116;2
5117;5
5118;2
5119;1
5120;3
5121;2
5122;4
5123;3
5124;3
5125;4
5126;3
5127;5
5128;6
5129;6
5130;2
5131;4
5132;4
5133;4
5134;9
5135;3
5136;1
5137;2
5138;5
5139;7
5140;4
5141;7
5142;6
5143;2
5144;3
5145;5
5146;7
5147;2
5148;6
5149;5
5150;2
5151;3
5152;0
5153;5
5154;5
5155;4
5156;2
5157;4
5158;3
5159;6
5160;7
5161;9
5162;6
5163;2
5164;11
5165;5
5166;2
5167;6
5168;4
5169;3
5170;3
5171;7
5172;6
5173;8
5174;8
5175;2
5176;5
5177;4
5178;7
5179;1
5180;5
5181;2
5182;3
5183;4
5184;6
5185;4
5186;3
5187;3
5188;5
5189;4
5190;3
5191;7
5192;5
5193;1
5194;9
5195;4
5196;3
5197;6
5198;5
5199;2
5200;3
5201;7
5202;6
5203;5
5204;3
5205;3
5206;4
5207;6
5208;7
5209;2
5210;6
5211;3
5212;6
5213;4
5214;9
5215;5
5216;6
5217;6
5218;6
5219;4
5220;4
5221;4
5222;4
5223;7
5224;1
5225;4
5226;4
5227;4
5228;4
5229;2
5230;2
5231;4
5232;4
5233;5
5234;1
5235;5
5236;3
5237;2
5238;2
5239;1
5240;2
5241;3
5242;2
5243;4
5244;6
5245;4
5246;4
5247;8
5248;7
5249;5
5250;5
5251;4
5252;2
5253;7
5254;6
5255;2
5256;7
5257;5
5258;6
5259;6
5260;1
5261;2
5262;4
5263;7
5264;3
5265;3
5266;2
5267;5
5268;6
5269;3
5270;5
5271;2
5272;13
5273;7
5274;3
5275;3
5276;5
5277;3
5278;8
5279;11
5280;3
5281;6
5282;4
5283;5
5284;6
5285;5
5286;4
5287;4
5288;5
5289;3
5290;4
5291;5
5292;2
5293;4
5294;6
5295;8
5296;5
5297;9
5298;4
5299;1
5300;3
5301;4
5302;2
5303;9
5304;1
5305;3
5306;9
5307;3
5308;2
5309;8
5310;1
5311;3
5312;7
5313;8
5314;7
5315;3
5316;5
5317;7
5318;3
5319;1
5320;5
5321;2
5322;3
5323;7
5324;5
5325;4
5326;6
5327;5
5328;3
5329;3
5330;3
5331;7
5332;10
5333;2
5334;3
5335;6
5336;2
5337;2
5338;4
5339;3
5340;5
5341;7
5342;3
5343;9
5344;2
5345;4
5346;4
5347;4
5348;2
5349;3
5350;6
5351;2
5352;4
5353;5
5354;8
5355;8
5356;6
5357;6
5358;3
5359;6
5360;2
5361;6
5362;5
5363;1
5364;0
5365;3
5366;8
5367;3
5368;4
5369;7
5370;6
5371;7
5372;6
5373;4
5374;7
5375;1
5376;7
5377;6
5378;3
5379;3
5380;5
5381;6
5382;7
5383;7
5384;2
5385;4
5386;6
5387;8
5388;2
5389;7
5390;6
5391;6
5392;3
5393;3
5394;5
5395;6
5396;8
5397;2
5398;5
5399;8
5400;3
5401;7
5402;1
5403;5
5404;2
5405;9
5406;3
5407;5
5408;3
5409;3
5410;2
5411;7
5412;7
5413;1
5414;4
5415;2
5416;5
5417;6
5418;3
5419;2
5420;6
5421;1
5422;4
5423;6
5424;6
5425;5
5426;5
5427;5
5428;6
5429;3
5430;2
5431;7
5432;3
5433;3
5434;6
5435;1
5436;2
5437;4
5438;2
5439;0
5440;10
5441;6
5442;4
5443;5
5444;1
5445;5
5446;9
5447;9
5448;7
5449;7
5450;5
5451;7
5452;5
5453;5
5454;4
5455;3
5456;3
5457;5
5458;1
5459;8
5460;1
5461;6
5462;6
5463;4
5464;8
5465;3
5466;5
5467;4
5468;2
5469;2
5470;5
5471;3
5472;7
5473;8
5474;2
5475;1
5476;3
5477;4
5478;5
5479;6
5480;7
5481;1
5482;6
5483;1
5484;6
5485;8
5486;4
5487;7
5488;3
5489;2
5490;3
5491;8
5492;5
5493;5
5494;7
5495;3
5496;1
5497;4
5498;7
5499;8
5500;4
5501;3
5502;7
5503;2
5504;5
5505;6
5506;2
5507;4
5508;3
5509;8
5510;5
5511;4
5512;6
5513;4
5514;2
5515;2
5516;6
5517;5
5518;12
5519;2
5520;2
5521;3
5522;4
5523;2
5524;6
5525;3
5526;8
5527;7
5528;11
5529;6
5530;2
5531;3
5532;5
5533;5
5534;3
5535;2
5536;6
5537;2
5538;3
5539;7
5540;5
5541;8
5542;7
5543;6
5544;3
5545;6
5546;8
5547;6
5548;3
5549;4
5550;5
5551;4
5552;3
5553;5
5554;1
5555;7
5556;4
5557;4
5558;2
5559;4
5560;2
5561;4
5562;2
5563;2
5564;3
5565;6
5566;6
5567;4
5568;8
5569;10
5570;5
5571;8
5572;5
5573;5
5574;5
5575;5
5576;4
5577;4
5578;6
5579;4
5580;3
5581;1
5582;5
5583;6
5584;5
5585;5
5586;4
5587;8
5588;8
5589;2
5590;4
5591;1
5592;4
5593;2
5594;4
5595;4
5596;4
5597;5
5598;3
5599;8
5600;4
5601;2
5602;6
5603;4
5604;5
5605;6
5606;5
5607;8
5608;3
5609;9
5610;1
5611;7
5612;5
5613;8
5614;7
5615;10
5616;10
5617;5
5618;2
5619;4
5620;4
5621;10
5622;7
5623;6
5624;3
5625;2
5626;6
5627;4
5628;6
5629;8
5630;3
5631;7
5632;3
5633;4
5634;5
5635;5
5636;9
5637;5
5638;7
5639;8
5640;9
5641;3
5642;3
5643;4
5644;5
5645;7
5646;4
5647;5
5648;5
5649;0
5650;5
5651;2
5652;4
5653;2
5654;5
5655;5
5656;5
5657;8
5658;7
5659;6
5660;8
5661;3
5662;2
5663;5
5664;4
5665;9
5666;6
5667;2
5668;3
5669;5
5670;3
5671;4
5672;1
5673;6
5674;5
5675;7
5676;4
5677;2
5678;9
5679;4
5680;2
5681;9
5682;5
5683;2
5684;6
5685;1
5686;1
5687;4
5688;3
5689;0
5690;7
5691;7
5692;8
5693;7
5694;8
5695;7
5696;4
5697;3
5698;4
5699;10
5700;4
5701;3
5702;6
5703;2
5704;9
5705;3
5706;1
5707;9
5708;4
5709;5
5710;5
5711;6
5712;8
5713;5
5714;10
5715;3
5716;6
5717;3
5718;4
5719;8
5720;5
5721;4
5722;1
5723;4
5724;6
5725;2
5726;3
5727;5
5728;5
5729;4
5730;8
5731;7
5732;6
5733;4
5734;4
5735;6
5736;5
5737;7
5738;2
5739;2
5740;4
5741;7
5742;8
5743;3
5744;2
5745;6
5746;2
5747;6
5748;3
5749;3
5750;4
5751;9
5752;7
5753;5
5754;8
5755;2
5756;3
5757;8
5758;2
5759;5
5760;1
5761;5
5762;6
5763;12
5764;6
5765;5
5766;8
5767;7
5768;5
5769;3
5770;2
5771;7
5772;7
5773;4
5774;4
5775;3
5776;2
5777;5
5778;3
5779;6
5780;3
5781;4
5782;8
5783;5
5784;5
5785;6
5786;4
5787;6
5788;7
5789;2
5790;9
5791;1
5792;9
5793;6
5794;3
5795;5
5796;3
5797;3
5798;12
5799;8
5800;9
5801;6
5802;8
5803;7
5804;9
5805;4
5806;5
5807;7
5808;4
5809;4
5810;4
5811;5
5812;5
5813;3
5814;5
5815;3
5816;2
5817;6
5818;3
5819;4
5820;6
5821;3
5822;4
5823;4
5824;3
5825;3
5826;3
5827;2
5828;5
5829;2
5830;2
5831;6
5832;3
5833;3
5834;3
5835;8
5836;4
5837;10
5838;4
5839;6
5840;6
5841;4
5842;6
5843;2
5844;6
5845;4
5846;5
5847;5
5848;5
5849;3
5850;6
5851;3
5852;12
5853;3
5854;7
5855;5
5856;2
5857;3
5858;9
5859;6
5860;6
5861;2
5862;4
5863;2
5864;6
5865;13
5866;6
5867;6
5868;6
5869;3
5870;2
5871;6
5872;6
5873;8
5874;6
5875;4
5876;9
5877;9
5878;3
5879;9
5880;3
5881;2
5882;5
5883;3
5884;8
5885;7
5886;4
5887;6
5888;3
5889;4
5890;3
5891;4
5892;6
5893;4
5894;6
5895;11
5896;8
5897;4
5898;3
5899;6
5900;6
5901;10
5902;2
5903;8
5904;3
5905;2
5906;6
5907;5
5908;4
5909;5
5910;3
5911;6
5912;2
5913;3
5914;4
5915;6
5916;10
5917;9
5918;4
5919;5
5920;6
5921;0
5922;6
5923;5
5924;4
5925;4
5926;3
5927;5
5928;8
5929;10
5930;5
5931;3
5932;5
5933;8
5934;7
5935;7
5936;5
5937;7
5938;2
5939;5
5940;4
5941;5
5942;9
5943;4
5944;8
5945;4
5946;6
5947;10
5948;8
5949;6
5950;8
5951;5
5952;3
5953;9
5954;7
5955;6
5956;6
5957;10
5958;4
5959;4
5960;6
5961;5
5962;3
5963;4
5964;7
5965;4
5966;2
5967;5
5968;1
5969;7
5970;3
5971;6
5972;4
5973;6
5974;4
5975;3
5976;10
5977;3
5978;3
5979;2
5980;4
5981;3
5982;8
5983;4
5984;7
5985;3
5986;9
5987;3
5988;5
5989;2
5990;4
5991;2
5992;6
5993;6
5994;3
5995;4
5996;8
5997;4
5998;5
5999;4
6000;6
6001;8
6002;5
6003;4
6004;5
6005;3
6006;5
6007;1
6008;4
6009;7
6010;3
6011;5
6012;4
6013;9
6014;8
6015;1
6016;7
6017;8
6018;7
6019;4
6020;5
6021;10
6022;6
6023;5
6024;6
6025;2
6026;9
6027;5
6028;2
6029;3
6030;6
6031;3
6032;7
6033;4
6034;9
6035;4
6036;6
6037;2
6038;5
6039;6
6040;9
6041;4
6042;13
6043;6
6044;3
6045;6
6046;5
6047;3
6048;6
6049;6
6050;1
6051;8
6052;4
6053;4
6054;8
6055;9
6056;4
6057;6
6058;6
6059;5
6060;9
6061;3
6062;2
6063;3
6064;6
6065;8
6066;1
6067;4
6068;6
6069;4
6070;5
6071;8
6072;4
6073;3
6074;7
6075;5
6076;5
6077;6
6078;7
6079;6
6080;7
6081;2
6082;5
6083;7
6084;3
6085;5
6086;6
6087;4
6088;4
6089;2
6090;6
6091;7
6092;5
6093;4
6094;0
6095;5
6096;6
6097;6
6098;6
6099;6
6100;1
6101;8
6102;5
6103;5
6104;4
6105;10
6106;5
6107;3
6108;8
6109;4
6110;5
6111;6
6112;3
6113;6
6114;3
6115;5
6116;6
6117;4
6118;4
6119;4
6120;4
6121;4
6122;5
6123;7
6124;7
6125;4
6126;4
6127;7
6128;3
6129;6
6130;5
6131;5
6132;3
6133;8
6134;3
6135;7
6136;4
6137;13
6138;2
6139;4
6140;3
6141;5
6142;7
6143;6
6144;4
6145;5
6146;8
6147;0
6148;8
6149;7
6150;6
6151;6
6152;4
6153;5
6154;10
6155;5
6156;5
6157;5
6158;6
6159;5
6160;5
6161;5
6162;9
6163;9
6164;9
6165;7
6166;3
6167;8
6168;3
6169;6
6170;5
6171;5
6172;10
6173;5
6174;7
6175;5
6176;2
6177;6
6178;4
6179;8
6180;5
6181;2
6182;5
6183;6
6184;3
6185;3
6186;5
6187;5
6188;3
6189;9
6190;1
6191;5
6192;4
6193;6
6194;2
6195;3
6196;5
6197;4
6198;3
6199;3
6200;6
6201;2
6202;2
6203;4
6204;5
6205;3
6206;13
6207;6
6208;2
6209;5
6210;4
6211;4
6212;7
6213;6
6214;3
6215;3
6216;5
6217;5
6218;6
6219;3
6220;10
6221;7
6222;5
6223;3
6224;5
6225;3
6226;3
6227;6
6228;5
6229;6
6230;5
6231;4
6232;1
6233;1
6234;4
6235;2
6236;1
6237;3
6238;4
6239;6
6240;3
6241;7
6242;3
6243;2
6244;3
6245;3
6246;1
6247;6
6248;4
6249;4
6250;4
6251;5
6252;4
6253;2
6254;5
6255;4
6256;5
6257;3
6258;3
6259;2
6260;10
6261;6
6262;6
6263;2
6264;3
6265;1
6266;3
6267;3
6268;2
6269;1
6270;6
6271;3
6272;2
6273;0
6274;6
6275;1
6276;6
6277;7
6278;3
6279;2
6280;7
6281;3
6282;2
6283;5
6284;4
6285;3
6286;9
6287;4
6288;8
6289;9
6290;2
6291;4
6292;8
6293;3
6294;6
6295;6
6296;2
6297;6
6298;9
6299;2
6300;3
6301;3
6302;7
6303;5
6304;3
6305;5
6306;3
6307;5
6308;5
6309;5
6310;7
6311;3
6312;4
6313;7
6314;7
6315;3
6316;4
6317;4
6318;2
6319;2
6320;4
6321;5
6322;2
6323;3
6324;3
6325;5
6326;4
6327;5
6328;2
6329;7
6330;5
6331;7
6332;1
6333;6
6334;2
6335;1
6336;4
6337;3
6338;1
6339;4
6340;5
6341;6
6342;5
6343;5
6344;3
6345;2
6346;6
6347;2
6348;1
6349;5
6350;2
6351;3
6352;1
6353;6
6354;5
6355;0
6356;2
6357;4
6358;3
6359;9
6360;8
6361;3
6362;2
6363;2
6364;3
6365;4
6366;1
6367;2
6368;3
6369;0
6370;8
6371;5
6372;3
6373;3
6374;5
6375;9
6376;5
6377;1
6378;3
6379;1
6380;2
6381;5
6382;3
6383;4
6384;5
6385;3
6386;2
6387;2
6388;2
6389;4
6390;4
6391;3
6392;3
6393;2
6394;2
6395;1
6396;6
6397;1
6398;5
6399;2
6400;4
6401;4
6402;5
6403;2
6404;2
6405;3
6406;2
6407;2
6408;3
6409;7
6410;2
6411;6
6412;4
6413;4
6414;3
6415;2
6416;3
6417;4
6418;3
6419;2
6420;5
6421;2
6422;3
6423;0
6424;1
6425;5
6426;3
6427;3
6428;5
6429;8
6430;4
6431;4
6432;3
6433;3
6434;3
6435;4
6436;2
6437;1
6438;1
6439;6
6440;6
6441;2
6442;2
6443;3
6444;2
6445;1
6446;3
6447;3
6448;4
6449;5
6450;2
6451;2
6452;4
6453;2
6454;2
6455;2
6456;6
6457;4
6458;6
6459;1
6460;2
6461;2
6462;1
6463;4
6464;1
6465;3
6466;5
6467;3
6468;1
6469;1
6470;3
6471;1
6472;4
6473;5
6474;2
6475;6
6476;3
6477;4
6478;2
6479;2
6480;3
6481;1
6482;3
6483;3
6484;2
6485;1
6486;4
6487;7
6488;3
6489;5
6490;4
6491;2
6492;5
6493;6
6494;2
6495;5
6496;4
6497;4
6498;4
6499;2
6500;2
6501;6
6502;1
6503;1
6504;3
6505;1
6506;3
6507;1
6508;5
6509;2
6510;6
6511;2
6512;3
6513;2
6514;3
6515;3
6516;6
6517;4
6518;3
6519;8
6520;6
6521;7
6522;4
6523;2
6524;5
6525;3
6526;3
6527;2
6528;3
6529;2
6530;2
6531;1
6532;3
6533;4
6534;1
6535;6
6536;1
6537;3
6538;3
6539;1
6540;2
6541;2
6542;2
6543;0
6544;4
6545;5
6546;0
6547;3
6548;1
6549;2
6550;4
6551;2
6552;0
6553;2
6554;2
6555;1
6556;3
6557;1
6558;1
6559;3
6560;2
6561;3
6562;7
6563;0
6564;4
6565;4
6566;3
6567;1
6568;5
6569;2
6570;5
6571;1
6572;5
6573;1
6574;2
6575;1
6576;3
6577;2
6578;5
6579;2
6580;3
6581;7
6582;0
6583;4
6584;3
6585;4
6586;2
6587;3
6588;1
6589;3
6590;1
6591;1
6592;7
6593;1
6594;3
6595;3
6596;1
6597;0
6598;3
6599;0
6600;2
6601;5
6602;2
6603;2
6604;3
6605;0
6606;2
6607;2
6608;1
6609;4
6610;4
6611;0
6612;5
6613;1
6614;2
6615;3
6616;2
6617;0
6618;1
6619;1
6620;2
6621;5
6622;2
6623;1
6624;2
6625;1
6626;0
6627;2
6628;1
6629;1
6630;0
6631;0
6632;3
6633;2
6634;1
6635;2
6636;1
6637;0
6638;1
6639;3
6640;1
6641;4
6642;3
6643;2
6644;3
6645;2
6646;5
6647;3
6648;2
6649;2
6650;0
6651;3
6652;3
6653;3
6654;3
6655;0
6656;3
6657;2
6658;1
6659;5
6660;2
6661;1
6662;4
6663;2
6664;3
6665;2
6666;0
6667;3
6668;3
6669;2
6670;1
6671;2
6672;2
6673;2
6674;2
6675;1
6676;1
6677;4
6678;2
6679;1
6680;3
6681;2
6682;2
6683;2
6684;6
6685;2
6686;3
6687;2
6688;4
6689;4
6690;3
6691;2
6692;0
6693;1
6694;3
6695;3
6696;3
6697;4
6698;2
6699;3
6700;2
6701;0
6702;0
6703;2
6704;2
6705;2
6706;1
6707;0
6708;3
6709;5
6710;3
6711;3
6712;0
6713;3
6714;3
6715;1
6716;1
6717;0
6718;0
6719;0
6720;6
6721;2
6722;1
6723;3
6724;0
6725;1
6726;1
6727;2
6728;2
6729;1
6730;2
6731;3
6732;0
6733;4
6734;1
6735;3
6736;1
6737;1
6738;0
6739;1
6740;1
6741;2
6742;4
6743;0
6744;5
6745;1
6746;1
6747;4
6748;4
6749;3
6750;1
6751;0
6752;3
6753;2
6754;1
6755;2
6756;1
6757;3
6758;4
6759;2
6760;3
6761;3
6762;1
6763;1
6764;0
6765;4
6766;3
6767;0
6768;2
6769;3
6770;4
6771;3
6772;1
6773;0
6774;0
6775;1
6776;3
6777;0
6778;1
6779;3
6780;1
6781;3
6782;3
6783;1
6784;2
6785;2
6786;3
6787;0
6788;2
6789;1
6790;1
6791;2
6792;4
6793;1
6794;2
6795;1
6796;2
6797;3
6798;1
6799;3
6800;3
6801;3
6802;2
6803;2
6804;1
6805;1
6806;2
6807;3
6808;0
6809;1
6810;6
6811;0
6812;1
6813;0
6814;1
6815;0
6816;1
6817;2
6818;1
6819;3
6820;3
6821;1
6822;2
6823;0
6824;3
6825;1
6826;2
6827;3
6828;2
6829;1
6830;2
6831;2
6832;2
6833;3
6834;2
6835;3
6836;3
6837;1
6838;2
6839;3
6840;0
6841;0
6842;3
6843;0
6844;1
6845;1
6846;0
6847;4
6848;5
6849;7
6850;1
6851;2
6852;3
6853;0
6854;1
6855;2
6856;2
6857;0
6858;2
6859;2
6860;0
6861;3
6862;0
6863;1
6864;0
6865;0
6866;0
6867;2
6868;0
6869;1
6870;2
6871;3
6872;1
6873;2
6874;1
6875;2
6876;1
6877;2
6878;3
6879;5
6880;4
6881;1
6882;3
6883;2
6884;1
6885;2
6886;1
6887;3
6888;3
6889;0
6890;1
6891;1
6892;2
6893;3
6894;2
6895;2
6896;2
6897;0
6898;2
6899;0
6900;1
6901;4
6902;1
6903;3
6904;3
6905;0
6906;0
6907;3
6908;3
6909;2
6910;0
6911;0
6912;1
6913;0
6914;3
6915;2
6916;2
6917;2
6918;1
6919;0
6920;0
6921;2
6922;1
6923;2
6924;1
6925;2
6926;1
6927;0
6928;1
6929;4
6930;2
6931;2
6932;1
6933;0
6934;0
6935;3
6936;1
6937;0
6938;0
6939;2
6940;1
6941;1
6942;1
6943;1
6944;3
6945;1
6946;1
6947;3
6948;1
6949;0
6950;0
6951;2
6952;1
6953;2
6954;1
6955;1
6956;5
6957;1
6958;1
6959;2
6960;4
6961;2
6962;3
6963;4
6964;4
6965;4
6966;2
6967;2
6968;1
6969;0
6970;0
6971;2
6972;0
6973;2
6974;2
6975;2
6976;1
6977;3
6978;1
6979;2
6980;1
6981;2
6982;2
6983;1
6984;2
6985;2
6986;1
6987;2
6988;1
6989;1
6990;1
6991;2
6992;4
6993;3
6994;1
6995;4
6996;0
6997;1
6998;1
6999;0
7000;2
7001;2
7002;1
7003;2
7004;4
7005;3
7006;4
7007;1
7008;0
7009;2
7010;2
7011;0
7012;0
7013;2
7014;0
7015;2
7016;1
7017;2
7018;1
7019;1
7020;3
7021;3
7022;2
7023;4
7024;1
7025;2
7026;1
7027;1
7028;1
7029;1
7030;0
7031;1
7032;3
7033;0
7034;2
7035;0
7036;0
7037;3
7038;0
7039;1
7040;4
7041;3
7042;4
7043;2
7044;3
7045;2
7046;1
7047;2
7048;1
7049;5
7050;3
7051;2
7052;1
7053;0
7054;1
7055;3
7056;3
7057;2
7058;1
7059;1
7060;1
7061;1
7062;2
7063;4
7064;2
7065;1
7066;5
7067;0
7068;1
7069;1
7070;1
7071;2
7072;1
7073;2
7074;2
7075;0
7076;0
7077;2
7078;6
7079;1
7080;2
7081;0
7082;3
7083;2
7084;1
7085;1
7086;3
7087;2
7088;4
7089;0
7090;1
7091;4
7092;1
7093;3
7094;1
7095;3
7096;2
7097;1
7098;3
7099;0
7100;0
7101;0
7102;3
7103;2
7104;0
7105;1
7106;2
7107;2
7108;1
7109;1
7110;3
7111;2
7112;1
7113;1
7114;1
7115;2
7116;1
7117;3
7118;3
7119;0
7120;0
7121;2
7122;0
7123;0
7124;2
7125;3
7126;1
7127;3
7128;2
7129;0
7130;0
7131;0
7132;0
7133;1
7134;1
7135;1
7136;0
7137;2
7138;2
7139;0
7140;4
7141;1
7142;3
7143;1
7144;1
7145;3
7146;2
7147;1
7148;0
7149;1
7150;1
7151;0
7152;1
7153;2
7154;2
7155;0
7156;1
7157;1
7158;3
7159;1
7160;1
7161;2
7162;2
7163;2
7164;0
7165;2
7166;1
7167;1
7168;2
7169;2
7170;2
7171;3
7172;5
7173;1
7174;2
7175;1
7176;1
7177;3
7178;1
7179;2
7180;1
7181;3
7182;2
7183;1
7184;0
7185;1
7186;4
7187;2
7188;3
7189;2
7190;2
7191;1
7192;1
7193;1
7194;1
7195;0
7196;1
7197;1
7198;2
7199;2
7200;2
7201;2
7202;3
7203;5
7204;3
7205;0
7206;1
7207;2
7208;2
7209;1
7210;2
7211;2
7212;0
7213;1
7214;1
7215;2
7216;2
7217;1
7218;1
7219;2
7220;1
7221;1
7222;3
7223;0
7224;0
7225;1
7226;1
7227;4
7228;0
7229;0
7230;3
7231;0
7232;1
7233;2
7234;3
7235;1
7236;3
7237;2
7238;1
7239;4
7240;2
7241;1
7242;5
7243;2
7244;1
7245;2
7246;2
7247;0
7248;2
7249;2
7250;2
7251;1
7252;1
7253;1
7254;3
7255;1
7256;4
7257;1
7258;1
7259;4
7260;3
7261;1
7262;1
7263;1
7264;0
7265;1
7266;0
7267;1
7268;4
7269;0
7270;3
7271;1
7272;3
7273;0
7274;1
7275;2
7276;2
7277;0
7278;1
7279;2
7280;1
7281;2
7282;2
7283;2
7284;0
7285;3
7286;2
7287;5
7288;1
7289;3
7290;6
7291;2
7292;1
7293;1
7294;1
7295;2
7296;4
7297;0
7298;2
7299;2
7300;3
7301;1
7302;2
7303;1
7304;2
7305;4
7306;1
7307;1
7308;5
7309;1
7310;0
7311;1
7312;3
7313;3
7314;2
7315;0
7316;2
7317;5
7318;0
7319;5
7320;1
7321;3
7322;1
7323;4
7324;2
7325;4
7326;1
7327;0
7328;2
7329;0
7330;0
7331;0
7332;1
7333;2
7334;3
7335;4
7336;1
7337;1
7338;2
7339;1
7340;2
7341;2
7342;1
7343;3
7344;0
7345;3
7346;3
7347;2
7348;2
7349;3
7350;1
7351;3
7352;3
7353;1
7354;5
7355;1
7356;4
7357;5
7358;1
7359;3
7360;2
7361;0
7362;2
7363;1
7364;4
7365;2
7366;1
7367;8
7368;2
7369;2
7370;1
7371;2
7372;2
7373;0
7374;6
7375;4
7376;4
7377;6
7378;2
7379;4
7380;3
7381;5
7382;5
7383;0
7384;4
7385;1
7386;3
7387;2
7388;2
7389;2
7390;4
7391;3
7392;3
7393;2
7394;5
7395;2
7396;1
7397;2
7398;5
7399;3
7400;1
7401;5
7402;3
7403;1
7404;3
7405;4
7406;8
7407;4
7408;5
7409;4
7410;2
7411;2
7412;4
7413;5
7414;6
7415;4
7416;1
7417;3
7418;3
7419;7
7420;6
7421;5
7422;4
7423;6
7424;3
7425;4
7426;2
7427;4
7428;5
7429;3
7430;4
7431;1
7432;2
7433;5
7434;2
7435;3
7436;2
7437;4
7438;3
7439;6
7440;3
7441;5
7442;5
7443;5
7444;6
7445;6
7446;8
7447;4
7448;6
7449;6
7450;1
7451;3
7452;6
7453;6
7454;5
7455;2
7456;3
7457;4
7458;8
7459;6
7460;2
7461;6
7462;2
7463;7
7464;7
7465;8
7466;5
7467;8
7468;3
7469;2
7470;3
7471;6
7472;7
7473;9
7474;7
7475;4
7476;2
7477;7
7478;8
7479;3
7480;6
7481;5
7482;7
7483;7
7484;3
7485;4
7486;8
7487;5
7488;5
7489;6
7490;6
7491;5
7492;13
7493;5
7494;3
7495;9
7496;6
7497;11
7498;8
7499;4
7500;11
7501;6
7502;7
7503;5
7504;8
7505;11
7506;4
7507;3
7508;5
7509;8
7510;6
7511;7
7512;10
7513;8
7514;11
7515;6
7516;5
7517;7
7518;10
7519;14
7520;5
7521;10
7522;4
7523;6
7524;10
7525;6
7526;15
7527;9
7528;8
7529;8
7530;15
7531;12
7532;7
7533;5
7534;8
7535;5
7536;12
7537;9
7538;7
7539;9
7540;9
7541;11
7542;11
7543;11
7544;11
7545;8
7546;9
7547;6
7548;10
7549;9
7550;11
7551;12
7552;16
7553;9
7554;10
7555;8
7556;16
7557;7
7558;19
7559;6
7560;13
7561;11
7562;7
7563;16
7564;12
7565;17
7566;11
7567;7
7568;12
7569;11
7570;14
7571;9
7572;7
7573;13
7574;8
7575;8
7576;11
7577;9
7578;16
7579;14
7580;12
7581;17
7582;14
7583;8
7584;10
7585;8
7586;16
7587;19
7588;10
7589;8
7590;12
7591;13
7592;21
7593;14
7594;13
7595;13
7596;9
7597;5
7598;13
7599;18
7600;10
7601;4
7602;12
7603;8
7604;10
7605;14
7606;14
7607;10
7608;11
7609;14
7610;16
7611;12
7612;7
7613;15
7614;20
7615;14
7616;18
7617;9
7618;15
7619;8
7620;13
7621;15
7622;15
7623;21
7624;20
7625;14
7626;13
7627;18
7628;15
7629;13
7630;12
7631;17
7632;9
7633;20
7634;8
7635;16
7636;15
7637;17
7638;13
7639;5
7640;14
7641;23
7642;17
7643;23
7644;19
7645;24
7646;21
7647;13
7648;18
7649;15
7650;23
7651;17
7652;17
7653;17
7654;19
7655;15
7656;18
7657;22
7658;20
7659;16
7660;19
7661;10
7662;16
7663;17
7664;12
7665;15
7666;22
7667;10
7668;21
7669;7
7670;16
7671;17
7672;24
7673;13
7674;18
7675;22
7676;17
7677;15
7678;13
7679;16
7680;22
7681;21
7682;19
7683;18
7684;15
7685;15
7686;17
7687;22
7688;19
7689;20
7690;23
7691;17
7692;15
7693;19
7694;16
7695;22
7696;18
7697;18
7698;21
7699;20
7700;13
7701;9
7702;15
7703;19
7704;17
7705;10
7706;25
7707;20
7708;19
7709;16
7710;24
7711;12
7712;15
7713;19
7714;21
7715;19
7716;17
7717;19
7718;20
7719;20
7720;17
7721;22
7722;21
7723;26
7724;23
7725;19
7726;10
7727;15
7728;22
7729;16
7730;16
7731;24
7732;17
7733;16
7734;22
7735;19
7736;20
7737;12
7738;20
7739;13
7740;19
7741;14
7742;15
7743;12
7744;20
7745;15
7746;17
7747;18
7748;18
7749;18
7750;13
7751;32
7752;17
7753;15
7754;15
7755;14
7756;11
7757;14
7758;17
7759;14
7760;14
7761;20
7762;25
7763;19
7764;8
7765;22
7766;20
7767;17
7768;20
7769;14
7770;10
7771;13
7772;18
7773;22
7774;29
7775;12
7776;14
7777;19
7778;13
7779;21
7780;18
7781;14
7782;20
7783;24
7784;18
7785;15
7786;16
7787;22
7788;19
7789;15
7790;15
7791;16
7792;11
7793;16
7794;22
7795;22
7796;10
7797;16
7798;20
7799;13
7800;20
7801;15
7802;16
7803;23
7804;15
7805;15
7806;17
7807;6
7808;14
7809;12
7810;17
7811;19
7812;13
7813;20
7814;7
7815;9
7816;5
7817;0
7818;0
7819;0
7820;0
7821;0
7822;0
7823;0
7824;0
7825;0
7826;0
7827;0
7828;0
7829;0
7830;0
7831;0
7832;0
7833;0
7834;0
7835;0
7836;0
7837;0
7838;0
7839;0
7840;0
7841;0
7842;0
7843;0
7844;0
7845;0
7846;0
7847;0
7848;0
7849;0
7850;0
7851;0
7852;0
7853;0
7854;0
7855;0
7856;0
7857;0
7858;0
7859;0
7860;0
7861;0
7862;0
7863;0
7864;0
7865;0
7866;0
7867;0
7868;0
7869;0
7870;0
7871;0
7872;0
7873;0
7874;0
7875;0
7876;0
7877;0
7878;0
7879;0
7880;0
7881;0
7882;0
7883;0
7884;0
7885;0
7886;0
7887;0
7888;0
7889;0
7890;0
7891;0
7892;0
7893;0
7894;0
7895;0
7896;0
7897;0
7898;0
7899;0
7900;0
7901;0
7902;0
7903;0
7904;0
7905;0
7906;0
7907;0
7908;0
7909;0
7910;0
7911;0
7912;0
7913;0
7914;0
7915;0
7916;0
7917;0
7918;0
7919;0
7920;0
7921;0
7922;0
7923;0
7924;0
7925;0
7926;0
7927;0
7928;0
7929;0
7930;0
7931;0
7932;0
7933;0
7934;0
7935;0
7936;0
7937;0
7938;0
7939;0
7940;0
7941;0
7942;0
7943;0
7944;0
7945;0
7946;0
7947;0
7948;0
7949;0
7950;0
7951;0
7952;0
7953;0
7954;0
7955;0
7956;0
7957;0
7958;0
7959;0
7960;0
7961;0
7962;0
7963;0
7964;0
7965;0
7966;0
7967;0
7968;0
7969;0
7970;0
7971;0
7972;0
7973;0
7974;0
7975;0
7976;0
7977;0
7978;0
7979;0
7980;0
7981;0
7982;0
7983;0
7984;0
7985;0
7986;0
7987;0
7988;0
7989;0
7990;0
7991;0
7992;0
7993;0
7994;0
7995;0
7996;0
7997;0
7998;0
7999;0
8000;0
8001;0
8002;0
8003;0
8004;0
8005;0
8006;0
8007;0
8008;0
8009;0
8010;0
8011;0
8012;0
8013;0
8014;0
8015;0
8016;0
8017;0
8018;0
8019;0
8020;0
8021;0
8022;0
8023;0
8024;0
8025;0
8026;0
8027;0
8028;0
8029;0
8030;0
8031;0
8032;0
8033;0
8034;0
8035;0
8036;0
8037;0
8038;0
8039;0
8040;0
8041;0
8042;0
8043;0
8044;0
8045;0
8046;0
8047;0
8048;0
8049;0
8050;0
8051;0
8052;0
8053;0
8054;0
8055;0
8056;0
8057;0
8058;0
8059;0
8060;0
8061;0
8062;0
8063;0
8064;0
8065;0
8066;0
8067;0
8068;0
8069;0
8070;0
8071;0
8072;0
8073;0
8074;0
8075;0
8076;0
8077;0
8078;0
8079;0
8080;0
8081;0
8082;0
8083;0
8084;0
8085;0
8086;0
8087;0
8088;0
8089;0
8090;0
8091;0
8092;0
8093;0
8094;0
8095;0
8096;0
8097;0
8098;0
8099;0
8100;0
8101;0
8102;0
8103;0
8104;0
8105;0
8106;0
8107;0
8108;0
8109;0
8110;0
8111;0
8112;0
8113;0
8114;0
8115;0
8116;0
8117;0
8118;0
8119;0
8120;0
8121;0
8122;0
8123;0
8124;0
8125;0
8126;0
8127;0
8128;0
8129;0
8130;0
8131;0
8132;0
8133;0
8134;0
8135;0
8136;0
8137;0
8138;0
8139;0
8140;0
8141;0
8142;0
8143;0
8144;0
8145;0
8146;0
8147;0
8148;0
8149;0
8150;0
8151;0
8152;0
8153;0
8154;0
8155;0
8156;0
8157;0
8158;0
8159;0
8160;0
8161;0
8162;0
8163;0
8164;0
8165;0
8166;0
8167;0
8168;0
8169;0
8170;0
8171;0
8172;0
8173;0
8174;0
8175;0
8176;0
8177;0
8178;0
8179;0
8180;0
8181;0
8182;0
8183;0
8184;0
8185;0
8186;0
8187;0
8188;0
8189;0
8190;0
8191;0
