0;0
1;0
2;0
3;0
4;0
5;0
6;0
7;0
8;0
9;0
10;0
11;0
12;0
13;0
14;0
15;0
16;0
17;0
18;0
19;0
20;0
21;0
22;0
23;0
24;0
25;0
26;0
27;0
28;0
29;0
30;0
31;0
32;0
33;0
34;0
35;0
36;0
37;0
38;0
39;0
40;0
41;0
42;0
43;0
44;0
45;0
46;0
47;0
48;0
49;0
50;0
51;0
52;0
53;0
54;0
55;0
56;0
57;0
58;0
59;0
60;0
61;0
62;0
63;0
64;1
65;1
66;4
67;8
68;19
69;40
70;71
71;81
72;94
73;88
74;102
75;87
76;100
77;88
78;94
79;89
80;84
81;68
82;95
83;85
84;90
85;70
86;70
87;91
88;98
89;77
90;90
91;75
92;61
93;84
94;67
95;71
96;74
97;67
98;65
99;53
100;60
101;72
102;73
103;59
104;58
105;64
106;62
107;60
108;51
109;62
110;48
111;56
112;42
113;50
114;47
115;52
116;54
117;51
118;41
119;37
120;33
121;37
122;38
123;49
124;39
125;46
126;37
127;43
128;46
129;52
130;43
131;50
132;67
133;41
134;40
135;47
136;43
137;45
138;40
139;51
140;50
141;52
142;46
143;43
144;40
145;42
146;54
147;51
148;61
149;38
150;53
151;49
152;43
153;49
154;65
155;53
156;45
157;51
158;56
159;52
160;53
161;63
162;56
163;56
164;46
165;49
166;57
167;55
168;63
169;59
170;52
171;68
172;58
173;71
174;60
175;59
176;66
177;66
178;55
179;69
180;63
181;59
182;70
183;68
184;62
185;78
186;54
187;59
188;52
189;57
190;70
191;69
192;72
193;80
194;66
195;67
196;82
197;78
198;81
199;75
200;66
201;84
202;74
203;84
204;86
205;95
206;72
207;67
208;71
209;76
210;58
211;86
212;79
213;80
214;75
215;73
216;71
217;77
218;75
219;72
220;66
221;94
222;66
223;105
224;80
225;85
226;94
227;87
228;77
229;88
230;78
231;86
232;81
233;97
234;92
235;78
236;81
237;89
238;90
239;81
240;95
241;83
242;81
243;70
244;74
245;88
246;84
247;90
248;75
249;85
250;85
251;87
252;74
253;79
254;90
255;76
256;76
257;80
258;65
259;98
260;91
261;74
262;100
263;89
264;91
265;75
266;89
267;86
268;97
269;84
270;84
271;72
272;91
273;96
274;80
275;74
276;93
277;98
278;103
279;98
280;94
281;98
282;102
283;100
284;102
285;107
286;93
287;96
288;104
289;89
290;94
291;103
292;100
293;112
294;108
295;107
296;108
297;91
298;111
299;107
300;97
301;90
302;123
303;100
304;107
305;92
306;108
307;119
308;103
309;135
310;117
311;133
312;121
313;115
314;132
315;118
316;130
317;145
318;149
319;152
320;138
321;142
322;157
323;156
324;162
325;132
326;155
327;147
328;157
329;167
330;155
331;154
332;157
333;162
334;171
335;185
336;170
337;196
338;181
339;208
340;190
341;203
342;207
343;196
344;189
345;191
346;227
347;179
348;211
349;215
350;221
351;233
352;224
353;250
354;247
355;237
356;261
357;261
358;263
359;269
360;286
361;263
362;248
363;267
364;287
365;301
366;306
367;296
368;305
369;317
370;305
371;336
372;309
373;373
374;339
375;331
376;375
377;373
378;400
379;422
380;378
381;410
382;423
383;428
384;432
385;436
386;487
387;467
388;447
389;489
390;511
391;500
392;556
393;507
394;515
395;540
396;563
397;557
398;597
399;578
400;647
401;612
402;666
403;661
404;722
405;630
406;726
407;719
408;742
409;769
410;749
411;751
412;816
413;815
414;830
415;813
416;850
417;906
418;903
419;1023
420;968
421;992
422;1000
423;1016
424;1009
425;1094
426;1062
427;1070
428;1106
429;1149
430;1166
431;1133
432;1213
433;1228
434;1215
435;1246
436;1259
437;1234
438;1321
439;1284
440;1363
441;1293
442;1389
443;1424
444;1387
445;1377
446;1436
447;1407
448;1402
449;1494
450;1433
451;1439
452;1404
453;1467
454;1523
455;1455
456;1514
457;1459
458;1522
459;1560
460;1434
461;1516
462;1400
463;1452
464;1445
465;1466
466;1424
467;1466
468;1514
469;1445
470;1484
471;1453
472;1382
473;1465
474;1333
475;1308
476;1361
477;1287
478;1361
479;1337
480;1333
481;1338
482;1276
483;1262
484;1268
485;1193
486;1102
487;1228
488;1158
489;1155
490;1091
491;1111
492;1053
493;1009
494;1013
495;1044
496;1025
497;1038
498;960
499;970
500;935
501;873
502;888
503;888
504;920
505;840
506;851
507;812
508;747
509;837
510;723
511;682
512;738
513;683
514;667
515;664
516;672
517;641
518;586
519;569
520;619
521;570
522;593
523;553
524;556
525;528
526;532
527;485
528;498
529;461
530;432
531;450
532;488
533;452
534;401
535;386
536;381
537;387
538;350
539;413
540;338
541;392
542;334
543;349
544;355
545;329
546;329
547;334
548;298
549;302
550;322
551;286
552;265
553;254
554;260
555;267
556;249
557;241
558;254
559;221
560;224
561;226
562;237
563;248
564;193
565;202
566;190
567;177
568;191
569;217
570;175
571;163
572;178
573;181
574;141
575;166
576;137
577;135
578;154
579;149
580;139
581;122
582;122
583;125
584;126
585;152
586;130
587;108
588;125
589;88
590;117
591;105
592;92
593;120
594;103
595;91
596;77
597;89
598;98
599;117
600;98
601;80
602;82
603;108
604;83
605;100
606;79
607;80
608;78
609;91
610;79
611;86
612;72
613;76
614;82
615;70
616;66
617;48
618;68
619;65
620;70
621;73
622;80
623;79
624;63
625;55
626;82
627;60
628;66
629;90
630;66
631;59
632;73
633;68
634;71
635;69
636;66
637;71
638;67
639;64
640;74
641;66
642;83
643;62
644;84
645;68
646;58
647;72
648;75
649;79
650;72
651;67
652;70
653;68
654;69
655;78
656;63
657;84
658;76
659;82
660;82
661;76
662;70
663;83
664;78
665;80
666;76
667;90
668;78
669;74
670;83
671;71
672;91
673;88
674;77
675;105
676;76
677;93
678;98
679;90
680;76
681;80
682;88
683;98
684;80
685;83
686;77
687;81
688;87
689;94
690;92
691;83
692;85
693;80
694;97
695;89
696;96
697;84
698;89
699;93
700;97
701;90
702;101
703;110
704;90
705;91
706;107
707;95
708;101
709;121
710;115
711;96
712;113
713;100
714;103
715;109
716;127
717;102
718;119
719;104
720;93
721;96
722;107
723;114
724;85
725;90
726;118
727;102
728;107
729;125
730;119
731;120
732;123
733;94
734;120
735;128
736;116
737;130
738;114
739;118
740;138
741;109
742;112
743;128
744;117
745;127
746;119
747;138
748;137
749;126
750;124
751;114
752;116
753;121
754;128
755;129
756;119
757;117
758;131
759;131
760;130
761;101
762;115
763;135
764;119
765;106
766;131
767;115
768;137
769;118
770;114
771;108
772;114
773;132
774;121
775;116
776;154
777;124
778;112
779;139
780;130
781;127
782;110
783;130
784;138
785;124
786;132
787;115
788;109
789;131
790;124
791;135
792;133
793;129
794;121
795;95
796;105
797;125
798;132
799;127
800;125
801;121
802;132
803;118
804;113
805;142
806;114
807;127
808;110
809;102
810;112
811;123
812;134
813;127
814;129
815;120
816;122
817;106
818;106
819;106
820;103
821;113
822;124
823;131
824;117
825;123
826;130
827;124
828;112
829;97
830;115
831;118
832;106
833;94
834;108
835;118
836;91
837;120
838;115
839;110
840;106
841;114
842;113
843;118
844;105
845;107
846;123
847;124
848;131
849;115
850;109
851;110
852;119
853;109
854;111
855;102
856;98
857;118
858;87
859;115
860;89
861;112
862;99
863;113
864;96
865;105
866;109
867;122
868;114
869;103
870;99
871;105
872;107
873;116
874;136
875;110
876;136
877;126
878;98
879;127
880;119
881;122
882;121
883;119
884;103
885;100
886;116
887;107
888;137
889;129
890;111
891;113
892;135
893;137
894;115
895;120
896;118
897;117
898;129
899;122
900;122
901;123
902;134
903;117
904;140
905;137
906;137
907;151
908;145
909;148
910;138
911;131
912;140
913;154
914;135
915;131
916;132
917;122
918;127
919;131
920;165
921;133
922;121
923;136
924;140
925;129
926;136
927;159
928;139
929;150
930;143
931;148
932;152
933;171
934;167
935;155
936;170
937;139
938;182
939;151
940;148
941;162
942;147
943;157
944;159
945;176
946;163
947;146
948;144
949;184
950;173
951;142
952;155
953;162
954;162
955;170
956;151
957;160
958;151
959;139
960;159
961;166
962;161
963;154
964;169
965;161
966;166
967;155
968;148
969;154
970;184
971;170
972;163
973;152
974;181
975;155
976;149
977;169
978;157
979;149
980;147
981;160
982;161
983;156
984;145
985;146
986;164
987;147
988;153
989;158
990;158
991;153
992;164
993;165
994;174
995;148
996;156
997;138
998;137
999;169
1000;142
1001;153
1002;140
1003;136
1004;160
1005;166
1006;145
1007;142
1008;153
1009;130
1010;149
1011;141
1012;146
1013;140
1014;142
1015;157
1016;135
1017;163
1018;140
1019;139
1020;165
1021;147
1022;143
1023;162
1024;160
1025;141
1026;169
1027;160
1028;148
1029;146
1030;144
1031;146
1032;137
1033;162
1034;136
1035;150
1036;163
1037;152
1038;149
1039;149
1040;168
1041;134
1042;157
1043;156
1044;146
1045;167
1046;144
1047;152
1048;148
1049;146
1050;148
1051;159
1052;141
1053;157
1054;170
1055;160
1056;162
1057;157
1058;147
1059;160
1060;176
1061;152
1062;150
1063;174
1064;185
1065;169
1066;177
1067;152
1068;179
1069;188
1070;140
1071;196
1072;173
1073;190
1074;183
1075;186
1076;198
1077;198
1078;208
1079;197
1080;206
1081;185
1082;188
1083;189
1084;219
1085;210
1086;197
1087;219
1088;237
1089;200
1090;202
1091;210
1092;196
1093;205
1094;206
1095;235
1096;227
1097;227
1098;226
1099;233
1100;227
1101;248
1102;233
1103;218
1104;213
1105;253
1106;275
1107;264
1108;256
1109;242
1110;255
1111;283
1112;272
1113;272
1114;285
1115;282
1116;259
1117;298
1118;272
1119;276
1120;278
1121;297
1122;325
1123;291
1124;305
1125;326
1126;310
1127;331
1128;349
1129;301
1130;353
1131;335
1132;352
1133;324
1134;363
1135;380
1136;384
1137;382
1138;418
1139;405
1140;402
1141;370
1142;359
1143;404
1144;383
1145;401
1146;388
1147;402
1148;435
1149;423
1150;427
1151;405
1152;436
1153;407
1154;441
1155;435
1156;438
1157;443
1158;495
1159;452
1160;488
1161;437
1162;469
1163;457
1164;498
1165;491
1166;523
1167;497
1168;543
1169;509
1170;487
1171;538
1172;531
1173;561
1174;554
1175;576
1176;557
1177;564
1178;568
1179;589
1180;570
1181;588
1182;599
1183;604
1184;574
1185;636
1186;592
1187;583
1188;611
1189;640
1190;660
1191;640
1192;625
1193;597
1194;608
1195;631
1196;637
1197;660
1198;658
1199;594
1200;662
1201;588
1202;648
1203;641
1204;658
1205;625
1206;640
1207;628
1208;661
1209;612
1210;664
1211;658
1212;653
1213;677
1214;670
1215;647
1216;661
1217;641
1218;591
1219;651
1220;654
1221;688
1222;650
1223;642
1224;627
1225;658
1226;620
1227;630
1228;622
1229;709
1230;642
1231;629
1232;640
1233;578
1234;589
1235;638
1236;566
1237;639
1238;588
1239;567
1240;624
1241;644
1242;566
1243;538
1244;565
1245;561
1246;534
1247;583
1248;537
1249;566
1250;521
1251;502
1252;534
1253;563
1254;575
1255;508
1256;550
1257;516
1258;501
1259;510
1260;470
1261;506
1262;481
1263;447
1264;492
1265;465
1266;436
1267;454
1268;459
1269;406
1270;405
1271;439
1272;428
1273;385
1274;372
1275;364
1276;382
1277;362
1278;339
1279;369
1280;344
1281;367
1282;330
1283;332
1284;318
1285;327
1286;309
1287;303
1288;292
1289;338
1290;290
1291;257
1292;265
1293;284
1294;247
1295;250
1296;273
1297;255
1298;225
1299;234
1300;259
1301;246
1302;198
1303;217
1304;210
1305;211
1306;203
1307;194
1308;201
1309;190
1310;194
1311;194
1312;165
1313;191
1314;181
1315;161
1316;149
1317;156
1318;165
1319;163
1320;134
1321;152
1322;148
1323;139
1324;158
1325;126
1326;143
1327;123
1328;141
1329;104
1330;119
1331;134
1332;95
1333;114
1334;111
1335;114
1336;100
1337;93
1338;114
1339;86
1340;97
1341;93
1342;101
1343;85
1344;97
1345;91
1346;67
1347;77
1348;87
1349;67
1350;65
1351;75
1352;71
1353;70
1354;72
1355;65
1356;80
1357;64
1358;61
1359;70
1360;68
1361;74
1362;66
1363;72
1364;66
1365;71
1366;69
1367;78
1368;61
1369;66
1370;68
1371;47
1372;62
1373;58
1374;44
1375;66
1376;72
1377;54
1378;77
1379;58
1380;51
1381;61
1382;64
1383;34
1384;50
1385;50
1386;54
1387;42
1388;40
1389;61
1390;46
1391;51
1392;54
1393;49
1394;47
1395;42
1396;58
1397;58
1398;49
1399;50
1400;57
1401;49
1402;57
1403;55
1404;54
1405;53
1406;60
1407;58
1408;60
1409;44
1410;63
1411;42
1412;48
1413;51
1414;52
1415;51
1416;44
1417;41
1418;38
1419;40
1420;63
1421;41
1422;59
1423;50
1424;56
1425;56
1426;46
1427;48
1428;47
1429;51
1430;48
1431;52
1432;51
1433;33
1434;46
1435;74
1436;53
1437;41
1438;49
1439;46
1440;45
1441;58
1442;41
1443;41
1444;51
1445;48
1446;38
1447;55
1448;40
1449;47
1450;48
1451;47
1452;57
1453;47
1454;37
1455;62
1456;47
1457;50
1458;54
1459;63
1460;46
1461;45
1462;59
1463;41
1464;54
1465;51
1466;57
1467;49
1468;54
1469;54
1470;49
1471;56
1472;54
1473;52
1474;57
1475;45
1476;57
1477;50
1478;55
1479;55
1480;57
1481;52
1482;46
1483;54
1484;43
1485;53
1486;56
1487;64
1488;59
1489;54
1490;52
1491;42
1492;62
1493;62
1494;49
1495;46
1496;62
1497;56
1498;66
1499;46
1500;52
1501;65
1502;62
1503;53
1504;50
1505;50
1506;47
1507;60
1508;63
1509;41
1510;60
1511;61
1512;56
1513;46
1514;67
1515;52
1516;40
1517;60
1518;52
1519;55
1520;55
1521;44
1522;61
1523;59
1524;57
1525;54
1526;56
1527;48
1528;60
1529;56
1530;63
1531;49
1532;70
1533;48
1534;76
1535;67
1536;59
1537;47
1538;50
1539;53
1540;68
1541;47
1542;69
1543;54
1544;55
1545;57
1546;67
1547;61
1548;60
1549;75
1550;72
1551;62
1552;53
1553;71
1554;62
1555;50
1556;68
1557;60
1558;59
1559;58
1560;50
1561;66
1562;72
1563;52
1564;59
1565;68
1566;68
1567;66
1568;82
1569;61
1570;63
1571;57
1572;72
1573;61
1574;52
1575;58
1576;66
1577;66
1578;74
1579;60
1580;63
1581;65
1582;59
1583;78
1584;73
1585;67
1586;73
1587;65
1588;73
1589;72
1590;56
1591;59
1592;52
1593;83
1594;54
1595;80
1596;69
1597;55
1598;66
1599;68
1600;71
1601;77
1602;65
1603;75
1604;64
1605;67
1606;97
1607;87
1608;67
1609;77
1610;85
1611;77
1612;71
1613;65
1614;77
1615;70
1616;89
1617;86
1618;66
1619;79
1620;81
1621;82
1622;78
1623;93
1624;101
1625;89
1626;82
1627;87
1628;87
1629;91
1630;82
1631;74
1632;70
1633;83
1634;88
1635;78
1636;81
1637;88
1638;82
1639;85
1640;93
1641;74
1642;99
1643;95
1644;87
1645;94
1646;87
1647;85
1648;114
1649;89
1650;75
1651;90
1652;97
1653;94
1654;94
1655;97
1656;98
1657;105
1658;118
1659;80
1660;103
1661;106
1662;91
1663;93
1664;101
1665;115
1666;101
1667;102
1668;106
1669;98
1670;110
1671;96
1672;89
1673;105
1674;100
1675;86
1676;105
1677;97
1678;97
1679;97
1680;105
1681;88
1682;93
1683;89
1684;102
1685;98
1686;114
1687;113
1688;101
1689;90
1690;100
1691;108
1692;94
1693;121
1694;115
1695;108
1696;119
1697;99
1698;101
1699;107
1700;125
1701;114
1702;108
1703;101
1704;113
1705;98
1706;96
1707;105
1708;131
1709;102
1710;106
1711;97
1712;108
1713;116
1714;119
1715;102
1716;97
1717;113
1718;90
1719;105
1720;90
1721;103
1722;102
1723;91
1724;86
1725;87
1726;116
1727;108
1728;97
1729;94
1730;100
1731;106
1732;123
1733;110
1734;105
1735;99
1736;95
1737;89
1738;106
1739;111
1740;96
1741;100
1742;92
1743;90
1744;99
1745;108
1746;94
1747;83
1748;87
1749;78
1750;69
1751;83
1752;88
1753;104
1754;108
1755;97
1756;89
1757;108
1758;73
1759;98
1760;90
1761;70
1762;83
1763;70
1764;81
1765;88
1766;81
1767;98
1768;86
1769;77
1770;78
1771;75
1772;90
1773;79
1774;93
1775;65
1776;78
1777;94
1778;73
1779;76
1780;63
1781;80
1782;86
1783;82
1784;88
1785;75
1786;69
1787;70
1788;86
1789;79
1790;67
1791;55
1792;69
1793;79
1794;72
1795;67
1796;62
1797;66
1798;54
1799;72
1800;88
1801;67
1802;90
1803;61
1804;51
1805;54
1806;59
1807;50
1808;72
1809;74
1810;69
1811;66
1812;58
1813;58
1814;54
1815;57
1816;70
1817;63
1818;44
1819;60
1820;52
1821;70
1822;52
1823;48
1824;50
1825;66
1826;74
1827;52
1828;68
1829;55
1830;52
1831;42
1832;58
1833;55
1834;50
1835;52
1836;50
1837;52
1838;53
1839;51
1840;52
1841;54
1842;53
1843;61
1844;59
1845;69
1846;51
1847;38
1848;50
1849;30
1850;39
1851;53
1852;47
1853;44
1854;55
1855;37
1856;51
1857;65
1858;52
1859;50
1860;56
1861;44
1862;47
1863;51
1864;45
1865;42
1866;43
1867;48
1868;56
1869;50
1870;44
1871;36
1872;51
1873;45
1874;47
1875;46
1876;56
1877;50
1878;48
1879;55
1880;42
1881;36
1882;41
1883;44
1884;47
1885;54
1886;43
1887;49
1888;45
1889;45
1890;62
1891;52
1892;45
1893;51
1894;63
1895;55
1896;44
1897;55
1898;52
1899;38
1900;36
1901;40
1902;62
1903;48
1904;38
1905;61
1906;47
1907;50
1908;53
1909;51
1910;46
1911;49
1912;53
1913;51
1914;51
1915;53
1916;48
1917;52
1918;51
1919;34
1920;39
1921;45
1922;49
1923;60
1924;56
1925;41
1926;43
1927;49
1928;48
1929;58
1930;67
1931;42
1932;37
1933;56
1934;56
1935;53
1936;54
1937;36
1938;55
1939;36
1940;43
1941;48
1942;40
1943;61
1944;38
1945;46
1946;47
1947;52
1948;52
1949;54
1950;45
1951;54
1952;53
1953;48
1954;52
1955;41
1956;51
1957;72
1958;57
1959;39
1960;48
1961;54
1962;64
1963;51
1964;59
1965;56
1966;53
1967;54
1968;62
1969;53
1970;74
1971;60
1972;48
1973;57
1974;54
1975;53
1976;48
1977;48
1978;48
1979;57
1980;47
1981;53
1982;36
1983;52
1984;58
1985;41
1986;64
1987;61
1988;48
1989;53
1990;60
1991;55
1992;49
1993;58
1994;52
1995;65
1996;46
1997;64
1998;69
1999;64
2000;57
2001;51
2002;58
2003;54
2004;58
2005;49
2006;42
2007;58
2008;60
2009;67
2010;54
2011;60
2012;67
2013;45
2014;65
2015;52
2016;56
2017;58
2018;60
2019;51
2020;79
2021;47
2022;62
2023;45
2024;66
2025;46
2026;58
2027;43
2028;62
2029;66
2030;56
2031;59
2032;65
2033;62
2034;67
2035;54
2036;50
2037;53
2038;68
2039;52
2040;57
2041;67
2042;71
2043;63
2044;49
2045;65
2046;60
2047;64
2048;53
2049;53
2050;56
2051;65
2052;58
2053;67
2054;54
2055;57
2056;59
2057;72
2058;62
2059;62
2060;69
2061;56
2062;49
2063;65
2064;69
2065;63
2066;57
2067;53
2068;69
2069;46
2070;67
2071;53
2072;64
2073;58
2074;61
2075;54
2076;59
2077;59
2078;65
2079;80
2080;46
2081;64
2082;71
2083;59
2084;61
2085;61
2086;74
2087;52
2088;64
2089;65
2090;57
2091;62
2092;68
2093;59
2094;52
2095;56
2096;65
2097;65
2098;71
2099;64
2100;60
2101;68
2102;71
2103;48
2104;73
2105;66
2106;67
2107;69
2108;68
2109;68
2110;65
2111;71
2112;54
2113;68
2114;59
2115;65
2116;60
2117;67
2118;85
2119;62
2120;76
2121;70
2122;67
2123;64
2124;60
2125;91
2126;75
2127;60
2128;67
2129;74
2130;58
2131;68
2132;71
2133;75
2134;78
2135;78
2136;72
2137;61
2138;66
2139;70
2140;71
2141;59
2142;85
2143;66
2144;72
2145;59
2146;80
2147;75
2148;72
2149;76
2150;76
2151;68
2152;73
2153;67
2154;69
2155;75
2156;66
2157;71
2158;86
2159;63
2160;52
2161;77
2162;66
2163;52
2164;78
2165;60
2166;86
2167;71
2168;65
2169;77
2170;82
2171;73
2172;77
2173;71
2174;66
2175;73
2176;74
2177;63
2178;52
2179;68
2180;77
2181;78
2182;83
2183;81
2184;58
2185;71
2186;92
2187;61
2188;80
2189;74
2190;68
2191;81
2192;67
2193;60
2194;83
2195;72
2196;65
2197;75
2198;70
2199;69
2200;69
2201;72
2202;67
2203;74
2204;83
2205;67
2206;76
2207;76
2208;74
2209;72
2210;67
2211;72
2212;69
2213;78
2214;68
2215;67
2216;96
2217;68
2218;64
2219;74
2220;71
2221;77
2222;80
2223;67
2224;68
2225;93
2226;69
2227;75
2228;80
2229;61
2230;62
2231;66
2232;73
2233;79
2234;56
2235;77
2236;81
2237;61
2238;79
2239;69
2240;70
2241;62
2242;64
2243;63
2244;78
2245;70
2246;86
2247;89
2248;73
2249;80
2250;61
2251;79
2252;70
2253;85
2254;68
2255;76
2256;78
2257;74
2258;81
2259;78
2260;62
2261;59
2262;72
2263;86
2264;96
2265;65
2266;80
2267;80
2268;72
2269;72
2270;79
2271;78
2272;67
2273;71
2274;74
2275;70
2276;81
2277;73
2278;72
2279;73
2280;83
2281;62
2282;80
2283;72
2284;78
2285;82
2286;83
2287;70
2288;67
2289;68
2290;74
2291;79
2292;60
2293;80
2294;75
2295;70
2296;64
2297;67
2298;78
2299;72
2300;62
2301;69
2302;71
2303;55
2304;68
2305;70
2306;75
2307;65
2308;78
2309;74
2310;55
2311;73
2312;68
2313;65
2314;70
2315;53
2316;78
2317;77
2318;63
2319;65
2320;64
2321;60
2322;69
2323;83
2324;69
2325;79
2326;67
2327;67
2328;58
2329;67
2330;67
2331;74
2332;65
2333;71
2334;69
2335;78
2336;75
2337;83
2338;73
2339;68
2340;65
2341;78
2342;64
2343;68
2344;65
2345;77
2346;63
2347;76
2348;60
2349;72
2350;73
2351;74
2352;80
2353;67
2354;87
2355;63
2356;59
2357;63
2358;71
2359;71
2360;63
2361;77
2362;54
2363;62
2364;50
2365;64
2366;69
2367;61
2368;70
2369;56
2370;55
2371;63
2372;82
2373;68
2374;77
2375;65
2376;69
2377;58
2378;61
2379;60
2380;74
2381;55
2382;83
2383;61
2384;71
2385;74
2386;59
2387;55
2388;79
2389;59
2390;57
2391;69
2392;72
2393;62
2394;74
2395;63
2396;57
2397;64
2398;62
2399;80
2400;60
2401;79
2402;68
2403;46
2404;69
2405;59
2406;53
2407;68
2408;67
2409;59
2410;73
2411;63
2412;52
2413;72
2414;54
2415;63
2416;75
2417;58
2418;56
2419;68
2420;59
2421;58
2422;52
2423;63
2424;77
2425;65
2426;57
2427;68
2428;57
2429;56
2430;59
2431;61
2432;62
2433;58
2434;47
2435;60
2436;51
2437;61
2438;50
2439;74
2440;64
2441;52
2442;66
2443;55
2444;39
2445;51
2446;46
2447;54
2448;59
2449;64
2450;46
2451;66
2452;69
2453;56
2454;63
2455;50
2456;41
2457;59
2458;53
2459;50
2460;59
2461;56
2462;63
2463;48
2464;56
2465;43
2466;44
2467;48
2468;61
2469;68
2470;53
2471;64
2472;60
2473;60
2474;65
2475;47
2476;56
2477;43
2478;48
2479;65
2480;45
2481;47
2482;60
2483;43
2484;63
2485;63
2486;58
2487;60
2488;57
2489;48
2490;74
2491;50
2492;39
2493;54
2494;65
2495;53
2496;55
2497;52
2498;56
2499;51
2500;64
2501;46
2502;58
2503;50
2504;39
2505;47
2506;62
2507;48
2508;49
2509;49
2510;67
2511;45
2512;54
2513;66
2514;45
2515;60
2516;60
2517;60
2518;51
2519;72
2520;53
2521;72
2522;48
2523;68
2524;50
2525;61
2526;63
2527;65
2528;54
2529;65
2530;62
2531;44
2532;47
2533;57
2534;51
2535;38
2536;48
2537;49
2538;52
2539;53
2540;65
2541;45
2542;60
2543;60
2544;47
2545;55
2546;56
2547;52
2548;47
2549;49
2550;39
2551;60
2552;53
2553;51
2554;55
2555;47
2556;50
2557;61
2558;47
2559;54
2560;60
2561;58
2562;41
2563;44
2564;45
2565;65
2566;56
2567;47
2568;46
2569;51
2570;55
2571;48
2572;49
2573;57
2574;56
2575;52
2576;45
2577;56
2578;46
2579;55
2580;51
2581;61
2582;70
2583;46
2584;51
2585;54
2586;55
2587;49
2588;52
2589;53
2590;47
2591;53
2592;46
2593;48
2594;58
2595;49
2596;49
2597;60
2598;53
2599;37
2600;47
2601;47
2602;56
2603;32
2604;53
2605;55
2606;50
2607;51
2608;47
2609;41
2610;47
2611;52
2612;47
2613;55
2614;47
2615;60
2616;56
2617;47
2618;48
2619;49
2620;56
2621;45
2622;43
2623;42
2624;36
2625;41
2626;47
2627;50
2628;64
2629;43
2630;53
2631;50
2632;49
2633;41
2634;54
2635;46
2636;53
2637;61
2638;39
2639;51
2640;45
2641;37
2642;45
2643;37
2644;51
2645;51
2646;40
2647;53
2648;49
2649;52
2650;55
2651;54
2652;46
2653;50
2654;51
2655;50
2656;42
2657;38
2658;49
2659;57
2660;47
2661;45
2662;53
2663;52
2664;50
2665;44
2666;47
2667;41
2668;40
2669;42
2670;64
2671;52
2672;51
2673;52
2674;35
2675;42
2676;60
2677;49
2678;49
2679;46
2680;38
2681;51
2682;47
2683;51
2684;46
2685;52
2686;61
2687;42
2688;47
2689;46
2690;52
2691;60
2692;39
2693;38
2694;34
2695;39
2696;45
2697;44
2698;41
2699;40
2700;43
2701;44
2702;45
2703;41
2704;51
2705;48
2706;39
2707;52
2708;44
2709;49
2710;47
2711;42
2712;57
2713;45
2714;46
2715;48
2716;54
2717;35
2718;46
2719;56
2720;59
2721;49
2722;43
2723;38
2724;60
2725;36
2726;53
2727;58
2728;44
2729;44
2730;40
2731;43
2732;52
2733;37
2734;59
2735;45
2736;54
2737;52
2738;40
2739;46
2740;42
2741;54
2742;40
2743;44
2744;51
2745;44
2746;38
2747;43
2748;45
2749;50
2750;47
2751;40
2752;51
2753;59
2754;38
2755;35
2756;45
2757;43
2758;49
2759;43
2760;52
2761;45
2762;39
2763;48
2764;40
2765;46
2766;46
2767;37
2768;41
2769;37
2770;54
2771;42
2772;45
2773;40
2774;51
2775;35
2776;51
2777;49
2778;45
2779;48
2780;35
2781;51
2782;45
2783;35
2784;51
2785;45
2786;47
2787;40
2788;38
2789;41
2790;41
2791;34
2792;38
2793;40
2794;38
2795;33
2796;44
2797;38
2798;40
2799;54
2800;31
2801;50
2802;40
2803;35
2804;48
2805;44
2806;41
2807;42
2808;39
2809;45
2810;53
2811;35
2812;47
2813;45
2814;41
2815;61
2816;47
2817;34
2818;43
2819;33
2820;54
2821;36
2822;43
2823;54
2824;44
2825;30
2826;47
2827;39
2828;28
2829;33
2830;46
2831;44
2832;34
2833;40
2834;34
2835;37
2836;40
2837;49
2838;42
2839;38
2840;43
2841;36
2842;32
2843;38
2844;35
2845;36
2846;36
2847;43
2848;48
2849;44
2850;44
2851;43
2852;50
2853;38
2854;36
2855;40
2856;30
2857;29
2858;40
2859;50
2860;37
2861;41
2862;36
2863;37
2864;44
2865;42
2866;52
2867;43
2868;38
2869;39
2870;34
2871;35
2872;47
2873;39
2874;58
2875;26
2876;42
2877;49
2878;37
2879;52
2880;35
2881;36
2882;22
2883;43
2884;37
2885;30
2886;40
2887;44
2888;42
2889;26
2890;35
2891;38
2892;27
2893;44
2894;34
2895;34
2896;37
2897;31
2898;31
2899;34
2900;36
2901;42
2902;39
2903;28
2904;33
2905;40
2906;37
2907;39
2908;33
2909;26
2910;26
2911;35
2912;39
2913;43
2914;41
2915;29
2916;46
2917;32
2918;32
2919;34
2920;29
2921;41
2922;35
2923;40
2924;32
2925;32
2926;52
2927;34
2928;44
2929;35
2930;44
2931;36
2932;36
2933;35
2934;32
2935;38
2936;35
2937;37
2938;39
2939;30
2940;31
2941;23
2942;31
2943;46
2944;38
2945;31
2946;30
2947;34
2948;29
2949;36
2950;36
2951;34
2952;25
2953;34
2954;27
2955;34
2956;40
2957;34
2958;39
2959;34
2960;34
2961;38
2962;32
2963;31
2964;29
2965;33
2966;35
2967;37
2968;37
2969;29
2970;42
2971;31
2972;33
2973;35
2974;37
2975;36
2976;24
2977;35
2978;29
2979;43
2980;33
2981;32
2982;30
2983;31
2984;28
2985;37
2986;41
2987;36
2988;41
2989;31
2990;32
2991;29
2992;40
2993;37
2994;26
2995;30
2996;31
2997;30
2998;30
2999;33
3000;28
3001;42
3002;34
3003;27
3004;30
3005;31
3006;35
3007;33
3008;33
3009;38
3010;30
3011;28
3012;30
3013;35
3014;24
3015;27
3016;42
3017;32
3018;28
3019;31
3020;31
3021;19
3022;29
3023;36
3024;22
3025;38
3026;33
3027;28
3028;31
3029;28
3030;30
3031;46
3032;30
3033;33
3034;30
3035;28
3036;32
3037;38
3038;23
3039;19
3040;36
3041;39
3042;36
3043;35
3044;46
3045;33
3046;35
3047;30
3048;34
3049;40
3050;33
3051;25
3052;33
3053;30
3054;25
3055;25
3056;27
3057;25
3058;26
3059;33
3060;20
3061;34
3062;29
3063;32
3064;27
3065;33
3066;33
3067;39
3068;37
3069;39
3070;43
3071;23
3072;25
3073;37
3074;33
3075;33
3076;40
3077;36
3078;24
3079;32
3080;33
3081;20
3082;30
3083;45
3084;37
3085;36
3086;37
3087;26
3088;33
3089;30
3090;32
3091;42
3092;29
3093;32
3094;26
3095;17
3096;25
3097;34
3098;34
3099;35
3100;39
3101;26
3102;32
3103;44
3104;21
3105;34
3106;36
3107;39
3108;33
3109;31
3110;22
3111;40
3112;28
3113;35
3114;28
3115;27
3116;39
3117;27
3118;24
3119;29
3120;36
3121;30
3122;35
3123;27
3124;32
3125;26
3126;39
3127;33
3128;37
3129;17
3130;34
3131;36
3132;38
3133;35
3134;24
3135;30
3136;33
3137;24
3138;28
3139;33
3140;31
3141;34
3142;35
3143;23
3144;19
3145;29
3146;29
3147;29
3148;29
3149;27
3150;31
3151;28
3152;22
3153;33
3154;31
3155;34
3156;29
3157;25
3158;36
3159;36
3160;38
3161;36
3162;27
3163;39
3164;36
3165;35
3166;34
3167;28
3168;28
3169;29
3170;23
3171;34
3172;23
3173;24
3174;38
3175;31
3176;22
3177;21
3178;28
3179;33
3180;30
3181;35
3182;29
3183;37
3184;35
3185;22
3186;34
3187;27
3188;25
3189;28
3190;31
3191;25
3192;24
3193;28
3194;29
3195;25
3196;27
3197;30
3198;23
3199;38
3200;25
3201;26
3202;33
3203;26
3204;22
3205;16
3206;25
3207;26
3208;27
3209;33
3210;29
3211;31
3212;25
3213;31
3214;28
3215;26
3216;20
3217;28
3218;22
3219;26
3220;39
3221;19
3222;26
3223;30
3224;18
3225;32
3226;29
3227;24
3228;36
3229;22
3230;22
3231;22
3232;27
3233;28
3234;37
3235;29
3236;25
3237;24
3238;28
3239;34
3240;26
3241;25
3242;25
3243;32
3244;22
3245;26
3246;21
3247;29
3248;25
3249;27
3250;32
3251;35
3252;33
3253;35
3254;21
3255;36
3256;24
3257;31
3258;27
3259;16
3260;33
3261;26
3262;30
3263;31
3264;22
3265;28
3266;37
3267;25
3268;25
3269;24
3270;34
3271;25
3272;31
3273;30
3274;22
3275;19
3276;24
3277;18
3278;29
3279;24
3280;33
3281;18
3282;37
3283;26
3284;26
3285;24
3286;27
3287;24
3288;29
3289;23
3290;28
3291;30
3292;27
3293;26
3294;27
3295;33
3296;19
3297;36
3298;24
3299;25
3300;19
3301;27
3302;26
3303;23
3304;24
3305;24
3306;21
3307;18
3308;21
3309;37
3310;15
3311;28
3312;31
3313;24
3314;28
3315;18
3316;23
3317;27
3318;17
3319;22
3320;24
3321;30
3322;33
3323;18
3324;22
3325;19
3326;19
3327;23
3328;26
3329;26
3330;21
3331;20
3332;25
3333;27
3334;22
3335;29
3336;30
3337;20
3338;37
3339;38
3340;30
3341;24
3342;24
3343;22
3344;32
3345;22
3346;29
3347;23
3348;19
3349;22
3350;21
3351;32
3352;25
3353;25
3354;27
3355;30
3356;22
3357;26
3358;21
3359;28
3360;29
3361;29
3362;25
3363;23
3364;34
3365;29
3366;37
3367;17
3368;15
3369;24
3370;19
3371;33
3372;23
3373;33
3374;21
3375;32
3376;31
3377;26
3378;27
3379;20
3380;26
3381;18
3382;26
3383;27
3384;17
3385;25
3386;20
3387;25
3388;26
3389;23
3390;27
3391;25
3392;27
3393;19
3394;23
3395;22
3396;27
3397;25
3398;17
3399;26
3400;23
3401;29
3402;16
3403;25
3404;33
3405;25
3406;29
3407;28
3408;33
3409;26
3410;30
3411;27
3412;33
3413;20
3414;20
3415;27
3416;18
3417;24
3418;28
3419;33
3420;24
3421;27
3422;24
3423;23
3424;28
3425;22
3426;21
3427;26
3428;25
3429;28
3430;18
3431;24
3432;15
3433;30
3434;20
3435;26
3436;25
3437;31
3438;18
3439;19
3440;20
3441;22
3442;17
3443;19
3444;22
3445;18
3446;35
3447;28
3448;26
3449;24
3450;29
3451;19
3452;23
3453;16
3454;16
3455;22
3456;21
3457;24
3458;18
3459;25
3460;17
3461;19
3462;21
3463;22
3464;22
3465;21
3466;27
3467;15
3468;30
3469;23
3470;21
3471;33
3472;31
3473;24
3474;24
3475;21
3476;28
3477;23
3478;21
3479;30
3480;25
3481;37
3482;26
3483;28
3484;20
3485;36
3486;17
3487;19
3488;23
3489;23
3490;20
3491;12
3492;26
3493;19
3494;23
3495;25
3496;25
3497;24
3498;24
3499;23
3500;25
3501;25
3502;15
3503;26
3504;18
3505;22
3506;18
3507;24
3508;27
3509;20
3510;22
3511;21
3512;19
3513;35
3514;31
3515;22
3516;29
3517;27
3518;18
3519;22
3520;29
3521;28
3522;24
3523;23
3524;24
3525;23
3526;26
3527;26
3528;21
3529;19
3530;21
3531;26
3532;20
3533;24
3534;25
3535;17
3536;23
3537;22
3538;22
3539;29
3540;27
3541;19
3542;17
3543;30
3544;34
3545;21
3546;26
3547;41
3548;13
3549;26
3550;24
3551;24
3552;23
3553;27
3554;23
3555;27
3556;15
3557;26
3558;25
3559;19
3560;26
3561;35
3562;27
3563;25
3564;31
3565;23
3566;28
3567;21
3568;28
3569;21
3570;24
3571;30
3572;26
3573;21
3574;30
3575;28
3576;25
3577;31
3578;27
3579;23
3580;31
3581;35
3582;25
3583;26
3584;27
3585;33
3586;24
3587;24
3588;34
3589;20
3590;28
3591;29
3592;26
3593;22
3594;19
3595;23
3596;22
3597;22
3598;29
3599;37
3600;19
3601;25
3602;35
3603;27
3604;23
3605;27
3606;32
3607;39
3608;30
3609;28
3610;27
3611;27
3612;39
3613;27
3614;19
3615;30
3616;41
3617;32
3618;26
3619;37
3620;25
3621;27
3622;31
3623;25
3624;33
3625;30
3626;27
3627;27
3628;36
3629;24
3630;16
3631;32
3632;34
3633;32
3634;22
3635;26
3636;33
3637;36
3638;30
3639;28
3640;30
3641;37
3642;31
3643;29
3644;33
3645;25
3646;26
3647;32
3648;37
3649;30
3650;22
3651;37
3652;27
3653;37
3654;39
3655;29
3656;25
3657;37
3658;30
3659;42
3660;26
3661;34
3662;44
3663;29
3664;32
3665;35
3666;20
3667;39
3668;29
3669;34
3670;44
3671;38
3672;34
3673;38
3674;43
3675;26
3676;32
3677;31
3678;29
3679;35
3680;23
3681;19
3682;41
3683;32
3684;23
3685;33
3686;42
3687;46
3688;42
3689;42
3690;26
3691;26
3692;30
3693;26
3694;28
3695;38
3696;41
3697;34
3698;34
3699;41
3700;42
3701;32
3702;42
3703;27
3704;36
3705;40
3706;38
3707;36
3708;29
3709;34
3710;38
3711;40
3712;23
3713;35
3714;31
3715;45
3716;39
3717;47
3718;32
3719;34
3720;39
3721;41
3722;35
3723;37
3724;38
3725;33
3726;42
3727;38
3728;41
3729;45
3730;35
3731;49
3732;35
3733;41
3734;35
3735;40
3736;38
3737;47
3738;45
3739;38
3740;52
3741;49
3742;46
3743;51
3744;41
3745;43
3746;41
3747;44
3748;43
3749;41
3750;52
3751;45
3752;53
3753;43
3754;43
3755;48
3756;54
3757;45
3758;44
3759;59
3760;40
3761;49
3762;45
3763;48
3764;45
3765;34
3766;41
3767;36
3768;51
3769;47
3770;46
3771;28
3772;50
3773;43
3774;60
3775;47
3776;57
3777;53
3778;43
3779;39
3780;41
3781;50
3782;65
3783;52
3784;38
3785;43
3786;37
3787;52
3788;36
3789;50
3790;42
3791;45
3792;46
3793;40
3794;45
3795;52
3796;51
3797;43
3798;48
3799;49
3800;41
3801;47
3802;57
3803;42
3804;48
3805;56
3806;44
3807;39
3808;47
3809;46
3810;47
3811;48
3812;51
3813;46
3814;47
3815;39
3816;47
3817;63
3818;34
3819;49
3820;52
3821;52
3822;53
3823;46
3824;54
3825;51
3826;51
3827;49
3828;44
3829;38
3830;51
3831;50
3832;46
3833;56
3834;57
3835;45
3836;58
3837;39
3838;53
3839;53
3840;43
3841;43
3842;40
3843;62
3844;61
3845;53
3846;66
3847;43
3848;65
3849;60
3850;61
3851;51
3852;62
3853;48
3854;54
3855;56
3856;44
3857;50
3858;46
3859;58
3860;54
3861;59
3862;61
3863;49
3864;39
3865;49
3866;51
3867;58
3868;54
3869;49
3870;43
3871;40
3872;52
3873;49
3874;54
3875;60
3876;51
3877;45
3878;50
3879;54
3880;55
3881;63
3882;56
3883;56
3884;46
3885;60
3886;48
3887;57
3888;50
3889;61
3890;56
3891;45
3892;63
3893;58
3894;58
3895;56
3896;45
3897;65
3898;59
3899;59
3900;64
3901;55
3902;61
3903;63
3904;79
3905;57
3906;55
3907;50
3908;57
3909;65
3910;59
3911;61
3912;66
3913;78
3914;63
3915;39
3916;58
3917;55
3918;75
3919;49
3920;48
3921;48
3922;46
3923;67
3924;50
3925;64
3926;58
3927;58
3928;47
3929;64
3930;55
3931;61
3932;67
3933;50
3934;52
3935;56
3936;59
3937;53
3938;55
3939;61
3940;70
3941;49
3942;58
3943;49
3944;54
3945;61
3946;60
3947;50
3948;64
3949;58
3950;64
3951;51
3952;62
3953;65
3954;57
3955;81
3956;63
3957;63
3958;62
3959;68
3960;69
3961;65
3962;52
3963;41
3964;63
3965;57
3966;60
3967;50
3968;77
3969;69
3970;55
3971;68
3972;61
3973;61
3974;53
3975;63
3976;63
3977;76
3978;63
3979;66
3980;56
3981;68
3982;68
3983;48
3984;61
3985;54
3986;63
3987;72
3988;69
3989;67
3990;59
3991;70
3992;64
3993;66
3994;52
3995;59
3996;57
3997;71
3998;60
3999;70
4000;53
4001;67
4002;65
4003;63
4004;81
4005;77
4006;62
4007;80
4008;69
4009;67
4010;73
4011;76
4012;91
4013;66
4014;63
4015;69
4016;48
4017;67
4018;59
4019;73
4020;63
4021;83
4022;97
4023;56
4024;54
4025;73
4026;60
4027;85
4028;84
4029;83
4030;67
4031;70
4032;76
4033;55
4034;70
4035;83
4036;78
4037;73
4038;82
4039;69
4040;67
4041;64
4042;72
4043;68
4044;74
4045;68
4046;73
4047;76
4048;77
4049;69
4050;88
4051;65
4052;55
4053;76
4054;73
4055;66
4056;77
4057;67
4058;69
4059;58
4060;76
4061;75
4062;81
4063;74
4064;70
4065;72
4066;64
4067;76
4068;91
4069;91
4070;96
4071;79
4072;79
4073;95
4074;78
4075;70
4076;60
4077;68
4078;60
4079;77
4080;72
4081;73
4082;81
4083;68
4084;78
4085;86
4086;73
4087;78
4088;62
4089;91
4090;70
4091;77
4092;88
4093;67
4094;73
4095;68
4096;86
4097;93
4098;75
4099;99
4100;87
4101;86
4102;89
4103;80
4104;71
4105;72
4106;85
4107;100
4108;68
4109;95
4110;78
4111;77
4112;92
4113;86
4114;92
4115;96
4116;78
4117;78
4118;78
4119;88
4120;85
4121;89
4122;87
4123;74
4124;79
4125;85
4126;82
4127;102
4128;103
4129;89
4130;75
4131;85
4132;85
4133;100
4134;78
4135;106
4136;77
4137;77
4138;87
4139;89
4140;97
4141;86
4142;92
4143;65
4144;76
4145;100
4146;94
4147;91
4148;86
4149;87
4150;107
4151;80
4152;80
4153;82
4154;95
4155;106
4156;85
4157;90
4158;93
4159;95
4160;97
4161;101
4162;88
4163;92
4164;93
4165;83
4166;89
4167;88
4168;96
4169;92
4170;105
4171;92
4172;85
4173;82
4174;96
4175;93
4176;82
4177;84
4178;105
4179;85
4180;102
4181;107
4182;98
4183;118
4184;116
4185;90
4186;108
4187;104
4188;101
4189;86
4190;82
4191;81
4192;87
4193;88
4194;97
4195;85
4196;95
4197;98
4198;94
4199;87
4200;111
4201;93
4202;92
4203;93
4204;71
4205;106
4206;98
4207;98
4208;70
4209;112
4210;102
4211;96
4212;86
4213;99
4214;89
4215;87
4216;89
4217;108
4218;106
4219;92
4220;105
4221;81
4222;99
4223;108
4224;116
4225;93
4226;93
4227;91
4228;99
4229;81
4230;102
4231;99
4232;89
4233;98
4234;73
4235;102
4236;107
4237;91
4238;97
4239;101
4240;92
4241;89
4242;75
4243;99
4244;90
4245;101
4246;96
4247;94
4248;93
4249;78
4250;91
4251;75
4252;113
4253;87
4254;82
4255;86
4256;98
4257;85
4258;96
4259;96
4260;85
4261;95
4262;96
4263;98
4264;80
4265;98
4266;96
4267;98
4268;98
4269;91
4270;88
4271;104
4272;90
4273;99
4274;99
4275;78
4276;82
4277;104
4278;71
4279;81
4280;91
4281;82
4282;102
4283;88
4284;81
4285;75
4286;91
4287;93
4288;82
4289;93
4290;81
4291;100
4292;98
4293;90
4294;93
4295;86
4296;112
4297;84
4298;94
4299;91
4300;89
4301;77
4302;87
4303;80
4304;88
4305;92
4306;77
4307;87
4308;83
4309;86
4310;76
4311;88
4312;65
4313;70
4314;89
4315;92
4316;74
4317;74
4318;86
4319;81
4320;96
4321;77
4322;72
4323;78
4324;72
4325;71
4326;75
4327;83
4328;95
4329;95
4330;96
4331;78
4332;89
4333;75
4334;82
4335;83
4336;67
4337;73
4338;88
4339;88
4340;81
4341;76
4342;78
4343;63
4344;73
4345;84
4346;89
4347;79
4348;88
4349;76
4350;90
4351;68
4352;81
4353;87
4354;69
4355;65
4356;72
4357;60
4358;69
4359;88
4360;74
4361;75
4362;63
4363;70
4364;82
4365;60
4366;78
4367;67
4368;57
4369;67
4370;56
4371;60
4372;75
4373;77
4374;76
4375;99
4376;72
4377;73
4378;70
4379;73
4380;54
4381;72
4382;75
4383;81
4384;57
4385;74
4386;70
4387;62
4388;56
4389;69
4390;71
4391;66
4392;70
4393;66
4394;70
4395;51
4396;64
4397;71
4398;61
4399;60
4400;64
4401;69
4402;64
4403;54
4404;63
4405;72
4406;68
4407;54
4408;69
4409;51
4410;53
4411;54
4412;63
4413;56
4414;59
4415;61
4416;51
4417;58
4418;64
4419;69
4420;70
4421;70
4422;61
4423;70
4424;55
4425;50
4426;66
4427;65
4428;55
4429;52
4430;52
4431;48
4432;63
4433;64
4434;58
4435;56
4436;44
4437;56
4438;41
4439;63
4440;59
4441;59
4442;67
4443;53
4444;67
4445;46
4446;56
4447;44
4448;59
4449;51
4450;57
4451;70
4452;63
4453;59
4454;48
4455;47
4456;57
4457;74
4458;46
4459;65
4460;42
4461;51
4462;37
4463;64
4464;55
4465;47
4466;53
4467;62
4468;57
4469;36
4470;46
4471;59
4472;52
4473;39
4474;55
4475;39
4476;46
4477;52
4478;50
4479;72
4480;51
4481;49
4482;60
4483;41
4484;62
4485;43
4486;46
4487;64
4488;57
4489;44
4490;44
4491;46
4492;44
4493;53
4494;53
4495;50
4496;49
4497;43
4498;50
4499;53
4500;52
4501;49
4502;58
4503;39
4504;44
4505;41
4506;50
4507;57
4508;54
4509;54
4510;56
4511;51
4512;46
4513;44
4514;53
4515;46
4516;43
4517;57
4518;60
4519;58
4520;55
4521;46
4522;61
4523;50
4524;42
4525;47
4526;59
4527;54
4528;56
4529;46
4530;47
4531;44
4532;54
4533;55
4534;54
4535;60
4536;58
4537;53
4538;50
4539;57
4540;48
4541;50
4542;48
4543;52
4544;54
4545;46
4546;62
4547;53
4548;63
4549;57
4550;41
4551;44
4552;50
4553;52
4554;54
4555;58
4556;59
4557;63
4558;46
4559;59
4560;63
4561;62
4562;58
4563;50
4564;63
4565;56
4566;63
4567;57
4568;65
4569;69
4570;63
4571;51
4572;54
4573;54
4574;57
4575;56
4576;64
4577;66
4578;60
4579;52
4580;64
4581;59
4582;68
4583;53
4584;60
4585;53
4586;62
4587;64
4588;66
4589;60
4590;64
4591;62
4592;54
4593;51
4594;52
4595;65
4596;54
4597;60
4598;63
4599;53
4600;48
4601;69
4602;72
4603;61
4604;68
4605;55
4606;77
4607;82
4608;71
4609;71
4610;63
4611;79
4612;91
4613;84
4614;81
4615;85
4616;76
4617;78
4618;62
4619;68
4620;75
4621;90
4622;54
4623;74
4624;52
4625;63
4626;65
4627;70
4628;62
4629;68
4630;84
4631;73
4632;78
4633;81
4634;77
4635;71
4636;81
4637;84
4638;99
4639;87
4640;83
4641;93
4642;83
4643;69
4644;76
4645;79
4646;94
4647;77
4648;87
4649;79
4650;82
4651;91
4652;90
4653;81
4654;77
4655;89
4656;79
4657;97
4658;77
4659;96
4660;91
4661;86
4662;104
4663;104
4664;101
4665;88
4666;95
4667;92
4668;100
4669;93
4670;90
4671;89
4672;79
4673;107
4674;105
4675;90
4676;103
4677;118
4678;93
4679;103
4680;99
4681;106
4682;105
4683;127
4684;99
4685;98
4686;106
4687;113
4688;100
4689;102
4690;84
4691;127
4692;117
4693;116
4694;124
4695;106
4696;117
4697;109
4698;117
4699;118
4700;104
4701;113
4702;111
4703;124
4704;106
4705;121
4706;113
4707;115
4708;105
4709;134
4710;122
4711;129
4712;152
4713;130
4714;130
4715;121
4716;126
4717;133
4718;128
4719;130
4720;128
4721;116
4722;145
4723;122
4724;135
4725;140
4726;147
4727;125
4728;151
4729;160
4730;123
4731;137
4732;129
4733;118
4734;118
4735;127
4736;141
4737;138
4738;141
4739;133
4740;145
4741;150
4742;153
4743;152
4744;125
4745;149
4746;160
4747;129
4748;137
4749;128
4750;148
4751;170
4752;154
4753;150
4754;153
4755;149
4756;140
4757;168
4758;177
4759;153
4760;152
4761;160
4762;159
4763;147
4764;163
4765;152
4766;169
4767;185
4768;167
4769;170
4770;172
4771;151
4772;160
4773;164
4774;165
4775;164
4776;197
4777;173
4778;178
4779;177
4780;171
4781;152
4782;172
4783;172
4784;162
4785;178
4786;183
4787;183
4788;158
4789;169
4790;192
4791;167
4792;189
4793;194
4794;179
4795;178
4796;168
4797;173
4798;165
4799;172
4800;170
4801;173
4802;163
4803;183
4804;189
4805;189
4806;185
4807;174
4808;181
4809;171
4810;175
4811;170
4812;204
4813;208
4814;191
4815;196
4816;205
4817;207
4818;181
4819;174
4820;201
4821;202
4822;200
4823;187
4824;209
4825;175
4826;187
4827;190
4828;179
4829;199
4830;205
4831;207
4832;184
4833;187
4834;209
4835;197
4836;178
4837;205
4838;240
4839;168
4840;189
4841;200
4842;199
4843;212
4844;194
4845;199
4846;210
4847;195
4848;187
4849;208
4850;209
4851;215
4852;222
4853;193
4854;205
4855;211
4856;206
4857;228
4858;228
4859;196
4860;210
4861;201
4862;203
4863;233
4864;229
4865;199
4866;198
4867;216
4868;221
4869;213
4870;219
4871;223
4872;217
4873;222
4874;224
4875;213
4876;235
4877;217
4878;223
4879;238
4880;209
4881;209
4882;239
4883;229
4884;228
4885;217
4886;219
4887;222
4888;232
4889;236
4890;224
4891;219
4892;261
4893;231
4894;251
4895;242
4896;222
4897;240
4898;242
4899;241
4900;231
4901;218
4902;233
4903;226
4904;224
4905;229
4906;242
4907;216
4908;207
4909;255
4910;208
4911;215
4912;236
4913;222
4914;217
4915;217
4916;218
4917;234
4918;220
4919;237
4920;221
4921;226
4922;237
4923;235
4924;233
4925;246
4926;227
4927;230
4928;228
4929;231
4930;214
4931;230
4932;234
4933;250
4934;213
4935;268
4936;252
4937;212
4938;228
4939;208
4940;216
4941;243
4942;222
4943;226
4944;230
4945;222
4946;232
4947;246
4948;234
4949;229
4950;197
4951;232
4952;209
4953;212
4954;184
4955;237
4956;258
4957;255
4958;237
4959;227
4960;218
4961;214
4962;204
4963;246
4964;240
4965;214
4966;238
4967;223
4968;213
4969;237
4970;238
4971;258
4972;227
4973;215
4974;210
4975;208
4976;227
4977;242
4978;194
4979;242
4980;237
4981;227
4982;232
4983;222
4984;226
4985;243
4986;236
4987;253
4988;228
4989;241
4990;240
4991;229
4992;239
4993;226
4994;219
4995;217
4996;190
4997;270
4998;225
4999;202
5000;236
5001;208
5002;231
5003;210
5004;231
5005;236
5006;216
5007;242
5008;204
5009;209
5010;211
5011;198
5012;194
5013;255
5014;230
5015;191
5016;255
5017;225
5018;208
5019;247
5020;188
5021;206
5022;214
5023;244
5024;207
5025;220
5026;200
5027;229
5028;225
5029;225
5030;199
5031;215
5032;191
5033;227
5034;194
5035;231
5036;207
5037;178
5038;197
5039;206
5040;209
5041;220
5042;205
5043;204
5044;214
5045;238
5046;200
5047;243
5048;252
5049;216
5050;212
5051;183
5052;190
5053;187
5054;231
5055;211
5056;199
5057;204
5058;217
5059;218
5060;197
5061;204
5062;199
5063;204
5064;204
5065;210
5066;193
5067;192
5068;202
5069;176
5070;232
5071;209
5072;187
5073;179
5074;177
5075;179
5076;192
5077;195
5078;209
5079;210
5080;179
5081;183
5082;197
5083;192
5084;176
5085;200
5086;189
5087;180
5088;193
5089;176
5090;187
5091;178
5092;194
5093;173
5094;185
5095;178
5096;168
5097;188
5098;187
5099;195
5100;174
5101;167
5102;160
5103;164
5104;175
5105;216
5106;192
5107;160
5108;165
5109;181
5110;184
5111;143
5112;156
5113;160
5114;147
5115;154
5116;146
5117;138
5118;173
5119;184
5120;153
5121;147
5122;165
5123;142
5124;166
5125;149
5126;181
5127;169
5128;154
5129;166
5130;135
5131;159
5132;155
5133;177
5134;157
5135;156
5136;161
5137;162
5138;151
5139;159
5140;124
5141;179
5142;144
5143;142
5144;143
5145;139
5146;143
5147;133
5148;153
5149;163
5150;137
5151;141
5152;164
5153;164
5154;132
5155;167
5156;150
5157;147
5158;169
5159;142
5160;151
5161;148
5162;175
5163;147
5164;143
5165;148
5166;153
5167;173
5168;172
5169;140
5170;139
5171;139
5172;148
5173;156
5174;132
5175;154
5176;155
5177;136
5178;151
5179;164
5180;128
5181;155
5182;139
5183;144
5184;137
5185;142
5186;155
5187;142
5188;152
5189;141
5190;142
5191;130
5192;143
5193;126
5194;104
5195;142
5196;126
5197;109
5198;139
5199;126
5200;148
5201;135
5202;118
5203;145
5204;130
5205;114
5206;125
5207;117
5208;126
5209;129
5210;111
5211;148
5212;107
5213;130
5214;113
5215;129
5216;121
5217;108
5218;133
5219;141
5220;134
5221;133
5222;119
5223;137
5224;120
5225;115
5226;107
5227;135
5228;114
5229;117
5230;130
5231;139
5232;124
5233;112
5234;108
5235;107
5236;124
5237;117
5238;120
5239;120
5240;110
5241;133
5242;111
5243;98
5244;113
5245;129
5246;117
5247;107
5248;99
5249;122
5250;98
5251;108
5252;110
5253;110
5254;115
5255;93
5256;110
5257;100
5258;108
5259;127
5260;104
5261;115
5262;132
5263;101
5264;116
5265;110
5266;104
5267;106
5268;104
5269;110
5270;127
5271;108
5272;105
5273;127
5274;95
5275;88
5276;116
5277;103
5278;107
5279;93
5280;115
5281;78
5282;103
5283;132
5284;103
5285;109
5286;118
5287;101
5288;123
5289;109
5290;113
5291;90
5292;106
5293;90
5294;99
5295;97
5296;110
5297;83
5298;80
5299;100
5300;105
5301;96
5302;120
5303;96
5304;101
5305;100
5306;108
5307;92
5308;96
5309;97
5310;98
5311;96
5312;107
5313;96
5314;88
5315;116
5316;98
5317;76
5318;109
5319;106
5320;97
5321;89
5322;93
5323;96
5324;90
5325;112
5326;91
5327;95
5328;96
5329;100
5330;105
5331;91
5332;117
5333;115
5334;111
5335;86
5336;99
5337;101
5338;102
5339;126
5340;97
5341;98
5342;97
5343;107
5344;99
5345;92
5346;99
5347;103
5348;80
5349;94
5350;94
5351;94
5352;104
5353;83
5354;96
5355;100
5356;89
5357;90
5358;94
5359;105
5360;101
5361;106
5362;72
5363;80
5364;92
5365;88
5366;105
5367;97
5368;96
5369;83
5370;86
5371;98
5372;98
5373;85
5374;96
5375;101
5376;93
5377;78
5378;93
5379;98
5380;98
5381;91
5382;80
5383;84
5384;79
5385;76
5386;93
5387;97
5388;95
5389;87
5390;99
5391;90
5392;101
5393;87
5394;94
5395;75
5396;85
5397;110
5398;103
5399;74
5400;81
5401;103
5402;93
5403;96
5404;83
5405;93
5406;86
5407;92
5408;96
5409;85
5410;87
5411;94
5412;86
5413;78
5414;102
5415;106
5416;94
5417;85
5418;80
5419;90
5420;99
5421;99
5422;77
5423;82
5424;88
5425;85
5426;90
5427;92
5428;95
5429;92
5430;79
5431;85
5432;87
5433;82
5434;81
5435;94
5436;73
5437;85
5438;82
5439;91
5440;83
5441;94
5442;70
5443;75
5444;70
5445;98
5446;68
5447;101
5448;78
5449;74
5450;92
5451;96
5452;88
5453;96
5454;77
5455;78
5456;79
5457;83
5458;82
5459;81
5460;74
5461;69
5462;71
5463;80
5464;88
5465;92
5466;83
5467;74
5468;80
5469;81
5470;81
5471;76
5472;82
5473;83
5474;67
5475;68
5476;91
5477;85
5478;71
5479;79
5480;87
5481;74
5482;66
5483;82
5484;84
5485;79
5486;88
5487;73
5488;81
5489;89
5490;72
5491;64
5492;79
5493;82
5494;66
5495;63
5496;88
5497;70
5498;73
5499;78
5500;63
5501;78
5502;71
5503;63
5504;85
5505;66
5506;77
5507;85
5508;68
5509;67
5510;80
5511;77
5512;71
5513;59
5514;77
5515;71
5516;65
5517;77
5518;75
5519;84
5520;76
5521;68
5522;68
5523;72
5524;68
5525;72
5526;67
5527;67
5528;64
5529;66
5530;59
5531;58
5532;77
5533;76
5534;63
5535;67
5536;70
5537;57
5538;58
5539;62
5540;79
5541;60
5542;77
5543;73
5544;77
5545;61
5546;57
5547;61
5548;69
5549;58
5550;70
5551;42
5552;69
5553;49
5554;61
5555;59
5556;64
5557;59
5558;47
5559;42
5560;57
5561;52
5562;44
5563;51
5564;63
5565;61
5566;54
5567;61
5568;42
5569;50
5570;58
5571;60
5572;59
5573;68
5574;52
5575;68
5576;48
5577;52
5578;77
5579;57
5580;55
5581;55
5582;44
5583;58
5584;52
5585;48
5586;41
5587;61
5588;41
5589;47
5590;50
5591;41
5592;54
5593;44
5594;55
5595;53
5596;48
5597;60
5598;58
5599;58
5600;40
5601;41
5602;51
5603;46
5604;62
5605;59
5606;71
5607;57
5608;49
5609;66
5610;57
5611;47
5612;51
5613;54
5614;53
5615;65
5616;43
5617;53
5618;41
5619;61
5620;56
5621;52
5622;47
5623;40
5624;59
5625;35
5626;55
5627;44
5628;44
5629;54
5630;47
5631;45
5632;37
5633;47
5634;48
5635;41
5636;59
5637;44
5638;40
5639;40
5640;41
5641;48
5642;46
5643;35
5644;44
5645;48
5646;49
5647;32
5648;44
5649;30
5650;49
5651;44
5652;48
5653;28
5654;51
5655;51
5656;55
5657;38
5658;48
5659;44
5660;38
5661;49
5662;49
5663;28
5664;49
5665;52
5666;45
5667;33
5668;36
5669;34
5670;42
5671;45
5672;45
5673;49
5674;48
5675;46
5676;42
5677;36
5678;38
5679;36
5680;46
5681;35
5682;40
5683;44
5684;32
5685;39
5686;38
5687;32
5688;34
5689;34
5690;29
5691;38
5692;32
5693;30
5694;29
5695;39
5696;27
5697;46
5698;35
5699;29
5700;35
5701;31
5702;30
5703;32
5704;41
5705;31
5706;33
5707;33
5708;34
5709;26
5710;34
5711;38
5712;32
5713;40
5714;37
5715;29
5716;35
5717;45
5718;26
5719;25
5720;34
5721;30
5722;34
5723;35
5724;28
5725;40
5726;26
5727;27
5728;34
5729;29
5730;29
5731;29
5732;29
5733;26
5734;27
5735;38
5736;29
5737;35
5738;28
5739;33
5740;37
5741;31
5742;29
5743;21
5744;35
5745;26
5746;32
5747;34
5748;21
5749;31
5750;19
5751;28
5752;28
5753;22
5754;39
5755;27
5756;32
5757;27
5758;28
5759;32
5760;27
5761;24
5762;25
5763;29
5764;32
5765;34
5766;29
5767;27
5768;31
5769;33
5770;28
5771;23
5772;16
5773;28
5774;26
5775;29
5776;25
5777;27
5778;19
5779;24
5780;25
5781;12
5782;31
5783;39
5784;36
5785;26
5786;29
5787;28
5788;27
5789;29
5790;20
5791;25
5792;25
5793;24
5794;27
5795;27
5796;27
5797;23
5798;33
5799;21
5800;22
5801;23
5802;16
5803;25
5804;22
5805;24
5806;26
5807;21
5808;32
5809;32
5810;29
5811;18
5812;29
5813;27
5814;20
5815;27
5816;22
5817;17
5818;26
5819;27
5820;27
5821;22
5822;36
5823;28
5824;22
5825;28
5826;27
5827;25
5828;21
5829;19
5830;30
5831;27
5832;22
5833;28
5834;25
5835;18
5836;21
5837;33
5838;20
5839;24
5840;21
5841;22
5842;19
5843;22
5844;18
5845;29
5846;23
5847;22
5848;27
5849;32
5850;26
5851;29
5852;31
5853;22
5854;26
5855;16
5856;33
5857;30
5858;30
5859;17
5860;15
5861;19
5862;28
5863;32
5864;30
5865;21
5866;25
5867;30
5868;23
5869;23
5870;20
5871;21
5872;36
5873;32
5874;24
5875;24
5876;26
5877;16
5878;24
5879;19
5880;21
5881;20
5882;25
5883;20
5884;31
5885;24
5886;27
5887;21
5888;30
5889;23
5890;22
5891;33
5892;29
5893;30
5894;28
5895;24
5896;23
5897;17
5898;17
5899;20
5900;30
5901;25
5902;26
5903;17
5904;32
5905;31
5906;26
5907;30
5908;31
5909;23
5910;22
5911;25
5912;19
5913;24
5914;23
5915;22
5916;30
5917;29
5918;26
5919;34
5920;27
5921;26
5922;24
5923;25
5924;25
5925;15
5926;32
5927;31
5928;36
5929;30
5930;17
5931;22
5932;20
5933;29
5934;20
5935;20
5936;28
5937;30
5938;29
5939;26
5940;22
5941;22
5942;34
5943;25
5944;34
5945;21
5946;32
5947;29
5948;26
5949;34
5950;39
5951;33
5952;27
5953;31
5954;24
5955;26
5956;20
5957;35
5958;19
5959;28
5960;20
5961;25
5962;30
5963;28
5964;30
5965;21
5966;24
5967;23
5968;25
5969;18
5970;27
5971;18
5972;22
5973;20
5974;29
5975;25
5976;28
5977;19
5978;30
5979;30
5980;24
5981;17
5982;25
5983;30
5984;27
5985;19
5986;31
5987;29
5988;30
5989;33
5990;25
5991;32
5992;25
5993;29
5994;22
5995;27
5996;31
5997;30
5998;23
5999;34
6000;25
6001;28
6002;26
6003;18
6004;40
6005;35
6006;31
6007;23
6008;28
6009;24
6010;25
6011;26
6012;44
6013;18
6014;35
6015;29
6016;27
6017;27
6018;33
6019;27
6020;23
6021;33
6022;31
6023;40
6024;30
6025;35
6026;27
6027;39
6028;20
6029;22
6030;27
6031;26
6032;36
6033;23
6034;30
6035;26
6036;26
6037;29
6038;29
6039;32
6040;25
6041;29
6042;36
6043;37
6044;35
6045;39
6046;29
6047;43
6048;36
6049;31
6050;28
6051;30
6052;38
6053;29
6054;27
6055;37
6056;32
6057;43
6058;37
6059;31
6060;33
6061;33
6062;32
6063;20
6064;27
6065;42
6066;29
6067;27
6068;23
6069;29
6070;41
6071;32
6072;28
6073;33
6074;38
6075;47
6076;38
6077;30
6078;32
6079;38
6080;46
6081;35
6082;25
6083;24
6084;31
6085;36
6086;34
6087;27
6088;24
6089;34
6090;34
6091;27
6092;34
6093;36
6094;31
6095;26
6096;33
6097;34
6098;24
6099;25
6100;26
6101;36
6102;30
6103;27
6104;37
6105;34
6106;30
6107;27
6108;29
6109;29
6110;19
6111;42
6112;35
6113;32
6114;25
6115;28
6116;28
6117;26
6118;28
6119;26
6120;36
6121;28
6122;39
6123;33
6124;33
6125;34
6126;34
6127;34
6128;25
6129;37
6130;36
6131;21
6132;22
6133;30
6134;39
6135;30
6136;30
6137;36
6138;31
6139;45
6140;34
6141;39
6142;40
6143;30
6144;28
6145;37
6146;30
6147;35
6148;22
6149;25
6150;31
6151;28
6152;38
6153;24
6154;34
6155;31
6156;32
6157;45
6158;35
6159;26
6160;28
6161;30
6162;27
6163;27
6164;30
6165;30
6166;28
6167;26
6168;28
6169;34
6170;38
6171;22
6172;23
6173;37
6174;35
6175;20
6176;34
6177;34
6178;34
6179;34
6180;36
6181;37
6182;35
6183;27
6184;39
6185;32
6186;24
6187;36
6188;29
6189;38
6190;29
6191;26
6192;32
6193;31
6194;41
6195;32
6196;30
6197;31
6198;34
6199;32
6200;41
6201;33
6202;32
6203;30
6204;33
6205;32
6206;33
6207;33
6208;36
6209;36
6210;41
6211;20
6212;29
6213;40
6214;38
6215;31
6216;26
6217;26
6218;30
6219;31
6220;24
6221;37
6222;25
6223;28
6224;27
6225;38
6226;34
6227;33
6228;34
6229;19
6230;26
6231;29
6232;37
6233;29
6234;36
6235;27
6236;32
6237;27
6238;36
6239;46
6240;41
6241;30
6242;32
6243;35
6244;33
6245;33
6246;24
6247;37
6248;32
6249;27
6250;39
6251;28
6252;39
6253;37
6254;28
6255;27
6256;27
6257;26
6258;22
6259;26
6260;18
6261;29
6262;25
6263;31
6264;30
6265;23
6266;29
6267;23
6268;16
6269;24
6270;22
6271;31
6272;28
6273;20
6274;20
6275;23
6276;25
6277;18
6278;30
6279;28
6280;33
6281;25
6282;17
6283;21
6284;29
6285;17
6286;34
6287;24
6288;26
6289;28
6290;25
6291;14
6292;19
6293;33
6294;22
6295;33
6296;26
6297;29
6298;22
6299;22
6300;27
6301;32
6302;24
6303;25
6304;28
6305;24
6306;28
6307;28
6308;29
6309;26
6310;32
6311;23
6312;24
6313;26
6314;21
6315;19
6316;25
6317;23
6318;24
6319;28
6320;31
6321;22
6322;12
6323;30
6324;22
6325;20
6326;22
6327;22
6328;26
6329;18
6330;20
6331;16
6332;25
6333;24
6334;19
6335;22
6336;13
6337;26
6338;25
6339;20
6340;23
6341;15
6342;21
6343;15
6344;25
6345;10
6346;24
6347;16
6348;28
6349;23
6350;17
6351;26
6352;28
6353;16
6354;17
6355;22
6356;19
6357;28
6358;19
6359;18
6360;25
6361;26
6362;19
6363;19
6364;23
6365;19
6366;19
6367;20
6368;12
6369;17
6370;14
6371;23
6372;11
6373;15
6374;26
6375;19
6376;20
6377;19
6378;17
6379;25
6380;13
6381;14
6382;12
6383;14
6384;19
6385;19
6386;23
6387;17
6388;17
6389;18
6390;21
6391;14
6392;13
6393;14
6394;23
6395;14
6396;10
6397;10
6398;19
6399;16
6400;25
6401;15
6402;17
6403;10
6404;15
6405;19
6406;20
6407;18
6408;14
6409;10
6410;13
6411;22
6412;17
6413;19
6414;14
6415;13
6416;20
6417;12
6418;12
6419;17
6420;20
6421;17
6422;13
6423;15
6424;18
6425;15
6426;14
6427;18
6428;16
6429;14
6430;19
6431;18
6432;20
6433;16
6434;10
6435;13
6436;18
6437;15
6438;9
6439;12
6440;15
6441;9
6442;13
6443;9
6444;18
6445;13
6446;16
6447;15
6448;15
6449;13
6450;10
6451;14
6452;13
6453;15
6454;12
6455;16
6456;14
6457;14
6458;15
6459;7
6460;14
6461;13
6462;12
6463;14
6464;8
6465;8
6466;10
6467;9
6468;12
6469;6
6470;13
6471;13
6472;9
6473;19
6474;12
6475;6
6476;9
6477;8
6478;15
6479;8
6480;15
6481;14
6482;5
6483;17
6484;13
6485;13
6486;12
6487;9
6488;10
6489;12
6490;10
6491;10
6492;14
6493;7
6494;11
6495;15
6496;10
6497;7
6498;15
6499;7
6500;10
6501;12
6502;8
6503;15
6504;6
6505;10
6506;5
6507;8
6508;10
6509;7
6510;8
6511;9
6512;10
6513;11
6514;11
6515;6
6516;6
6517;8
6518;8
6519;15
6520;6
6521;16
6522;4
6523;6
6524;6
6525;9
6526;15
6527;12
6528;9
6529;13
6530;9
6531;8
6532;11
6533;4
6534;6
6535;6
6536;11
6537;10
6538;4
6539;4
6540;4
6541;11
6542;7
6543;6
6544;7
6545;5
6546;8
6547;4
6548;6
6549;8
6550;7
6551;12
6552;7
6553;5
6554;7
6555;8
6556;8
6557;6
6558;10
6559;5
6560;10
6561;5
6562;8
6563;4
6564;5
6565;6
6566;6
6567;6
6568;4
6569;7
6570;6
6571;5
6572;7
6573;6
6574;5
6575;6
6576;5
6577;5
6578;4
6579;9
6580;2
6581;7
6582;7
6583;5
6584;6
6585;10
6586;9
6587;4
6588;5
6589;9
6590;3
6591;5
6592;5
6593;7
6594;3
6595;5
6596;9
6597;5
6598;10
6599;8
6600;4
6601;4
6602;3
6603;8
6604;4
6605;1
6606;3
6607;5
6608;4
6609;7
6610;3
6611;7
6612;6
6613;4
6614;7
6615;10
6616;7
6617;4
6618;5
6619;2
6620;1
6621;5
6622;6
6623;3
6624;5
6625;5
6626;5
6627;5
6628;6
6629;3
6630;3
6631;3
6632;4
6633;8
6634;3
6635;7
6636;3
6637;7
6638;7
6639;3
6640;7
6641;2
6642;4
6643;8
6644;1
6645;4
6646;7
6647;6
6648;6
6649;5
6650;4
6651;4
6652;4
6653;7
6654;8
6655;2
6656;2
6657;8
6658;5
6659;5
6660;5
6661;6
6662;4
6663;4
6664;6
6665;2
6666;5
6667;4
6668;4
6669;0
6670;1
6671;3
6672;7
6673;1
6674;10
6675;6
6676;4
6677;4
6678;7
6679;6
6680;5
6681;5
6682;4
6683;3
6684;4
6685;5
6686;5
6687;3
6688;8
6689;5
6690;8
6691;6
6692;5
6693;5
6694;7
6695;1
6696;0
6697;3
6698;4
6699;6
6700;0
6701;5
6702;4
6703;4
6704;4
6705;6
6706;4
6707;4
6708;4
6709;2
6710;4
6711;7
6712;2
6713;3
6714;2
6715;4
6716;2
6717;1
6718;2
6719;8
6720;4
6721;3
6722;1
6723;4
6724;4
6725;3
6726;4
6727;5
6728;3
6729;2
6730;4
6731;5
6732;3
6733;4
6734;2
6735;3
6736;1
6737;3
6738;2
6739;7
6740;2
6741;4
6742;6
6743;3
6744;7
6745;3
6746;5
6747;2
6748;4
6749;3
6750;4
6751;4
6752;3
6753;3
6754;2
6755;5
6756;4
6757;1
6758;5
6759;6
6760;2
6761;3
6762;3
6763;6
6764;2
6765;3
6766;4
6767;2
6768;5
6769;3
6770;3
6771;6
6772;5
6773;4
6774;1
6775;2
6776;5
6777;0
6778;5
6779;2
6780;6
6781;1
6782;3
6783;4
6784;6
6785;7
6786;2
6787;4
6788;5
6789;4
6790;3
6791;1
6792;2
6793;3
6794;5
6795;4
6796;4
6797;2
6798;2
6799;4
6800;3
6801;8
6802;2
6803;1
6804;3
6805;2
6806;3
6807;2
6808;3
6809;5
6810;6
6811;1
6812;3
6813;5
6814;4
6815;5
6816;3
6817;1
6818;5
6819;3
6820;6
6821;4
6822;1
6823;3
6824;0
6825;3
6826;1
6827;2
6828;1
6829;5
6830;2
6831;2
6832;1
6833;0
6834;4
6835;4
6836;4
6837;3
6838;2
6839;2
6840;2
6841;1
6842;1
6843;5
6844;2
6845;4
6846;1
6847;0
6848;1
6849;3
6850;2
6851;1
6852;5
6853;4
6854;2
6855;2
6856;5
6857;4
6858;1
6859;3
6860;0
6861;2
6862;6
6863;1
6864;2
6865;1
6866;1
6867;3
6868;3
6869;2
6870;1
6871;5
6872;4
6873;0
6874;0
6875;1
6876;3
6877;1
6878;2
6879;2
6880;5
6881;2
6882;2
6883;1
6884;3
6885;2
6886;2
6887;2
6888;0
6889;4
6890;3
6891;4
6892;4
6893;1
6894;2
6895;2
6896;1
6897;1
6898;1
6899;1
6900;4
6901;1
6902;3
6903;0
6904;4
6905;6
6906;3
6907;1
6908;1
6909;1
6910;3
6911;0
6912;2
6913;1
6914;2
6915;3
6916;0
6917;3
6918;1
6919;0
6920;1
6921;2
6922;2
6923;0
6924;4
6925;2
6926;0
6927;1
6928;1
6929;2
6930;0
6931;4
6932;3
6933;3
6934;1
6935;2
6936;3
6937;2
6938;1
6939;0
6940;0
6941;1
6942;2
6943;2
6944;0
6945;1
6946;0
6947;0
6948;1
6949;3
6950;0
6951;1
6952;1
6953;1
6954;1
6955;1
6956;2
6957;0
6958;2
6959;3
6960;2
6961;0
6962;1
6963;0
6964;3
6965;3
6966;2
6967;3
6968;0
6969;2
6970;1
6971;0
6972;2
6973;0
6974;3
6975;3
6976;3
6977;1
6978;2
6979;0
6980;0
6981;1
6982;1
6983;1
6984;0
6985;2
6986;1
6987;2
6988;1
6989;0
6990;1
6991;0
6992;1
6993;2
6994;1
6995;0
6996;0
6997;1
6998;1
6999;1
7000;0
7001;1
7002;0
7003;0
7004;0
7005;2
7006;1
7007;1
7008;3
7009;1
7010;1
7011;1
7012;0
7013;0
7014;0
7015;0
7016;0
7017;2
7018;0
7019;0
7020;1
7021;0
7022;1
7023;1
7024;1
7025;0
7026;1
7027;2
7028;0
7029;0
7030;1
7031;0
7032;0
7033;0
7034;0
7035;0
7036;2
7037;2
7038;1
7039;0
7040;1
7041;0
7042;0
7043;2
7044;0
7045;0
7046;1
7047;1
7048;0
7049;0
7050;3
7051;2
7052;1
7053;1
7054;0
7055;0
7056;1
7057;0
7058;1
7059;2
7060;2
7061;0
7062;1
7063;1
7064;0
7065;0
7066;1
7067;1
7068;1
7069;0
7070;2
7071;1
7072;1
7073;1
7074;0
7075;2
7076;0
7077;1
7078;2
7079;1
7080;1
7081;0
7082;2
7083;0
7084;4
7085;0
7086;2
7087;3
7088;0
7089;1
7090;0
7091;0
7092;2
7093;0
7094;0
7095;0
7096;0
7097;0
7098;3
7099;1
7100;0
7101;0
7102;1
7103;0
7104;1
7105;1
7106;0
7107;0
7108;0
7109;2
7110;0
7111;0
7112;0
7113;2
7114;1
7115;0
7116;0
7117;1
7118;0
7119;1
7120;0
7121;0
7122;1
7123;0
7124;0
7125;1
7126;0
7127;0
7128;0
7129;0
7130;1
7131;0
7132;2
7133;2
7134;0
7135;0
7136;1
7137;1
7138;0
7139;1
7140;1
7141;0
7142;2
7143;1
7144;0
7145;0
7146;0
7147;0
7148;0
7149;0
7150;1
7151;0
7152;0
7153;0
7154;0
7155;2
7156;1
7157;0
7158;1
7159;1
7160;0
7161;1
7162;0
7163;1
7164;0
7165;2
7166;1
7167;0
7168;1
7169;1
7170;1
7171;0
7172;1
7173;0
7174;0
7175;1
7176;0
7177;1
7178;0
7179;0
7180;0
7181;0
7182;0
7183;0
7184;1
7185;0
7186;1
7187;1
7188;2
7189;1
7190;2
7191;0
7192;2
7193;1
7194;0
7195;0
7196;0
7197;1
7198;2
7199;0
7200;0
7201;1
7202;0
7203;0
7204;0
7205;0
7206;0
7207;1
7208;0
7209;1
7210;0
7211;0
7212;1
7213;0
7214;0
7215;0
7216;0
7217;0
7218;0
7219;0
7220;1
7221;0
7222;0
7223;1
7224;0
7225;1
7226;1
7227;2
7228;2
7229;0
7230;0
7231;0
7232;1
7233;0
7234;1
7235;0
7236;0
7237;0
7238;0
7239;1
7240;0
7241;0
7242;3
7243;0
7244;1
7245;0
7246;0
7247;0
7248;1
7249;0
7250;0
7251;0
7252;1
7253;1
7254;0
7255;0
7256;1
7257;0
7258;1
7259;0
7260;1
7261;1
7262;0
7263;1
7264;0
7265;1
7266;1
7267;2
7268;0
7269;0
7270;3
7271;0
7272;1
7273;1
7274;0
7275;0
7276;0
7277;0
7278;0
7279;0
7280;0
7281;0
7282;0
7283;0
7284;1
7285;0
7286;0
7287;1
7288;1
7289;1
7290;1
7291;0
7292;0
7293;1
7294;0
7295;1
7296;0
7297;1
7298;1
7299;0
7300;0
7301;0
7302;0
7303;2
7304;1
7305;0
7306;1
7307;0
7308;0
7309;0
7310;1
7311;1
7312;0
7313;0
7314;0
7315;0
7316;0
7317;0
7318;0
7319;1
7320;0
7321;0
7322;0
7323;1
7324;0
7325;0
7326;0
7327;1
7328;0
7329;0
7330;0
7331;0
7332;1
7333;0
7334;0
7335;0
7336;0
7337;0
7338;0
7339;1
7340;0
7341;0
7342;1
7343;1
7344;1
7345;0
7346;0
7347;0
7348;0
7349;1
7350;0
7351;0
7352;0
7353;0
7354;0
7355;1
7356;0
7357;1
7358;0
7359;0
7360;1
7361;2
7362;1
7363;1
7364;1
7365;2
7366;0
7367;0
7368;0
7369;1
7370;0
7371;0
7372;0
7373;0
7374;1
7375;0
7376;2
7377;1
7378;0
7379;0
7380;0
7381;0
7382;1
7383;2
7384;1
7385;1
7386;0
7387;0
7388;0
7389;0
7390;1
7391;0
7392;0
7393;0
7394;0
7395;0
7396;1
7397;0
7398;0
7399;0
7400;1
7401;0
7402;1
7403;0
7404;1
7405;1
7406;0
7407;0
7408;1
7409;0
7410;0
7411;1
7412;0
7413;1
7414;0
7415;1
7416;1
7417;0
7418;0
7419;0
7420;1
7421;0
7422;1
7423;1
7424;1
7425;1
7426;1
7427;0
7428;0
7429;0
7430;0
7431;0
7432;0
7433;0
7434;1
7435;1
7436;0
7437;2
7438;1
7439;0
7440;0
7441;0
7442;1
7443;0
7444;0
7445;0
7446;0
7447;0
7448;2
7449;0
7450;0
7451;0
7452;0
7453;1
7454;0
7455;1
7456;0
7457;0
7458;0
7459;0
7460;1
7461;1
7462;1
7463;0
7464;0
7465;1
7466;1
7467;0
7468;0
7469;1
7470;0
7471;1
7472;1
7473;0
7474;0
7475;1
7476;1
7477;2
7478;0
7479;0
7480;0
7481;0
7482;1
7483;1
7484;3
7485;1
7486;2
7487;1
7488;0
7489;0
7490;0
7491;1
7492;2
7493;1
7494;1
7495;2
7496;0
7497;0
7498;1
7499;1
7500;0
7501;0
7502;0
7503;0
7504;0
7505;1
7506;0
7507;3
7508;0
7509;0
7510;0
7511;0
7512;0
7513;0
7514;0
7515;0
7516;1
7517;0
7518;0
7519;1
7520;0
7521;0
7522;0
7523;1
7524;1
7525;0
7526;1
7527;1
7528;0
7529;0
7530;0
7531;2
7532;3
7533;0
7534;0
7535;2
7536;1
7537;1
7538;0
7539;1
7540;1
7541;0
7542;1
7543;0
7544;0
7545;0
7546;1
7547;1
7548;0
7549;1
7550;0
7551;1
7552;0
7553;0
7554;1
7555;0
7556;0
7557;1
7558;1
7559;0
7560;0
7561;0
7562;0
7563;1
7564;0
7565;0
7566;1
7567;1
7568;2
7569;0
7570;0
7571;0
7572;1
7573;0
7574;1
7575;2
7576;2
7577;0
7578;0
7579;1
7580;0
7581;0
7582;0
7583;0
7584;1
7585;0
7586;0
7587;2
7588;0
7589;0
7590;0
7591;0
7592;2
7593;1
7594;0
7595;0
7596;0
7597;0
7598;0
7599;1
7600;2
7601;0
7602;0
7603;0
7604;0
7605;2
7606;0
7607;0
7608;0
7609;0
7610;0
7611;0
7612;0
7613;0
7614;2
7615;0
7616;1
7617;0
7618;0
7619;1
7620;0
7621;0
7622;0
7623;0
7624;0
7625;1
7626;0
7627;0
7628;0
7629;1
7630;0
7631;0
7632;0
7633;1
7634;0
7635;0
7636;0
7637;0
7638;0
7639;0
7640;1
7641;0
7642;0
7643;0
7644;0
7645;0
7646;0
7647;1
7648;0
7649;0
7650;2
7651;0
7652;0
7653;0
7654;0
7655;0
7656;0
7657;0
7658;0
7659;0
7660;1
7661;1
7662;1
7663;0
7664;0
7665;1
7666;0
7667;0
7668;0
7669;0
7670;0
7671;2
7672;0
7673;0
7674;0
7675;1
7676;0
7677;0
7678;1
7679;1
7680;0
7681;0
7682;0
7683;0
7684;1
7685;0
7686;0
7687;1
7688;0
7689;0
7690;0
7691;0
7692;0
7693;0
7694;0
7695;0
7696;0
7697;0
7698;0
7699;1
7700;0
7701;1
7702;1
7703;0
7704;1
7705;1
7706;0
7707;1
7708;0
7709;0
7710;1
7711;0
7712;0
7713;1
7714;0
7715;1
7716;1
7717;0
7718;1
7719;0
7720;0
7721;0
7722;0
7723;0
7724;0
7725;0
7726;1
7727;1
7728;1
7729;0
7730;1
7731;0
7732;0
7733;0
7734;0
7735;0
7736;1
7737;0
7738;0
7739;1
7740;1
7741;1
7742;0
7743;0
7744;0
7745;0
7746;0
7747;1
7748;0
7749;0
7750;1
7751;0
7752;0
7753;0
7754;0
7755;0
7756;0
7757;0
7758;0
7759;0
7760;1
7761;0
7762;0
7763;0
7764;0
7765;1
7766;0
7767;0
7768;0
7769;0
7770;0
7771;0
7772;0
7773;0
7774;0
7775;1
7776;1
7777;0
7778;1
7779;0
7780;1
7781;2
7782;1
7783;0
7784;1
7785;0
7786;1
7787;0
7788;0
7789;0
7790;0
7791;1
7792;0
7793;2
7794;1
7795;2
7796;0
7797;0
7798;1
7799;0
7800;2
7801;0
7802;1
7803;0
7804;0
7805;0
7806;0
7807;0
7808;0
7809;0
7810;0
7811;1
7812;0
7813;0
7814;0
7815;1
7816;0
7817;0
7818;0
7819;0
7820;0
7821;0
7822;0
7823;0
7824;0
7825;0
7826;1
7827;0
7828;0
7829;0
7830;0
7831;1
7832;0
7833;0
7834;0
7835;0
7836;0
7837;0
7838;0
7839;0
7840;0
7841;0
7842;0
7843;0
7844;0
7845;0
7846;0
7847;0
7848;0
7849;1
7850;0
7851;0
7852;1
7853;0
7854;0
7855;0
7856;1
7857;1
7858;0
7859;0
7860;0
7861;0
7862;0
7863;0
7864;0
7865;0
7866;0
7867;0
7868;0
7869;0
7870;0
7871;0
7872;0
7873;0
7874;0
7875;0
7876;0
7877;0
7878;0
7879;0
7880;0
7881;1
7882;0
7883;1
7884;0
7885;0
7886;2
7887;1
7888;0
7889;0
7890;0
7891;0
7892;0
7893;0
7894;0
7895;0
7896;0
7897;0
7898;0
7899;0
7900;0
7901;0
7902;0
7903;0
7904;0
7905;0
7906;0
7907;0
7908;0
7909;0
7910;0
7911;0
7912;0
7913;0
7914;0
7915;0
7916;0
7917;0
7918;0
7919;0
7920;0
7921;0
7922;0
7923;0
7924;0
7925;0
7926;0
7927;0
7928;0
7929;0
7930;0
7931;0
7932;0
7933;0
7934;0
7935;0
7936;0
7937;0
7938;0
7939;0
7940;0
7941;0
7942;0
7943;0
7944;0
7945;0
7946;0
7947;0
7948;0
7949;0
7950;0
7951;0
7952;0
7953;0
7954;0
7955;0
7956;0
7957;0
7958;0
7959;0
7960;0
7961;0
7962;0
7963;0
7964;0
7965;0
7966;0
7967;0
7968;0
7969;1
7970;0
7971;0
7972;0
7973;0
7974;0
7975;0
7976;0
7977;1
7978;0
7979;0
7980;0
7981;0
7982;0
7983;1
7984;0
7985;0
7986;0
7987;0
7988;0
7989;0
7990;0
7991;0
7992;0
7993;0
7994;0
7995;0
7996;0
7997;0
7998;0
7999;0
8000;0
8001;0
8002;0
8003;0
8004;0
8005;0
8006;0
8007;0
8008;0
8009;0
8010;0
8011;0
8012;0
8013;0
8014;0
8015;0
8016;0
8017;0
8018;0
8019;0
8020;0
8021;0
8022;0
8023;0
8024;0
8025;0
8026;0
8027;0
8028;0
8029;0
8030;0
8031;0
8032;0
8033;0
8034;0
8035;0
8036;0
8037;0
8038;0
8039;0
8040;0
8041;0
8042;0
8043;0
8044;0
8045;0
8046;0
8047;0
8048;0
8049;0
8050;0
8051;0
8052;0
8053;0
8054;0
8055;0
8056;0
8057;0
8058;0
8059;0
8060;0
8061;0
8062;0
8063;0
8064;0
8065;0
8066;0
8067;0
8068;0
8069;0
8070;0
8071;0
8072;0
8073;0
8074;0
8075;0
8076;0
8077;0
8078;0
8079;0
8080;0
8081;0
8082;0
8083;0
8084;0
8085;0
8086;0
8087;0
8088;0
8089;0
8090;0
8091;0
8092;0
8093;0
8094;0
8095;0
8096;0
8097;0
8098;0
8099;0
8100;0
8101;0
8102;0
8103;0
8104;0
8105;0
8106;0
8107;0
8108;0
8109;0
8110;0
8111;0
8112;0
8113;0
8114;0
8115;0
8116;0
8117;0
8118;0
8119;0
8120;0
8121;0
8122;0
8123;0
8124;0
8125;0
8126;0
8127;0
8128;0
8129;0
8130;0
8131;0
8132;0
8133;0
8134;0
8135;0
8136;0
8137;0
8138;0
8139;0
8140;0
8141;0
8142;0
8143;0
8144;0
8145;0
8146;0
8147;0
8148;0
8149;0
8150;0
8151;0
8152;0
8153;0
8154;0
8155;0
8156;0
8157;0
8158;0
8159;0
8160;0
8161;0
8162;0
8163;0
8164;0
8165;0
8166;0
8167;0
8168;0
8169;0
8170;0
8171;0
8172;0
8173;0
8174;0
8175;0
8176;0
8177;0
8178;0
8179;0
8180;0
8181;0
8182;0
8183;0
8184;0
8185;0
8186;0
8187;0
8188;0
8189;0
8190;0
8191;0
