0;0
1;0
2;0
3;0
4;0
5;0
6;0
7;0
8;0
9;0
10;0
11;0
12;0
13;0
14;0
15;0
16;0
17;0
18;0
19;0
20;0
21;0
22;0
23;0
24;0
25;0
26;0
27;0
28;0
29;0
30;0
31;0
32;0
33;0
34;0
35;0
36;0
37;0
38;0
39;0
40;0
41;0
42;0
43;0
44;0
45;0
46;0
47;0
48;0
49;0
50;0
51;0
52;0
53;0
54;0
55;0
56;0
57;0
58;0
59;0
60;0
61;0
62;0
63;0
64;0
65;2
66;0
67;0
68;3
69;8
70;9
71;7
72;7
73;11
74;13
75;17
76;12
77;12
78;12
79;18
80;12
81;12
82;12
83;17
84;17
85;13
86;21
87;14
88;14
89;10
90;8
91;16
92;12
93;17
94;12
95;8
96;15
97;13
98;14
99;14
100;19
101;15
102;14
103;19
104;14
105;14
106;9
107;16
108;13
109;18
110;16
111;11
112;9
113;9
114;16
115;11
116;19
117;17
118;13
119;9
120;10
121;17
122;17
123;10
124;16
125;10
126;8
127;16
128;11
129;23
130;11
131;10
132;11
133;12
134;20
135;19
136;16
137;12
138;19
139;22
140;10
141;21
142;15
143;10
144;7
145;20
146;11
147;8
148;16
149;11
150;16
151;16
152;13
153;14
154;20
155;9
156;15
157;20
158;18
159;13
160;14
161;18
162;7
163;11
164;14
165;10
166;17
167;16
168;11
169;16
170;15
171;16
172;17
173;18
174;12
175;13
176;17
177;12
178;17
179;13
180;22
181;13
182;21
183;20
184;8
185;11
186;19
187;14
188;16
189;9
190;18
191;15
192;13
193;18
194;17
195;16
196;19
197;19
198;11
199;15
200;20
201;14
202;15
203;19
204;13
205;11
206;19
207;18
208;12
209;16
210;12
211;13
212;18
213;23
214;17
215;15
216;14
217;15
218;11
219;14
220;20
221;12
222;20
223;19
224;14
225;13
226;10
227;18
228;17
229;7
230;13
231;20
232;13
233;7
234;25
235;15
236;12
237;14
238;23
239;16
240;13
241;8
242;10
243;18
244;9
245;13
246;17
247;14
248;9
249;15
250;8
251;13
252;11
253;8
254;15
255;12
256;17
257;18
258;10
259;10
260;13
261;11
262;13
263;10
264;5
265;18
266;13
267;12
268;13
269;16
270;15
271;18
272;18
273;17
274;16
275;22
276;20
277;21
278;12
279;15
280;18
281;17
282;18
283;11
284;14
285;17
286;21
287;20
288;21
289;13
290;15
291;19
292;22
293;16
294;18
295;21
296;21
297;9
298;11
299;17
300;12
301;17
302;14
303;15
304;16
305;16
306;13
307;17
308;17
309;15
310;10
311;14
312;8
313;13
314;25
315;9
316;15
317;22
318;20
319;15
320;16
321;17
322;25
323;19
324;15
325;23
326;12
327;17
328;15
329;15
330;23
331;14
332;19
333;19
334;20
335;9
336;14
337;15
338;11
339;10
340;20
341;14
342;17
343;16
344;14
345;21
346;20
347;15
348;12
349;15
350;19
351;27
352;11
353;18
354;16
355;13
356;20
357;18
358;15
359;9
360;15
361;15
362;15
363;19
364;21
365;16
366;29
367;19
368;14
369;15
370;14
371;13
372;13
373;18
374;12
375;20
376;15
377;17
378;10
379;12
380;14
381;16
382;22
383;23
384;14
385;13
386;10
387;17
388;16
389;11
390;16
391;20
392;7
393;12
394;17
395;22
396;18
397;21
398;18
399;20
400;19
401;14
402;18
403;15
404;20
405;11
406;15
407;19
408;12
409;13
410;16
411;28
412;15
413;22
414;18
415;20
416;13
417;15
418;13
419;23
420;14
421;22
422;15
423;17
424;20
425;16
426;18
427;18
428;14
429;15
430;12
431;14
432;13
433;16
434;14
435;13
436;12
437;15
438;9
439;26
440;14
441;11
442;15
443;11
444;15
445;24
446;16
447;22
448;18
449;20
450;17
451;18
452;20
453;19
454;12
455;24
456;16
457;22
458;12
459;14
460;18
461;17
462;15
463;20
464;21
465;18
466;16
467;22
468;16
469;13
470;20
471;15
472;21
473;17
474;21
475;15
476;19
477;17
478;12
479;12
480;19
481;11
482;11
483;16
484;14
485;26
486;28
487;24
488;14
489;8
490;18
491;19
492;16
493;21
494;16
495;15
496;17
497;16
498;22
499;13
500;17
501;14
502;23
503;18
504;24
505;15
506;18
507;19
508;15
509;14
510;25
511;19
512;15
513;21
514;16
515;18
516;16
517;17
518;24
519;11
520;16
521;20
522;15
523;23
524;12
525;19
526;16
527;30
528;14
529;12
530;18
531;17
532;18
533;16
534;22
535;19
536;17
537;13
538;17
539;19
540;18
541;14
542;21
543;19
544;13
545;17
546;17
547;16
548;20
549;14
550;13
551;13
552;6
553;11
554;11
555;15
556;22
557;23
558;19
559;15
560;14
561;12
562;14
563;15
564;24
565;22
566;17
567;12
568;18
569;19
570;9
571;14
572;16
573;16
574;17
575;13
576;16
577;18
578;12
579;11
580;16
581;12
582;12
583;14
584;14
585;19
586;11
587;18
588;17
589;19
590;14
591;18
592;17
593;17
594;17
595;19
596;18
597;14
598;15
599;16
600;17
601;19
602;15
603;11
604;18
605;21
606;20
607;17
608;22
609;10
610;17
611;10
612;25
613;15
614;21
615;21
616;26
617;13
618;18
619;19
620;10
621;22
622;14
623;24
624;18
625;17
626;11
627;22
628;19
629;15
630;19
631;24
632;21
633;17
634;18
635;21
636;21
637;16
638;17
639;17
640;21
641;21
642;15
643;23
644;15
645;26
646;19
647;10
648;16
649;23
650;12
651;15
652;14
653;26
654;18
655;16
656;15
657;23
658;18
659;17
660;15
661;15
662;21
663;16
664;12
665;17
666;11
667;18
668;18
669;15
670;16
671;18
672;26
673;9
674;12
675;18
676;22
677;19
678;13
679;20
680;22
681;26
682;23
683;25
684;23
685;22
686;11
687;20
688;22
689;30
690;20
691;20
692;11
693;19
694;11
695;18
696;13
697;15
698;21
699;21
700;13
701;20
702;16
703;21
704;21
705;28
706;18
707;14
708;17
709;22
710;24
711;22
712;20
713;12
714;18
715;21
716;15
717;20
718;18
719;24
720;13
721;19
722;23
723;18
724;22
725;19
726;14
727;15
728;20
729;15
730;18
731;12
732;15
733;18
734;13
735;23
736;20
737;15
738;23
739;19
740;11
741;23
742;19
743;13
744;14
745;22
746;21
747;22
748;16
749;15
750;19
751;15
752;16
753;24
754;12
755;27
756;12
757;17
758;20
759;13
760;14
761;16
762;20
763;14
764;17
765;16
766;21
767;12
768;19
769;19
770;15
771;18
772;15
773;12
774;13
775;21
776;21
777;26
778;18
779;14
780;19
781;16
782;18
783;14
784;14
785;13
786;11
787;13
788;14
789;16
790;20
791;17
792;21
793;17
794;16
795;16
796;19
797;18
798;26
799;17
800;23
801;18
802;18
803;27
804;25
805;16
806;20
807;11
808;10
809;18
810;11
811;17
812;24
813;26
814;27
815;19
816;25
817;20
818;25
819;20
820;17
821;15
822;16
823;21
824;19
825;12
826;16
827;19
828;12
829;18
830;21
831;17
832;20
833;22
834;15
835;17
836;17
837;21
838;16
839;26
840;25
841;20
842;21
843;16
844;17
845;18
846;21
847;27
848;18
849;10
850;27
851;19
852;12
853;15
854;17
855;23
856;21
857;15
858;13
859;18
860;13
861;20
862;14
863;16
864;20
865;21
866;22
867;15
868;25
869;19
870;18
871;24
872;16
873;13
874;20
875;19
876;23
877;17
878;17
879;20
880;14
881;17
882;16
883;15
884;18
885;19
886;15
887;17
888;10
889;20
890;20
891;23
892;22
893;20
894;26
895;16
896;14
897;21
898;17
899;19
900;28
901;24
902;23
903;17
904;13
905;24
906;15
907;18
908;18
909;26
910;19
911;22
912;23
913;9
914;28
915;17
916;14
917;19
918;18
919;18
920;23
921;27
922;23
923;26
924;26
925;14
926;21
927;31
928;11
929;20
930;28
931;13
932;13
933;18
934;31
935;23
936;26
937;16
938;22
939;29
940;25
941;19
942;21
943;28
944;17
945;21
946;22
947;17
948;26
949;23
950;22
951;24
952;15
953;24
954;19
955;21
956;16
957;22
958;21
959;15
960;18
961;26
962;17
963;14
964;23
965;23
966;22
967;24
968;20
969;19
970;24
971;19
972;18
973;24
974;26
975;28
976;12
977;18
978;30
979;21
980;22
981;18
982;18
983;13
984;18
985;23
986;15
987;16
988;25
989;15
990;20
991;18
992;20
993;19
994;24
995;15
996;23
997;22
998;17
999;27
1000;15
1001;27
1002;19
1003;27
1004;16
1005;20
1006;14
1007;21
1008;13
1009;20
1010;25
1011;25
1012;19
1013;17
1014;22
1015;21
1016;25
1017;19
1018;17
1019;28
1020;19
1021;26
1022;23
1023;18
1024;16
1025;16
1026;22
1027;29
1028;24
1029;22
1030;13
1031;21
1032;24
1033;24
1034;20
1035;21
1036;20
1037;27
1038;21
1039;22
1040;18
1041;21
1042;25
1043;25
1044;28
1045;17
1046;23
1047;14
1048;21
1049;23
1050;25
1051;31
1052;13
1053;23
1054;27
1055;21
1056;18
1057;24
1058;24
1059;24
1060;19
1061;27
1062;19
1063;17
1064;23
1065;20
1066;24
1067;21
1068;17
1069;23
1070;27
1071;30
1072;26
1073;24
1074;30
1075;12
1076;22
1077;19
1078;24
1079;22
1080;17
1081;18
1082;20
1083;25
1084;26
1085;13
1086;24
1087;19
1088;18
1089;27
1090;29
1091;21
1092;22
1093;20
1094;19
1095;20
1096;23
1097;18
1098;19
1099;22
1100;25
1101;18
1102;23
1103;20
1104;25
1105;22
1106;11
1107;29
1108;21
1109;14
1110;18
1111;20
1112;23
1113;18
1114;15
1115;15
1116;27
1117;22
1118;15
1119;25
1120;29
1121;20
1122;22
1123;19
1124;12
1125;16
1126;26
1127;24
1128;21
1129;19
1130;18
1131;19
1132;25
1133;23
1134;26
1135;18
1136;22
1137;14
1138;26
1139;23
1140;13
1141;16
1142;24
1143;16
1144;19
1145;8
1146;23
1147;19
1148;32
1149;25
1150;25
1151;22
1152;24
1153;26
1154;29
1155;27
1156;17
1157;27
1158;15
1159;19
1160;28
1161;23
1162;27
1163;25
1164;19
1165;19
1166;21
1167;20
1168;23
1169;24
1170;21
1171;24
1172;29
1173;24
1174;12
1175;16
1176;26
1177;17
1178;21
1179;28
1180;21
1181;14
1182;20
1183;16
1184;28
1185;13
1186;17
1187;20
1188;24
1189;24
1190;26
1191;23
1192;20
1193;24
1194;23
1195;11
1196;13
1197;23
1198;17
1199;25
1200;22
1201;19
1202;18
1203;23
1204;21
1205;20
1206;24
1207;18
1208;24
1209;25
1210;25
1211;18
1212;17
1213;21
1214;25
1215;23
1216;19
1217;23
1218;22
1219;22
1220;31
1221;22
1222;27
1223;14
1224;17
1225;20
1226;26
1227;30
1228;24
1229;14
1230;22
1231;25
1232;22
1233;23
1234;22
1235;17
1236;21
1237;22
1238;17
1239;22
1240;28
1241;17
1242;20
1243;20
1244;24
1245;24
1246;30
1247;20
1248;26
1249;19
1250;18
1251;22
1252;22
1253;20
1254;26
1255;20
1256;18
1257;25
1258;15
1259;16
1260;32
1261;15
1262;19
1263;21
1264;14
1265;21
1266;20
1267;28
1268;13
1269;19
1270;15
1271;23
1272;22
1273;18
1274;13
1275;13
1276;16
1277;16
1278;20
1279;25
1280;25
1281;25
1282;18
1283;18
1284;14
1285;30
1286;24
1287;22
1288;18
1289;23
1290;25
1291;25
1292;15
1293;15
1294;25
1295;28
1296;18
1297;23
1298;25
1299;22
1300;28
1301;23
1302;18
1303;17
1304;18
1305;26
1306;19
1307;23
1308;21
1309;18
1310;29
1311;16
1312;23
1313;20
1314;18
1315;11
1316;21
1317;22
1318;19
1319;16
1320;24
1321;19
1322;24
1323;24
1324;21
1325;14
1326;11
1327;18
1328;31
1329;20
1330;16
1331;14
1332;17
1333;21
1334;19
1335;18
1336;18
1337;18
1338;21
1339;27
1340;16
1341;28
1342;14
1343;28
1344;22
1345;17
1346;19
1347;15
1348;20
1349;17
1350;19
1351;19
1352;19
1353;19
1354;16
1355;18
1356;21
1357;23
1358;18
1359;18
1360;19
1361;19
1362;10
1363;21
1364;17
1365;21
1366;21
1367;24
1368;31
1369;23
1370;21
1371;21
1372;26
1373;16
1374;19
1375;10
1376;23
1377;23
1378;25
1379;25
1380;17
1381;12
1382;13
1383;15
1384;18
1385;25
1386;18
1387;12
1388;19
1389;22
1390;22
1391;29
1392;22
1393;12
1394;21
1395;20
1396;25
1397;26
1398;19
1399;25
1400;25
1401;23
1402;25
1403;12
1404;19
1405;21
1406;24
1407;21
1408;23
1409;23
1410;20
1411;15
1412;11
1413;21
1414;17
1415;18
1416;22
1417;24
1418;20
1419;25
1420;23
1421;26
1422;18
1423;23
1424;19
1425;15
1426;25
1427;24
1428;27
1429;14
1430;16
1431;14
1432;15
1433;23
1434;20
1435;31
1436;13
1437;21
1438;15
1439;19
1440;26
1441;18
1442;26
1443;18
1444;25
1445;29
1446;14
1447;25
1448;23
1449;28
1450;18
1451;22
1452;18
1453;20
1454;20
1455;14
1456;16
1457;21
1458;27
1459;21
1460;24
1461;26
1462;24
1463;13
1464;23
1465;19
1466;21
1467;17
1468;19
1469;16
1470;20
1471;20
1472;19
1473;18
1474;21
1475;27
1476;25
1477;15
1478;26
1479;21
1480;21
1481;23
1482;11
1483;20
1484;21
1485;24
1486;25
1487;20
1488;20
1489;27
1490;20
1491;17
1492;27
1493;18
1494;17
1495;23
1496;19
1497;25
1498;15
1499;29
1500;31
1501;26
1502;27
1503;22
1504;18
1505;26
1506;19
1507;20
1508;17
1509;22
1510;22
1511;19
1512;19
1513;22
1514;20
1515;22
1516;11
1517;23
1518;24
1519;24
1520;21
1521;21
1522;20
1523;19
1524;26
1525;18
1526;16
1527;17
1528;11
1529;27
1530;18
1531;18
1532;21
1533;27
1534;19
1535;15
1536;18
1537;25
1538;21
1539;18
1540;27
1541;22
1542;24
1543;16
1544;25
1545;19
1546;16
1547;23
1548;28
1549;27
1550;22
1551;15
1552;20
1553;22
1554;20
1555;20
1556;21
1557;21
1558;14
1559;14
1560;18
1561;19
1562;21
1563;19
1564;19
1565;23
1566;21
1567;25
1568;26
1569;27
1570;25
1571;17
1572;26
1573;18
1574;23
1575;27
1576;23
1577;21
1578;27
1579;12
1580;17
1581;28
1582;15
1583;18
1584;19
1585;22
1586;29
1587;21
1588;21
1589;26
1590;18
1591;25
1592;25
1593;20
1594;17
1595;23
1596;17
1597;16
1598;19
1599;17
1600;20
1601;26
1602;12
1603;18
1604;22
1605;29
1606;18
1607;23
1608;21
1609;23
1610;23
1611;20
1612;26
1613;18
1614;23
1615;20
1616;21
1617;12
1618;22
1619;19
1620;19
1621;12
1622;31
1623;16
1624;27
1625;22
1626;15
1627;16
1628;20
1629;25
1630;21
1631;17
1632;23
1633;15
1634;23
1635;19
1636;19
1637;19
1638;18
1639;22
1640;15
1641;19
1642;20
1643;22
1644;25
1645;13
1646;26
1647;17
1648;22
1649;21
1650;22
1651;32
1652;24
1653;20
1654;18
1655;22
1656;19
1657;22
1658;20
1659;17
1660;16
1661;20
1662;14
1663;19
1664;22
1665;27
1666;22
1667;17
1668;22
1669;19
1670;29
1671;21
1672;24
1673;18
1674;21
1675;20
1676;14
1677;23
1678;13
1679;18
1680;31
1681;12
1682;18
1683;26
1684;20
1685;19
1686;15
1687;23
1688;22
1689;26
1690;23
1691;16
1692;18
1693;24
1694;18
1695;26
1696;16
1697;21
1698;25
1699;16
1700;23
1701;24
1702;15
1703;17
1704;11
1705;19
1706;24
1707;13
1708;20
1709;16
1710;20
1711;25
1712;23
1713;21
1714;21
1715;22
1716;22
1717;19
1718;15
1719;21
1720;23
1721;22
1722;21
1723;24
1724;30
1725;15
1726;26
1727;27
1728;11
1729;25
1730;19
1731;21
1732;22
1733;20
1734;10
1735;15
1736;23
1737;25
1738;18
1739;28
1740;19
1741;30
1742;20
1743;24
1744;15
1745;18
1746;28
1747;21
1748;26
1749;28
1750;21
1751;16
1752;25
1753;29
1754;24
1755;21
1756;23
1757;25
1758;25
1759;21
1760;25
1761;18
1762;18
1763;27
1764;22
1765;31
1766;19
1767;17
1768;19
1769;24
1770;15
1771;17
1772;17
1773;17
1774;25
1775;22
1776;21
1777;20
1778;22
1779;18
1780;22
1781;21
1782;26
1783;31
1784;24
1785;15
1786;23
1787;18
1788;22
1789;18
1790;19
1791;25
1792;17
1793;30
1794;23
1795;19
1796;16
1797;20
1798;11
1799;20
1800;18
1801;20
1802;25
1803;17
1804;25
1805;18
1806;20
1807;14
1808;18
1809;24
1810;18
1811;27
1812;23
1813;17
1814;25
1815;33
1816;26
1817;18
1818;26
1819;14
1820;15
1821;10
1822;27
1823;29
1824;19
1825;30
1826;24
1827;19
1828;15
1829;19
1830;27
1831;25
1832;18
1833;26
1834;16
1835;16
1836;27
1837;23
1838;22
1839;16
1840;19
1841;24
1842;20
1843;17
1844;23
1845;11
1846;20
1847;20
1848;21
1849;17
1850;20
1851;17
1852;19
1853;23
1854;15
1855;20
1856;21
1857;17
1858;20
1859;24
1860;18
1861;21
1862;14
1863;23
1864;22
1865;22
1866;23
1867;18
1868;20
1869;19
1870;28
1871;15
1872;16
1873;28
1874;19
1875;21
1876;24
1877;19
1878;19
1879;23
1880;26
1881;23
1882;17
1883;17
1884;11
1885;23
1886;27
1887;28
1888;20
1889;22
1890;23
1891;25
1892;24
1893;18
1894;16
1895;18
1896;18
1897;20
1898;10
1899;17
1900;19
1901;18
1902;22
1903;23
1904;29
1905;22
1906;25
1907;19
1908;19
1909;26
1910;23
1911;16
1912;23
1913;16
1914;14
1915;20
1916;24
1917;14
1918;25
1919;20
1920;21
1921;15
1922;22
1923;19
1924;17
1925;20
1926;23
1927;25
1928;17
1929;22
1930;19
1931;19
1932;18
1933;16
1934;25
1935;18
1936;21
1937;17
1938;28
1939;24
1940;24
1941;24
1942;25
1943;10
1944;25
1945;23
1946;28
1947;21
1948;24
1949;21
1950;20
1951;19
1952;28
1953;28
1954;25
1955;19
1956;11
1957;18
1958;18
1959;26
1960;18
1961;16
1962;26
1963;18
1964;25
1965;14
1966;13
1967;29
1968;25
1969;28
1970;21
1971;24
1972;24
1973;18
1974;17
1975;21
1976;27
1977;20
1978;26
1979;21
1980;26
1981;19
1982;31
1983;19
1984;19
1985;16
1986;18
1987;17
1988;18
1989;19
1990;23
1991;25
1992;25
1993;17
1994;24
1995;12
1996;29
1997;15
1998;13
1999;20
2000;25
2001;21
2002;20
2003;17
2004;22
2005;32
2006;22
2007;21
2008;35
2009;20
2010;12
2011;20
2012;18
2013;23
2014;22
2015;12
2016;28
2017;15
2018;22
2019;20
2020;23
2021;18
2022;12
2023;20
2024;24
2025;17
2026;23
2027;16
2028;23
2029;7
2030;15
2031;16
2032;25
2033;20
2034;17
2035;23
2036;21
2037;16
2038;24
2039;17
2040;25
2041;14
2042;20
2043;13
2044;19
2045;22
2046;27
2047;20
2048;21
2049;22
2050;22
2051;17
2052;16
2053;21
2054;18
2055;17
2056;31
2057;25
2058;21
2059;31
2060;20
2061;24
2062;22
2063;16
2064;25
2065;22
2066;18
2067;16
2068;22
2069;24
2070;18
2071;22
2072;14
2073;22
2074;13
2075;18
2076;22
2077;15
2078;23
2079;18
2080;15
2081;20
2082;10
2083;19
2084;20
2085;23
2086;18
2087;16
2088;24
2089;18
2090;22
2091;26
2092;18
2093;20
2094;25
2095;26
2096;21
2097;16
2098;28
2099;12
2100;17
2101;21
2102;19
2103;29
2104;15
2105;25
2106;25
2107;19
2108;18
2109;28
2110;26
2111;18
2112;16
2113;18
2114;23
2115;18
2116;15
2117;25
2118;19
2119;16
2120;30
2121;28
2122;18
2123;22
2124;18
2125;16
2126;23
2127;15
2128;15
2129;15
2130;17
2131;25
2132;17
2133;20
2134;20
2135;13
2136;18
2137;20
2138;26
2139;14
2140;24
2141;20
2142;20
2143;22
2144;13
2145;20
2146;16
2147;20
2148;24
2149;19
2150;18
2151;26
2152;15
2153;19
2154;16
2155;20
2156;25
2157;24
2158;18
2159;17
2160;24
2161;16
2162;17
2163;29
2164;25
2165;20
2166;16
2167;28
2168;29
2169;16
2170;25
2171;18
2172;26
2173;25
2174;20
2175;26
2176;16
2177;22
2178;23
2179;21
2180;21
2181;28
2182;18
2183;19
2184;22
2185;21
2186;17
2187;22
2188;21
2189;21
2190;21
2191;14
2192;16
2193;20
2194;19
2195;17
2196;13
2197;19
2198;20
2199;18
2200;18
2201;20
2202;21
2203;20
2204;21
2205;27
2206;17
2207;20
2208;20
2209;20
2210;24
2211;23
2212;24
2213;21
2214;22
2215;26
2216;26
2217;18
2218;21
2219;28
2220;27
2221;18
2222;21
2223;13
2224;21
2225;20
2226;27
2227;20
2228;19
2229;25
2230;29
2231;23
2232;20
2233;13
2234;12
2235;23
2236;27
2237;16
2238;29
2239;25
2240;23
2241;22
2242;20
2243;18
2244;18
2245;18
2246;14
2247;22
2248;18
2249;14
2250;20
2251;19
2252;18
2253;23
2254;29
2255;19
2256;26
2257;12
2258;18
2259;22
2260;16
2261;27
2262;18
2263;24
2264;23
2265;14
2266;21
2267;35
2268;17
2269;18
2270;17
2271;20
2272;18
2273;17
2274;21
2275;24
2276;25
2277;20
2278;20
2279;19
2280;23
2281;18
2282;13
2283;18
2284;18
2285;29
2286;19
2287;17
2288;21
2289;28
2290;23
2291;21
2292;30
2293;22
2294;23
2295;15
2296;27
2297;25
2298;35
2299;28
2300;19
2301;25
2302;29
2303;13
2304;17
2305;23
2306;26
2307;22
2308;27
2309;19
2310;26
2311;14
2312;22
2313;19
2314;23
2315;23
2316;20
2317;26
2318;25
2319;14
2320;16
2321;22
2322;21
2323;31
2324;16
2325;21
2326;24
2327;30
2328;19
2329;15
2330;22
2331;26
2332;20
2333;25
2334;25
2335;21
2336;23
2337;15
2338;25
2339;21
2340;27
2341;29
2342;30
2343;25
2344;18
2345;33
2346;28
2347;21
2348;23
2349;18
2350;24
2351;13
2352;30
2353;19
2354;20
2355;24
2356;30
2357;21
2358;30
2359;10
2360;19
2361;19
2362;21
2363;24
2364;33
2365;28
2366;30
2367;21
2368;20
2369;21
2370;19
2371;22
2372;19
2373;19
2374;22
2375;24
2376;17
2377;26
2378;22
2379;22
2380;22
2381;27
2382;35
2383;16
2384;21
2385;26
2386;24
2387;17
2388;23
2389;17
2390;18
2391;31
2392;24
2393;21
2394;26
2395;21
2396;30
2397;27
2398;17
2399;22
2400;24
2401;28
2402;21
2403;22
2404;27
2405;17
2406;28
2407;17
2408;28
2409;23
2410;19
2411;31
2412;23
2413;16
2414;26
2415;12
2416;19
2417;31
2418;27
2419;21
2420;27
2421;27
2422;33
2423;41
2424;36
2425;25
2426;29
2427;25
2428;28
2429;28
2430;25
2431;20
2432;35
2433;25
2434;33
2435;24
2436;24
2437;29
2438;34
2439;20
2440;28
2441;24
2442;29
2443;25
2444;22
2445;30
2446;31
2447;23
2448;28
2449;28
2450;23
2451;26
2452;30
2453;18
2454;37
2455;26
2456;23
2457;26
2458;26
2459;24
2460;27
2461;20
2462;18
2463;20
2464;29
2465;28
2466;27
2467;27
2468;27
2469;20
2470;32
2471;32
2472;29
2473;32
2474;29
2475;33
2476;29
2477;28
2478;22
2479;28
2480;31
2481;24
2482;24
2483;20
2484;25
2485;28
2486;17
2487;33
2488;21
2489;38
2490;28
2491;29
2492;29
2493;24
2494;40
2495;19
2496;22
2497;24
2498;24
2499;27
2500;24
2501;34
2502;24
2503;26
2504;29
2505;24
2506;15
2507;32
2508;31
2509;32
2510;25
2511;34
2512;35
2513;21
2514;26
2515;33
2516;22
2517;27
2518;22
2519;26
2520;21
2521;30
2522;23
2523;28
2524;32
2525;18
2526;27
2527;21
2528;32
2529;28
2530;29
2531;25
2532;19
2533;32
2534;27
2535;21
2536;36
2537;26
2538;23
2539;31
2540;24
2541;27
2542;29
2543;30
2544;27
2545;28
2546;25
2547;30
2548;28
2549;20
2550;24
2551;20
2552;30
2553;28
2554;28
2555;30
2556;36
2557;33
2558;29
2559;32
2560;17
2561;28
2562;26
2563;27
2564;29
2565;22
2566;15
2567;33
2568;34
2569;23
2570;18
2571;19
2572;31
2573;32
2574;28
2575;30
2576;31
2577;31
2578;29
2579;30
2580;22
2581;23
2582;21
2583;21
2584;32
2585;32
2586;26
2587;25
2588;39
2589;16
2590;28
2591;23
2592;23
2593;21
2594;29
2595;32
2596;21
2597;27
2598;24
2599;24
2600;30
2601;30
2602;24
2603;27
2604;28
2605;23
2606;23
2607;21
2608;29
2609;28
2610;25
2611;33
2612;22
2613;21
2614;30
2615;18
2616;22
2617;32
2618;34
2619;23
2620;25
2621;21
2622;30
2623;16
2624;31
2625;26
2626;30
2627;30
2628;18
2629;33
2630;22
2631;15
2632;20
2633;23
2634;35
2635;23
2636;15
2637;29
2638;32
2639;26
2640;30
2641;33
2642;35
2643;28
2644;25
2645;28
2646;27
2647;29
2648;31
2649;23
2650;23
2651;31
2652;25
2653;33
2654;21
2655;26
2656;22
2657;28
2658;24
2659;22
2660;29
2661;22
2662;21
2663;34
2664;29
2665;26
2666;32
2667;29
2668;32
2669;16
2670;27
2671;29
2672;18
2673;18
2674;18
2675;28
2676;23
2677;32
2678;25
2679;29
2680;25
2681;26
2682;27
2683;15
2684;23
2685;28
2686;21
2687;26
2688;23
2689;23
2690;27
2691;27
2692;16
2693;18
2694;27
2695;29
2696;26
2697;24
2698;33
2699;18
2700;21
2701;22
2702;22
2703;31
2704;30
2705;24
2706;17
2707;25
2708;18
2709;30
2710;24
2711;22
2712;25
2713;31
2714;37
2715;24
2716;26
2717;30
2718;22
2719;23
2720;23
2721;19
2722;19
2723;21
2724;22
2725;18
2726;32
2727;26
2728;22
2729;25
2730;23
2731;41
2732;18
2733;21
2734;24
2735;16
2736;31
2737;21
2738;26
2739;18
2740;17
2741;20
2742;12
2743;22
2744;23
2745;13
2746;23
2747;25
2748;17
2749;30
2750;27
2751;25
2752;33
2753;21
2754;18
2755;33
2756;24
2757;19
2758;32
2759;28
2760;14
2761;33
2762;24
2763;27
2764;22
2765;15
2766;19
2767;24
2768;28
2769;21
2770;21
2771;35
2772;18
2773;18
2774;30
2775;23
2776;24
2777;15
2778;31
2779;21
2780;17
2781;22
2782;25
2783;24
2784;25
2785;31
2786;18
2787;25
2788;19
2789;37
2790;21
2791;26
2792;27
2793;23
2794;14
2795;23
2796;26
2797;28
2798;17
2799;25
2800;21
2801;21
2802;18
2803;17
2804;16
2805;26
2806;29
2807;31
2808;30
2809;20
2810;23
2811;21
2812;26
2813;21
2814;15
2815;17
2816;18
2817;21
2818;23
2819;14
2820;23
2821;19
2822;14
2823;31
2824;19
2825;24
2826;31
2827;24
2828;30
2829;26
2830;25
2831;21
2832;21
2833;35
2834;24
2835;25
2836;23
2837;24
2838;19
2839;26
2840;24
2841;17
2842;19
2843;18
2844;29
2845;23
2846;14
2847;26
2848;24
2849;26
2850;19
2851;25
2852;28
2853;20
2854;16
2855;28
2856;24
2857;28
2858;30
2859;25
2860;21
2861;24
2862;24
2863;28
2864;20
2865;25
2866;25
2867;22
2868;18
2869;23
2870;17
2871;16
2872;28
2873;27
2874;16
2875;26
2876;25
2877;21
2878;28
2879;22
2880;21
2881;28
2882;18
2883;27
2884;16
2885;20
2886;21
2887;27
2888;32
2889;16
2890;23
2891;21
2892;22
2893;17
2894;31
2895;25
2896;26
2897;18
2898;19
2899;15
2900;22
2901;28
2902;26
2903;21
2904;20
2905;29
2906;19
2907;28
2908;18
2909;23
2910;22
2911;21
2912;19
2913;33
2914;19
2915;16
2916;26
2917;27
2918;21
2919;18
2920;22
2921;15
2922;23
2923;25
2924;22
2925;21
2926;31
2927;17
2928;22
2929;17
2930;21
2931;25
2932;15
2933;23
2934;16
2935;24
2936;20
2937;21
2938;21
2939;27
2940;24
2941;21
2942;28
2943;24
2944;17
2945;16
2946;28
2947;20
2948;19
2949;24
2950;20
2951;23
2952;19
2953;21
2954;22
2955;18
2956;23
2957;19
2958;24
2959;17
2960;36
2961;19
2962;22
2963;18
2964;26
2965;12
2966;24
2967;21
2968;22
2969;18
2970;17
2971;24
2972;29
2973;13
2974;21
2975;20
2976;21
2977;18
2978;11
2979;16
2980;26
2981;23
2982;16
2983;23
2984;27
2985;21
2986;30
2987;17
2988;25
2989;19
2990;15
2991;17
2992;21
2993;28
2994;17
2995;21
2996;20
2997;19
2998;21
2999;17
3000;23
3001;21
3002;17
3003;27
3004;17
3005;20
3006;27
3007;25
3008;26
3009;16
3010;25
3011;13
3012;17
3013;10
3014;15
3015;18
3016;18
3017;21
3018;33
3019;21
3020;23
3021;25
3022;20
3023;35
3024;18
3025;37
3026;24
3027;11
3028;19
3029;19
3030;14
3031;15
3032;20
3033;17
3034;18
3035;14
3036;17
3037;24
3038;21
3039;17
3040;20
3041;24
3042;26
3043;18
3044;27
3045;21
3046;16
3047;18
3048;24
3049;27
3050;24
3051;23
3052;20
3053;18
3054;23
3055;20
3056;17
3057;18
3058;19
3059;17
3060;21
3061;18
3062;21
3063;24
3064;21
3065;29
3066;25
3067;27
3068;21
3069;24
3070;22
3071;22
3072;16
3073;20
3074;19
3075;23
3076;13
3077;17
3078;25
3079;22
3080;17
3081;22
3082;20
3083;27
3084;24
3085;23
3086;23
3087;19
3088;31
3089;16
3090;19
3091;17
3092;23
3093;14
3094;24
3095;18
3096;24
3097;15
3098;14
3099;26
3100;23
3101;16
3102;11
3103;23
3104;29
3105;17
3106;24
3107;23
3108;22
3109;18
3110;17
3111;16
3112;19
3113;16
3114;15
3115;27
3116;30
3117;17
3118;17
3119;13
3120;12
3121;19
3122;20
3123;21
3124;17
3125;21
3126;24
3127;33
3128;20
3129;25
3130;21
3131;23
3132;19
3133;23
3134;23
3135;19
3136;28
3137;21
3138;18
3139;22
3140;19
3141;21
3142;17
3143;21
3144;27
3145;18
3146;23
3147;19
3148;27
3149;17
3150;23
3151;12
3152;24
3153;27
3154;22
3155;19
3156;16
3157;19
3158;14
3159;14
3160;31
3161;23
3162;16
3163;22
3164;17
3165;21
3166;7
3167;21
3168;26
3169;17
3170;18
3171;29
3172;34
3173;18
3174;25
3175;15
3176;23
3177;11
3178;17
3179;17
3180;22
3181;17
3182;28
3183;13
3184;32
3185;21
3186;13
3187;18
3188;20
3189;23
3190;22
3191;24
3192;18
3193;14
3194;17
3195;19
3196;19
3197;23
3198;14
3199;26
3200;26
3201;29
3202;25
3203;18
3204;22
3205;16
3206;28
3207;19
3208;30
3209;26
3210;15
3211;24
3212;16
3213;21
3214;23
3215;24
3216;18
3217;20
3218;21
3219;25
3220;19
3221;32
3222;19
3223;19
3224;20
3225;19
3226;16
3227;27
3228;18
3229;22
3230;16
3231;17
3232;19
3233;17
3234;17
3235;22
3236;29
3237;22
3238;23
3239;21
3240;17
3241;18
3242;23
3243;14
3244;24
3245;20
3246;14
3247;26
3248;23
3249;13
3250;18
3251;30
3252;15
3253;21
3254;23
3255;20
3256;20
3257;24
3258;31
3259;26
3260;25
3261;17
3262;20
3263;22
3264;26
3265;20
3266;17
3267;23
3268;26
3269;18
3270;21
3271;24
3272;23
3273;18
3274;19
3275;22
3276;18
3277;20
3278;16
3279;23
3280;17
3281;18
3282;16
3283;22
3284;20
3285;18
3286;30
3287;23
3288;26
3289;20
3290;15
3291;18
3292;13
3293;23
3294;23
3295;24
3296;25
3297;20
3298;24
3299;23
3300;13
3301;12
3302;17
3303;19
3304;18
3305;20
3306;30
3307;16
3308;15
3309;23
3310;14
3311;14
3312;23
3313;19
3314;17
3315;22
3316;21
3317;14
3318;22
3319;24
3320;23
3321;20
3322;21
3323;20
3324;24
3325;17
3326;11
3327;24
3328;16
3329;23
3330;24
3331;15
3332;17
3333;21
3334;20
3335;22
3336;21
3337;32
3338;16
3339;23
3340;12
3341;19
3342;19
3343;28
3344;25
3345;10
3346;22
3347;29
3348;19
3349;16
3350;20
3351;19
3352;27
3353;18
3354;17
3355;17
3356;16
3357;18
3358;28
3359;28
3360;15
3361;11
3362;21
3363;21
3364;21
3365;15
3366;15
3367;22
3368;8
3369;22
3370;24
3371;22
3372;22
3373;16
3374;11
3375;26
3376;12
3377;20
3378;12
3379;22
3380;22
3381;26
3382;21
3383;17
3384;17
3385;25
3386;23
3387;21
3388;13
3389;22
3390;12
3391;19
3392;16
3393;17
3394;13
3395;23
3396;20
3397;24
3398;25
3399;17
3400;20
3401;17
3402;19
3403;15
3404;15
3405;19
3406;18
3407;17
3408;15
3409;22
3410;17
3411;15
3412;25
3413;17
3414;21
3415;22
3416;19
3417;16
3418;23
3419;12
3420;16
3421;21
3422;22
3423;13
3424;14
3425;25
3426;24
3427;14
3428;22
3429;23
3430;25
3431;22
3432;21
3433;13
3434;16
3435;16
3436;19
3437;19
3438;17
3439;24
3440;22
3441;25
3442;21
3443;24
3444;21
3445;20
3446;14
3447;20
3448;18
3449;17
3450;27
3451;19
3452;11
3453;13
3454;29
3455;23
3456;19
3457;15
3458;15
3459;17
3460;19
3461;21
3462;17
3463;14
3464;20
3465;16
3466;18
3467;29
3468;17
3469;22
3470;14
3471;9
3472;16
3473;22
3474;15
3475;21
3476;16
3477;20
3478;22
3479;22
3480;17
3481;24
3482;8
3483;14
3484;9
3485;17
3486;20
3487;19
3488;20
3489;17
3490;17
3491;14
3492;14
3493;23
3494;26
3495;16
3496;27
3497;21
3498;17
3499;17
3500;20
3501;15
3502;20
3503;14
3504;15
3505;16
3506;14
3507;18
3508;14
3509;27
3510;12
3511;27
3512;17
3513;28
3514;18
3515;17
3516;30
3517;21
3518;12
3519;13
3520;13
3521;10
3522;18
3523;14
3524;16
3525;17
3526;16
3527;10
3528;15
3529;18
3530;22
3531;15
3532;18
3533;22
3534;8
3535;21
3536;18
3537;22
3538;24
3539;19
3540;18
3541;13
3542;19
3543;18
3544;20
3545;19
3546;18
3547;19
3548;22
3549;14
3550;24
3551;23
3552;20
3553;20
3554;19
3555;19
3556;28
3557;27
3558;19
3559;16
3560;16
3561;12
3562;13
3563;25
3564;14
3565;21
3566;16
3567;17
3568;22
3569;15
3570;13
3571;17
3572;20
3573;12
3574;19
3575;16
3576;20
3577;19
3578;12
3579;18
3580;19
3581;20
3582;20
3583;18
3584;18
3585;11
3586;17
3587;26
3588;12
3589;14
3590;20
3591;21
3592;23
3593;18
3594;17
3595;25
3596;13
3597;21
3598;18
3599;18
3600;19
3601;20
3602;15
3603;20
3604;20
3605;21
3606;11
3607;26
3608;22
3609;18
3610;19
3611;12
3612;23
3613;20
3614;15
3615;16
3616;12
3617;19
3618;15
3619;22
3620;23
3621;21
3622;14
3623;18
3624;9
3625;19
3626;18
3627;14
3628;16
3629;17
3630;16
3631;17
3632;21
3633;21
3634;18
3635;14
3636;22
3637;25
3638;21
3639;15
3640;14
3641;21
3642;21
3643;27
3644;18
3645;14
3646;15
3647;17
3648;20
3649;22
3650;14
3651;20
3652;13
3653;15
3654;16
3655;19
3656;18
3657;24
3658;20
3659;22
3660;15
3661;20
3662;15
3663;17
3664;17
3665;24
3666;16
3667;15
3668;17
3669;20
3670;24
3671;12
3672;15
3673;12
3674;18
3675;12
3676;21
3677;22
3678;9
3679;13
3680;21
3681;15
3682;14
3683;23
3684;14
3685;12
3686;16
3687;17
3688;23
3689;22
3690;19
3691;10
3692;24
3693;20
3694;15
3695;21
3696;13
3697;17
3698;17
3699;15
3700;20
3701;12
3702;11
3703;10
3704;9
3705;13
3706;13
3707;14
3708;19
3709;16
3710;16
3711;17
3712;15
3713;14
3714;13
3715;15
3716;18
3717;19
3718;9
3719;23
3720;17
3721;19
3722;23
3723;14
3724;19
3725;17
3726;20
3727;21
3728;17
3729;12
3730;12
3731;9
3732;12
3733;17
3734;18
3735;16
3736;19
3737;13
3738;13
3739;22
3740;17
3741;19
3742;16
3743;20
3744;18
3745;15
3746;13
3747;17
3748;19
3749;17
3750;20
3751;8
3752;10
3753;11
3754;15
3755;12
3756;20
3757;18
3758;18
3759;16
3760;15
3761;18
3762;21
3763;12
3764;17
3765;10
3766;12
3767;10
3768;20
3769;17
3770;17
3771;18
3772;20
3773;11
3774;20
3775;14
3776;20
3777;18
3778;21
3779;18
3780;16
3781;20
3782;17
3783;16
3784;17
3785;15
3786;12
3787;24
3788;11
3789;20
3790;8
3791;20
3792;14
3793;11
3794;22
3795;20
3796;10
3797;16
3798;14
3799;19
3800;16
3801;15
3802;13
3803;23
3804;13
3805;13
3806;8
3807;19
3808;17
3809;19
3810;20
3811;20
3812;18
3813;23
3814;18
3815;15
3816;14
3817;20
3818;22
3819;16
3820;16
3821;20
3822;13
3823;23
3824;23
3825;14
3826;14
3827;20
3828;11
3829;16
3830;8
3831;16
3832;17
3833;13
3834;17
3835;17
3836;23
3837;23
3838;14
3839;17
3840;12
3841;15
3842;19
3843;15
3844;15
3845;12
3846;17
3847;15
3848;17
3849;15
3850;7
3851;12
3852;11
3853;18
3854;15
3855;15
3856;16
3857;16
3858;20
3859;18
3860;11
3861;14
3862;20
3863;8
3864;16
3865;15
3866;13
3867;18
3868;10
3869;21
3870;12
3871;11
3872;21
3873;26
3874;21
3875;11
3876;9
3877;20
3878;16
3879;16
3880;19
3881;13
3882;11
3883;16
3884;19
3885;15
3886;13
3887;12
3888;14
3889;14
3890;11
3891;14
3892;14
3893;17
3894;14
3895;19
3896;23
3897;13
3898;20
3899;16
3900;20
3901;24
3902;20
3903;15
3904;18
3905;15
3906;10
3907;16
3908;13
3909;14
3910;19
3911;9
3912;20
3913;10
3914;17
3915;29
3916;12
3917;17
3918;20
3919;18
3920;23
3921;17
3922;13
3923;14
3924;12
3925;10
3926;18
3927;14
3928;8
3929;12
3930;13
3931;15
3932;22
3933;17
3934;15
3935;20
3936;13
3937;16
3938;13
3939;19
3940;11
3941;21
3942;21
3943;24
3944;20
3945;13
3946;19
3947;13
3948;24
3949;19
3950;13
3951;18
3952;13
3953;21
3954;17
3955;18
3956;16
3957;16
3958;10
3959;18
3960;15
3961;14
3962;13
3963;14
3964;18
3965;20
3966;19
3967;24
3968;21
3969;21
3970;16
3971;10
3972;22
3973;16
3974;16
3975;16
3976;15
3977;5
3978;22
3979;19
3980;16
3981;16
3982;6
3983;14
3984;12
3985;22
3986;17
3987;15
3988;18
3989;18
3990;16
3991;11
3992;11
3993;11
3994;18
3995;12
3996;7
3997;19
3998;22
3999;21
4000;12
4001;23
4002;20
4003;21
4004;16
4005;13
4006;19
4007;8
4008;15
4009;14
4010;20
4011;10
4012;17
4013;15
4014;13
4015;17
4016;19
4017;20
4018;15
4019;18
4020;17
4021;19
4022;18
4023;15
4024;21
4025;14
4026;19
4027;17
4028;21
4029;8
4030;21
4031;16
4032;13
4033;17
4034;10
4035;18
4036;17
4037;20
4038;13
4039;16
4040;10
4041;20
4042;19
4043;12
4044;14
4045;14
4046;10
4047;21
4048;14
4049;19
4050;15
4051;11
4052;18
4053;16
4054;20
4055;11
4056;12
4057;10
4058;19
4059;14
4060;16
4061;20
4062;22
4063;18
4064;17
4065;12
4066;14
4067;13
4068;14
4069;13
4070;13
4071;12
4072;16
4073;9
4074;7
4075;19
4076;18
4077;16
4078;16
4079;21
4080;13
4081;13
4082;9
4083;18
4084;12
4085;15
4086;12
4087;13
4088;18
4089;12
4090;15
4091;17
4092;12
4093;11
4094;13
4095;15
4096;22
4097;12
4098;12
4099;18
4100;18
4101;14
4102;14
4103;11
4104;14
4105;13
4106;10
4107;13
4108;14
4109;13
4110;15
4111;19
4112;13
4113;12
4114;16
4115;21
4116;20
4117;6
4118;12
4119;20
4120;9
4121;13
4122;19
4123;17
4124;11
4125;20
4126;12
4127;11
4128;18
4129;19
4130;18
4131;10
4132;18
4133;13
4134;12
4135;20
4136;20
4137;11
4138;12
4139;10
4140;17
4141;17
4142;17
4143;18
4144;26
4145;20
4146;17
4147;17
4148;19
4149;14
4150;18
4151;16
4152;15
4153;22
4154;18
4155;15
4156;18
4157;17
4158;25
4159;17
4160;14
4161;14
4162;22
4163;10
4164;18
4165;11
4166;27
4167;13
4168;14
4169;16
4170;13
4171;11
4172;18
4173;12
4174;18
4175;9
4176;12
4177;11
4178;26
4179;21
4180;23
4181;8
4182;6
4183;13
4184;15
4185;13
4186;16
4187;20
4188;13
4189;16
4190;18
4191;18
4192;16
4193;18
4194;12
4195;11
4196;9
4197;20
4198;9
4199;15
4200;15
4201;17
4202;13
4203;10
4204;15
4205;8
4206;14
4207;15
4208;15
4209;13
4210;17
4211;19
4212;12
4213;12
4214;16
4215;22
4216;18
4217;14
4218;17
4219;15
4220;17
4221;19
4222;13
4223;23
4224;12
4225;21
4226;17
4227;8
4228;22
4229;16
4230;17
4231;20
4232;16
4233;16
4234;14
4235;13
4236;23
4237;13
4238;17
4239;14
4240;18
4241;17
4242;25
4243;11
4244;20
4245;18
4246;17
4247;13
4248;25
4249;16
4250;12
4251;15
4252;12
4253;9
4254;19
4255;10
4256;19
4257;23
4258;17
4259;14
4260;22
4261;14
4262;15
4263;13
4264;17
4265;12
4266;11
4267;12
4268;18
4269;19
4270;18
4271;17
4272;13
4273;18
4274;18
4275;13
4276;25
4277;15
4278;14
4279;8
4280;14
4281;15
4282;20
4283;13
4284;15
4285;13
4286;20
4287;15
4288;8
4289;10
4290;12
4291;15
4292;9
4293;14
4294;9
4295;11
4296;20
4297;8
4298;15
4299;17
4300;16
4301;14
4302;16
4303;9
4304;21
4305;17
4306;19
4307;16
4308;12
4309;10
4310;19
4311;15
4312;11
4313;16
4314;16
4315;16
4316;13
4317;19
4318;16
4319;18
4320;17
4321;20
4322;18
4323;14
4324;19
4325;12
4326;10
4327;16
4328;14
4329;18
4330;15
4331;12
4332;16
4333;14
4334;17
4335;21
4336;12
4337;18
4338;16
4339;11
4340;11
4341;10
4342;10
4343;14
4344;17
4345;19
4346;17
4347;15
4348;13
4349;19
4350;14
4351;16
4352;14
4353;17
4354;23
4355;14
4356;17
4357;9
4358;10
4359;14
4360;17
4361;18
4362;18
4363;17
4364;18
4365;13
4366;18
4367;10
4368;16
4369;12
4370;12
4371;14
4372;11
4373;18
4374;12
4375;17
4376;16
4377;15
4378;10
4379;10
4380;13
4381;14
4382;14
4383;12
4384;25
4385;11
4386;10
4387;20
4388;16
4389;22
4390;17
4391;22
4392;8
4393;12
4394;15
4395;14
4396;20
4397;15
4398;13
4399;9
4400;17
4401;16
4402;26
4403;15
4404;18
4405;11
4406;15
4407;15
4408;20
4409;19
4410;9
4411;17
4412;13
4413;10
4414;10
4415;13
4416;17
4417;23
4418;11
4419;16
4420;18
4421;17
4422;15
4423;15
4424;13
4425;16
4426;10
4427;8
4428;18
4429;14
4430;12
4431;21
4432;16
4433;13
4434;18
4435;18
4436;22
4437;21
4438;9
4439;12
4440;14
4441;13
4442;10
4443;14
4444;11
4445;21
4446;11
4447;13
4448;15
4449;19
4450;13
4451;17
4452;10
4453;12
4454;21
4455;17
4456;8
4457;15
4458;16
4459;11
4460;9
4461;11
4462;11
4463;6
4464;18
4465;8
4466;11
4467;15
4468;20
4469;12
4470;12
4471;12
4472;13
4473;15
4474;10
4475;12
4476;11
4477;16
4478;5
4479;18
4480;13
4481;17
4482;13
4483;16
4484;15
4485;8
4486;11
4487;15
4488;11
4489;8
4490;10
4491;13
4492;9
4493;18
4494;18
4495;12
4496;18
4497;15
4498;15
4499;16
4500;10
4501;12
4502;10
4503;13
4504;20
4505;9
4506;18
4507;11
4508;15
4509;12
4510;13
4511;13
4512;18
4513;8
4514;8
4515;19
4516;13
4517;18
4518;10
4519;10
4520;15
4521;13
4522;12
4523;16
4524;18
4525;11
4526;12
4527;11
4528;12
4529;17
4530;10
4531;11
4532;14
4533;18
4534;7
4535;10
4536;13
4537;12
4538;9
4539;16
4540;16
4541;17
4542;15
4543;10
4544;18
4545;9
4546;8
4547;15
4548;13
4549;11
4550;10
4551;14
4552;17
4553;19
4554;13
4555;17
4556;7
4557;12
4558;7
4559;17
4560;15
4561;9
4562;10
4563;13
4564;16
4565;11
4566;8
4567;10
4568;12
4569;14
4570;14
4571;19
4572;9
4573;10
4574;13
4575;8
4576;13
4577;10
4578;12
4579;17
4580;18
4581;12
4582;10
4583;14
4584;12
4585;13
4586;9
4587;20
4588;16
4589;10
4590;15
4591;11
4592;10
4593;10
4594;11
4595;10
4596;5
4597;14
4598;15
4599;11
4600;11
4601;11
4602;8
4603;11
4604;10
4605;6
4606;14
4607;12
4608;14
4609;8
4610;13
4611;11
4612;15
4613;11
4614;12
4615;10
4616;17
4617;10
4618;12
4619;13
4620;7
4621;10
4622;10
4623;13
4624;14
4625;12
4626;6
4627;8
4628;14
4629;9
4630;12
4631;7
4632;8
4633;15
4634;6
4635;9
4636;13
4637;12
4638;8
4639;11
4640;10
4641;10
4642;13
4643;4
4644;7
4645;4
4646;12
4647;24
4648;5
4649;9
4650;13
4651;5
4652;13
4653;15
4654;8
4655;16
4656;15
4657;10
4658;14
4659;9
4660;14
4661;12
4662;15
4663;7
4664;9
4665;8
4666;7
4667;10
4668;6
4669;11
4670;8
4671;12
4672;7
4673;15
4674;12
4675;8
4676;5
4677;11
4678;10
4679;18
4680;8
4681;9
4682;10
4683;10
4684;14
4685;10
4686;11
4687;7
4688;3
4689;6
4690;13
4691;10
4692;11
4693;14
4694;9
4695;12
4696;9
4697;5
4698;10
4699;6
4700;12
4701;6
4702;11
4703;8
4704;3
4705;9
4706;11
4707;4
4708;5
4709;14
4710;10
4711;8
4712;8
4713;6
4714;10
4715;8
4716;14
4717;15
4718;13
4719;6
4720;14
4721;6
4722;7
4723;7
4724;12
4725;7
4726;8
4727;10
4728;18
4729;5
4730;9
4731;6
4732;8
4733;8
4734;6
4735;8
4736;12
4737;7
4738;5
4739;10
4740;9
4741;12
4742;7
4743;7
4744;1
4745;8
4746;8
4747;7
4748;9
4749;10
4750;6
4751;12
4752;10
4753;13
4754;11
4755;10
4756;7
4757;10
4758;7
4759;7
4760;14
4761;7
4762;8
4763;6
4764;10
4765;9
4766;8
4767;8
4768;10
4769;12
4770;10
4771;9
4772;11
4773;10
4774;11
4775;8
4776;9
4777;8
4778;3
4779;7
4780;9
4781;12
4782;10
4783;10
4784;4
4785;3
4786;10
4787;5
4788;7
4789;14
4790;9
4791;11
4792;11
4793;6
4794;5
4795;8
4796;7
4797;8
4798;7
4799;6
4800;3
4801;9
4802;9
4803;3
4804;7
4805;9
4806;5
4807;5
4808;9
4809;4
4810;12
4811;10
4812;9
4813;10
4814;9
4815;6
4816;14
4817;7
4818;3
4819;3
4820;12
4821;3
4822;11
4823;8
4824;8
4825;7
4826;14
4827;10
4828;9
4829;7
4830;7
4831;2
4832;10
4833;7
4834;6
4835;6
4836;9
4837;3
4838;7
4839;3
4840;12
4841;6
4842;6
4843;10
4844;7
4845;6
4846;5
4847;9
4848;11
4849;6
4850;10
4851;6
4852;9
4853;11
4854;8
4855;10
4856;5
4857;6
4858;3
4859;3
4860;12
4861;7
4862;12
4863;8
4864;6
4865;5
4866;6
4867;8
4868;5
4869;13
4870;5
4871;10
4872;6
4873;8
4874;5
4875;8
4876;6
4877;12
4878;7
4879;14
4880;9
4881;12
4882;6
4883;4
4884;6
4885;11
4886;3
4887;8
4888;6
4889;4
4890;5
4891;6
4892;5
4893;8
4894;8
4895;5
4896;4
4897;6
4898;4
4899;7
4900;12
4901;7
4902;7
4903;6
4904;10
4905;11
4906;6
4907;8
4908;10
4909;8
4910;7
4911;9
4912;8
4913;10
4914;5
4915;8
4916;8
4917;6
4918;8
4919;3
4920;11
4921;7
4922;4
4923;5
4924;11
4925;10
4926;7
4927;11
4928;10
4929;7
4930;3
4931;4
4932;11
4933;10
4934;9
4935;4
4936;12
4937;11
4938;5
4939;4
4940;9
4941;13
4942;3
4943;8
4944;8
4945;8
4946;3
4947;12
4948;4
4949;7
4950;5
4951;12
4952;9
4953;5
4954;9
4955;10
4956;8
4957;12
4958;9
4959;8
4960;8
4961;12
4962;4
4963;9
4964;2
4965;6
4966;9
4967;7
4968;7
4969;8
4970;11
4971;8
4972;6
4973;11
4974;7
4975;7
4976;6
4977;4
4978;6
4979;6
4980;5
4981;2
4982;5
4983;8
4984;9
4985;13
4986;7
4987;5
4988;6
4989;7
4990;9
4991;10
4992;9
4993;8
4994;8
4995;6
4996;3
4997;11
4998;6
4999;7
5000;5
5001;7
5002;9
5003;12
5004;9
5005;11
5006;11
5007;8
5008;9
5009;13
5010;2
5011;4
5012;7
5013;7
5014;5
5015;7
5016;9
5017;9
5018;7
5019;4
5020;4
5021;9
5022;7
5023;6
5024;10
5025;6
5026;6
5027;6
5028;7
5029;4
5030;10
5031;8
5032;5
5033;5
5034;7
5035;5
5036;6
5037;8
5038;18
5039;5
5040;5
5041;6
5042;3
5043;6
5044;7
5045;7
5046;4
5047;10
5048;8
5049;7
5050;4
5051;9
5052;5
5053;5
5054;10
5055;4
5056;10
5057;5
5058;3
5059;2
5060;5
5061;9
5062;5
5063;2
5064;12
5065;4
5066;6
5067;8
5068;9
5069;10
5070;3
5071;8
5072;6
5073;6
5074;6
5075;7
5076;6
5077;7
5078;6
5079;5
5080;9
5081;4
5082;6
5083;6
5084;3
5085;12
5086;10
5087;4
5088;1
5089;5
5090;8
5091;6
5092;1
5093;1
5094;7
5095;3
5096;10
5097;8
5098;9
5099;8
5100;5
5101;4
5102;8
5103;3
5104;7
5105;8
5106;3
5107;9
5108;5
5109;7
5110;5
5111;4
5112;10
5113;7
5114;8
5115;4
5116;6
5117;5
5118;4
5119;6
5120;14
5121;10
5122;8
5123;9
5124;5
5125;6
5126;10
5127;7
5128;5
5129;6
5130;4
5131;7
5132;4
5133;6
5134;6
5135;15
5136;11
5137;10
5138;5
5139;7
5140;2
5141;8
5142;5
5143;4
5144;8
5145;5
5146;3
5147;8
5148;4
5149;7
5150;6
5151;6
5152;2
5153;6
5154;7
5155;5
5156;4
5157;2
5158;3
5159;7
5160;9
5161;10
5162;7
5163;3
5164;4
5165;6
5166;4
5167;6
5168;11
5169;2
5170;9
5171;6
5172;6
5173;8
5174;3
5175;7
5176;7
5177;11
5178;8
5179;8
5180;13
5181;3
5182;6
5183;4
5184;6
5185;5
5186;4
5187;4
5188;8
5189;7
5190;9
5191;7
5192;9
5193;4
5194;5
5195;5
5196;5
5197;4
5198;7
5199;3
5200;6
5201;7
5202;0
5203;12
5204;7
5205;5
5206;6
5207;5
5208;7
5209;5
5210;9
5211;8
5212;4
5213;1
5214;4
5215;8
5216;6
5217;11
5218;9
5219;6
5220;6
5221;9
5222;4
5223;7
5224;5
5225;8
5226;7
5227;6
5228;6
5229;11
5230;6
5231;15
5232;5
5233;3
5234;9
5235;5
5236;6
5237;5
5238;5
5239;5
5240;9
5241;2
5242;2
5243;5
5244;5
5245;6
5246;4
5247;9
5248;8
5249;7
5250;7
5251;4
5252;6
5253;6
5254;3
5255;4
5256;4
5257;4
5258;4
5259;6
5260;5
5261;3
5262;8
5263;2
5264;3
5265;6
5266;6
5267;7
5268;14
5269;3
5270;3
5271;5
5272;5
5273;5
5274;6
5275;6
5276;10
5277;7
5278;10
5279;3
5280;5
5281;8
5282;0
5283;5
5284;5
5285;9
5286;8
5287;2
5288;4
5289;8
5290;6
5291;6
5292;7
5293;1
5294;4
5295;8
5296;4
5297;5
5298;4
5299;4
5300;10
5301;6
5302;5
5303;5
5304;9
5305;3
5306;7
5307;7
5308;4
5309;11
5310;5
5311;5
5312;4
5313;3
5314;1
5315;5
5316;4
5317;9
5318;4
5319;8
5320;7
5321;5
5322;7
5323;6
5324;6
5325;9
5326;2
5327;6
5328;6
5329;7
5330;2
5331;6
5332;4
5333;10
5334;6
5335;5
5336;4
5337;7
5338;7
5339;5
5340;9
5341;1
5342;10
5343;6
5344;5
5345;5
5346;7
5347;5
5348;0
5349;10
5350;4
5351;4
5352;6
5353;1
5354;5
5355;7
5356;4
5357;7
5358;4
5359;7
5360;9
5361;8
5362;5
5363;5
5364;11
5365;7
5366;4
5367;4
5368;9
5369;1
5370;12
5371;5
5372;9
5373;4
5374;10
5375;8
5376;7
5377;2
5378;11
5379;5
5380;6
5381;3
5382;6
5383;12
5384;10
5385;6
5386;5
5387;1
5388;5
5389;9
5390;5
5391;6
5392;6
5393;10
5394;6
5395;5
5396;7
5397;2
5398;3
5399;4
5400;7
5401;6
5402;4
5403;3
5404;5
5405;5
5406;3
5407;5
5408;3
5409;4
5410;7
5411;8
5412;3
5413;4
5414;5
5415;1
5416;9
5417;4
5418;8
5419;4
5420;8
5421;9
5422;2
5423;2
5424;3
5425;4
5426;7
5427;6
5428;5
5429;3
5430;3
5431;10
5432;6
5433;5
5434;7
5435;3
5436;6
5437;6
5438;6
5439;6
5440;6
5441;7
5442;2
5443;2
5444;5
5445;9
5446;4
5447;4
5448;3
5449;6
5450;10
5451;8
5452;9
5453;5
5454;4
5455;2
5456;5
5457;2
5458;5
5459;2
5460;2
5461;8
5462;9
5463;5
5464;7
5465;4
5466;3
5467;11
5468;12
5469;7
5470;6
5471;2
5472;5
5473;9
5474;6
5475;6
5476;6
5477;5
5478;4
5479;5
5480;6
5481;5
5482;8
5483;6
5484;1
5485;8
5486;10
5487;6
5488;7
5489;8
5490;6
5491;8
5492;3
5493;7
5494;3
5495;6
5496;8
5497;4
5498;5
5499;9
5500;3
5501;8
5502;3
5503;2
5504;6
5505;6
5506;1
5507;8
5508;10
5509;6
5510;8
5511;8
5512;6
5513;8
5514;9
5515;5
5516;8
5517;5
5518;1
5519;8
5520;3
5521;5
5522;7
5523;2
5524;5
5525;4
5526;2
5527;2
5528;4
5529;4
5530;7
5531;2
5532;6
5533;3
5534;7
5535;8
5536;11
5537;3
5538;3
5539;10
5540;7
5541;8
5542;3
5543;4
5544;9
5545;6
5546;5
5547;6
5548;4
5549;4
5550;6
5551;5
5552;6
5553;8
5554;6
5555;8
5556;5
5557;3
5558;9
5559;9
5560;3
5561;5
5562;1
5563;8
5564;7
5565;4
5566;3
5567;3
5568;4
5569;6
5570;5
5571;6
5572;3
5573;6
5574;5
5575;3
5576;3
5577;10
5578;2
5579;5
5580;5
5581;8
5582;4
5583;7
5584;6
5585;5
5586;7
5587;5
5588;5
5589;2
5590;4
5591;3
5592;2
5593;7
5594;9
5595;3
5596;6
5597;3
5598;8
5599;6
5600;7
5601;7
5602;6
5603;5
5604;4
5605;6
5606;5
5607;4
5608;3
5609;7
5610;4
5611;3
5612;7
5613;8
5614;3
5615;6
5616;6
5617;5
5618;8
5619;2
5620;8
5621;6
5622;7
5623;0
5624;7
5625;7
5626;7
5627;3
5628;4
5629;5
5630;4
5631;6
5632;7
5633;7
5634;12
5635;6
5636;1
5637;4
5638;2
5639;6
5640;3
5641;6
5642;1
5643;5
5644;7
5645;3
5646;4
5647;2
5648;5
5649;2
5650;5
5651;5
5652;3
5653;6
5654;5
5655;6
5656;4
5657;7
5658;5
5659;6
5660;6
5661;6
5662;3
5663;6
5664;5
5665;6
5666;4
5667;4
5668;4
5669;3
5670;5
5671;4
5672;9
5673;4
5674;6
5675;4
5676;4
5677;5
5678;4
5679;8
5680;12
5681;4
5682;3
5683;6
5684;4
5685;6
5686;5
5687;7
5688;1
5689;2
5690;3
5691;5
5692;4
5693;6
5694;6
5695;9
5696;4
5697;4
5698;11
5699;5
5700;2
5701;7
5702;7
5703;5
5704;8
5705;2
5706;9
5707;4
5708;5
5709;3
5710;5
5711;5
5712;3
5713;0
5714;7
5715;4
5716;4
5717;6
5718;6
5719;4
5720;8
5721;6
5722;5
5723;3
5724;7
5725;3
5726;5
5727;4
5728;8
5729;9
5730;4
5731;11
5732;0
5733;2
5734;7
5735;2
5736;10
5737;3
5738;4
5739;6
5740;1
5741;5
5742;3
5743;5
5744;3
5745;2
5746;4
5747;7
5748;6
5749;5
5750;7
5751;3
5752;2
5753;6
5754;7
5755;6
5756;4
5757;4
5758;5
5759;3
5760;7
5761;6
5762;2
5763;3
5764;3
5765;2
5766;3
5767;2
5768;4
5769;5
5770;4
5771;3
5772;5
5773;8
5774;8
5775;5
5776;5
5777;3
5778;7
5779;7
5780;9
5781;6
5782;9
5783;7
5784;11
5785;4
5786;6
5787;4
5788;4
5789;5
5790;6
5791;7
5792;5
5793;3
5794;5
5795;5
5796;5
5797;4
5798;3
5799;3
5800;5
5801;8
5802;5
5803;3
5804;6
5805;8
5806;7
5807;3
5808;4
5809;5
5810;6
5811;6
5812;6
5813;9
5814;2
5815;4
5816;10
5817;5
5818;1
5819;3
5820;3
5821;8
5822;5
5823;3
5824;6
5825;5
5826;7
5827;2
5828;5
5829;6
5830;3
5831;8
5832;4
5833;2
5834;3
5835;3
5836;6
5837;6
5838;4
5839;4
5840;5
5841;4
5842;6
5843;6
5844;7
5845;5
5846;1
5847;5
5848;6
5849;8
5850;3
5851;3
5852;3
5853;5
5854;5
5855;6
5856;7
5857;6
5858;3
5859;4
5860;6
5861;5
5862;2
5863;5
5864;6
5865;6
5866;7
5867;7
5868;5
5869;5
5870;2
5871;5
5872;5
5873;4
5874;4
5875;3
5876;6
5877;5
5878;4
5879;4
5880;2
5881;6
5882;4
5883;3
5884;3
5885;1
5886;5
5887;2
5888;4
5889;2
5890;5
5891;3
5892;3
5893;9
5894;8
5895;2
5896;4
5897;5
5898;2
5899;5
5900;4
5901;2
5902;4
5903;2
5904;5
5905;5
5906;2
5907;8
5908;4
5909;5
5910;3
5911;2
5912;7
5913;4
5914;6
5915;6
5916;6
5917;4
5918;3
5919;6
5920;2
5921;11
5922;6
5923;4
5924;4
5925;3
5926;4
5927;4
5928;8
5929;8
5930;6
5931;6
5932;8
5933;3
5934;7
5935;4
5936;4
5937;7
5938;5
5939;5
5940;2
5941;4
5942;2
5943;4
5944;7
5945;6
5946;3
5947;4
5948;5
5949;6
5950;3
5951;1
5952;7
5953;9
5954;2
5955;2
5956;4
5957;5
5958;7
5959;10
5960;7
5961;6
5962;6
5963;1
5964;7
5965;8
5966;1
5967;7
5968;7
5969;3
5970;5
5971;4
5972;4
5973;5
5974;4
5975;4
5976;6
5977;1
5978;1
5979;1
5980;5
5981;2
5982;6
5983;9
5984;3
5985;5
5986;5
5987;5
5988;4
5989;3
5990;4
5991;4
5992;3
5993;3
5994;7
5995;5
5996;4
5997;5
5998;5
5999;5
6000;6
6001;5
6002;6
6003;4
6004;5
6005;4
6006;5
6007;5
6008;7
6009;5
6010;6
6011;8
6012;10
6013;5
6014;6
6015;3
6016;8
6017;5
6018;5
6019;1
6020;5
6021;1
6022;5
6023;3
6024;4
6025;7
6026;2
6027;2
6028;4
6029;5
6030;5
6031;5
6032;2
6033;3
6034;4
6035;5
6036;2
6037;8
6038;10
6039;9
6040;4
6041;4
6042;6
6043;3
6044;7
6045;3
6046;4
6047;3
6048;7
6049;8
6050;10
6051;5
6052;6
6053;3
6054;6
6055;5
6056;8
6057;3
6058;6
6059;7
6060;4
6061;4
6062;6
6063;3
6064;5
6065;8
6066;3
6067;2
6068;8
6069;2
6070;2
6071;3
6072;8
6073;5
6074;8
6075;4
6076;3
6077;9
6078;3
6079;5
6080;5
6081;6
6082;3
6083;1
6084;5
6085;7
6086;8
6087;10
6088;8
6089;6
6090;11
6091;6
6092;4
6093;9
6094;7
6095;7
6096;7
6097;7
6098;7
6099;7
6100;7
6101;6
6102;4
6103;4
6104;7
6105;4
6106;6
6107;5
6108;8
6109;5
6110;7
6111;6
6112;7
6113;6
6114;2
6115;7
6116;4
6117;5
6118;4
6119;4
6120;2
6121;3
6122;2
6123;5
6124;2
6125;5
6126;4
6127;12
6128;7
6129;4
6130;4
6131;1
6132;2
6133;3
6134;5
6135;4
6136;4
6137;2
6138;2
6139;4
6140;4
6141;4
6142;5
6143;1
6144;4
6145;4
6146;6
6147;4
6148;7
6149;5
6150;4
6151;8
6152;5
6153;5
6154;5
6155;2
6156;5
6157;5
6158;3
6159;3
6160;4
6161;4
6162;3
6163;4
6164;9
6165;7
6166;5
6167;4
6168;3
6169;4
6170;4
6171;6
6172;4
6173;3
6174;5
6175;6
6176;1
6177;6
6178;8
6179;5
6180;2
6181;5
6182;9
6183;5
6184;4
6185;4
6186;4
6187;4
6188;4
6189;8
6190;3
6191;8
6192;3
6193;5
6194;2
6195;3
6196;5
6197;7
6198;2
6199;3
6200;4
6201;6
6202;3
6203;5
6204;4
6205;4
6206;2
6207;13
6208;9
6209;7
6210;6
6211;7
6212;5
6213;4
6214;2
6215;4
6216;6
6217;5
6218;8
6219;4
6220;3
6221;6
6222;5
6223;8
6224;5
6225;3
6226;8
6227;7
6228;5
6229;4
6230;7
6231;2
6232;9
6233;4
6234;2
6235;3
6236;5
6237;3
6238;5
6239;5
6240;6
6241;8
6242;5
6243;3
6244;4
6245;6
6246;6
6247;7
6248;7
6249;6
6250;4
6251;2
6252;0
6253;5
6254;5
6255;2
6256;5
6257;8
6258;11
6259;8
6260;6
6261;5
6262;5
6263;2
6264;6
6265;3
6266;6
6267;2
6268;4
6269;6
6270;3
6271;4
6272;5
6273;3
6274;4
6275;5
6276;5
6277;2
6278;5
6279;2
6280;6
6281;6
6282;11
6283;5
6284;6
6285;2
6286;8
6287;10
6288;5
6289;2
6290;9
6291;5
6292;8
6293;6
6294;4
6295;3
6296;4
6297;5
6298;6
6299;6
6300;3
6301;5
6302;6
6303;5
6304;7
6305;4
6306;5
6307;5
6308;6
6309;3
6310;5
6311;4
6312;6
6313;9
6314;2
6315;5
6316;3
6317;1
6318;6
6319;2
6320;10
6321;6
6322;4
6323;3
6324;5
6325;6
6326;4
6327;8
6328;7
6329;3
6330;10
6331;4
6332;4
6333;5
6334;10
6335;1
6336;6
6337;7
6338;4
6339;5
6340;5
6341;6
6342;6
6343;4
6344;3
6345;8
6346;7
6347;4
6348;8
6349;6
6350;8
6351;4
6352;4
6353;5
6354;6
6355;5
6356;3
6357;8
6358;8
6359;5
6360;9
6361;3
6362;3
6363;5
6364;9
6365;7
6366;5
6367;1
6368;7
6369;6
6370;5
6371;3
6372;6
6373;10
6374;12
6375;5
6376;8
6377;6
6378;5
6379;6
6380;5
6381;10
6382;7
6383;7
6384;9
6385;11
6386;10
6387;6
6388;7
6389;10
6390;7
6391;4
6392;12
6393;2
6394;10
6395;9
6396;2
6397;8
6398;6
6399;3
6400;3
6401;3
6402;4
6403;7
6404;9
6405;6
6406;5
6407;7
6408;7
6409;4
6410;2
6411;3
6412;7
6413;4
6414;10
6415;11
6416;9
6417;6
6418;3
6419;10
6420;4
6421;9
6422;6
6423;7
6424;6
6425;10
6426;9
6427;7
6428;6
6429;8
6430;9
6431;8
6432;9
6433;6
6434;7
6435;7
6436;10
6437;12
6438;6
6439;3
6440;8
6441;3
6442;19
6443;7
6444;13
6445;8
6446;6
6447;13
6448;6
6449;6
6450;7
6451;3
6452;7
6453;9
6454;10
6455;5
6456;8
6457;7
6458;11
6459;12
6460;7
6461;14
6462;12
6463;5
6464;8
6465;8
6466;7
6467;11
6468;9
6469;9
6470;11
6471;13
6472;15
6473;7
6474;3
6475;8
6476;8
6477;15
6478;10
6479;6
6480;10
6481;11
6482;13
6483;10
6484;8
6485;8
6486;10
6487;14
6488;6
6489;10
6490;8
6491;5
6492;9
6493;4
6494;11
6495;12
6496;8
6497;11
6498;8
6499;10
6500;7
6501;14
6502;16
6503;7
6504;10
6505;10
6506;9
6507;10
6508;12
6509;14
6510;11
6511;9
6512;8
6513;12
6514;10
6515;8
6516;9
6517;19
6518;16
6519;7
6520;15
6521;17
6522;11
6523;5
6524;11
6525;10
6526;14
6527;7
6528;10
6529;17
6530;10
6531;15
6532;11
6533;14
6534;16
6535;9
6536;14
6537;15
6538;12
6539;12
6540;16
6541;16
6542;11
6543;11
6544;15
6545;11
6546;10
6547;20
6548;14
6549;11
6550;16
6551;21
6552;13
6553;17
6554;16
6555;18
6556;18
6557;16
6558;10
6559;17
6560;14
6561;15
6562;11
6563;8
6564;17
6565;19
6566;19
6567;13
6568;15
6569;24
6570;19
6571;14
6572;13
6573;24
6574;11
6575;8
6576;13
6577;14
6578;16
6579;15
6580;14
6581;15
6582;13
6583;17
6584;22
6585;24
6586;13
6587;23
6588;12
6589;18
6590;20
6591;17
6592;19
6593;27
6594;19
6595;18
6596;23
6597;17
6598;16
6599;13
6600;18
6601;14
6602;19
6603;22
6604;21
6605;17
6606;14
6607;16
6608;21
6609;29
6610;20
6611;27
6612;22
6613;20
6614;14
6615;20
6616;24
6617;17
6618;18
6619;19
6620;20
6621;24
6622;31
6623;24
6624;24
6625;17
6626;25
6627;26
6628;30
6629;28
6630;21
6631;29
6632;20
6633;18
6634;19
6635;21
6636;30
6637;33
6638;30
6639;28
6640;31
6641;21
6642;21
6643;28
6644;24
6645;18
6646;34
6647;24
6648;36
6649;23
6650;19
6651;27
6652;26
6653;23
6654;26
6655;25
6656;36
6657;43
6658;23
6659;23
6660;32
6661;24
6662;23
6663;35
6664;20
6665;33
6666;30
6667;20
6668;30
6669;27
6670;28
6671;30
6672;31
6673;35
6674;33
6675;22
6676;29
6677;21
6678;30
6679;37
6680;32
6681;28
6682;33
6683;31
6684;30
6685;30
6686;41
6687;32
6688;34
6689;30
6690;38
6691;43
6692;38
6693;30
6694;32
6695;46
6696;36
6697;25
6698;39
6699;41
6700;29
6701;39
6702;44
6703;39
6704;41
6705;26
6706;39
6707;28
6708;40
6709;37
6710;39
6711;38
6712;34
6713;32
6714;42
6715;31
6716;45
6717;35
6718;39
6719;35
6720;42
6721;40
6722;45
6723;49
6724;51
6725;39
6726;43
6727;24
6728;47
6729;33
6730;39
6731;39
6732;45
6733;42
6734;42
6735;37
6736;44
6737;38
6738;38
6739;44
6740;34
6741;49
6742;44
6743;58
6744;49
6745;48
6746;36
6747;63
6748;45
6749;46
6750;48
6751;44
6752;47
6753;43
6754;49
6755;42
6756;52
6757;49
6758;43
6759;51
6760;45
6761;59
6762;47
6763;44
6764;48
6765;54
6766;59
6767;58
6768;49
6769;47
6770;52
6771;44
6772;54
6773;53
6774;63
6775;50
6776;45
6777;74
6778;43
6779;56
6780;42
6781;58
6782;57
6783;50
6784;37
6785;67
6786;60
6787;52
6788;61
6789;60
6790;44
6791;72
6792;54
6793;49
6794;59
6795;45
6796;64
6797;54
6798;58
6799;66
6800;46
6801;49
6802;66
6803;50
6804;51
6805;60
6806;49
6807;70
6808;59
6809;51
6810;67
6811;67
6812;72
6813;59
6814;76
6815;65
6816;82
6817;58
6818;48
6819;81
6820;75
6821;68
6822;63
6823;54
6824;67
6825;69
6826;73
6827;61
6828;69
6829;61
6830;62
6831;61
6832;61
6833;66
6834;75
6835;75
6836;67
6837;72
6838;76
6839;80
6840;61
6841;61
6842;64
6843;71
6844;71
6845;64
6846;61
6847;71
6848;77
6849;82
6850;68
6851;58
6852;79
6853;63
6854;75
6855;89
6856;75
6857;79
6858;77
6859;81
6860;71
6861;79
6862;73
6863;77
6864;73
6865;86
6866;69
6867;75
6868;68
6869;73
6870;74
6871;73
6872;77
6873;71
6874;83
6875;86
6876;80
6877;90
6878;68
6879;86
6880;93
6881;76
6882;73
6883;81
6884;81
6885;86
6886;91
6887;74
6888;78
6889;85
6890;101
6891;77
6892;76
6893;79
6894;75
6895;84
6896;90
6897;67
6898;76
6899;88
6900;92
6901;93
6902;73
6903;99
6904;79
6905;86
6906;96
6907;84
6908;91
6909;63
6910;84
6911;91
6912;93
6913;102
6914;67
6915;101
6916;93
6917;103
6918;99
6919;83
6920;89
6921;97
6922;88
6923;73
6924;87
6925;88
6926;77
6927;90
6928;92
6929;107
6930;86
6931;99
6932;83
6933;86
6934;103
6935;89
6936;87
6937;87
6938;96
6939;72
6940;89
6941;80
6942;90
6943;93
6944;91
6945;91
6946;102
6947;114
6948;94
6949;97
6950;78
6951;100
6952;83
6953;79
6954;103
6955;87
6956;96
6957;98
6958;92
6959;88
6960;87
6961;87
6962;102
6963;90
6964;89
6965;115
6966;101
6967;99
6968;113
6969;98
6970;111
6971;89
6972;116
6973;93
6974;114
6975;105
6976;94
6977;99
6978;97
6979;107
6980;109
6981;110
6982;121
6983;86
6984;91
6985;113
6986;111
6987;105
6988;93
6989;100
6990;102
6991;120
6992;101
6993;99
6994;112
6995;88
6996;96
6997;103
6998;101
6999;123
7000;116
7001;121
7002;115
7003;95
7004;100
7005;99
7006;109
7007;70
7008;94
7009;96
7010;112
7011;113
7012;97
7013;107
7014;113
7015;112
7016;92
7017;95
7018;89
7019;101
7020;96
7021;102
7022;108
7023;112
7024;84
7025;116
7026;111
7027;106
7028;92
7029;94
7030;108
7031;117
7032;104
7033;111
7034;101
7035;96
7036;82
7037;94
7038;102
7039;98
7040;108
7041;97
7042;108
7043;107
7044;117
7045;98
7046;94
7047;103
7048;110
7049;127
7050;118
7051;99
7052;93
7053;103
7054;106
7055;113
7056;112
7057;88
7058;100
7059;110
7060;101
7061;102
7062;103
7063;89
7064;107
7065;112
7066;103
7067;101
7068;121
7069;98
7070;101
7071;89
7072;95
7073;93
7074;113
7075;100
7076;108
7077;98
7078;96
7079;109
7080;101
7081;102
7082;108
7083;96
7084;97
7085;95
7086;98
7087;85
7088;100
7089;112
7090;106
7091;104
7092;104
7093;114
7094;93
7095;104
7096;94
7097;87
7098;115
7099;88
7100;92
7101;98
7102;89
7103;111
7104;101
7105;80
7106;103
7107;96
7108;105
7109;95
7110;105
7111;104
7112;112
7113;91
7114;115
7115;89
7116;117
7117;81
7118;95
7119;94
7120;99
7121;88
7122;105
7123;87
7124;98
7125;89
7126;100
7127;94
7128;111
7129;109
7130;101
7131;87
7132;104
7133;90
7134;106
7135;100
7136;91
7137;90
7138;92
7139;111
7140;90
7141;100
7142;95
7143;79
7144;77
7145;100
7146;84
7147;79
7148;113
7149;83
7150;94
7151;105
7152;84
7153;94
7154;77
7155;94
7156;83
7157;98
7158;97
7159;87
7160;85
7161;81
7162;76
7163;83
7164;86
7165;92
7166;88
7167;93
7168;93
7169;94
7170;79
7171;87
7172;93
7173;90
7174;86
7175;83
7176;80
7177;98
7178;71
7179;86
7180;80
7181;101
7182;87
7183;68
7184;98
7185;90
7186;95
7187;93
7188;92
7189;84
7190;83
7191;83
7192;78
7193;75
7194;72
7195;76
7196;81
7197;82
7198;83
7199;87
7200;74
7201;86
7202;81
7203;83
7204;81
7205;77
7206;74
7207;78
7208;81
7209;74
7210;91
7211;78
7212;74
7213;68
7214;69
7215;88
7216;62
7217;64
7218;75
7219;90
7220;84
7221;73
7222;83
7223;72
7224;74
7225;57
7226;75
7227;66
7228;74
7229;73
7230;67
7231;93
7232;67
7233;82
7234;72
7235;76
7236;80
7237;72
7238;74
7239;78
7240;83
7241;64
7242;84
7243;81
7244;74
7245;75
7246;73
7247;64
7248;68
7249;71
7250;72
7251;69
7252;59
7253;72
7254;61
7255;66
7256;77
7257;76
7258;71
7259;73
7260;68
7261;62
7262;58
7263;68
7264;69
7265;57
7266;66
7267;60
7268;60
7269;56
7270;64
7271;54
7272;45
7273;58
7274;63
7275;63
7276;51
7277;56
7278;63
7279;59
7280;61
7281;57
7282;64
7283;72
7284;72
7285;58
7286;65
7287;52
7288;66
7289;56
7290;60
7291;62
7292;64
7293;56
7294;55
7295;52
7296;50
7297;38
7298;72
7299;64
7300;59
7301;67
7302;60
7303;43
7304;52
7305;58
7306;61
7307;54
7308;40
7309;49
7310;48
7311;76
7312;45
7313;46
7314;46
7315;49
7316;45
7317;38
7318;45
7319;56
7320;50
7321;46
7322;64
7323;39
7324;29
7325;40
7326;46
7327;50
7328;41
7329;61
7330;43
7331;35
7332;47
7333;36
7334;49
7335;43
7336;40
7337;57
7338;44
7339;53
7340;48
7341;42
7342;36
7343;36
7344;42
7345;46
7346;42
7347;39
7348;41
7349;52
7350;45
7351;38
7352;33
7353;46
7354;38
7355;43
7356;42
7357;48
7358;38
7359;43
7360;47
7361;39
7362;41
7363;27
7364;45
7365;43
7366;30
7367;36
7368;31
7369;33
7370;34
7371;38
7372;37
7373;45
7374;35
7375;32
7376;37
7377;25
7378;39
7379;28
7380;34
7381;28
7382;32
7383;38
7384;31
7385;35
7386;33
7387;42
7388;39
7389;25
7390;33
7391;30
7392;29
7393;27
7394;30
7395;29
7396;32
7397;37
7398;38
7399;37
7400;27
7401;29
7402;28
7403;37
7404;21
7405;22
7406;32
7407;42
7408;24
7409;28
7410;36
7411;26
7412;31
7413;20
7414;23
7415;34
7416;25
7417;20
7418;16
7419;35
7420;25
7421;22
7422;25
7423;19
7424;26
7425;22
7426;29
7427;19
7428;21
7429;23
7430;16
7431;21
7432;30
7433;22
7434;27
7435;17
7436;18
7437;25
7438;21
7439;24
7440;18
7441;24
7442;28
7443;23
7444;24
7445;18
7446;26
7447;16
7448;11
7449;22
7450;17
7451;26
7452;19
7453;16
7454;24
7455;19
7456;18
7457;21
7458;16
7459;15
7460;30
7461;17
7462;9
7463;16
7464;15
7465;21
7466;17
7467;23
7468;16
7469;19
7470;20
7471;18
7472;21
7473;19
7474;13
7475;19
7476;11
7477;13
7478;13
7479;17
7480;20
7481;13
7482;22
7483;23
7484;17
7485;16
7486;20
7487;17
7488;15
7489;18
7490;10
7491;12
7492;11
7493;19
7494;9
7495;13
7496;12
7497;10
7498;16
7499;15
7500;7
7501;16
7502;11
7503;6
7504;15
7505;15
7506;16
7507;21
7508;15
7509;14
7510;9
7511;8
7512;11
7513;13
7514;9
7515;16
7516;8
7517;18
7518;10
7519;11
7520;18
7521;13
7522;12
7523;13
7524;7
7525;14
7526;19
7527;11
7528;8
7529;12
7530;4
7531;12
7532;19
7533;17
7534;13
7535;14
7536;7
7537;9
7538;14
7539;13
7540;10
7541;11
7542;9
7543;10
7544;12
7545;11
7546;9
7547;12
7548;7
7549;10
7550;11
7551;7
7552;5
7553;13
7554;8
7555;11
7556;8
7557;8
7558;9
7559;6
7560;9
7561;14
7562;7
7563;13
7564;9
7565;8
7566;7
7567;4
7568;6
7569;11
7570;9
7571;11
7572;9
7573;10
7574;13
7575;9
7576;7
7577;10
7578;4
7579;10
7580;7
7581;7
7582;6
7583;9
7584;5
7585;6
7586;3
7587;10
7588;5
7589;8
7590;6
7591;2
7592;12
7593;11
7594;7
7595;4
7596;15
7597;4
7598;14
7599;7
7600;9
7601;6
7602;5
7603;8
7604;8
7605;7
7606;8
7607;6
7608;8
7609;2
7610;6
7611;12
7612;9
7613;7
7614;6
7615;4
7616;6
7617;6
7618;7
7619;4
7620;4
7621;7
7622;11
7623;5
7624;4
7625;6
7626;4
7627;14
7628;7
7629;9
7630;9
7631;10
7632;6
7633;8
7634;3
7635;4
7636;10
7637;7
7638;5
7639;7
7640;9
7641;9
7642;6
7643;5
7644;2
7645;7
7646;3
7647;4
7648;11
7649;4
7650;3
7651;4
7652;6
7653;5
7654;4
7655;2
7656;5
7657;10
7658;2
7659;4
7660;7
7661;4
7662;7
7663;3
7664;6
7665;2
7666;5
7667;4
7668;4
7669;5
7670;2
7671;8
7672;10
7673;7
7674;3
7675;6
7676;3
7677;2
7678;6
7679;0
7680;2
7681;1
7682;5
7683;6
7684;4
7685;1
7686;3
7687;3
7688;9
7689;7
7690;4
7691;1
7692;4
7693;4
7694;3
7695;5
7696;5
7697;4
7698;5
7699;3
7700;3
7701;3
7702;5
7703;5
7704;4
7705;5
7706;8
7707;5
7708;3
7709;1
7710;3
7711;1
7712;6
7713;4
7714;3
7715;2
7716;3
7717;4
7718;1
7719;6
7720;7
7721;2
7722;4
7723;4
7724;7
7725;5
7726;1
7727;2
7728;4
7729;5
7730;5
7731;2
7732;5
7733;1
7734;4
7735;7
7736;4
7737;6
7738;3
7739;8
7740;2
7741;4
7742;1
7743;7
7744;1
7745;6
7746;3
7747;2
7748;2
7749;7
7750;4
7751;3
7752;4
7753;10
7754;0
7755;3
7756;1
7757;5
7758;2
7759;4
7760;0
7761;1
7762;4
7763;1
7764;3
7765;2
7766;1
7767;3
7768;3
7769;4
7770;2
7771;2
7772;4
7773;3
7774;2
7775;1
7776;6
7777;7
7778;3
7779;3
7780;2
7781;5
7782;5
7783;2
7784;1
7785;6
7786;4
7787;1
7788;3
7789;3
7790;5
7791;2
7792;2
7793;0
7794;1
7795;3
7796;5
7797;3
7798;1
7799;2
7800;6
7801;4
7802;3
7803;9
7804;6
7805;2
7806;1
7807;1
7808;5
7809;4
7810;5
7811;3
7812;4
7813;4
7814;5
7815;0
7816;3
7817;4
7818;4
7819;0
7820;0
7821;1
7822;0
7823;0
7824;0
7825;0
7826;0
7827;0
7828;0
7829;0
7830;0
7831;0
7832;0
7833;0
7834;0
7835;0
7836;0
7837;0
7838;0
7839;0
7840;0
7841;0
7842;0
7843;0
7844;0
7845;0
7846;0
7847;0
7848;0
7849;0
7850;0
7851;0
7852;0
7853;0
7854;0
7855;0
7856;0
7857;0
7858;0
7859;0
7860;0
7861;0
7862;0
7863;0
7864;0
7865;0
7866;0
7867;0
7868;1
7869;0
7870;0
7871;0
7872;0
7873;0
7874;0
7875;0
7876;0
7877;0
7878;0
7879;1
7880;0
7881;0
7882;0
7883;0
7884;0
7885;0
7886;0
7887;1
7888;0
7889;0
7890;0
7891;0
7892;0
7893;0
7894;0
7895;0
7896;0
7897;0
7898;0
7899;0
7900;0
7901;0
7902;0
7903;0
7904;0
7905;0
7906;0
7907;0
7908;0
7909;0
7910;0
7911;0
7912;0
7913;0
7914;0
7915;0
7916;0
7917;0
7918;0
7919;0
7920;0
7921;0
7922;1
7923;0
7924;0
7925;0
7926;0
7927;0
7928;0
7929;0
7930;0
7931;0
7932;0
7933;0
7934;0
7935;0
7936;0
7937;0
7938;0
7939;0
7940;0
7941;1
7942;0
7943;0
7944;0
7945;0
7946;0
7947;0
7948;0
7949;0
7950;0
7951;0
7952;0
7953;0
7954;0
7955;0
7956;0
7957;0
7958;0
7959;0
7960;0
7961;0
7962;0
7963;0
7964;0
7965;0
7966;0
7967;0
7968;0
7969;0
7970;0
7971;0
7972;0
7973;0
7974;0
7975;0
7976;0
7977;0
7978;0
7979;0
7980;0
7981;0
7982;0
7983;0
7984;0
7985;0
7986;0
7987;0
7988;0
7989;0
7990;0
7991;0
7992;0
7993;0
7994;0
7995;0
7996;0
7997;0
7998;0
7999;0
8000;0
8001;0
8002;0
8003;0
8004;0
8005;0
8006;0
8007;0
8008;0
8009;0
8010;0
8011;0
8012;0
8013;0
8014;0
8015;0
8016;0
8017;0
8018;0
8019;0
8020;0
8021;0
8022;0
8023;0
8024;0
8025;0
8026;0
8027;0
8028;0
8029;0
8030;0
8031;0
8032;0
8033;0
8034;0
8035;0
8036;0
8037;0
8038;0
8039;0
8040;0
8041;0
8042;0
8043;0
8044;0
8045;0
8046;0
8047;0
8048;0
8049;0
8050;0
8051;0
8052;0
8053;0
8054;0
8055;0
8056;0
8057;0
8058;0
8059;0
8060;0
8061;0
8062;0
8063;0
8064;0
8065;0
8066;0
8067;0
8068;0
8069;0
8070;0
8071;0
8072;0
8073;0
8074;0
8075;0
8076;0
8077;0
8078;0
8079;0
8080;0
8081;0
8082;0
8083;0
8084;0
8085;0
8086;0
8087;0
8088;0
8089;0
8090;0
8091;0
8092;0
8093;0
8094;0
8095;0
8096;0
8097;0
8098;0
8099;0
8100;0
8101;0
8102;0
8103;0
8104;0
8105;0
8106;0
8107;0
8108;0
8109;0
8110;0
8111;0
8112;0
8113;0
8114;0
8115;0
8116;0
8117;0
8118;0
8119;0
8120;0
8121;0
8122;0
8123;0
8124;0
8125;0
8126;0
8127;0
8128;0
8129;0
8130;0
8131;0
8132;0
8133;0
8134;0
8135;0
8136;0
8137;0
8138;0
8139;0
8140;0
8141;0
8142;0
8143;0
8144;0
8145;0
8146;0
8147;0
8148;0
8149;0
8150;0
8151;0
8152;0
8153;0
8154;0
8155;0
8156;0
8157;0
8158;0
8159;0
8160;0
8161;0
8162;0
8163;0
8164;0
8165;0
8166;0
8167;0
8168;0
8169;0
8170;0
8171;0
8172;0
8173;0
8174;0
8175;0
8176;0
8177;0
8178;0
8179;0
8180;0
8181;0
8182;0
8183;0
8184;0
8185;0
8186;0
8187;0
8188;0
8189;0
8190;0
8191;0
