0;0
1;0
2;0
3;0
4;0
5;0
6;0
7;0
8;0
9;0
10;0
11;0
12;0
13;0
14;0
15;0
16;0
17;0
18;0
19;0
20;0
21;0
22;0
23;0
24;0
25;0
26;0
27;0
28;0
29;0
30;0
31;0
32;0
33;0
34;0
35;0
36;0
37;0
38;0
39;0
40;0
41;0
42;0
43;0
44;0
45;0
46;0
47;0
48;0
49;0
50;0
51;0
52;0
53;0
54;0
55;0
56;8
57;17
58;18
59;25
60;21
61;27
62;25
63;22
64;19
65;30
66;27
67;32
68;30
69;29
70;18
71;22
72;28
73;29
74;15
75;22
76;30
77;21
78;30
79;20
80;21
81;34
82;22
83;26
84;16
85;37
86;25
87;33
88;27
89;16
90;27
91;32
92;30
93;23
94;29
95;34
96;25
97;30
98;26
99;28
100;28
101;28
102;25
103;20
104;20
105;33
106;17
107;16
108;33
109;23
110;22
111;31
112;23
113;23
114;27
115;24
116;21
117;21
118;21
119;24
120;26
121;24
122;21
123;19
124;31
125;29
126;25
127;20
128;17
129;25
130;30
131;26
132;26
133;33
134;24
135;19
136;22
137;24
138;22
139;23
140;14
141;22
142;19
143;19
144;20
145;25
146;31
147;26
148;26
149;19
150;38
151;36
152;26
153;22
154;21
155;32
156;23
157;23
158;29
159;22
160;25
161;36
162;21
163;32
164;28
165;34
166;21
167;23
168;21
169;29
170;24
171;30
172;29
173;33
174;19
175;22
176;28
177;32
178;23
179;23
180;26
181;25
182;36
183;30
184;34
185;38
186;25
187;24
188;18
189;30
190;37
191;30
192;28
193;27
194;27
195;25
196;21
197;21
198;26
199;21
200;26
201;28
202;25
203;27
204;27
205;33
206;24
207;14
208;25
209;27
210;31
211;30
212;29
213;37
214;25
215;33
216;26
217;30
218;23
219;28
220;26
221;28
222;22
223;25
224;23
225;28
226;28
227;35
228;32
229;24
230;29
231;20
232;46
233;33
234;41
235;28
236;29
237;34
238;29
239;23
240;33
241;25
242;25
243;26
244;52
245;27
246;29
247;29
248;28
249;23
250;24
251;24
252;45
253;25
254;28
255;41
256;19
257;32
258;26
259;40
260;34
261;33
262;31
263;23
264;29
265;34
266;42
267;21
268;35
269;27
270;26
271;35
272;34
273;34
274;29
275;28
276;22
277;32
278;24
279;21
280;30
281;34
282;36
283;22
284;34
285;31
286;23
287;32
288;38
289;34
290;37
291;29
292;40
293;32
294;30
295;29
296;30
297;30
298;31
299;31
300;23
301;39
302;31
303;27
304;26
305;29
306;27
307;20
308;24
309;26
310;21
311;21
312;32
313;26
314;32
315;24
316;27
317;34
318;25
319;25
320;25
321;36
322;28
323;27
324;33
325;21
326;28
327;26
328;35
329;28
330;28
331;29
332;40
333;24
334;31
335;16
336;31
337;30
338;17
339;34
340;23
341;31
342;30
343;38
344;31
345;28
346;33
347;28
348;23
349;30
350;30
351;27
352;19
353;29
354;24
355;29
356;32
357;34
358;29
359;25
360;29
361;21
362;32
363;31
364;23
365;34
366;25
367;18
368;22
369;28
370;33
371;37
372;34
373;19
374;28
375;44
376;39
377;27
378;29
379;30
380;25
381;30
382;34
383;25
384;24
385;29
386;25
387;31
388;36
389;29
390;28
391;24
392;17
393;34
394;35
395;28
396;27
397;34
398;41
399;30
400;29
401;31
402;38
403;31
404;37
405;22
406;32
407;23
408;29
409;23
410;21
411;31
412;37
413;30
414;19
415;20
416;25
417;24
418;24
419;33
420;30
421;26
422;27
423;29
424;25
425;28
426;31
427;29
428;30
429;31
430;24
431;26
432;24
433;19
434;20
435;25
436;34
437;36
438;34
439;34
440;27
441;39
442;31
443;24
444;24
445;39
446;18
447;28
448;25
449;24
450;15
451;41
452;22
453;22
454;29
455;28
456;35
457;32
458;25
459;37
460;21
461;33
462;36
463;27
464;34
465;31
466;24
467;27
468;36
469;37
470;29
471;35
472;27
473;23
474;20
475;34
476;23
477;26
478;24
479;29
480;29
481;26
482;29
483;27
484;30
485;25
486;28
487;26
488;21
489;32
490;29
491;26
492;36
493;23
494;25
495;22
496;24
497;30
498;40
499;31
500;23
501;24
502;27
503;30
504;23
505;27
506;24
507;23
508;43
509;27
510;25
511;31
512;34
513;26
514;32
515;27
516;25
517;21
518;25
519;30
520;28
521;31
522;28
523;24
524;27
525;30
526;19
527;27
528;31
529;33
530;27
531;32
532;24
533;36
534;24
535;26
536;26
537;32
538;30
539;23
540;21
541;34
542;31
543;30
544;22
545;25
546;29
547;25
548;32
549;27
550;30
551;33
552;35
553;30
554;22
555;35
556;24
557;24
558;24
559;23
560;26
561;22
562;40
563;27
564;23
565;22
566;22
567;20
568;30
569;19
570;35
571;26
572;21
573;26
574;32
575;25
576;38
577;19
578;29
579;24
580;38
581;18
582;38
583;25
584;28
585;28
586;26
587;23
588;28
589;34
590;29
591;30
592;27
593;33
594;46
595;17
596;40
597;22
598;35
599;22
600;26
601;20
602;26
603;21
604;26
605;28
606;28
607;27
608;23
609;25
610;26
611;28
612;22
613;27
614;30
615;29
616;25
617;29
618;33
619;22
620;24
621;26
622;25
623;31
624;23
625;20
626;28
627;27
628;23
629;29
630;26
631;31
632;31
633;20
634;34
635;34
636;28
637;42
638;15
639;28
640;29
641;26
642;30
643;23
644;32
645;25
646;30
647;24
648;32
649;36
650;23
651;20
652;27
653;31
654;24
655;27
656;26
657;29
658;21
659;26
660;30
661;19
662;27
663;19
664;22
665;23
666;24
667;19
668;17
669;22
670;23
671;36
672;38
673;29
674;26
675;26
676;31
677;19
678;25
679;30
680;21
681;31
682;31
683;24
684;23
685;28
686;23
687;20
688;23
689;28
690;23
691;24
692;25
693;23
694;26
695;26
696;32
697;31
698;18
699;24
700;20
701;22
702;22
703;25
704;39
705;24
706;35
707;25
708;26
709;31
710;26
711;26
712;20
713;28
714;25
715;21
716;30
717;23
718;24
719;29
720;33
721;24
722;31
723;25
724;28
725;22
726;26
727;25
728;28
729;28
730;32
731;31
732;26
733;25
734;32
735;34
736;25
737;23
738;23
739;26
740;25
741;21
742;30
743;26
744;20
745;24
746;24
747;16
748;29
749;21
750;28
751;23
752;30
753;23
754;33
755;21
756;19
757;22
758;25
759;28
760;23
761;29
762;22
763;23
764;32
765;35
766;34
767;29
768;35
769;24
770;17
771;20
772;24
773;41
774;39
775;31
776;21
777;27
778;23
779;34
780;33
781;28
782;29
783;33
784;22
785;29
786;29
787;20
788;26
789;25
790;29
791;29
792;30
793;28
794;25
795;22
796;31
797;29
798;19
799;29
800;26
801;36
802;30
803;34
804;19
805;25
806;31
807;27
808;27
809;23
810;22
811;30
812;22
813;37
814;24
815;24
816;28
817;36
818;23
819;24
820;31
821;27
822;27
823;23
824;30
825;22
826;29
827;32
828;18
829;26
830;21
831;25
832;29
833;24
834;24
835;26
836;41
837;34
838;20
839;21
840;32
841;22
842;26
843;35
844;29
845;36
846;36
847;22
848;32
849;32
850;30
851;27
852;35
853;32
854;27
855;30
856;27
857;22
858;23
859;21
860;32
861;23
862;29
863;36
864;33
865;39
866;28
867;30
868;35
869;28
870;26
871;40
872;30
873;32
874;38
875;33
876;35
877;33
878;38
879;34
880;39
881;35
882;36
883;33
884;30
885;33
886;32
887;36
888;34
889;19
890;38
891;38
892;33
893;22
894;27
895;29
896;27
897;35
898;29
899;32
900;41
901;36
902;42
903;29
904;31
905;29
906;30
907;32
908;39
909;37
910;30
911;28
912;32
913;45
914;43
915;29
916;35
917;35
918;36
919;18
920;46
921;35
922;27
923;35
924;37
925;45
926;39
927;37
928;27
929;31
930;39
931;34
932;35
933;38
934;32
935;44
936;46
937;36
938;35
939;37
940;37
941;35
942;34
943;37
944;34
945;28
946;46
947;27
948;41
949;30
950;40
951;25
952;32
953;30
954;33
955;40
956;44
957;34
958;28
959;32
960;28
961;34
962;31
963;29
964;39
965;42
966;26
967;46
968;33
969;35
970;33
971;42
972;39
973;32
974;45
975;32
976;34
977;32
978;38
979;38
980;37
981;32
982;27
983;29
984;38
985;35
986;29
987;31
988;31
989;30
990;36
991;37
992;29
993;39
994;46
995;36
996;29
997;35
998;36
999;32
1000;33
1001;30
1002;47
1003;29
1004;38
1005;31
1006;28
1007;47
1008;26
1009;29
1010;31
1011;25
1012;33
1013;26
1014;31
1015;35
1016;37
1017;37
1018;32
1019;28
1020;29
1021;31
1022;37
1023;32
1024;27
1025;28
1026;32
1027;30
1028;29
1029;25
1030;27
1031;24
1032;30
1033;30
1034;26
1035;26
1036;35
1037;35
1038;25
1039;35
1040;32
1041;32
1042;34
1043;27
1044;43
1045;26
1046;31
1047;36
1048;36
1049;35
1050;33
1051;19
1052;32
1053;25
1054;37
1055;30
1056;37
1057;41
1058;41
1059;35
1060;38
1061;28
1062;32
1063;41
1064;23
1065;31
1066;34
1067;33
1068;19
1069;29
1070;30
1071;23
1072;26
1073;19
1074;31
1075;31
1076;23
1077;25
1078;18
1079;25
1080;28
1081;27
1082;31
1083;23
1084;27
1085;30
1086;35
1087;31
1088;27
1089;23
1090;25
1091;32
1092;25
1093;26
1094;36
1095;29
1096;27
1097;30
1098;29
1099;20
1100;27
1101;31
1102;23
1103;34
1104;28
1105;36
1106;29
1107;34
1108;42
1109;24
1110;32
1111;30
1112;32
1113;30
1114;30
1115;35
1116;35
1117;25
1118;22
1119;41
1120;26
1121;37
1122;26
1123;28
1124;38
1125;22
1126;34
1127;29
1128;26
1129;28
1130;28
1131;25
1132;35
1133;32
1134;30
1135;21
1136;34
1137;22
1138;26
1139;34
1140;20
1141;33
1142;23
1143;40
1144;20
1145;40
1146;28
1147;26
1148;20
1149;26
1150;21
1151;28
1152;17
1153;31
1154;25
1155;37
1156;34
1157;24
1158;22
1159;26
1160;20
1161;36
1162;30
1163;31
1164;21
1165;27
1166;21
1167;33
1168;33
1169;30
1170;37
1171;45
1172;29
1173;37
1174;25
1175;38
1176;36
1177;36
1178;24
1179;27
1180;32
1181;35
1182;20
1183;26
1184;32
1185;23
1186;29
1187;36
1188;23
1189;36
1190;28
1191;30
1192;28
1193;29
1194;20
1195;25
1196;37
1197;17
1198;31
1199;40
1200;28
1201;27
1202;33
1203;25
1204;40
1205;29
1206;28
1207;25
1208;25
1209;26
1210;29
1211;27
1212;31
1213;25
1214;30
1215;21
1216;25
1217;32
1218;34
1219;20
1220;34
1221;29
1222;29
1223;30
1224;28
1225;33
1226;41
1227;40
1228;24
1229;21
1230;28
1231;24
1232;32
1233;35
1234;34
1235;27
1236;18
1237;36
1238;20
1239;34
1240;32
1241;22
1242;30
1243;31
1244;22
1245;28
1246;23
1247;20
1248;30
1249;29
1250;32
1251;39
1252;26
1253;32
1254;19
1255;34
1256;31
1257;24
1258;26
1259;34
1260;14
1261;24
1262;29
1263;26
1264;31
1265;23
1266;31
1267;30
1268;30
1269;24
1270;23
1271;28
1272;18
1273;27
1274;31
1275;30
1276;24
1277;27
1278;26
1279;23
1280;27
1281;22
1282;31
1283;24
1284;25
1285;14
1286;23
1287;26
1288;23
1289;31
1290;11
1291;18
1292;20
1293;20
1294;25
1295;19
1296;26
1297;43
1298;28
1299;25
1300;28
1301;31
1302;26
1303;38
1304;31
1305;28
1306;25
1307;30
1308;17
1309;30
1310;26
1311;31
1312;27
1313;23
1314;29
1315;22
1316;19
1317;26
1318;31
1319;23
1320;31
1321;24
1322;30
1323;26
1324;22
1325;21
1326;26
1327;20
1328;20
1329;36
1330;36
1331;26
1332;28
1333;29
1334;35
1335;28
1336;24
1337;28
1338;24
1339;21
1340;23
1341;26
1342;40
1343;18
1344;22
1345;28
1346;23
1347;19
1348;20
1349;31
1350;30
1351;26
1352;27
1353;36
1354;28
1355;23
1356;21
1357;26
1358;31
1359;20
1360;32
1361;30
1362;24
1363;29
1364;27
1365;24
1366;38
1367;21
1368;20
1369;32
1370;25
1371;36
1372;20
1373;31
1374;23
1375;25
1376;20
1377;20
1378;29
1379;27
1380;28
1381;21
1382;26
1383;19
1384;29
1385;14
1386;23
1387;20
1388;23
1389;22
1390;21
1391;27
1392;27
1393;29
1394;27
1395;23
1396;25
1397;21
1398;21
1399;27
1400;28
1401;29
1402;25
1403;30
1404;25
1405;18
1406;28
1407;22
1408;28
1409;17
1410;23
1411;17
1412;13
1413;29
1414;24
1415;16
1416;16
1417;20
1418;30
1419;22
1420;23
1421;24
1422;30
1423;24
1424;12
1425;27
1426;34
1427;19
1428;19
1429;28
1430;26
1431;17
1432;30
1433;24
1434;25
1435;26
1436;27
1437;23
1438;23
1439;24
1440;22
1441;26
1442;27
1443;19
1444;20
1445;20
1446;27
1447;22
1448;21
1449;27
1450;21
1451;15
1452;28
1453;20
1454;25
1455;22
1456;28
1457;25
1458;23
1459;18
1460;29
1461;21
1462;15
1463;24
1464;36
1465;21
1466;17
1467;17
1468;22
1469;23
1470;29
1471;32
1472;17
1473;19
1474;30
1475;27
1476;22
1477;26
1478;23
1479;13
1480;33
1481;27
1482;20
1483;23
1484;24
1485;22
1486;21
1487;23
1488;19
1489;27
1490;20
1491;31
1492;29
1493;16
1494;27
1495;29
1496;32
1497;32
1498;27
1499;24
1500;15
1501;29
1502;21
1503;23
1504;22
1505;36
1506;27
1507;26
1508;19
1509;16
1510;27
1511;22
1512;16
1513;21
1514;22
1515;19
1516;24
1517;23
1518;15
1519;21
1520;31
1521;23
1522;25
1523;25
1524;22
1525;18
1526;26
1527;26
1528;26
1529;23
1530;37
1531;28
1532;23
1533;27
1534;23
1535;21
1536;19
1537;18
1538;29
1539;15
1540;24
1541;25
1542;22
1543;21
1544;22
1545;24
1546;24
1547;21
1548;24
1549;26
1550;22
1551;24
1552;22
1553;28
1554;23
1555;21
1556;19
1557;21
1558;25
1559;28
1560;23
1561;23
1562;15
1563;30
1564;23
1565;20
1566;15
1567;19
1568;20
1569;22
1570;19
1571;26
1572;20
1573;29
1574;30
1575;24
1576;15
1577;27
1578;20
1579;19
1580;20
1581;24
1582;28
1583;16
1584;30
1585;23
1586;32
1587;23
1588;21
1589;24
1590;17
1591;29
1592;18
1593;20
1594;15
1595;22
1596;22
1597;25
1598;17
1599;31
1600;19
1601;24
1602;18
1603;26
1604;25
1605;26
1606;22
1607;21
1608;24
1609;21
1610;22
1611;17
1612;27
1613;23
1614;20
1615;18
1616;24
1617;28
1618;19
1619;17
1620;29
1621;19
1622;24
1623;24
1624;27
1625;21
1626;16
1627;27
1628;15
1629;21
1630;24
1631;22
1632;14
1633;30
1634;18
1635;20
1636;28
1637;26
1638;28
1639;24
1640;15
1641;26
1642;23
1643;23
1644;21
1645;21
1646;16
1647;16
1648;18
1649;13
1650;20
1651;25
1652;22
1653;22
1654;23
1655;21
1656;19
1657;27
1658;22
1659;21
1660;28
1661;14
1662;17
1663;24
1664;16
1665;21
1666;13
1667;15
1668;20
1669;18
1670;17
1671;21
1672;17
1673;38
1674;16
1675;28
1676;20
1677;26
1678;26
1679;19
1680;19
1681;19
1682;17
1683;32
1684;25
1685;20
1686;14
1687;20
1688;14
1689;30
1690;20
1691;18
1692;20
1693;24
1694;23
1695;22
1696;17
1697;25
1698;20
1699;18
1700;19
1701;20
1702;18
1703;19
1704;17
1705;16
1706;22
1707;25
1708;18
1709;26
1710;25
1711;16
1712;25
1713;24
1714;24
1715;24
1716;22
1717;35
1718;28
1719;19
1720;23
1721;16
1722;20
1723;17
1724;19
1725;23
1726;26
1727;36
1728;16
1729;21
1730;28
1731;22
1732;24
1733;15
1734;20
1735;27
1736;21
1737;19
1738;20
1739;26
1740;25
1741;18
1742;15
1743;26
1744;26
1745;21
1746;22
1747;22
1748;25
1749;26
1750;18
1751;29
1752;26
1753;23
1754;24
1755;19
1756;25
1757;25
1758;27
1759;23
1760;31
1761;21
1762;16
1763;15
1764;20
1765;22
1766;22
1767;21
1768;25
1769;25
1770;25
1771;17
1772;15
1773;16
1774;15
1775;26
1776;27
1777;15
1778;24
1779;19
1780;23
1781;19
1782;20
1783;23
1784;25
1785;16
1786;25
1787;30
1788;18
1789;17
1790;24
1791;23
1792;24
1793;17
1794;23
1795;23
1796;15
1797;22
1798;27
1799;21
1800;14
1801;16
1802;16
1803;17
1804;18
1805;20
1806;17
1807;21
1808;15
1809;27
1810;19
1811;24
1812;23
1813;19
1814;21
1815;25
1816;10
1817;20
1818;16
1819;18
1820;22
1821;18
1822;19
1823;19
1824;20
1825;19
1826;20
1827;27
1828;21
1829;25
1830;20
1831;23
1832;29
1833;22
1834;16
1835;22
1836;29
1837;18
1838;19
1839;19
1840;19
1841;18
1842;25
1843;19
1844;28
1845;20
1846;22
1847;22
1848;23
1849;15
1850;24
1851;18
1852;17
1853;19
1854;16
1855;17
1856;30
1857;24
1858;28
1859;18
1860;20
1861;22
1862;32
1863;14
1864;21
1865;21
1866;16
1867;28
1868;24
1869;32
1870;28
1871;27
1872;13
1873;18
1874;13
1875;15
1876;17
1877;17
1878;18
1879;22
1880;22
1881;21
1882;16
1883;32
1884;20
1885;26
1886;8
1887;15
1888;17
1889;7
1890;24
1891;24
1892;17
1893;10
1894;17
1895;25
1896;23
1897;22
1898;25
1899;20
1900;16
1901;19
1902;19
1903;18
1904;14
1905;13
1906;14
1907;16
1908;17
1909;17
1910;13
1911;18
1912;19
1913;22
1914;20
1915;19
1916;13
1917;22
1918;8
1919;12
1920;20
1921;16
1922;18
1923;16
1924;13
1925;15
1926;18
1927;13
1928;19
1929;19
1930;16
1931;17
1932;13
1933;25
1934;17
1935;13
1936;16
1937;13
1938;18
1939;21
1940;15
1941;12
1942;13
1943;20
1944;12
1945;17
1946;17
1947;13
1948;22
1949;14
1950;7
1951;16
1952;19
1953;13
1954;20
1955;19
1956;22
1957;15
1958;12
1959;15
1960;19
1961;10
1962;17
1963;12
1964;12
1965;15
1966;13
1967;17
1968;13
1969;10
1970;14
1971;11
1972;11
1973;15
1974;13
1975;11
1976;13
1977;13
1978;12
1979;13
1980;14
1981;16
1982;24
1983;14
1984;13
1985;14
1986;9
1987;8
1988;14
1989;16
1990;11
1991;18
1992;13
1993;9
1994;11
1995;6
1996;14
1997;16
1998;10
1999;16
2000;19
2001;4
2002;16
2003;15
2004;11
2005;12
2006;9
2007;15
2008;17
2009;9
2010;10
2011;13
2012;6
2013;19
2014;15
2015;13
2016;9
2017;13
2018;21
2019;9
2020;10
2021;8
2022;16
2023;15
2024;8
2025;13
2026;17
2027;13
2028;10
2029;14
2030;16
2031;15
2032;11
2033;14
2034;12
2035;11
2036;8
2037;17
2038;7
2039;4
2040;9
2041;12
2042;14
2043;14
2044;10
2045;10
2046;10
2047;9
2048;14
2049;13
2050;9
2051;11
2052;9
2053;13
2054;15
2055;12
2056;12
2057;11
2058;14
2059;10
2060;8
2061;13
2062;19
2063;13
2064;15
2065;10
2066;11
2067;12
2068;10
2069;10
2070;15
2071;12
2072;12
2073;12
2074;12
2075;10
2076;15
2077;6
2078;12
2079;8
2080;9
2081;14
2082;11
2083;10
2084;5
2085;6
2086;11
2087;18
2088;11
2089;12
2090;7
2091;12
2092;12
2093;11
2094;11
2095;21
2096;17
2097;12
2098;15
2099;9
2100;7
2101;9
2102;7
2103;14
2104;9
2105;5
2106;7
2107;5
2108;10
2109;10
2110;13
2111;2
2112;10
2113;6
2114;12
2115;9
2116;9
2117;10
2118;6
2119;8
2120;11
2121;13
2122;11
2123;5
2124;6
2125;9
2126;9
2127;8
2128;16
2129;14
2130;11
2131;6
2132;7
2133;7
2134;14
2135;7
2136;7
2137;8
2138;6
2139;9
2140;7
2141;4
2142;13
2143;11
2144;11
2145;11
2146;17
2147;7
2148;7
2149;1
2150;8
2151;10
2152;6
2153;10
2154;10
2155;6
2156;10
2157;11
2158;11
2159;10
2160;9
2161;7
2162;11
2163;12
2164;14
2165;6
2166;6
2167;13
2168;10
2169;11
2170;6
2171;12
2172;7
2173;6
2174;6
2175;10
2176;10
2177;8
2178;7
2179;9
2180;13
2181;11
2182;15
2183;7
2184;11
2185;10
2186;10
2187;7
2188;13
2189;11
2190;8
2191;10
2192;8
2193;8
2194;12
2195;9
2196;10
2197;11
2198;6
2199;10
2200;10
2201;8
2202;7
2203;7
2204;10
2205;10
2206;10
2207;6
2208;10
2209;5
2210;6
2211;7
2212;12
2213;8
2214;8
2215;8
2216;16
2217;8
2218;5
2219;15
2220;11
2221;5
2222;12
2223;11
2224;9
2225;13
2226;7
2227;6
2228;9
2229;4
2230;4
2231;6
2232;9
2233;9
2234;8
2235;14
2236;10
2237;8
2238;11
2239;8
2240;8
2241;9
2242;6
2243;1
2244;8
2245;7
2246;4
2247;4
2248;13
2249;4
2250;7
2251;8
2252;9
2253;7
2254;5
2255;3
2256;10
2257;8
2258;6
2259;7
2260;5
2261;13
2262;9
2263;5
2264;3
2265;9
2266;6
2267;7
2268;11
2269;7
2270;10
2271;8
2272;11
2273;3
2274;7
2275;6
2276;8
2277;8
2278;6
2279;6
2280;8
2281;6
2282;9
2283;6
2284;7
2285;9
2286;5
2287;7
2288;6
2289;7
2290;6
2291;11
2292;9
2293;4
2294;4
2295;6
2296;7
2297;5
2298;8
2299;6
2300;4
2301;12
2302;10
2303;7
2304;11
2305;10
2306;11
2307;15
2308;5
2309;11
2310;5
2311;6
2312;10
2313;4
2314;8
2315;6
2316;8
2317;4
2318;5
2319;7
2320;10
2321;8
2322;10
2323;11
2324;5
2325;5
2326;11
2327;7
2328;11
2329;12
2330;6
2331;6
2332;7
2333;10
2334;8
2335;10
2336;6
2337;3
2338;3
2339;6
2340;8
2341;6
2342;12
2343;7
2344;8
2345;9
2346;6
2347;3
2348;11
2349;5
2350;10
2351;4
2352;8
2353;11
2354;9
2355;6
2356;14
2357;13
2358;8
2359;7
2360;10
2361;3
2362;7
2363;11
2364;11
2365;5
2366;7
2367;4
2368;9
2369;4
2370;6
2371;13
2372;10
2373;10
2374;10
2375;8
2376;13
2377;10
2378;4
2379;5
2380;8
2381;7
2382;9
2383;7
2384;13
2385;5
2386;7
2387;10
2388;7
2389;5
2390;8
2391;10
2392;7
2393;7
2394;6
2395;6
2396;7
2397;6
2398;2
2399;3
2400;10
2401;4
2402;5
2403;9
2404;9
2405;10
2406;8
2407;9
2408;4
2409;7
2410;2
2411;4
2412;9
2413;7
2414;8
2415;6
2416;3
2417;5
2418;7
2419;5
2420;11
2421;6
2422;11
2423;11
2424;8
2425;10
2426;8
2427;4
2428;4
2429;6
2430;4
2431;9
2432;5
2433;8
2434;4
2435;11
2436;11
2437;8
2438;11
2439;12
2440;4
2441;13
2442;10
2443;9
2444;10
2445;15
2446;6
2447;7
2448;7
2449;4
2450;8
2451;9
2452;5
2453;2
2454;5
2455;5
2456;5
2457;8
2458;11
2459;8
2460;12
2461;6
2462;9
2463;10
2464;4
2465;4
2466;6
2467;6
2468;4
2469;11
2470;5
2471;4
2472;13
2473;4
2474;14
2475;4
2476;8
2477;8
2478;1
2479;9
2480;11
2481;9
2482;6
2483;5
2484;3
2485;10
2486;5
2487;7
2488;8
2489;4
2490;9
2491;7
2492;7
2493;5
2494;8
2495;5
2496;8
2497;5
2498;7
2499;7
2500;8
2501;4
2502;9
2503;8
2504;9
2505;8
2506;9
2507;12
2508;17
2509;4
2510;8
2511;7
2512;7
2513;8
2514;6
2515;6
2516;3
2517;5
2518;8
2519;5
2520;6
2521;3
2522;3
2523;9
2524;7
2525;7
2526;7
2527;8
2528;3
2529;9
2530;10
2531;7
2532;8
2533;6
2534;9
2535;11
2536;8
2537;9
2538;2
2539;3
2540;8
2541;9
2542;5
2543;1
2544;5
2545;7
2546;6
2547;5
2548;4
2549;11
2550;8
2551;10
2552;7
2553;5
2554;5
2555;11
2556;7
2557;7
2558;5
2559;3
2560;11
2561;7
2562;2
2563;7
2564;6
2565;2
2566;9
2567;6
2568;4
2569;8
2570;5
2571;8
2572;7
2573;3
2574;10
2575;6
2576;9
2577;11
2578;7
2579;6
2580;9
2581;6
2582;7
2583;6
2584;8
2585;10
2586;2
2587;7
2588;10
2589;8
2590;4
2591;5
2592;10
2593;6
2594;4
2595;8
2596;7
2597;10
2598;8
2599;8
2600;9
2601;4
2602;4
2603;6
2604;10
2605;7
2606;10
2607;3
2608;6
2609;6
2610;4
2611;9
2612;1
2613;6
2614;7
2615;8
2616;9
2617;8
2618;6
2619;9
2620;10
2621;8
2622;9
2623;5
2624;6
2625;7
2626;5
2627;3
2628;7
2629;8
2630;4
2631;11
2632;4
2633;8
2634;4
2635;5
2636;9
2637;3
2638;5
2639;10
2640;8
2641;10
2642;5
2643;3
2644;2
2645;9
2646;3
2647;8
2648;7
2649;4
2650;5
2651;4
2652;7
2653;5
2654;5
2655;6
2656;8
2657;5
2658;13
2659;8
2660;3
2661;5
2662;2
2663;12
2664;8
2665;7
2666;6
2667;8
2668;2
2669;10
2670;5
2671;7
2672;9
2673;4
2674;9
2675;9
2676;3
2677;10
2678;10
2679;3
2680;3
2681;7
2682;2
2683;5
2684;8
2685;6
2686;10
2687;7
2688;3
2689;5
2690;7
2691;11
2692;9
2693;7
2694;8
2695;8
2696;8
2697;3
2698;9
2699;9
2700;7
2701;9
2702;6
2703;9
2704;13
2705;3
2706;8
2707;7
2708;10
2709;8
2710;0
2711;5
2712;5
2713;11
2714;8
2715;7
2716;7
2717;12
2718;9
2719;7
2720;6
2721;5
2722;7
2723;5
2724;5
2725;9
2726;7
2727;8
2728;8
2729;13
2730;9
2731;10
2732;12
2733;7
2734;8
2735;6
2736;10
2737;6
2738;7
2739;10
2740;7
2741;7
2742;7
2743;8
2744;9
2745;4
2746;5
2747;9
2748;9
2749;7
2750;5
2751;5
2752;4
2753;6
2754;10
2755;8
2756;5
2757;3
2758;10
2759;6
2760;9
2761;11
2762;10
2763;7
2764;8
2765;7
2766;6
2767;10
2768;7
2769;6
2770;9
2771;8
2772;9
2773;4
2774;14
2775;12
2776;10
2777;4
2778;5
2779;9
2780;14
2781;13
2782;4
2783;10
2784;4
2785;11
2786;6
2787;10
2788;7
2789;6
2790;8
2791;7
2792;9
2793;8
2794;10
2795;7
2796;10
2797;6
2798;3
2799;7
2800;3
2801;8
2802;7
2803;3
2804;7
2805;9
2806;10
2807;15
2808;5
2809;10
2810;6
2811;7
2812;7
2813;8
2814;11
2815;5
2816;7
2817;4
2818;8
2819;9
2820;7
2821;12
2822;10
2823;8
2824;12
2825;16
2826;14
2827;11
2828;6
2829;12
2830;7
2831;7
2832;11
2833;13
2834;13
2835;6
2836;8
2837;6
2838;10
2839;11
2840;5
2841;10
2842;6
2843;9
2844;11
2845;9
2846;12
2847;5
2848;11
2849;8
2850;9
2851;12
2852;8
2853;11
2854;11
2855;13
2856;13
2857;13
2858;17
2859;15
2860;9
2861;9
2862;19
2863;13
2864;13
2865;17
2866;18
2867;10
2868;20
2869;11
2870;14
2871;18
2872;23
2873;17
2874;14
2875;16
2876;15
2877;13
2878;17
2879;21
2880;17
2881;16
2882;22
2883;21
2884;16
2885;13
2886;16
2887;18
2888;23
2889;20
2890;21
2891;18
2892;19
2893;18
2894;19
2895;23
2896;10
2897;24
2898;16
2899;13
2900;24
2901;16
2902;22
2903;21
2904;21
2905;32
2906;22
2907;25
2908;29
2909;27
2910;27
2911;22
2912;31
2913;33
2914;19
2915;23
2916;21
2917;27
2918;29
2919;43
2920;31
2921;27
2922;29
2923;20
2924;34
2925;35
2926;49
2927;28
2928;27
2929;28
2930;38
2931;25
2932;32
2933;31
2934;42
2935;32
2936;43
2937;32
2938;35
2939;37
2940;45
2941;43
2942;39
2943;32
2944;34
2945;42
2946;42
2947;38
2948;36
2949;46
2950;42
2951;47
2952;51
2953;67
2954;40
2955;48
2956;49
2957;50
2958;64
2959;46
2960;41
2961;40
2962;57
2963;55
2964;57
2965;72
2966;60
2967;44
2968;46
2969;69
2970;48
2971;55
2972;59
2973;58
2974;58
2975;62
2976;65
2977;83
2978;65
2979;56
2980;56
2981;55
2982;68
2983;53
2984;77
2985;59
2986;72
2987;81
2988;57
2989;78
2990;71
2991;70
2992;65
2993;61
2994;81
2995;71
2996;85
2997;86
2998;77
2999;73
3000;68
3001;72
3002;69
3003;67
3004;93
3005;79
3006;86
3007;74
3008;94
3009;94
3010;95
3011;91
3012;84
3013;98
3014;105
3015;86
3016;81
3017;97
3018;97
3019;113
3020;102
3021;106
3022;87
3023;81
3024;111
3025;102
3026;94
3027;100
3028;119
3029;106
3030;104
3031;125
3032;90
3033;100
3034;110
3035;111
3036;106
3037;100
3038;106
3039;115
3040;118
3041;116
3042;128
3043;122
3044;102
3045;126
3046;116
3047;126
3048;115
3049;140
3050;120
3051;112
3052;120
3053;104
3054;134
3055;132
3056;126
3057;122
3058;111
3059;119
3060;135
3061;137
3062;135
3063;114
3064;120
3065;140
3066;117
3067;149
3068;127
3069;128
3070;120
3071;124
3072;137
3073;143
3074;156
3075;151
3076;159
3077;139
3078;139
3079;143
3080;143
3081;142
3082;152
3083;120
3084;138
3085;135
3086;136
3087;141
3088;128
3089;123
3090;170
3091;160
3092;142
3093;154
3094;169
3095;141
3096;164
3097;137
3098;159
3099;142
3100;137
3101;157
3102;140
3103;158
3104;137
3105;167
3106;156
3107;166
3108;174
3109;165
3110;139
3111;165
3112;150
3113;153
3114;170
3115;147
3116;156
3117;162
3118;160
3119;168
3120;145
3121;142
3122;165
3123;139
3124;163
3125;184
3126;159
3127;146
3128;146
3129;147
3130;155
3131;160
3132;143
3133;167
3134;171
3135;175
3136;153
3137;155
3138;145
3139;155
3140;161
3141;135
3142;165
3143;161
3144;128
3145;149
3146;168
3147;142
3148;141
3149;170
3150;147
3151;171
3152;165
3153;141
3154;154
3155;176
3156;154
3157;165
3158;126
3159;164
3160;158
3161;146
3162;151
3163;132
3164;138
3165;155
3166;150
3167;143
3168;135
3169;142
3170;148
3171;152
3172;131
3173;131
3174;118
3175;147
3176;157
3177;140
3178;149
3179;138
3180;131
3181;130
3182;152
3183;138
3184;126
3185;147
3186;144
3187;136
3188;146
3189;114
3190;138
3191;124
3192;128
3193;119
3194;128
3195;130
3196;126
3197;113
3198;133
3199;119
3200;135
3201;113
3202;106
3203;114
3204;110
3205;124
3206;127
3207;124
3208;92
3209;105
3210;112
3211;104
3212;106
3213;119
3214;109
3215;140
3216;118
3217;109
3218;100
3219;113
3220;95
3221;97
3222;92
3223;102
3224;110
3225;103
3226;94
3227;93
3228;87
3229;95
3230;105
3231;94
3232;84
3233;68
3234;93
3235;82
3236;92
3237;78
3238;99
3239;91
3240;89
3241;79
3242;93
3243;72
3244;95
3245;99
3246;74
3247;87
3248;57
3249;67
3250;75
3251;82
3252;65
3253;98
3254;55
3255;60
3256;63
3257;68
3258;70
3259;73
3260;54
3261;73
3262;69
3263;58
3264;72
3265;53
3266;65
3267;65
3268;68
3269;54
3270;51
3271;54
3272;54
3273;65
3274;53
3275;44
3276;62
3277;54
3278;50
3279;58
3280;41
3281;48
3282;44
3283;56
3284;45
3285;38
3286;35
3287;35
3288;43
3289;38
3290;33
3291;32
3292;38
3293;42
3294;42
3295;46
3296;51
3297;36
3298;37
3299;36
3300;39
3301;35
3302;39
3303;36
3304;30
3305;28
3306;31
3307;40
3308;42
3309;31
3310;33
3311;27
3312;23
3313;24
3314;26
3315;35
3316;37
3317;36
3318;28
3319;25
3320;27
3321;24
3322;19
3323;18
3324;23
3325;29
3326;22
3327;30
3328;27
3329;24
3330;26
3331;21
3332;17
3333;26
3334;23
3335;18
3336;15
3337;22
3338;18
3339;26
3340;15
3341;19
3342;17
3343;19
3344;12
3345;21
3346;21
3347;18
3348;19
3349;13
3350;16
3351;20
3352;21
3353;20
3354;16
3355;10
3356;19
3357;11
3358;14
3359;22
3360;5
3361;8
3362;12
3363;18
3364;16
3365;20
3366;9
3367;16
3368;18
3369;18
3370;14
3371;13
3372;12
3373;8
3374;14
3375;10
3376;10
3377;12
3378;13
3379;10
3380;6
3381;11
3382;8
3383;12
3384;11
3385;11
3386;7
3387;8
3388;7
3389;8
3390;8
3391;10
3392;10
3393;7
3394;16
3395;9
3396;3
3397;8
3398;9
3399;10
3400;10
3401;7
3402;4
3403;7
3404;3
3405;6
3406;7
3407;4
3408;9
3409;2
3410;4
3411;8
3412;5
3413;4
3414;3
3415;5
3416;10
3417;3
3418;7
3419;5
3420;4
3421;9
3422;7
3423;7
3424;7
3425;8
3426;8
3427;10
3428;7
3429;2
3430;6
3431;8
3432;6
3433;6
3434;5
3435;6
3436;8
3437;9
3438;7
3439;4
3440;8
3441;7
3442;6
3443;2
3444;5
3445;6
3446;3
3447;10
3448;2
3449;5
3450;2
3451;6
3452;4
3453;3
3454;4
3455;7
3456;6
3457;5
3458;2
3459;3
3460;3
3461;6
3462;6
3463;7
3464;7
3465;2
3466;6
3467;6
3468;3
3469;6
3470;5
3471;10
3472;5
3473;8
3474;6
3475;4
3476;6
3477;1
3478;6
3479;7
3480;10
3481;1
3482;4
3483;2
3484;6
3485;4
3486;10
3487;7
3488;4
3489;5
3490;2
3491;2
3492;4
3493;3
3494;5
3495;7
3496;5
3497;1
3498;4
3499;5
3500;3
3501;2
3502;4
3503;6
3504;3
3505;4
3506;7
3507;3
3508;4
3509;3
3510;5
3511;3
3512;4
3513;2
3514;3
3515;5
3516;8
3517;7
3518;10
3519;2
3520;5
3521;3
3522;1
3523;3
3524;10
3525;6
3526;5
3527;2
3528;4
3529;4
3530;5
3531;3
3532;2
3533;3
3534;8
3535;9
3536;5
3537;3
3538;9
3539;3
3540;7
3541;4
3542;3
3543;7
3544;3
3545;5
3546;4
3547;4
3548;6
3549;5
3550;5
3551;4
3552;3
3553;6
3554;6
3555;5
3556;4
3557;4
3558;4
3559;6
3560;5
3561;5
3562;2
3563;7
3564;3
3565;2
3566;9
3567;6
3568;5
3569;4
3570;3
3571;4
3572;5
3573;4
3574;5
3575;5
3576;9
3577;3
3578;4
3579;8
3580;1
3581;7
3582;6
3583;3
3584;6
3585;6
3586;3
3587;4
3588;7
3589;4
3590;6
3591;8
3592;3
3593;5
3594;8
3595;4
3596;7
3597;4
3598;8
3599;1
3600;3
3601;5
3602;7
3603;3
3604;7
3605;4
3606;6
3607;4
3608;9
3609;5
3610;5
3611;6
3612;5
3613;6
3614;6
3615;3
3616;5
3617;3
3618;7
3619;5
3620;5
3621;5
3622;5
3623;3
3624;3
3625;4
3626;5
3627;3
3628;6
3629;6
3630;4
3631;4
3632;5
3633;3
3634;3
3635;3
3636;1
3637;10
3638;6
3639;3
3640;8
3641;5
3642;4
3643;5
3644;3
3645;5
3646;2
3647;6
3648;5
3649;6
3650;1
3651;3
3652;7
3653;8
3654;9
3655;6
3656;4
3657;0
3658;4
3659;1
3660;8
3661;5
3662;8
3663;4
3664;5
3665;5
3666;4
3667;5
3668;5
3669;8
3670;2
3671;8
3672;5
3673;5
3674;3
3675;3
3676;4
3677;6
3678;4
3679;8
3680;7
3681;4
3682;8
3683;13
3684;5
3685;3
3686;3
3687;5
3688;0
3689;5
3690;7
3691;9
3692;3
3693;4
3694;6
3695;4
3696;4
3697;6
3698;4
3699;3
3700;4
3701;7
3702;5
3703;4
3704;4
3705;3
3706;4
3707;6
3708;1
3709;4
3710;1
3711;3
3712;5
3713;2
3714;8
3715;2
3716;4
3717;5
3718;5
3719;4
3720;6
3721;5
3722;3
3723;7
3724;5
3725;5
3726;7
3727;4
3728;8
3729;3
3730;5
3731;6
3732;5
3733;5
3734;2
3735;3
3736;7
3737;7
3738;7
3739;5
3740;5
3741;9
3742;2
3743;2
3744;6
3745;5
3746;4
3747;3
3748;5
3749;3
3750;3
3751;5
3752;6
3753;3
3754;6
3755;2
3756;0
3757;4
3758;6
3759;7
3760;4
3761;2
3762;5
3763;7
3764;6
3765;4
3766;3
3767;6
3768;3
3769;4
3770;5
3771;2
3772;5
3773;6
3774;4
3775;6
3776;4
3777;8
3778;3
3779;7
3780;3
3781;5
3782;9
3783;6
3784;4
3785;2
3786;4
3787;3
3788;5
3789;5
3790;3
3791;14
3792;2
3793;3
3794;4
3795;5
3796;3
3797;5
3798;8
3799;4
3800;1
3801;4
3802;4
3803;5
3804;3
3805;9
3806;4
3807;11
3808;3
3809;4
3810;6
3811;2
3812;3
3813;5
3814;2
3815;5
3816;4
3817;5
3818;10
3819;1
3820;6
3821;8
3822;5
3823;2
3824;3
3825;2
3826;1
3827;3
3828;4
3829;6
3830;2
3831;8
3832;4
3833;5
3834;4
3835;3
3836;4
3837;8
3838;5
3839;9
3840;6
3841;3
3842;9
3843;5
3844;6
3845;4
3846;6
3847;2
3848;4
3849;4
3850;4
3851;2
3852;9
3853;7
3854;5
3855;4
3856;5
3857;6
3858;7
3859;2
3860;2
3861;7
3862;4
3863;3
3864;2
3865;3
3866;7
3867;3
3868;7
3869;4
3870;7
3871;3
3872;6
3873;5
3874;6
3875;3
3876;6
3877;5
3878;8
3879;6
3880;6
3881;6
3882;5
3883;4
3884;6
3885;2
3886;3
3887;4
3888;2
3889;3
3890;1
3891;4
3892;4
3893;4
3894;2
3895;4
3896;10
3897;2
3898;9
3899;6
3900;5
3901;1
3902;8
3903;4
3904;7
3905;5
3906;6
3907;4
3908;3
3909;4
3910;4
3911;1
3912;8
3913;3
3914;3
3915;3
3916;5
3917;9
3918;4
3919;3
3920;4
3921;3
3922;5
3923;2
3924;3
3925;3
3926;2
3927;10
3928;4
3929;3
3930;4
3931;4
3932;6
3933;7
3934;3
3935;2
3936;6
3937;8
3938;6
3939;5
3940;7
3941;2
3942;3
3943;4
3944;3
3945;3
3946;4
3947;6
3948;5
3949;3
3950;5
3951;2
3952;2
3953;8
3954;1
3955;10
3956;8
3957;1
3958;4
3959;6
3960;7
3961;4
3962;6
3963;4
3964;3
3965;3
3966;2
3967;6
3968;4
3969;8
3970;5
3971;9
3972;4
3973;5
3974;6
3975;6
3976;3
3977;3
3978;2
3979;4
3980;6
3981;7
3982;5
3983;7
3984;6
3985;5
3986;6
3987;6
3988;4
3989;4
3990;2
3991;3
3992;7
3993;2
3994;4
3995;2
3996;5
3997;3
3998;2
3999;8
4000;4
4001;6
4002;10
4003;4
4004;5
4005;5
4006;7
4007;2
4008;6
4009;4
4010;5
4011;3
4012;5
4013;4
4014;4
4015;5
4016;2
4017;3
4018;3
4019;6
4020;2
4021;0
4022;5
4023;6
4024;4
4025;1
4026;7
4027;9
4028;5
4029;8
4030;8
4031;3
4032;6
4033;5
4034;5
4035;8
4036;3
4037;6
4038;4
4039;5
4040;6
4041;5
4042;7
4043;5
4044;5
4045;1
4046;3
4047;6
4048;3
4049;5
4050;4
4051;6
4052;7
4053;4
4054;3
4055;3
4056;4
4057;9
4058;7
4059;3
4060;6
4061;4
4062;7
4063;4
4064;4
4065;9
4066;4
4067;2
4068;3
4069;6
4070;4
4071;6
4072;6
4073;7
4074;7
4075;6
4076;5
4077;8
4078;4
4079;5
4080;8
4081;3
4082;5
4083;5
4084;5
4085;4
4086;3
4087;3
4088;4
4089;6
4090;6
4091;1
4092;4
4093;3
4094;5
4095;4
4096;3
4097;6
4098;3
4099;5
4100;6
4101;3
4102;11
4103;5
4104;9
4105;7
4106;7
4107;3
4108;4
4109;4
4110;6
4111;2
4112;5
4113;4
4114;4
4115;6
4116;5
4117;5
4118;4
4119;2
4120;1
4121;4
4122;4
4123;6
4124;8
4125;3
4126;6
4127;6
4128;6
4129;7
4130;5
4131;9
4132;5
4133;4
4134;3
4135;4
4136;3
4137;3
4138;4
4139;6
4140;6
4141;4
4142;5
4143;4
4144;1
4145;7
4146;8
4147;10
4148;2
4149;5
4150;2
4151;6
4152;4
4153;5
4154;6
4155;8
4156;7
4157;6
4158;6
4159;5
4160;6
4161;7
4162;7
4163;5
4164;7
4165;5
4166;5
4167;1
4168;10
4169;5
4170;4
4171;8
4172;8
4173;8
4174;5
4175;11
4176;1
4177;6
4178;4
4179;6
4180;6
4181;4
4182;7
4183;2
4184;3
4185;5
4186;5
4187;5
4188;2
4189;4
4190;4
4191;5
4192;7
4193;3
4194;1
4195;6
4196;12
4197;7
4198;8
4199;4
4200;9
4201;8
4202;6
4203;6
4204;4
4205;4
4206;3
4207;4
4208;6
4209;4
4210;9
4211;3
4212;5
4213;11
4214;6
4215;7
4216;4
4217;10
4218;6
4219;7
4220;2
4221;6
4222;4
4223;4
4224;3
4225;3
4226;6
4227;5
4228;5
4229;5
4230;3
4231;7
4232;8
4233;6
4234;6
4235;5
4236;2
4237;5
4238;6
4239;6
4240;5
4241;6
4242;1
4243;7
4244;9
4245;7
4246;7
4247;6
4248;7
4249;5
4250;11
4251;6
4252;5
4253;11
4254;5
4255;6
4256;6
4257;4
4258;3
4259;7
4260;6
4261;7
4262;5
4263;2
4264;2
4265;6
4266;7
4267;7
4268;6
4269;4
4270;6
4271;6
4272;7
4273;7
4274;7
4275;7
4276;5
4277;8
4278;4
4279;11
4280;4
4281;3
4282;5
4283;8
4284;4
4285;6
4286;6
4287;6
4288;3
4289;1
4290;10
4291;3
4292;5
4293;2
4294;5
4295;7
4296;2
4297;7
4298;5
4299;7
4300;5
4301;2
4302;3
4303;10
4304;10
4305;1
4306;3
4307;7
4308;7
4309;4
4310;7
4311;5
4312;11
4313;4
4314;7
4315;2
4316;11
4317;6
4318;9
4319;9
4320;6
4321;7
4322;4
4323;6
4324;5
4325;7
4326;6
4327;7
4328;6
4329;5
4330;7
4331;2
4332;7
4333;6
4334;6
4335;10
4336;8
4337;3
4338;6
4339;4
4340;7
4341;5
4342;7
4343;9
4344;10
4345;3
4346;3
4347;5
4348;9
4349;2
4350;10
4351;5
4352;6
4353;7
4354;5
4355;9
4356;3
4357;5
4358;4
4359;3
4360;3
4361;7
4362;4
4363;5
4364;4
4365;7
4366;5
4367;7
4368;4
4369;5
4370;7
4371;5
4372;5
4373;4
4374;5
4375;8
4376;7
4377;9
4378;2
4379;3
4380;6
4381;4
4382;8
4383;8
4384;4
4385;7
4386;5
4387;7
4388;6
4389;5
4390;4
4391;9
4392;8
4393;9
4394;5
4395;9
4396;10
4397;4
4398;6
4399;5
4400;7
4401;6
4402;3
4403;8
4404;2
4405;4
4406;7
4407;6
4408;5
4409;8
4410;5
4411;7
4412;3
4413;10
4414;11
4415;6
4416;5
4417;5
4418;2
4419;8
4420;7
4421;5
4422;5
4423;9
4424;8
4425;8
4426;9
4427;6
4428;5
4429;12
4430;8
4431;10
4432;7
4433;1
4434;6
4435;7
4436;5
4437;11
4438;5
4439;15
4440;7
4441;6
4442;8
4443;10
4444;6
4445;7
4446;8
4447;7
4448;0
4449;10
4450;8
4451;7
4452;7
4453;5
4454;5
4455;8
4456;10
4457;9
4458;6
4459;8
4460;7
4461;7
4462;4
4463;7
4464;7
4465;5
4466;2
4467;10
4468;5
4469;3
4470;7
4471;7
4472;6
4473;8
4474;5
4475;8
4476;7
4477;8
4478;7
4479;9
4480;3
4481;7
4482;9
4483;5
4484;4
4485;4
4486;11
4487;8
4488;6
4489;3
4490;9
4491;6
4492;9
4493;3
4494;5
4495;3
4496;9
4497;7
4498;4
4499;8
4500;7
4501;5
4502;4
4503;9
4504;5
4505;5
4506;5
4507;7
4508;11
4509;7
4510;9
4511;7
4512;10
4513;1
4514;6
4515;7
4516;7
4517;7
4518;7
4519;5
4520;3
4521;8
4522;2
4523;2
4524;4
4525;9
4526;5
4527;8
4528;5
4529;6
4530;4
4531;7
4532;6
4533;10
4534;4
4535;5
4536;7
4537;7
4538;4
4539;11
4540;8
4541;5
4542;6
4543;6
4544;4
4545;9
4546;5
4547;1
4548;5
4549;5
4550;6
4551;6
4552;7
4553;7
4554;5
4555;7
4556;12
4557;9
4558;10
4559;6
4560;6
4561;3
4562;7
4563;6
4564;9
4565;5
4566;5
4567;9
4568;7
4569;12
4570;6
4571;8
4572;7
4573;6
4574;4
4575;9
4576;9
4577;7
4578;6
4579;3
4580;4
4581;4
4582;7
4583;2
4584;8
4585;7
4586;6
4587;6
4588;5
4589;3
4590;4
4591;3
4592;2
4593;4
4594;3
4595;7
4596;1
4597;9
4598;4
4599;6
4600;7
4601;5
4602;4
4603;8
4604;8
4605;5
4606;2
4607;12
4608;3
4609;8
4610;8
4611;8
4612;7
4613;3
4614;7
4615;4
4616;2
4617;5
4618;4
4619;5
4620;7
4621;5
4622;8
4623;4
4624;3
4625;6
4626;8
4627;2
4628;3
4629;10
4630;6
4631;3
4632;5
4633;2
4634;3
4635;2
4636;4
4637;1
4638;5
4639;6
4640;2
4641;6
4642;4
4643;7
4644;7
4645;8
4646;8
4647;4
4648;6
4649;3
4650;1
4651;10
4652;8
4653;8
4654;1
4655;3
4656;6
4657;5
4658;10
4659;3
4660;2
4661;2
4662;6
4663;4
4664;6
4665;5
4666;4
4667;5
4668;7
4669;10
4670;4
4671;8
4672;6
4673;9
4674;3
4675;4
4676;3
4677;5
4678;5
4679;5
4680;4
4681;2
4682;5
4683;4
4684;5
4685;7
4686;8
4687;3
4688;6
4689;4
4690;6
4691;4
4692;6
4693;6
4694;5
4695;3
4696;7
4697;5
4698;9
4699;3
4700;3
4701;6
4702;5
4703;5
4704;5
4705;5
4706;6
4707;2
4708;10
4709;3
4710;5
4711;6
4712;2
4713;6
4714;5
4715;6
4716;1
4717;5
4718;3
4719;4
4720;5
4721;4
4722;6
4723;4
4724;3
4725;5
4726;5
4727;8
4728;7
4729;2
4730;4
4731;2
4732;3
4733;3
4734;5
4735;4
4736;7
4737;8
4738;5
4739;3
4740;2
4741;7
4742;6
4743;5
4744;5
4745;5
4746;4
4747;2
4748;5
4749;5
4750;5
4751;4
4752;5
4753;4
4754;6
4755;3
4756;5
4757;12
4758;5
4759;4
4760;6
4761;2
4762;8
4763;2
4764;7
4765;3
4766;2
4767;3
4768;6
4769;9
4770;6
4771;4
4772;4
4773;6
4774;3
4775;9
4776;5
4777;2
4778;6
4779;2
4780;4
4781;5
4782;2
4783;6
4784;5
4785;6
4786;7
4787;5
4788;10
4789;5
4790;3
4791;4
4792;5
4793;3
4794;4
4795;5
4796;6
4797;6
4798;3
4799;5
4800;1
4801;3
4802;4
4803;6
4804;3
4805;5
4806;5
4807;8
4808;7
4809;4
4810;2
4811;5
4812;3
4813;3
4814;0
4815;3
4816;5
4817;4
4818;3
4819;2
4820;4
4821;3
4822;3
4823;5
4824;3
4825;3
4826;2
4827;2
4828;6
4829;1
4830;1
4831;3
4832;6
4833;6
4834;1
4835;7
4836;4
4837;3
4838;2
4839;4
4840;3
4841;5
4842;3
4843;4
4844;3
4845;3
4846;5
4847;7
4848;2
4849;4
4850;4
4851;6
4852;4
4853;7
4854;5
4855;3
4856;4
4857;4
4858;6
4859;4
4860;7
4861;4
4862;2
4863;3
4864;5
4865;4
4866;4
4867;2
4868;5
4869;4
4870;3
4871;9
4872;3
4873;2
4874;4
4875;2
4876;9
4877;6
4878;4
4879;9
4880;7
4881;5
4882;3
4883;5
4884;3
4885;5
4886;3
4887;10
4888;4
4889;3
4890;6
4891;3
4892;3
4893;4
4894;4
4895;10
4896;11
4897;9
4898;3
4899;3
4900;7
4901;3
4902;4
4903;6
4904;3
4905;5
4906;8
4907;6
4908;3
4909;3
4910;4
4911;4
4912;5
4913;7
4914;4
4915;4
4916;0
4917;7
4918;7
4919;1
4920;3
4921;2
4922;2
4923;6
4924;7
4925;5
4926;4
4927;6
4928;5
4929;3
4930;6
4931;2
4932;3
4933;6
4934;5
4935;2
4936;3
4937;3
4938;4
4939;3
4940;7
4941;4
4942;3
4943;6
4944;6
4945;7
4946;5
4947;2
4948;4
4949;5
4950;7
4951;4
4952;3
4953;3
4954;7
4955;8
4956;6
4957;5
4958;9
4959;8
4960;4
4961;3
4962;3
4963;3
4964;3
4965;6
4966;4
4967;4
4968;2
4969;3
4970;4
4971;5
4972;7
4973;3
4974;2
4975;2
4976;5
4977;7
4978;4
4979;3
4980;2
4981;6
4982;10
4983;3
4984;4
4985;2
4986;3
4987;3
4988;4
4989;2
4990;2
4991;2
4992;7
4993;1
4994;3
4995;5
4996;1
4997;3
4998;5
4999;8
5000;6
5001;4
5002;1
5003;5
5004;7
5005;3
5006;8
5007;3
5008;4
5009;7
5010;4
5011;8
5012;5
5013;3
5014;6
5015;6
5016;5
5017;4
5018;4
5019;7
5020;4
5021;3
5022;4
5023;4
5024;4
5025;0
5026;1
5027;4
5028;1
5029;7
5030;6
5031;5
5032;1
5033;6
5034;4
5035;4
5036;3
5037;8
5038;5
5039;4
5040;5
5041;7
5042;3
5043;1
5044;11
5045;2
5046;5
5047;5
5048;4
5049;3
5050;4
5051;4
5052;4
5053;4
5054;2
5055;7
5056;1
5057;7
5058;3
5059;5
5060;4
5061;6
5062;4
5063;4
5064;4
5065;7
5066;2
5067;7
5068;7
5069;7
5070;5
5071;3
5072;5
5073;5
5074;2
5075;5
5076;4
5077;3
5078;6
5079;4
5080;4
5081;3
5082;4
5083;10
5084;2
5085;4
5086;4
5087;2
5088;1
5089;4
5090;6
5091;6
5092;4
5093;3
5094;2
5095;5
5096;8
5097;5
5098;5
5099;3
5100;5
5101;8
5102;9
5103;5
5104;3
5105;3
5106;5
5107;3
5108;6
5109;5
5110;6
5111;5
5112;6
5113;7
5114;3
5115;5
5116;2
5117;2
5118;2
5119;3
5120;2
5121;5
5122;5
5123;3
5124;3
5125;4
5126;6
5127;0
5128;4
5129;8
5130;6
5131;3
5132;3
5133;3
5134;2
5135;7
5136;4
5137;4
5138;2
5139;5
5140;4
5141;5
5142;2
5143;5
5144;3
5145;3
5146;4
5147;3
5148;7
5149;4
5150;7
5151;3
5152;2
5153;3
5154;4
5155;4
5156;4
5157;3
5158;3
5159;6
5160;5
5161;5
5162;4
5163;5
5164;4
5165;1
5166;6
5167;1
5168;4
5169;2
5170;2
5171;4
5172;4
5173;5
5174;6
5175;3
5176;4
5177;5
5178;6
5179;4
5180;5
5181;5
5182;5
5183;6
5184;2
5185;7
5186;4
5187;2
5188;6
5189;1
5190;2
5191;2
5192;8
5193;4
5194;6
5195;2
5196;3
5197;1
5198;8
5199;8
5200;7
5201;3
5202;5
5203;8
5204;4
5205;7
5206;5
5207;2
5208;4
5209;4
5210;4
5211;5
5212;4
5213;8
5214;2
5215;6
5216;5
5217;3
5218;4
5219;3
5220;3
5221;7
5222;2
5223;8
5224;3
5225;6
5226;7
5227;7
5228;2
5229;3
5230;7
5231;4
5232;5
5233;3
5234;5
5235;1
5236;7
5237;5
5238;4
5239;5
5240;5
5241;3
5242;6
5243;3
5244;5
5245;6
5246;6
5247;4
5248;6
5249;4
5250;2
5251;5
5252;8
5253;5
5254;1
5255;5
5256;5
5257;3
5258;2
5259;5
5260;4
5261;3
5262;4
5263;8
5264;7
5265;2
5266;2
5267;3
5268;3
5269;5
5270;5
5271;5
5272;2
5273;2
5274;4
5275;6
5276;7
5277;2
5278;2
5279;3
5280;3
5281;7
5282;6
5283;2
5284;5
5285;2
5286;5
5287;2
5288;4
5289;4
5290;6
5291;3
5292;2
5293;4
5294;3
5295;4
5296;6
5297;6
5298;4
5299;4
5300;4
5301;5
5302;3
5303;7
5304;8
5305;3
5306;5
5307;5
5308;7
5309;2
5310;9
5311;6
5312;4
5313;8
5314;2
5315;10
5316;5
5317;9
5318;2
5319;3
5320;8
5321;4
5322;3
5323;5
5324;1
5325;6
5326;5
5327;8
5328;3
5329;2
5330;3
5331;6
5332;4
5333;2
5334;3
5335;4
5336;3
5337;3
5338;5
5339;5
5340;4
5341;1
5342;5
5343;1
5344;3
5345;2
5346;6
5347;4
5348;1
5349;6
5350;5
5351;2
5352;7
5353;4
5354;4
5355;5
5356;5
5357;11
5358;1
5359;3
5360;5
5361;4
5362;4
5363;2
5364;5
5365;4
5366;5
5367;2
5368;4
5369;6
5370;2
5371;6
5372;5
5373;6
5374;1
5375;3
5376;4
5377;5
5378;2
5379;3
5380;10
5381;0
5382;5
5383;2
5384;3
5385;3
5386;5
5387;7
5388;2
5389;4
5390;6
5391;3
5392;3
5393;8
5394;3
5395;5
5396;4
5397;3
5398;4
5399;8
5400;2
5401;1
5402;2
5403;7
5404;5
5405;6
5406;2
5407;3
5408;4
5409;5
5410;4
5411;4
5412;4
5413;6
5414;4
5415;6
5416;4
5417;4
5418;3
5419;5
5420;4
5421;4
5422;6
5423;7
5424;6
5425;2
5426;7
5427;2
5428;4
5429;2
5430;3
5431;6
5432;5
5433;4
5434;3
5435;5
5436;5
5437;5
5438;4
5439;6
5440;6
5441;5
5442;5
5443;1
5444;1
5445;4
5446;8
5447;7
5448;8
5449;4
5450;2
5451;5
5452;7
5453;2
5454;6
5455;3
5456;0
5457;3
5458;2
5459;7
5460;5
5461;4
5462;4
5463;2
5464;5
5465;6
5466;2
5467;5
5468;8
5469;5
5470;1
5471;3
5472;6
5473;3
5474;3
5475;5
5476;6
5477;3
5478;6
5479;3
5480;2
5481;1
5482;2
5483;6
5484;3
5485;3
5486;2
5487;4
5488;5
5489;4
5490;1
5491;2
5492;6
5493;4
5494;5
5495;2
5496;4
5497;1
5498;1
5499;6
5500;1
5501;2
5502;2
5503;7
5504;4
5505;7
5506;4
5507;7
5508;0
5509;5
5510;5
5511;4
5512;4
5513;7
5514;4
5515;3
5516;7
5517;6
5518;5
5519;4
5520;9
5521;9
5522;9
5523;5
5524;6
5525;5
5526;7
5527;1
5528;3
5529;9
5530;5
5531;4
5532;4
5533;6
5534;8
5535;5
5536;3
5537;8
5538;4
5539;9
5540;5
5541;3
5542;7
5543;1
5544;5
5545;4
5546;6
5547;4
5548;3
5549;4
5550;11
5551;3
5552;0
5553;5
5554;3
5555;6
5556;6
5557;3
5558;5
5559;4
5560;4
5561;6
5562;7
5563;9
5564;1
5565;1
5566;3
5567;3
5568;2
5569;9
5570;7
5571;5
5572;2
5573;2
5574;10
5575;4
5576;2
5577;6
5578;6
5579;4
5580;7
5581;4
5582;4
5583;6
5584;2
5585;3
5586;6
5587;4
5588;2
5589;3
5590;9
5591;5
5592;3
5593;9
5594;6
5595;4
5596;4
5597;1
5598;6
5599;3
5600;3
5601;4
5602;7
5603;6
5604;6
5605;4
5606;5
5607;8
5608;4
5609;3
5610;6
5611;6
5612;4
5613;7
5614;3
5615;2
5616;6
5617;4
5618;2
5619;3
5620;5
5621;6
5622;4
5623;3
5624;4
5625;7
5626;4
5627;9
5628;3
5629;5
5630;5
5631;4
5632;6
5633;3
5634;2
5635;4
5636;9
5637;5
5638;5
5639;1
5640;3
5641;2
5642;6
5643;9
5644;5
5645;5
5646;5
5647;6
5648;3
5649;7
5650;5
5651;3
5652;3
5653;4
5654;1
5655;5
5656;3
5657;7
5658;3
5659;4
5660;7
5661;4
5662;5
5663;5
5664;6
5665;3
5666;4
5667;6
5668;6
5669;4
5670;5
5671;2
5672;9
5673;7
5674;2
5675;3
5676;7
5677;3
5678;6
5679;2
5680;8
5681;1
5682;4
5683;10
5684;2
5685;6
5686;4
5687;3
5688;9
5689;4
5690;4
5691;4
5692;4
5693;5
5694;7
5695;2
5696;5
5697;4
5698;4
5699;4
5700;7
5701;5
5702;4
5703;7
5704;5
5705;4
5706;3
5707;4
5708;9
5709;3
5710;3
5711;1
5712;8
5713;7
5714;3
5715;3
5716;4
5717;5
5718;3
5719;2
5720;6
5721;6
5722;3
5723;7
5724;9
5725;1
5726;9
5727;11
5728;9
5729;3
5730;6
5731;7
5732;6
5733;2
5734;6
5735;6
5736;2
5737;3
5738;5
5739;3
5740;3
5741;2
5742;3
5743;1
5744;4
5745;3
5746;7
5747;4
5748;7
5749;2
5750;3
5751;8
5752;8
5753;5
5754;10
5755;7
5756;6
5757;3
5758;5
5759;7
5760;2
5761;8
5762;4
5763;9
5764;5
5765;4
5766;4
5767;9
5768;3
5769;5
5770;3
5771;5
5772;0
5773;11
5774;2
5775;5
5776;6
5777;6
5778;1
5779;5
5780;2
5781;1
5782;1
5783;6
5784;7
5785;4
5786;3
5787;6
5788;3
5789;6
5790;6
5791;7
5792;4
5793;6
5794;7
5795;6
5796;3
5797;3
5798;2
5799;5
5800;2
5801;1
5802;7
5803;1
5804;5
5805;5
5806;5
5807;6
5808;6
5809;3
5810;3
5811;2
5812;4
5813;4
5814;1
5815;1
5816;6
5817;6
5818;5
5819;2
5820;4
5821;3
5822;5
5823;2
5824;2
5825;7
5826;6
5827;6
5828;4
5829;3
5830;3
5831;3
5832;9
5833;4
5834;4
5835;3
5836;5
5837;4
5838;3
5839;3
5840;4
5841;5
5842;3
5843;6
5844;3
5845;5
5846;5
5847;3
5848;5
5849;4
5850;4
5851;7
5852;4
5853;6
5854;7
5855;4
5856;5
5857;3
5858;3
5859;3
5860;4
5861;3
5862;5
5863;3
5864;2
5865;7
5866;9
5867;7
5868;6
5869;6
5870;3
5871;5
5872;5
5873;6
5874;6
5875;5
5876;5
5877;6
5878;5
5879;1
5880;6
5881;7
5882;5
5883;4
5884;4
5885;0
5886;6
5887;3
5888;4
5889;3
5890;6
5891;5
5892;4
5893;4
5894;5
5895;2
5896;7
5897;2
5898;5
5899;2
5900;12
5901;4
5902;5
5903;6
5904;6
5905;1
5906;2
5907;1
5908;3
5909;3
5910;6
5911;8
5912;2
5913;7
5914;2
5915;3
5916;3
5917;2
5918;7
5919;2
5920;7
5921;4
5922;8
5923;5
5924;7
5925;8
5926;5
5927;3
5928;2
5929;5
5930;6
5931;6
5932;8
5933;4
5934;5
5935;8
5936;4
5937;4
5938;2
5939;4
5940;4
5941;7
5942;3
5943;4
5944;1
5945;6
5946;5
5947;8
5948;4
5949;8
5950;7
5951;4
5952;2
5953;4
5954;7
5955;4
5956;4
5957;7
5958;2
5959;4
5960;3
5961;3
5962;4
5963;5
5964;1
5965;2
5966;2
5967;10
5968;6
5969;9
5970;2
5971;4
5972;2
5973;8
5974;8
5975;2
5976;6
5977;4
5978;4
5979;8
5980;6
5981;7
5982;11
5983;4
5984;5
5985;5
5986;3
5987;3
5988;1
5989;2
5990;7
5991;4
5992;7
5993;4
5994;4
5995;4
5996;6
5997;6
5998;0
5999;7
6000;4
6001;3
6002;5
6003;6
6004;1
6005;3
6006;6
6007;2
6008;2
6009;5
6010;6
6011;4
6012;6
6013;6
6014;8
6015;5
6016;4
6017;5
6018;5
6019;4
6020;4
6021;3
6022;5
6023;5
6024;4
6025;4
6026;5
6027;7
6028;8
6029;5
6030;9
6031;5
6032;2
6033;6
6034;4
6035;4
6036;2
6037;5
6038;4
6039;7
6040;7
6041;6
6042;7
6043;3
6044;8
6045;5
6046;2
6047;2
6048;9
6049;4
6050;3
6051;3
6052;10
6053;7
6054;3
6055;2
6056;6
6057;2
6058;4
6059;3
6060;5
6061;5
6062;5
6063;8
6064;5
6065;4
6066;4
6067;4
6068;9
6069;5
6070;2
6071;5
6072;3
6073;5
6074;10
6075;4
6076;7
6077;4
6078;1
6079;3
6080;6
6081;5
6082;6
6083;1
6084;2
6085;5
6086;7
6087;8
6088;5
6089;4
6090;5
6091;5
6092;6
6093;6
6094;5
6095;5
6096;3
6097;4
6098;4
6099;5
6100;3
6101;5
6102;5
6103;6
6104;2
6105;8
6106;5
6107;5
6108;4
6109;7
6110;5
6111;5
6112;4
6113;8
6114;3
6115;4
6116;4
6117;4
6118;4
6119;4
6120;5
6121;3
6122;5
6123;2
6124;3
6125;4
6126;4
6127;7
6128;3
6129;7
6130;3
6131;6
6132;5
6133;3
6134;3
6135;3
6136;7
6137;7
6138;5
6139;1
6140;5
6141;2
6142;3
6143;4
6144;6
6145;2
6146;8
6147;4
6148;2
6149;4
6150;2
6151;8
6152;6
6153;5
6154;6
6155;4
6156;6
6157;11
6158;6
6159;5
6160;2
6161;6
6162;3
6163;6
6164;3
6165;7
6166;5
6167;3
6168;3
6169;7
6170;9
6171;6
6172;6
6173;1
6174;2
6175;6
6176;4
6177;5
6178;1
6179;2
6180;3
6181;3
6182;5
6183;6
6184;5
6185;8
6186;4
6187;6
6188;3
6189;5
6190;4
6191;5
6192;7
6193;3
6194;5
6195;3
6196;3
6197;7
6198;6
6199;4
6200;3
6201;5
6202;7
6203;4
6204;5
6205;5
6206;3
6207;4
6208;10
6209;5
6210;10
6211;6
6212;4
6213;3
6214;8
6215;1
6216;5
6217;5
6218;5
6219;4
6220;5
6221;5
6222;7
6223;3
6224;6
6225;4
6226;11
6227;3
6228;4
6229;3
6230;6
6231;3
6232;4
6233;9
6234;7
6235;5
6236;3
6237;3
6238;4
6239;9
6240;6
6241;4
6242;7
6243;5
6244;2
6245;5
6246;5
6247;6
6248;3
6249;5
6250;8
6251;7
6252;4
6253;3
6254;2
6255;3
6256;4
6257;6
6258;3
6259;7
6260;4
6261;4
6262;4
6263;3
6264;6
6265;4
6266;2
6267;5
6268;5
6269;2
6270;7
6271;4
6272;6
6273;2
6274;8
6275;4
6276;6
6277;7
6278;6
6279;4
6280;9
6281;2
6282;5
6283;2
6284;2
6285;1
6286;6
6287;8
6288;5
6289;1
6290;3
6291;5
6292;2
6293;3
6294;7
6295;7
6296;6
6297;3
6298;4
6299;6
6300;6
6301;4
6302;1
6303;3
6304;7
6305;6
6306;6
6307;6
6308;8
6309;1
6310;3
6311;7
6312;2
6313;5
6314;8
6315;4
6316;8
6317;2
6318;4
6319;6
6320;4
6321;6
6322;4
6323;4
6324;8
6325;5
6326;3
6327;8
6328;1
6329;2
6330;4
6331;5
6332;7
6333;2
6334;3
6335;4
6336;8
6337;5
6338;6
6339;6
6340;5
6341;4
6342;4
6343;4
6344;4
6345;4
6346;4
6347;5
6348;3
6349;3
6350;6
6351;4
6352;2
6353;7
6354;5
6355;3
6356;4
6357;3
6358;9
6359;3
6360;8
6361;4
6362;4
6363;6
6364;4
6365;5
6366;5
6367;3
6368;3
6369;8
6370;7
6371;8
6372;3
6373;5
6374;1
6375;8
6376;6
6377;7
6378;5
6379;7
6380;6
6381;2
6382;3
6383;4
6384;3
6385;5
6386;3
6387;6
6388;3
6389;1
6390;7
6391;3
6392;5
6393;6
6394;6
6395;4
6396;2
6397;1
6398;3
6399;5
6400;3
6401;2
6402;3
6403;5
6404;5
6405;3
6406;1
6407;7
6408;6
6409;3
6410;6
6411;6
6412;5
6413;2
6414;6
6415;3
6416;4
6417;8
6418;6
6419;1
6420;5
6421;6
6422;5
6423;8
6424;4
6425;2
6426;6
6427;6
6428;5
6429;5
6430;4
6431;1
6432;5
6433;3
6434;5
6435;3
6436;4
6437;6
6438;7
6439;1
6440;1
6441;2
6442;5
6443;4
6444;1
6445;5
6446;7
6447;3
6448;4
6449;7
6450;4
6451;4
6452;5
6453;3
6454;6
6455;7
6456;3
6457;7
6458;4
6459;4
6460;3
6461;5
6462;0
6463;3
6464;3
6465;4
6466;5
6467;9
6468;8
6469;6
6470;4
6471;3
6472;9
6473;0
6474;6
6475;4
6476;2
6477;5
6478;3
6479;1
6480;2
6481;4
6482;1
6483;3
6484;6
6485;8
6486;4
6487;5
6488;4
6489;2
6490;5
6491;3
6492;3
6493;5
6494;2
6495;3
6496;2
6497;4
6498;7
6499;5
6500;7
6501;5
6502;7
6503;3
6504;4
6505;8
6506;3
6507;7
6508;3
6509;2
6510;1
6511;2
6512;7
6513;3
6514;3
6515;2
6516;4
6517;2
6518;2
6519;8
6520;4
6521;3
6522;0
6523;4
6524;4
6525;2
6526;3
6527;3
6528;2
6529;5
6530;3
6531;4
6532;3
6533;8
6534;5
6535;1
6536;2
6537;2
6538;3
6539;7
6540;4
6541;1
6542;4
6543;5
6544;3
6545;1
6546;3
6547;3
6548;2
6549;1
6550;6
6551;3
6552;5
6553;4
6554;2
6555;4
6556;6
6557;2
6558;2
6559;3
6560;1
6561;3
6562;3
6563;3
6564;3
6565;4
6566;4
6567;7
6568;6
6569;8
6570;0
6571;3
6572;2
6573;2
6574;4
6575;4
6576;4
6577;2
6578;3
6579;4
6580;2
6581;2
6582;9
6583;0
6584;1
6585;1
6586;3
6587;4
6588;2
6589;4
6590;4
6591;3
6592;4
6593;5
6594;5
6595;3
6596;3
6597;3
6598;2
6599;7
6600;5
6601;4
6602;5
6603;7
6604;3
6605;5
6606;2
6607;6
6608;3
6609;6
6610;4
6611;2
6612;4
6613;2
6614;1
6615;5
6616;2
6617;3
6618;5
6619;5
6620;4
6621;5
6622;4
6623;1
6624;1
6625;1
6626;4
6627;2
6628;1
6629;3
6630;0
6631;2
6632;2
6633;7
6634;5
6635;0
6636;0
6637;3
6638;1
6639;3
6640;5
6641;4
6642;3
6643;3
6644;3
6645;2
6646;2
6647;2
6648;6
6649;4
6650;3
6651;3
6652;3
6653;4
6654;4
6655;1
6656;2
6657;3
6658;3
6659;3
6660;2
6661;4
6662;1
6663;5
6664;3
6665;1
6666;2
6667;3
6668;3
6669;2
6670;5
6671;3
6672;4
6673;3
6674;3
6675;2
6676;0
6677;6
6678;1
6679;7
6680;2
6681;3
6682;5
6683;2
6684;4
6685;2
6686;3
6687;4
6688;0
6689;3
6690;5
6691;3
6692;2
6693;3
6694;2
6695;6
6696;2
6697;3
6698;2
6699;5
6700;5
6701;6
6702;3
6703;3
6704;1
6705;4
6706;6
6707;4
6708;6
6709;1
6710;3
6711;2
6712;2
6713;5
6714;4
6715;0
6716;4
6717;1
6718;1
6719;3
6720;4
6721;1
6722;2
6723;4
6724;2
6725;2
6726;3
6727;0
6728;6
6729;6
6730;2
6731;2
6732;4
6733;6
6734;2
6735;2
6736;4
6737;2
6738;3
6739;4
6740;1
6741;0
6742;2
6743;2
6744;4
6745;1
6746;3
6747;3
6748;0
6749;1
6750;1
6751;3
6752;1
6753;2
6754;1
6755;2
6756;0
6757;0
6758;1
6759;4
6760;2
6761;4
6762;3
6763;2
6764;1
6765;3
6766;2
6767;1
6768;3
6769;1
6770;3
6771;6
6772;2
6773;4
6774;4
6775;3
6776;2
6777;5
6778;2
6779;2
6780;2
6781;3
6782;5
6783;2
6784;2
6785;2
6786;1
6787;2
6788;3
6789;5
6790;0
6791;2
6792;4
6793;3
6794;2
6795;1
6796;1
6797;3
6798;1
6799;4
6800;3
6801;2
6802;1
6803;2
6804;0
6805;3
6806;5
6807;1
6808;1
6809;3
6810;2
6811;3
6812;2
6813;2
6814;1
6815;6
6816;3
6817;3
6818;2
6819;1
6820;0
6821;3
6822;3
6823;2
6824;0
6825;3
6826;2
6827;4
6828;0
6829;1
6830;1
6831;2
6832;1
6833;3
6834;4
6835;3
6836;3
6837;3
6838;2
6839;4
6840;2
6841;2
6842;3
6843;2
6844;4
6845;0
6846;0
6847;3
6848;3
6849;3
6850;1
6851;2
6852;1
6853;2
6854;5
6855;1
6856;1
6857;2
6858;2
6859;5
6860;0
6861;4
6862;2
6863;5
6864;4
6865;2
6866;4
6867;4
6868;2
6869;2
6870;3
6871;1
6872;3
6873;2
6874;2
6875;1
6876;2
6877;1
6878;5
6879;2
6880;1
6881;1
6882;4
6883;4
6884;3
6885;2
6886;2
6887;1
6888;1
6889;2
6890;1
6891;1
6892;1
6893;2
6894;2
6895;2
6896;3
6897;3
6898;3
6899;3
6900;3
6901;3
6902;4
6903;3
6904;2
6905;1
6906;2
6907;1
6908;1
6909;2
6910;4
6911;2
6912;1
6913;1
6914;0
6915;3
6916;3
6917;4
6918;3
6919;2
6920;1
6921;4
6922;2
6923;1
6924;1
6925;2
6926;1
6927;2
6928;1
6929;1
6930;3
6931;3
6932;2
6933;1
6934;1
6935;3
6936;2
6937;2
6938;1
6939;2
6940;0
6941;2
6942;2
6943;1
6944;2
6945;3
6946;2
6947;3
6948;2
6949;0
6950;2
6951;3
6952;2
6953;0
6954;1
6955;2
6956;1
6957;1
6958;2
6959;0
6960;2
6961;0
6962;5
6963;4
6964;5
6965;2
6966;2
6967;5
6968;4
6969;0
6970;1
6971;2
6972;2
6973;3
6974;1
6975;1
6976;2
6977;2
6978;5
6979;4
6980;3
6981;3
6982;3
6983;2
6984;2
6985;0
6986;2
6987;1
6988;4
6989;0
6990;6
6991;1
6992;3
6993;2
6994;0
6995;1
6996;1
6997;2
6998;2
6999;2
7000;3
7001;3
7002;0
7003;1
7004;4
7005;4
7006;2
7007;0
7008;1
7009;0
7010;1
7011;0
7012;1
7013;2
7014;2
7015;3
7016;0
7017;3
7018;3
7019;3
7020;3
7021;2
7022;2
7023;0
7024;6
7025;2
7026;1
7027;0
7028;0
7029;1
7030;1
7031;1
7032;4
7033;6
7034;0
7035;4
7036;3
7037;0
7038;2
7039;3
7040;2
7041;0
7042;2
7043;2
7044;5
7045;4
7046;2
7047;1
7048;2
7049;6
7050;1
7051;3
7052;1
7053;2
7054;4
7055;1
7056;0
7057;0
7058;1
7059;4
7060;2
7061;2
7062;0
7063;2
7064;4
7065;1
7066;0
7067;1
7068;2
7069;2
7070;2
7071;3
7072;2
7073;1
7074;1
7075;1
7076;1
7077;5
7078;4
7079;2
7080;3
7081;2
7082;2
7083;0
7084;1
7085;1
7086;0
7087;1
7088;1
7089;4
7090;4
7091;2
7092;0
7093;1
7094;2
7095;2
7096;3
7097;1
7098;1
7099;0
7100;2
7101;4
7102;2
7103;1
7104;1
7105;2
7106;5
7107;0
7108;1
7109;1
7110;2
7111;5
7112;0
7113;2
7114;0
7115;2
7116;2
7117;0
7118;1
7119;1
7120;1
7121;4
7122;4
7123;2
7124;3
7125;2
7126;2
7127;2
7128;4
7129;1
7130;3
7131;4
7132;0
7133;1
7134;0
7135;2
7136;1
7137;2
7138;1
7139;0
7140;2
7141;0
7142;1
7143;0
7144;2
7145;2
7146;1
7147;1
7148;0
7149;3
7150;3
7151;7
7152;4
7153;1
7154;2
7155;1
7156;0
7157;2
7158;5
7159;2
7160;1
7161;1
7162;1
7163;1
7164;3
7165;3
7166;2
7167;0
7168;2
7169;3
7170;2
7171;0
7172;1
7173;2
7174;3
7175;1
7176;4
7177;4
7178;2
7179;1
7180;0
7181;2
7182;2
7183;1
7184;3
7185;1
7186;1
7187;3
7188;0
7189;3
7190;1
7191;1
7192;1
7193;0
7194;2
7195;4
7196;4
7197;2
7198;1
7199;0
7200;1
7201;1
7202;2
7203;2
7204;2
7205;1
7206;2
7207;2
7208;0
7209;5
7210;3
7211;1
7212;3
7213;1
7214;1
7215;0
7216;3
7217;0
7218;1
7219;1
7220;1
7221;0
7222;1
7223;2
7224;2
7225;1
7226;2
7227;1
7228;1
7229;5
7230;1
7231;2
7232;5
7233;0
7234;0
7235;0
7236;0
7237;0
7238;2
7239;2
7240;1
7241;2
7242;2
7243;3
7244;2
7245;1
7246;4
7247;5
7248;2
7249;1
7250;3
7251;0
7252;2
7253;0
7254;3
7255;0
7256;1
7257;1
7258;0
7259;0
7260;2
7261;1
7262;0
7263;0
7264;3
7265;2
7266;0
7267;2
7268;1
7269;1
7270;3
7271;1
7272;0
7273;2
7274;2
7275;2
7276;1
7277;2
7278;0
7279;1
7280;3
7281;1
7282;1
7283;3
7284;0
7285;1
7286;1
7287;3
7288;4
7289;1
7290;1
7291;3
7292;0
7293;0
7294;0
7295;2
7296;1
7297;1
7298;0
7299;0
7300;1
7301;1
7302;1
7303;2
7304;2
7305;1
7306;2
7307;0
7308;3
7309;0
7310;1
7311;1
7312;0
7313;2
7314;1
7315;1
7316;0
7317;3
7318;1
7319;0
7320;0
7321;3
7322;0
7323;1
7324;3
7325;2
7326;5
7327;2
7328;3
7329;1
7330;0
7331;3
7332;2
7333;0
7334;3
7335;1
7336;2
7337;1
7338;3
7339;2
7340;0
7341;4
7342;3
7343;0
7344;4
7345;0
7346;3
7347;2
7348;2
7349;1
7350;3
7351;3
7352;1
7353;2
7354;1
7355;2
7356;0
7357;2
7358;0
7359;1
7360;2
7361;2
7362;0
7363;4
7364;3
7365;2
7366;0
7367;2
7368;2
7369;1
7370;0
7371;0
7372;0
7373;0
7374;0
7375;0
7376;0
7377;0
7378;0
7379;0
7380;0
7381;1
7382;0
7383;0
7384;0
7385;0
7386;0
7387;0
7388;0
7389;0
7390;0
7391;0
7392;0
7393;0
7394;0
7395;0
7396;0
7397;0
7398;0
7399;0
7400;0
7401;0
7402;0
7403;0
7404;0
7405;0
7406;0
7407;0
7408;0
7409;0
7410;0
7411;0
7412;0
7413;0
7414;0
7415;0
7416;0
7417;0
7418;0
7419;0
7420;0
7421;0
7422;0
7423;0
7424;0
7425;0
7426;0
7427;0
7428;0
7429;0
7430;0
7431;0
7432;0
7433;0
7434;0
7435;0
7436;0
7437;0
7438;0
7439;0
7440;0
7441;0
7442;0
7443;0
7444;0
7445;0
7446;0
7447;0
7448;0
7449;0
7450;0
7451;0
7452;0
7453;0
7454;0
7455;0
7456;0
7457;0
7458;0
7459;0
7460;0
7461;0
7462;0
7463;0
7464;0
7465;0
7466;0
7467;0
7468;0
7469;0
7470;0
7471;0
7472;0
7473;0
7474;0
7475;0
7476;0
7477;0
7478;0
7479;0
7480;0
7481;0
7482;0
7483;0
7484;0
7485;0
7486;0
7487;0
7488;0
7489;0
7490;0
7491;0
7492;0
7493;0
7494;0
7495;0
7496;0
7497;0
7498;0
7499;0
7500;0
7501;0
7502;0
7503;0
7504;0
7505;0
7506;0
7507;0
7508;0
7509;0
7510;0
7511;0
7512;0
7513;0
7514;0
7515;0
7516;0
7517;0
7518;0
7519;0
7520;0
7521;0
7522;0
7523;0
7524;0
7525;0
7526;0
7527;0
7528;0
7529;0
7530;0
7531;0
7532;0
7533;0
7534;0
7535;0
7536;0
7537;0
7538;0
7539;0
7540;0
7541;0
7542;0
7543;0
7544;0
7545;0
7546;0
7547;0
7548;0
7549;0
7550;0
7551;0
7552;0
7553;0
7554;0
7555;0
7556;0
7557;0
7558;0
7559;0
7560;0
7561;0
7562;0
7563;0
7564;0
7565;0
7566;0
7567;0
7568;0
7569;0
7570;0
7571;0
7572;0
7573;0
7574;0
7575;0
7576;0
7577;0
7578;0
7579;0
7580;0
7581;0
7582;0
7583;0
7584;0
7585;0
7586;0
7587;0
7588;0
7589;0
7590;0
7591;0
7592;0
7593;0
7594;0
7595;0
7596;0
7597;0
7598;0
7599;0
7600;0
7601;0
7602;0
7603;0
7604;0
7605;0
7606;0
7607;0
7608;0
7609;0
7610;0
7611;0
7612;0
7613;0
7614;0
7615;0
7616;0
7617;0
7618;0
7619;0
7620;0
7621;0
7622;0
7623;0
7624;0
7625;0
7626;0
7627;0
7628;0
7629;0
7630;0
7631;0
7632;0
7633;0
7634;0
7635;0
7636;0
7637;0
7638;0
7639;0
7640;0
7641;0
7642;0
7643;0
7644;0
7645;0
7646;0
7647;0
7648;0
7649;0
7650;0
7651;0
7652;0
7653;0
7654;0
7655;0
7656;0
7657;0
7658;0
7659;0
7660;0
7661;0
7662;0
7663;0
7664;0
7665;0
7666;0
7667;0
7668;0
7669;0
7670;0
7671;0
7672;0
7673;0
7674;0
7675;0
7676;0
7677;0
7678;0
7679;0
7680;0
7681;0
7682;0
7683;0
7684;0
7685;0
7686;0
7687;0
7688;0
7689;0
7690;0
7691;0
7692;0
7693;0
7694;0
7695;0
7696;0
7697;0
7698;0
7699;0
7700;0
7701;0
7702;0
7703;0
7704;0
7705;0
7706;0
7707;0
7708;0
7709;0
7710;0
7711;0
7712;0
7713;0
7714;0
7715;0
7716;0
7717;0
7718;0
7719;0
7720;0
7721;0
7722;0
7723;0
7724;0
7725;0
7726;0
7727;0
7728;0
7729;0
7730;0
7731;0
7732;0
7733;0
7734;0
7735;0
7736;0
7737;0
7738;0
7739;0
7740;0
7741;0
7742;0
7743;0
7744;0
7745;0
7746;0
7747;0
7748;0
7749;0
7750;0
7751;0
7752;0
7753;0
7754;0
7755;0
7756;0
7757;0
7758;0
7759;0
7760;0
7761;0
7762;0
7763;0
7764;0
7765;0
7766;0
7767;0
7768;0
7769;0
7770;0
7771;0
7772;0
7773;0
7774;0
7775;0
7776;0
7777;0
7778;0
7779;0
7780;0
7781;0
7782;0
7783;0
7784;0
7785;0
7786;0
7787;0
7788;0
7789;0
7790;0
7791;0
7792;0
7793;0
7794;0
7795;0
7796;0
7797;0
7798;0
7799;0
7800;0
7801;0
7802;0
7803;0
7804;0
7805;0
7806;0
7807;0
7808;0
7809;0
7810;0
7811;0
7812;0
7813;0
7814;0
7815;0
7816;0
7817;0
7818;0
7819;0
7820;0
7821;0
7822;0
7823;0
7824;0
7825;0
7826;0
7827;0
7828;0
7829;0
7830;0
7831;0
7832;0
7833;0
7834;0
7835;0
7836;0
7837;0
7838;0
7839;0
7840;0
7841;0
7842;0
7843;0
7844;0
7845;0
7846;0
7847;0
7848;0
7849;0
7850;0
7851;0
7852;0
7853;0
7854;0
7855;0
7856;0
7857;0
7858;0
7859;0
7860;0
7861;0
7862;0
7863;0
7864;0
7865;0
7866;0
7867;0
7868;0
7869;0
7870;0
7871;0
7872;0
7873;0
7874;0
7875;0
7876;0
7877;0
7878;0
7879;0
7880;0
7881;0
7882;0
7883;0
7884;0
7885;0
7886;0
7887;0
7888;0
7889;0
7890;0
7891;0
7892;0
7893;0
7894;0
7895;0
7896;0
7897;0
7898;0
7899;0
7900;0
7901;0
7902;0
7903;0
7904;0
7905;0
7906;0
7907;0
7908;0
7909;0
7910;0
7911;0
7912;0
7913;0
7914;0
7915;0
7916;0
7917;0
7918;0
7919;0
7920;0
7921;0
7922;0
7923;0
7924;0
7925;0
7926;0
7927;0
7928;0
7929;0
7930;0
7931;0
7932;0
7933;0
7934;0
7935;0
7936;0
7937;0
7938;0
7939;0
7940;0
7941;0
7942;0
7943;0
7944;0
7945;0
7946;0
7947;0
7948;0
7949;0
7950;0
7951;0
7952;0
7953;0
7954;0
7955;0
7956;0
7957;0
7958;0
7959;0
7960;0
7961;0
7962;0
7963;0
7964;0
7965;0
7966;0
7967;0
7968;0
7969;0
7970;0
7971;0
7972;0
7973;0
7974;0
7975;0
7976;0
7977;0
7978;0
7979;0
7980;0
7981;0
7982;0
7983;0
7984;0
7985;0
7986;0
7987;0
7988;0
7989;0
7990;0
7991;0
7992;0
7993;0
7994;0
7995;0
7996;0
7997;0
7998;0
7999;0
8000;0
8001;0
8002;0
8003;0
8004;0
8005;0
8006;0
8007;0
8008;0
8009;0
8010;0
8011;0
8012;0
8013;0
8014;0
8015;0
8016;0
8017;0
8018;0
8019;0
8020;0
8021;0
8022;0
8023;0
8024;0
8025;0
8026;0
8027;0
8028;0
8029;0
8030;0
8031;0
8032;0
8033;0
8034;0
8035;0
8036;0
8037;0
8038;0
8039;0
8040;0
8041;0
8042;0
8043;0
8044;0
8045;0
8046;0
8047;0
8048;0
8049;0
8050;0
8051;0
8052;0
8053;0
8054;0
8055;0
8056;0
8057;0
8058;0
8059;0
8060;0
8061;0
8062;0
8063;0
8064;0
8065;0
8066;0
8067;0
8068;0
8069;0
8070;0
8071;0
8072;0
8073;0
8074;0
8075;0
8076;0
8077;0
8078;0
8079;0
8080;0
8081;0
8082;0
8083;0
8084;0
8085;0
8086;0
8087;0
8088;0
8089;0
8090;0
8091;0
8092;0
8093;0
8094;0
8095;0
8096;0
8097;0
8098;0
8099;0
8100;0
8101;0
8102;0
8103;0
8104;0
8105;0
8106;0
8107;0
8108;0
8109;0
8110;0
8111;0
8112;0
8113;0
8114;0
8115;0
8116;0
8117;0
8118;0
8119;0
8120;0
8121;0
8122;0
8123;0
8124;0
8125;0
8126;0
8127;0
8128;0
8129;0
8130;0
8131;0
8132;0
8133;0
8134;0
8135;0
8136;0
8137;0
8138;0
8139;0
8140;0
8141;0
8142;0
8143;0
8144;0
8145;0
8146;0
8147;0
8148;0
8149;0
8150;0
8151;0
8152;0
8153;0
8154;0
8155;0
8156;0
8157;0
8158;0
8159;0
8160;0
8161;0
8162;0
8163;0
8164;0
8165;0
8166;0
8167;0
8168;0
8169;0
8170;0
8171;0
8172;0
8173;0
8174;0
8175;0
8176;0
8177;0
8178;0
8179;0
8180;0
8181;0
8182;0
8183;0
8184;0
8185;0
8186;0
8187;0
8188;0
8189;0
8190;0
8191;0
