0;0
1;0
2;0
3;0
4;0
5;0
6;0
7;0
8;0
9;0
10;0
11;0
12;0
13;0
14;0
15;0
16;0
17;0
18;0
19;0
20;0
21;0
22;0
23;0
24;0
25;0
26;0
27;0
28;0
29;0
30;0
31;0
32;0
33;0
34;0
35;0
36;0
37;0
38;0
39;0
40;0
41;0
42;0
43;0
44;0
45;0
46;0
47;0
48;0
49;0
50;0
51;1
52;0
53;0
54;0
55;6
56;20
57;49
58;74
59;69
60;107
61;97
62;96
63;83
64;88
65;84
66;96
67;88
68;111
69;105
70;79
71;120
72;85
73;99
74;110
75;90
76;113
77;121
78;116
79;109
80;99
81;131
82;114
83;128
84;114
85;120
86;125
87;117
88;121
89;145
90;138
91;129
92;126
93;144
94;161
95;142
96;143
97;160
98;159
99;149
100;182
101;168
102;162
103;171
104;164
105;176
106;159
107;166
108;166
109;171
110;193
111;216
112;179
113;227
114;217
115;208
116;238
117;238
118;234
119;233
120;239
121;244
122;260
123;249
124;276
125;262
126;282
127;321
128;303
129;366
130;327
131;312
132;355
133;416
134;382
135;397
136;431
137;428
138;451
139;427
140;553
141;501
142;513
143;504
144;551
145;559
146;607
147;582
148;638
149;642
150;676
151;768
152;804
153;744
154;789
155;826
156;818
157;850
158;825
159;860
160;1003
161;982
162;1004
163;1014
164;1101
165;1092
166;1156
167;1192
168;1213
169;1256
170;1248
171;1237
172;1256
173;1425
174;1368
175;1380
176;1447
177;1407
178;1390
179;1484
180;1460
181;1487
182;1497
183;1560
184;1531
185;1491
186;1525
187;1566
188;1453
189;1570
190;1531
191;1554
192;1563
193;1510
194;1616
195;1567
196;1519
197;1540
198;1603
199;1497
200;1535
201;1514
202;1429
203;1414
204;1439
205;1429
206;1385
207;1415
208;1372
209;1366
210;1331
211;1257
212;1392
213;1216
214;1238
215;1117
216;1173
217;1102
218;1051
219;1049
220;1039
221;980
222;980
223;922
224;928
225;938
226;877
227;827
228;866
229;839
230;774
231;768
232;749
233;725
234;714
235;689
236;675
237;668
238;646
239;604
240;577
241;605
242;559
243;516
244;528
245;541
246;513
247;458
248;466
249;473
250;503
251;434
252;429
253;416
254;444
255;446
256;386
257;385
258;396
259;381
260;333
261;340
262;332
263;314
264;335
265;359
266;330
267;311
268;280
269;346
270;291
271;270
272;271
273;254
274;249
275;230
276;260
277;219
278;231
279;226
280;204
281;187
282;188
283;205
284;211
285;191
286;188
287;185
288;166
289;164
290;184
291;152
292;155
293;157
294;161
295;165
296;126
297;125
298;135
299;118
300;120
301;129
302;121
303;103
304;120
305;107
306;105
307;104
308;90
309;93
310;94
311;77
312;89
313;92
314;83
315;92
316;79
317;86
318;94
319;87
320;75
321;89
322;81
323;69
324;70
325;71
326;64
327;62
328;63
329;71
330;68
331;52
332;56
333;60
334;66
335;49
336;73
337;64
338;55
339;69
340;62
341;48
342;53
343;54
344;49
345;62
346;59
347;36
348;60
349;61
350;68
351;64
352;68
353;66
354;64
355;62
356;62
357;49
358;61
359;62
360;58
361;61
362;70
363;54
364;65
365;63
366;63
367;58
368;66
369;58
370;73
371;54
372;59
373;54
374;68
375;67
376;62
377;46
378;58
379;56
380;68
381;60
382;63
383;81
384;58
385;71
386;68
387;63
388;66
389;72
390;68
391;77
392;71
393;62
394;70
395;71
396;90
397;61
398;74
399;79
400;68
401;55
402;60
403;72
404;80
405;91
406;73
407;69
408;74
409;70
410;78
411;84
412;99
413;66
414;64
415;88
416;68
417;78
418;80
419;107
420;102
421;66
422;85
423;77
424;101
425;91
426;102
427;97
428;80
429;100
430;100
431;83
432;90
433;87
434;99
435;100
436;101
437;101
438;96
439;77
440;79
441;110
442;89
443;84
444;100
445;94
446;83
447;94
448;86
449;95
450;101
451;98
452;113
453;115
454;111
455;99
456;116
457;110
458;115
459;112
460;117
461;89
462;113
463;94
464;109
465;98
466;101
467;102
468;115
469;105
470;131
471;111
472;90
473;114
474;122
475;97
476;110
477;87
478;103
479;116
480;128
481;134
482;116
483;113
484;117
485;127
486;131
487;105
488;120
489;138
490;124
491;114
492;128
493;122
494;131
495;127
496;128
497;114
498;143
499;132
500;129
501;116
502;120
503;122
504;128
505;141
506;105
507;124
508;107
509;133
510;104
511;125
512;125
513;114
514;122
515;107
516;133
517;134
518;105
519;117
520;130
521;125
522;110
523;124
524;125
525;115
526;135
527;119
528;134
529;130
530;95
531;118
532;103
533;123
534;116
535;112
536;124
537;116
538;123
539;118
540;114
541;104
542;116
543;100
544;122
545;102
546;124
547;120
548;116
549;100
550;134
551;99
552;118
553;106
554;116
555;117
556;103
557;108
558;117
559;116
560;93
561;121
562;118
563;115
564;127
565;99
566;95
567;100
568;106
569;106
570;92
571;110
572;102
573;92
574;107
575;115
576;109
577;98
578;98
579;84
580;102
581;111
582;76
583;91
584;111
585;99
586;98
587;107
588;106
589;105
590;86
591;101
592;100
593;97
594;106
595;88
596;91
597;112
598;92
599;99
600;105
601;95
602;88
603;103
604;118
605;120
606;108
607;111
608;120
609;93
610;91
611;105
612;89
613;96
614;91
615;102
616;92
617;123
618;107
619;90
620;109
621;123
622;113
623;117
624;108
625;118
626;103
627;120
628;126
629;109
630;104
631;120
632;112
633;114
634;115
635;116
636;119
637;98
638;142
639;120
640;106
641;128
642;155
643;121
644;114
645;120
646;126
647;125
648;127
649;124
650;138
651;139
652;125
653;151
654;148
655;133
656;157
657;146
658;147
659;139
660;147
661;125
662;138
663;154
664;138
665;153
666;128
667;141
668;157
669;154
670;151
671;138
672;134
673;127
674;133
675;171
676;145
677;163
678;152
679;156
680;154
681;124
682;154
683;152
684;148
685;143
686;140
687;145
688;154
689;158
690;126
691;133
692;128
693;153
694;150
695;144
696;155
697;143
698;145
699;148
700;128
701;147
702;159
703;170
704;134
705;143
706;128
707;154
708;139
709;139
710;128
711;143
712;142
713;128
714;149
715;129
716;139
717;160
718;130
719;138
720;129
721;124
722;126
723;132
724;131
725;143
726;139
727;145
728;120
729;142
730;155
731;124
732;131
733;159
734;133
735;120
736;117
737;127
738;127
739;121
740;136
741;133
742;113
743;127
744;116
745;107
746;115
747;120
748;122
749;116
750;102
751;132
752;121
753;126
754;127
755;122
756;127
757;97
758;98
759;113
760;111
761;108
762;123
763;106
764;118
765;119
766;111
767;104
768;115
769;113
770;122
771;128
772;125
773;116
774;126
775;120
776;130
777;117
778;105
779;111
780;125
781;103
782;135
783;114
784;110
785;131
786;117
787;108
788;146
789;115
790;112
791;112
792;122
793;120
794;104
795;118
796;110
797;125
798;117
799;122
800;144
801;117
802;127
803;129
804;105
805;115
806;132
807;116
808;114
809;119
810;128
811;160
812;138
813;143
814;142
815;149
816;133
817;144
818;151
819;142
820;143
821;138
822;153
823;123
824;150
825;156
826;160
827;162
828;163
829;148
830;147
831;153
832;158
833;159
834;156
835;173
836;173
837;168
838;178
839;189
840;184
841;191
842;196
843;203
844;212
845;190
846;179
847;216
848;218
849;215
850;215
851;243
852;242
853;201
854;207
855;253
856;235
857;237
858;257
859;244
860;275
861;235
862;276
863;246
864;269
865;329
866;272
867;269
868;266
869;300
870;300
871;317
872;266
873;289
874;306
875;339
876;322
877;320
878;326
879;297
880;342
881;334
882;374
883;380
884;318
885;412
886;334
887;393
888;394
889;426
890;399
891;407
892;410
893;407
894;430
895;431
896;430
897;479
898;452
899;491
900;533
901;452
902;418
903;504
904;490
905;484
906;433
907;509
908;486
909;554
910;533
911;509
912;551
913;504
914;563
915;539
916;546
917;578
918;603
919;526
920;588
921;614
922;578
923;574
924;598
925;628
926;618
927;604
928;587
929;640
930;638
931;616
932;618
933;653
934;656
935;644
936;642
937;621
938;642
939;665
940;658
941;678
942;672
943;652
944;613
945;669
946;675
947;643
948;617
949;627
950;644
951;662
952;613
953;627
954;606
955;618
956;596
957;634
958;644
959;642
960;634
961;604
962;609
963;650
964;592
965;580
966;606
967;624
968;589
969;597
970;605
971;544
972;550
973;511
974;552
975;543
976;501
977;536
978;502
979;510
980;510
981;474
982;491
983;473
984;488
985;470
986;476
987;449
988;447
989;436
990;391
991;415
992;414
993;374
994;358
995;357
996;393
997;341
998;335
999;344
1000;379
1001;346
1002;328
1003;303
1004;318
1005;293
1006;271
1007;324
1008;268
1009;296
1010;273
1011;252
1012;285
1013;281
1014;256
1015;237
1016;236
1017;234
1018;224
1019;215
1020;205
1021;216
1022;235
1023;218
1024;214
1025;188
1026;200
1027;178
1028;157
1029;159
1030;188
1031;179
1032;165
1033;153
1034;147
1035;141
1036;156
1037;135
1038;140
1039;139
1040;116
1041;112
1042;144
1043;123
1044;141
1045;99
1046;98
1047;121
1048;110
1049;108
1050;109
1051;104
1052;106
1053;111
1054;102
1055;89
1056;118
1057;95
1058;95
1059;81
1060;81
1061;67
1062;98
1063;79
1064;71
1065;77
1066;79
1067;90
1068;78
1069;78
1070;78
1071;60
1072;87
1073;71
1074;75
1075;72
1076;77
1077;64
1078;61
1079;58
1080;60
1081;76
1082;55
1083;74
1084;50
1085;55
1086;67
1087;58
1088;63
1089;69
1090;70
1091;80
1092;67
1093;48
1094;59
1095;75
1096;62
1097;57
1098;66
1099;74
1100;61
1101;58
1102;67
1103;56
1104;49
1105;58
1106;57
1107;53
1108;51
1109;51
1110;62
1111;56
1112;64
1113;57
1114;72
1115;58
1116;67
1117;71
1118;61
1119;61
1120;44
1121;64
1122;46
1123;51
1124;56
1125;57
1126;48
1127;61
1128;62
1129;59
1130;58
1131;48
1132;48
1133;52
1134;46
1135;59
1136;50
1137;53
1138;53
1139;50
1140;51
1141;59
1142;50
1143;66
1144;59
1145;55
1146;55
1147;51
1148;74
1149;55
1150;47
1151;54
1152;60
1153;50
1154;59
1155;62
1156;42
1157;55
1158;63
1159;58
1160;67
1161;48
1162;42
1163;61
1164;65
1165;56
1166;55
1167;70
1168;57
1169;56
1170;58
1171;45
1172;54
1173;57
1174;63
1175;55
1176;47
1177;55
1178;61
1179;57
1180;57
1181;66
1182;66
1183;51
1184;51
1185;62
1186;60
1187;62
1188;61
1189;57
1190;65
1191;70
1192;67
1193;55
1194;62
1195;61
1196;58
1197;72
1198;56
1199;55
1200;66
1201;69
1202;64
1203;56
1204;53
1205;54
1206;62
1207;58
1208;47
1209;61
1210;57
1211;50
1212;63
1213;57
1214;59
1215;58
1216;65
1217;63
1218;51
1219;63
1220;65
1221;51
1222;67
1223;58
1224;47
1225;51
1226;67
1227;42
1228;59
1229;59
1230;60
1231;49
1232;58
1233;58
1234;62
1235;61
1236;56
1237;62
1238;56
1239;66
1240;63
1241;55
1242;60
1243;55
1244;58
1245;51
1246;68
1247;53
1248;53
1249;62
1250;57
1251;65
1252;66
1253;50
1254;60
1255;52
1256;54
1257;56
1258;66
1259;65
1260;70
1261;60
1262;61
1263;53
1264;52
1265;74
1266;45
1267;64
1268;53
1269;48
1270;62
1271;56
1272;70
1273;62
1274;53
1275;56
1276;54
1277;57
1278;68
1279;56
1280;68
1281;68
1282;65
1283;72
1284;57
1285;72
1286;57
1287;58
1288;66
1289;67
1290;73
1291;65
1292;57
1293;63
1294;57
1295;71
1296;64
1297;62
1298;66
1299;71
1300;67
1301;74
1302;68
1303;61
1304;63
1305;56
1306;49
1307;63
1308;70
1309;57
1310;55
1311;65
1312;57
1313;72
1314;77
1315;76
1316;67
1317;73
1318;72
1319;69
1320;63
1321;65
1322;60
1323;81
1324;77
1325;77
1326;70
1327;66
1328;83
1329;69
1330;75
1331;72
1332;81
1333;76
1334;80
1335;69
1336;72
1337;103
1338;82
1339;86
1340;72
1341;87
1342;84
1343;78
1344;70
1345;82
1346;96
1347;68
1348;81
1349;79
1350;83
1351;79
1352;81
1353;89
1354;73
1355;59
1356;91
1357;79
1358;94
1359;88
1360;86
1361;74
1362;78
1363;97
1364;96
1365;95
1366;75
1367;84
1368;89
1369;86
1370;83
1371;80
1372;99
1373;98
1374;85
1375;90
1376;90
1377;95
1378;97
1379;92
1380;88
1381;94
1382;113
1383;109
1384;101
1385;100
1386;93
1387;96
1388;109
1389;89
1390;95
1391;106
1392;97
1393;105
1394;100
1395;95
1396;91
1397;114
1398;97
1399;107
1400;102
1401;99
1402;86
1403;102
1404;99
1405;117
1406;105
1407;107
1408;100
1409;111
1410;108
1411;112
1412;115
1413;119
1414;98
1415;110
1416;103
1417;106
1418;118
1419;93
1420;104
1421;118
1422;120
1423;101
1424;108
1425;94
1426;92
1427;139
1428;104
1429;112
1430;98
1431;115
1432;106
1433;111
1434;89
1435;111
1436;93
1437;89
1438;112
1439;101
1440;105
1441;109
1442;92
1443;83
1444;88
1445;109
1446;119
1447;116
1448;92
1449;106
1450;103
1451;105
1452;90
1453;119
1454;111
1455;110
1456;104
1457;100
1458;104
1459;112
1460;99
1461;104
1462;87
1463;86
1464;96
1465;85
1466;103
1467;97
1468;109
1469;98
1470;104
1471;94
1472;98
1473;80
1474;97
1475;93
1476;92
1477;79
1478;108
1479;96
1480;98
1481;88
1482;91
1483;77
1484;85
1485;81
1486;90
1487;92
1488;83
1489;82
1490;85
1491;72
1492;91
1493;83
1494;84
1495;97
1496;84
1497;72
1498;77
1499;80
1500;77
1501;81
1502;87
1503;68
1504;70
1505;85
1506;82
1507;83
1508;71
1509;67
1510;81
1511;76
1512;76
1513;73
1514;75
1515;60
1516;84
1517;77
1518;78
1519;74
1520;62
1521;71
1522;69
1523;74
1524;73
1525;73
1526;75
1527;65
1528;68
1529;56
1530;68
1531;67
1532;62
1533;70
1534;68
1535;76
1536;58
1537;63
1538;43
1539;59
1540;59
1541;55
1542;59
1543;70
1544;64
1545;61
1546;59
1547;56
1548;73
1549;60
1550;59
1551;67
1552;61
1553;59
1554;69
1555;56
1556;59
1557;60
1558;66
1559;58
1560;51
1561;60
1562;49
1563;50
1564;58
1565;52
1566;62
1567;64
1568;51
1569;68
1570;61
1571;66
1572;56
1573;61
1574;50
1575;71
1576;50
1577;50
1578;53
1579;60
1580;54
1581;53
1582;57
1583;53
1584;60
1585;54
1586;71
1587;58
1588;60
1589;54
1590;43
1591;60
1592;50
1593;58
1594;74
1595;54
1596;51
1597;51
1598;62
1599;60
1600;54
1601;58
1602;62
1603;42
1604;48
1605;52
1606;72
1607;55
1608;44
1609;45
1610;71
1611;56
1612;57
1613;55
1614;39
1615;54
1616;59
1617;50
1618;46
1619;58
1620;56
1621;35
1622;53
1623;51
1624;53
1625;68
1626;48
1627;41
1628;51
1629;64
1630;64
1631;58
1632;57
1633;73
1634;62
1635;49
1636;56
1637;61
1638;59
1639;54
1640;56
1641;64
1642;57
1643;51
1644;59
1645;60
1646;48
1647;55
1648;44
1649;52
1650;54
1651;61
1652;78
1653;59
1654;56
1655;64
1656;58
1657;57
1658;75
1659;56
1660;74
1661;59
1662;63
1663;48
1664;58
1665;52
1666;54
1667;63
1668;62
1669;78
1670;40
1671;56
1672;48
1673;50
1674;53
1675;60
1676;48
1677;56
1678;52
1679;54
1680;53
1681;51
1682;48
1683;55
1684;60
1685;62
1686;52
1687;59
1688;53
1689;62
1690;60
1691;57
1692;60
1693;45
1694;70
1695;67
1696;74
1697;56
1698;51
1699;63
1700;49
1701;58
1702;60
1703;69
1704;68
1705;66
1706;56
1707;56
1708;75
1709;54
1710;48
1711;49
1712;65
1713;70
1714;62
1715;65
1716;70
1717;73
1718;67
1719;68
1720;78
1721;76
1722;64
1723;76
1724;64
1725;60
1726;67
1727;61
1728;73
1729;71
1730;61
1731;61
1732;65
1733;62
1734;64
1735;59
1736;52
1737;60
1738;71
1739;54
1740;67
1741;77
1742;53
1743;62
1744;66
1745;59
1746;64
1747;54
1748;58
1749;47
1750;61
1751;62
1752;77
1753;67
1754;72
1755;70
1756;71
1757;59
1758;57
1759;53
1760;61
1761;51
1762;61
1763;68
1764;75
1765;56
1766;83
1767;69
1768;70
1769;67
1770;60
1771;62
1772;55
1773;50
1774;66
1775;64
1776;72
1777;69
1778;61
1779;65
1780;67
1781;59
1782;76
1783;48
1784;70
1785;73
1786;65
1787;79
1788;53
1789;75
1790;70
1791;66
1792;57
1793;69
1794;78
1795;78
1796;70
1797;68
1798;87
1799;80
1800;69
1801;65
1802;67
1803;65
1804;63
1805;66
1806;85
1807;68
1808;69
1809;69
1810;67
1811;66
1812;83
1813;67
1814;79
1815;68
1816;74
1817;74
1818;68
1819;86
1820;86
1821;65
1822;66
1823;65
1824;61
1825;75
1826;56
1827;60
1828;55
1829;76
1830;69
1831;70
1832;65
1833;75
1834;63
1835;90
1836;66
1837;69
1838;64
1839;91
1840;70
1841;63
1842;90
1843;72
1844;88
1845;89
1846;63
1847;74
1848;80
1849;77
1850;84
1851;64
1852;61
1853;84
1854;78
1855;82
1856;70
1857;80
1858;76
1859;65
1860;62
1861;83
1862;77
1863;68
1864;67
1865;79
1866;96
1867;77
1868;86
1869;83
1870;68
1871;60
1872;85
1873;81
1874;67
1875;72
1876;72
1877;62
1878;65
1879;69
1880;79
1881;67
1882;77
1883;74
1884;69
1885;87
1886;83
1887;75
1888;80
1889;77
1890;82
1891;58
1892;82
1893;75
1894;89
1895;85
1896;77
1897;77
1898;77
1899;81
1900;71
1901;88
1902;84
1903;67
1904;80
1905;61
1906;67
1907;63
1908;57
1909;71
1910;77
1911;73
1912;96
1913;72
1914;66
1915;58
1916;84
1917;69
1918;84
1919;88
1920;75
1921;74
1922;89
1923;77
1924;80
1925;74
1926;75
1927;64
1928;94
1929;75
1930;70
1931;84
1932;84
1933;85
1934;85
1935;90
1936;76
1937;68
1938;80
1939;77
1940;70
1941;69
1942;89
1943;71
1944;81
1945;73
1946;86
1947;79
1948;70
1949;67
1950;65
1951;85
1952;86
1953;74
1954;71
1955;93
1956;79
1957;63
1958;91
1959;82
1960;103
1961;68
1962;77
1963;86
1964;71
1965;69
1966;84
1967;76
1968;71
1969;75
1970;68
1971;73
1972;72
1973;85
1974;77
1975;68
1976;75
1977;72
1978;84
1979;84
1980;71
1981;81
1982;74
1983;77
1984;71
1985;85
1986;74
1987;85
1988;71
1989;70
1990;78
1991;75
1992;96
1993;86
1994;88
1995;87
1996;80
1997;76
1998;73
1999;91
2000;82
2001;84
2002;87
2003;78
2004;88
2005;68
2006;95
2007;82
2008;76
2009;84
2010;85
2011;84
2012;74
2013;86
2014;86
2015;79
2016;71
2017;75
2018;69
2019;66
2020;90
2021;87
2022;96
2023;86
2024;67
2025;72
2026;78
2027;76
2028;83
2029;81
2030;72
2031;72
2032;87
2033;73
2034;88
2035;68
2036;77
2037;79
2038;70
2039;68
2040;78
2041;76
2042;76
2043;82
2044;73
2045;92
2046;83
2047;74
2048;84
2049;88
2050;81
2051;65
2052;82
2053;85
2054;85
2055;65
2056;78
2057;75
2058;77
2059;70
2060;85
2061;85
2062;79
2063;70
2064;81
2065;67
2066;80
2067;62
2068;73
2069;82
2070;81
2071;74
2072;86
2073;102
2074;87
2075;85
2076;83
2077;64
2078;82
2079;59
2080;69
2081;103
2082;75
2083;104
2084;82
2085;80
2086;84
2087;68
2088;70
2089;79
2090;76
2091;61
2092;71
2093;65
2094;88
2095;83
2096;98
2097;68
2098;77
2099;65
2100;80
2101;75
2102;76
2103;90
2104;80
2105;77
2106;63
2107;68
2108;65
2109;76
2110;78
2111;60
2112;76
2113;80
2114;81
2115;72
2116;71
2117;63
2118;78
2119;67
2120;72
2121;74
2122;79
2123;89
2124;76
2125;60
2126;77
2127;81
2128;70
2129;79
2130;75
2131;70
2132;68
2133;82
2134;71
2135;68
2136;88
2137;74
2138;63
2139;93
2140;94
2141;78
2142;71
2143;60
2144;69
2145;78
2146;70
2147;77
2148;77
2149;69
2150;95
2151;81
2152;68
2153;74
2154;66
2155;59
2156;77
2157;62
2158;75
2159;64
2160;59
2161;78
2162;83
2163;71
2164;73
2165;80
2166;65
2167;76
2168;64
2169;64
2170;78
2171;73
2172;94
2173;63
2174;80
2175;72
2176;52
2177;81
2178;67
2179;68
2180;79
2181;78
2182;77
2183;71
2184;78
2185;70
2186;75
2187;73
2188;82
2189;75
2190;61
2191;60
2192;73
2193;65
2194;74
2195;62
2196;80
2197;61
2198;75
2199;54
2200;77
2201;69
2202;59
2203;87
2204;62
2205;75
2206;67
2207;78
2208;57
2209;70
2210;61
2211;72
2212;72
2213;71
2214;63
2215;69
2216;75
2217;65
2218;82
2219;76
2220;71
2221;68
2222;69
2223;60
2224;64
2225;65
2226;74
2227;68
2228;73
2229;67
2230;70
2231;69
2232;60
2233;62
2234;62
2235;78
2236;80
2237;65
2238;67
2239;60
2240;77
2241;80
2242;72
2243;79
2244;70
2245;72
2246;59
2247;74
2248;69
2249;74
2250;60
2251;59
2252;72
2253;75
2254;63
2255;49
2256;78
2257;68
2258;66
2259;55
2260;70
2261;60
2262;63
2263;64
2264;52
2265;68
2266;63
2267;71
2268;67
2269;73
2270;67
2271;54
2272;73
2273;67
2274;87
2275;70
2276;64
2277;67
2278;59
2279;67
2280;70
2281;58
2282;64
2283;82
2284;67
2285;65
2286;62
2287;61
2288;66
2289;62
2290;71
2291;80
2292;71
2293;71
2294;62
2295;74
2296;48
2297;61
2298;58
2299;56
2300;63
2301;51
2302;65
2303;58
2304;60
2305;66
2306;76
2307;85
2308;77
2309;64
2310;50
2311;55
2312;63
2313;53
2314;63
2315;40
2316;68
2317;56
2318;71
2319;72
2320;63
2321;64
2322;56
2323;55
2324;81
2325;64
2326;50
2327;62
2328;81
2329;55
2330;74
2331;58
2332;63
2333;65
2334;68
2335;63
2336;66
2337;57
2338;79
2339;47
2340;56
2341;74
2342;57
2343;68
2344;79
2345;67
2346;66
2347;66
2348;56
2349;52
2350;58
2351;62
2352;57
2353;69
2354;62
2355;55
2356;66
2357;50
2358;72
2359;62
2360;58
2361;61
2362;58
2363;53
2364;51
2365;59
2366;60
2367;60
2368;68
2369;64
2370;59
2371;68
2372;45
2373;56
2374;56
2375;64
2376;68
2377;52
2378;58
2379;61
2380;68
2381;58
2382;69
2383;68
2384;49
2385;64
2386;70
2387;55
2388;65
2389;77
2390;69
2391;66
2392;54
2393;64
2394;54
2395;63
2396;68
2397;59
2398;56
2399;65
2400;71
2401;52
2402;51
2403;61
2404;58
2405;59
2406;64
2407;63
2408;53
2409;63
2410;51
2411;59
2412;52
2413;57
2414;60
2415;65
2416;68
2417;57
2418;62
2419;44
2420;57
2421;63
2422;60
2423;54
2424;74
2425;54
2426;62
2427;55
2428;73
2429;61
2430;62
2431;54
2432;61
2433;73
2434;50
2435;57
2436;60
2437;57
2438;56
2439;61
2440;46
2441;61
2442;64
2443;82
2444;65
2445;67
2446;67
2447;61
2448;66
2449;51
2450;50
2451;57
2452;51
2453;56
2454;63
2455;54
2456;62
2457;61
2458;56
2459;60
2460;59
2461;65
2462;51
2463;65
2464;60
2465;40
2466;64
2467;51
2468;62
2469;71
2470;58
2471;49
2472;45
2473;43
2474;72
2475;52
2476;58
2477;58
2478;48
2479;60
2480;73
2481;53
2482;53
2483;51
2484;50
2485;56
2486;48
2487;56
2488;47
2489;62
2490;50
2491;60
2492;52
2493;63
2494;46
2495;48
2496;53
2497;52
2498;55
2499;57
2500;58
2501;51
2502;64
2503;50
2504;53
2505;51
2506;36
2507;56
2508;55
2509;48
2510;54
2511;51
2512;66
2513;56
2514;48
2515;53
2516;52
2517;57
2518;59
2519;50
2520;54
2521;48
2522;56
2523;58
2524;57
2525;53
2526;68
2527;53
2528;51
2529;48
2530;38
2531;49
2532;43
2533;56
2534;51
2535;44
2536;53
2537;51
2538;53
2539;58
2540;55
2541;38
2542;62
2543;50
2544;59
2545;75
2546;65
2547;39
2548;56
2549;56
2550;54
2551;54
2552;55
2553;57
2554;72
2555;50
2556;47
2557;63
2558;48
2559;48
2560;69
2561;54
2562;58
2563;46
2564;52
2565;57
2566;48
2567;62
2568;67
2569;69
2570;36
2571;36
2572;48
2573;49
2574;50
2575;57
2576;64
2577;59
2578;59
2579;51
2580;55
2581;56
2582;53
2583;58
2584;48
2585;57
2586;50
2587;49
2588;59
2589;61
2590;52
2591;55
2592;58
2593;35
2594;51
2595;58
2596;48
2597;59
2598;49
2599;59
2600;51
2601;57
2602;56
2603;53
2604;49
2605;58
2606;47
2607;43
2608;39
2609;61
2610;54
2611;43
2612;44
2613;53
2614;47
2615;54
2616;60
2617;52
2618;41
2619;51
2620;48
2621;56
2622;33
2623;50
2624;48
2625;45
2626;63
2627;49
2628;43
2629;52
2630;46
2631;42
2632;44
2633;50
2634;49
2635;52
2636;37
2637;46
2638;48
2639;41
2640;54
2641;49
2642;52
2643;55
2644;57
2645;43
2646;41
2647;45
2648;53
2649;52
2650;54
2651;45
2652;47
2653;47
2654;52
2655;49
2656;62
2657;41
2658;57
2659;50
2660;47
2661;45
2662;48
2663;44
2664;40
2665;44
2666;57
2667;53
2668;34
2669;54
2670;55
2671;50
2672;46
2673;48
2674;40
2675;54
2676;42
2677;46
2678;51
2679;51
2680;41
2681;52
2682;33
2683;49
2684;46
2685;36
2686;50
2687;48
2688;43
2689;38
2690;52
2691;48
2692;47
2693;47
2694;38
2695;42
2696;35
2697;48
2698;58
2699;55
2700;39
2701;47
2702;50
2703;60
2704;54
2705;48
2706;45
2707;34
2708;40
2709;52
2710;34
2711;51
2712;34
2713;45
2714;42
2715;47
2716;47
2717;31
2718;48
2719;45
2720;44
2721;38
2722;44
2723;55
2724;58
2725;41
2726;36
2727;55
2728;35
2729;52
2730;42
2731;37
2732;46
2733;57
2734;53
2735;45
2736;41
2737;39
2738;52
2739;36
2740;54
2741;46
2742;53
2743;40
2744;53
2745;50
2746;47
2747;47
2748;46
2749;47
2750;49
2751;46
2752;40
2753;57
2754;52
2755;35
2756;53
2757;66
2758;47
2759;50
2760;53
2761;46
2762;38
2763;49
2764;38
2765;38
2766;43
2767;53
2768;48
2769;46
2770;44
2771;40
2772;37
2773;33
2774;52
2775;44
2776;49
2777;48
2778;50
2779;49
2780;37
2781;43
2782;46
2783;35
2784;43
2785;52
2786;43
2787;45
2788;36
2789;44
2790;48
2791;27
2792;40
2793;46
2794;39
2795;31
2796;49
2797;54
2798;43
2799;35
2800;49
2801;34
2802;39
2803;56
2804;35
2805;44
2806;52
2807;45
2808;52
2809;53
2810;44
2811;35
2812;53
2813;37
2814;40
2815;44
2816;33
2817;54
2818;46
2819;46
2820;36
2821;45
2822;36
2823;40
2824;43
2825;51
2826;38
2827;32
2828;41
2829;42
2830;42
2831;38
2832;43
2833;45
2834;42
2835;40
2836;47
2837;51
2838;48
2839;37
2840;40
2841;33
2842;28
2843;48
2844;44
2845;31
2846;39
2847;44
2848;39
2849;47
2850;55
2851;50
2852;48
2853;34
2854;39
2855;36
2856;42
2857;35
2858;31
2859;49
2860;42
2861;41
2862;35
2863;43
2864;46
2865;50
2866;46
2867;38
2868;44
2869;36
2870;49
2871;56
2872;43
2873;33
2874;45
2875;45
2876;44
2877;37
2878;34
2879;51
2880;35
2881;43
2882;37
2883;45
2884;42
2885;40
2886;43
2887;50
2888;50
2889;28
2890;47
2891;38
2892;49
2893;34
2894;56
2895;49
2896;51
2897;56
2898;50
2899;35
2900;38
2901;32
2902;45
2903;48
2904;46
2905;39
2906;41
2907;51
2908;34
2909;34
2910;47
2911;38
2912;52
2913;37
2914;50
2915;31
2916;44
2917;52
2918;43
2919;44
2920;41
2921;49
2922;43
2923;42
2924;40
2925;30
2926;37
2927;43
2928;42
2929;35
2930;52
2931;32
2932;38
2933;51
2934;34
2935;41
2936;50
2937;46
2938;46
2939;37
2940;33
2941;39
2942;34
2943;43
2944;40
2945;43
2946;49
2947;44
2948;41
2949;42
2950;38
2951;45
2952;52
2953;44
2954;35
2955;44
2956;39
2957;46
2958;46
2959;33
2960;41
2961;23
2962;43
2963;42
2964;37
2965;41
2966;29
2967;44
2968;49
2969;42
2970;47
2971;52
2972;46
2973;36
2974;44
2975;40
2976;40
2977;37
2978;35
2979;47
2980;33
2981;41
2982;40
2983;34
2984;40
2985;34
2986;37
2987;44
2988;43
2989;45
2990;26
2991;42
2992;45
2993;31
2994;30
2995;42
2996;33
2997;42
2998;48
2999;42
3000;34
3001;24
3002;38
3003;30
3004;34
3005;44
3006;51
3007;38
3008;40
3009;34
3010;36
3011;45
3012;41
3013;42
3014;44
3015;41
3016;34
3017;31
3018;43
3019;39
3020;42
3021;48
3022;39
3023;38
3024;41
3025;51
3026;41
3027;44
3028;36
3029;41
3030;34
3031;36
3032;44
3033;43
3034;41
3035;35
3036;35
3037;33
3038;55
3039;30
3040;40
3041;38
3042;36
3043;36
3044;45
3045;45
3046;38
3047;51
3048;38
3049;38
3050;42
3051;44
3052;36
3053;48
3054;30
3055;17
3056;35
3057;38
3058;28
3059;44
3060;38
3061;42
3062;31
3063;31
3064;33
3065;41
3066;41
3067;52
3068;41
3069;38
3070;39
3071;37
3072;45
3073;22
3074;29
3075;38
3076;39
3077;34
3078;30
3079;25
3080;28
3081;38
3082;46
3083;41
3084;29
3085;43
3086;37
3087;35
3088;34
3089;37
3090;34
3091;29
3092;44
3093;35
3094;40
3095;35
3096;31
3097;34
3098;34
3099;26
3100;35
3101;31
3102;35
3103;38
3104;36
3105;35
3106;39
3107;45
3108;41
3109;34
3110;53
3111;36
3112;33
3113;36
3114;26
3115;39
3116;34
3117;34
3118;39
3119;43
3120;30
3121;34
3122;33
3123;31
3124;36
3125;38
3126;31
3127;37
3128;47
3129;31
3130;34
3131;32
3132;32
3133;32
3134;31
3135;31
3136;26
3137;41
3138;34
3139;32
3140;39
3141;30
3142;33
3143;43
3144;43
3145;40
3146;41
3147;37
3148;44
3149;32
3150;34
3151;33
3152;36
3153;41
3154;41
3155;20
3156;42
3157;33
3158;42
3159;41
3160;32
3161;38
3162;30
3163;30
3164;26
3165;33
3166;38
3167;32
3168;43
3169;34
3170;42
3171;38
3172;43
3173;40
3174;27
3175;32
3176;32
3177;27
3178;31
3179;25
3180;38
3181;35
3182;31
3183;50
3184;25
3185;27
3186;35
3187;34
3188;30
3189;39
3190;43
3191;42
3192;34
3193;35
3194;33
3195;35
3196;38
3197;31
3198;36
3199;43
3200;31
3201;23
3202;37
3203;20
3204;41
3205;33
3206;35
3207;29
3208;35
3209;33
3210;34
3211;35
3212;47
3213;40
3214;28
3215;32
3216;32
3217;40
3218;42
3219;37
3220;21
3221;31
3222;38
3223;37
3224;28
3225;34
3226;31
3227;49
3228;31
3229;31
3230;41
3231;35
3232;32
3233;30
3234;42
3235;34
3236;45
3237;41
3238;34
3239;23
3240;35
3241;42
3242;40
3243;47
3244;40
3245;32
3246;40
3247;32
3248;27
3249;28
3250;24
3251;39
3252;38
3253;41
3254;39
3255;31
3256;43
3257;41
3258;34
3259;48
3260;35
3261;50
3262;33
3263;56
3264;31
3265;39
3266;45
3267;32
3268;38
3269;33
3270;40
3271;35
3272;45
3273;37
3274;40
3275;39
3276;31
3277;35
3278;44
3279;37
3280;35
3281;30
3282;35
3283;33
3284;35
3285;38
3286;28
3287;25
3288;31
3289;41
3290;31
3291;33
3292;44
3293;45
3294;37
3295;41
3296;40
3297;36
3298;39
3299;42
3300;48
3301;31
3302;22
3303;38
3304;33
3305;27
3306;42
3307;30
3308;36
3309;34
3310;33
3311;35
3312;42
3313;44
3314;50
3315;23
3316;52
3317;28
3318;22
3319;32
3320;31
3321;34
3322;29
3323;38
3324;32
3325;29
3326;42
3327;33
3328;30
3329;35
3330;42
3331;41
3332;37
3333;39
3334;24
3335;37
3336;31
3337;50
3338;32
3339;32
3340;44
3341;31
3342;34
3343;36
3344;36
3345;37
3346;42
3347;38
3348;43
3349;39
3350;35
3351;35
3352;40
3353;45
3354;31
3355;44
3356;36
3357;40
3358;36
3359;39
3360;42
3361;38
3362;38
3363;41
3364;38
3365;35
3366;46
3367;38
3368;43
3369;35
3370;37
3371;38
3372;42
3373;50
3374;40
3375;51
3376;46
3377;31
3378;40
3379;37
3380;37
3381;41
3382;39
3383;48
3384;39
3385;44
3386;29
3387;37
3388;43
3389;43
3390;44
3391;49
3392;39
3393;32
3394;44
3395;45
3396;34
3397;36
3398;39
3399;40
3400;47
3401;41
3402;58
3403;48
3404;44
3405;43
3406;42
3407;52
3408;41
3409;45
3410;46
3411;44
3412;57
3413;54
3414;48
3415;45
3416;50
3417;42
3418;49
3419;39
3420;47
3421;43
3422;50
3423;35
3424;37
3425;52
3426;43
3427;47
3428;53
3429;44
3430;46
3431;56
3432;44
3433;47
3434;41
3435;55
3436;58
3437;49
3438;54
3439;48
3440;50
3441;40
3442;50
3443;50
3444;47
3445;40
3446;49
3447;33
3448;54
3449;44
3450;42
3451;40
3452;42
3453;48
3454;38
3455;55
3456;45
3457;49
3458;63
3459;37
3460;47
3461;44
3462;50
3463;46
3464;56
3465;41
3466;35
3467;51
3468;43
3469;50
3470;56
3471;57
3472;46
3473;58
3474;46
3475;41
3476;42
3477;44
3478;70
3479;44
3480;59
3481;49
3482;56
3483;53
3484;46
3485;66
3486;38
3487;61
3488;52
3489;57
3490;48
3491;35
3492;58
3493;52
3494;59
3495;46
3496;39
3497;53
3498;51
3499;62
3500;38
3501;58
3502;54
3503;49
3504;68
3505;61
3506;59
3507;53
3508;45
3509;53
3510;68
3511;51
3512;49
3513;50
3514;58
3515;56
3516;52
3517;56
3518;54
3519;42
3520;62
3521;56
3522;48
3523;44
3524;63
3525;56
3526;65
3527;54
3528;55
3529;50
3530;40
3531;61
3532;55
3533;50
3534;48
3535;55
3536;63
3537;58
3538;52
3539;47
3540;71
3541;66
3542;65
3543;56
3544;60
3545;50
3546;48
3547;64
3548;60
3549;48
3550;62
3551;52
3552;67
3553;57
3554;52
3555;57
3556;36
3557;63
3558;54
3559;48
3560;58
3561;43
3562;52
3563;65
3564;69
3565;56
3566;71
3567;61
3568;44
3569;58
3570;53
3571;57
3572;44
3573;59
3574;71
3575;60
3576;62
3577;75
3578;49
3579;52
3580;58
3581;47
3582;61
3583;69
3584;70
3585;66
3586;55
3587;57
3588;48
3589;69
3590;73
3591;39
3592;57
3593;68
3594;58
3595;62
3596;62
3597;49
3598;67
3599;48
3600;71
3601;54
3602;59
3603;68
3604;44
3605;55
3606;54
3607;54
3608;62
3609;42
3610;47
3611;64
3612;62
3613;60
3614;66
3615;66
3616;56
3617;47
3618;50
3619;71
3620;70
3621;57
3622;74
3623;52
3624;49
3625;55
3626;58
3627;53
3628;53
3629;54
3630;57
3631;53
3632;60
3633;69
3634;60
3635;51
3636;57
3637;67
3638;51
3639;65
3640;63
3641;81
3642;54
3643;52
3644;62
3645;59
3646;69
3647;62
3648;83
3649;60
3650;58
3651;63
3652;63
3653;64
3654;47
3655;50
3656;58
3657;68
3658;59
3659;50
3660;55
3661;60
3662;69
3663;53
3664;55
3665;59
3666;41
3667;62
3668;74
3669;53
3670;71
3671;59
3672;65
3673;62
3674;65
3675;63
3676;66
3677;54
3678;68
3679;62
3680;57
3681;60
3682;60
3683;63
3684;58
3685;67
3686;52
3687;78
3688;75
3689;50
3690;61
3691;53
3692;62
3693;49
3694;55
3695;73
3696;64
3697;72
3698;62
3699;74
3700;74
3701;70
3702;79
3703;62
3704;64
3705;65
3706;67
3707;64
3708;67
3709;72
3710;75
3711;61
3712;47
3713;68
3714;59
3715;55
3716;74
3717;63
3718;69
3719;50
3720;65
3721;62
3722;70
3723;65
3724;63
3725;74
3726;61
3727;61
3728;75
3729;71
3730;57
3731;58
3732;61
3733;76
3734;60
3735;79
3736;65
3737;65
3738;64
3739;99
3740;63
3741;63
3742;68
3743;68
3744;74
3745;60
3746;68
3747;58
3748;73
3749;61
3750;81
3751;53
3752;74
3753;61
3754;66
3755;68
3756;86
3757;65
3758;77
3759;54
3760;76
3761;60
3762;77
3763;68
3764;70
3765;64
3766;73
3767;76
3768;70
3769;70
3770;68
3771;61
3772;73
3773;75
3774;66
3775;73
3776;86
3777;70
3778;59
3779;56
3780;68
3781;82
3782;86
3783;79
3784;79
3785;74
3786;83
3787;79
3788;83
3789;88
3790;86
3791;85
3792;82
3793;89
3794;94
3795;73
3796;89
3797;84
3798;72
3799;81
3800;97
3801;73
3802;86
3803;71
3804;69
3805;80
3806;84
3807;72
3808;82
3809;73
3810;82
3811;71
3812;68
3813;65
3814;90
3815;73
3816;88
3817;78
3818;79
3819;66
3820;86
3821;75
3822;63
3823;66
3824;91
3825;108
3826;84
3827;78
3828;98
3829;80
3830;79
3831;88
3832;83
3833;85
3834;66
3835;94
3836;86
3837;82
3838;74
3839;71
3840;96
3841;78
3842;88
3843;75
3844;93
3845;71
3846;99
3847;84
3848;98
3849;95
3850;98
3851;70
3852;96
3853;75
3854;96
3855;87
3856;97
3857;80
3858;86
3859;70
3860;82
3861;87
3862;91
3863;96
3864;97
3865;74
3866;95
3867;108
3868;87
3869;96
3870;80
3871;85
3872;90
3873;109
3874;83
3875;93
3876;101
3877;79
3878;85
3879;87
3880;97
3881;93
3882;86
3883;80
3884;102
3885;105
3886;85
3887;111
3888;104
3889;96
3890;99
3891;76
3892;84
3893;84
3894;97
3895;70
3896;94
3897;96
3898;102
3899;82
3900;98
3901;97
3902;90
3903;91
3904;102
3905;110
3906;81
3907;98
3908;90
3909;95
3910;87
3911;107
3912;92
3913;80
3914;80
3915;94
3916;93
3917;79
3918;96
3919;106
3920;87
3921;76
3922;100
3923;79
3924;71
3925;108
3926;104
3927;87
3928;86
3929;85
3930;99
3931;82
3932;71
3933;92
3934;94
3935;79
3936;99
3937;87
3938;82
3939;112
3940;88
3941;89
3942;97
3943;92
3944;105
3945;106
3946;100
3947;104
3948;85
3949;104
3950;103
3951;109
3952;87
3953;98
3954;93
3955;109
3956;86
3957;78
3958;90
3959;93
3960;84
3961;83
3962;85
3963;96
3964;87
3965;99
3966;110
3967;98
3968;106
3969;100
3970;88
3971;114
3972;91
3973;90
3974;95
3975;101
3976;106
3977;101
3978;107
3979;99
3980;84
3981;97
3982;87
3983;115
3984;86
3985;89
3986;85
3987;99
3988;102
3989;86
3990;106
3991;76
3992;79
3993;104
3994;96
3995;95
3996;82
3997;86
3998;78
3999;91
4000;108
4001;90
4002;81
4003;84
4004;87
4005;88
4006;80
4007;99
4008;86
4009;86
4010;85
4011;105
4012;81
4013;93
4014;96
4015;93
4016;97
4017;89
4018;98
4019;90
4020;97
4021;87
4022;86
4023;77
4024;100
4025;80
4026;78
4027;69
4028;84
4029;81
4030;87
4031;98
4032;77
4033;98
4034;73
4035;81
4036;80
4037;63
4038;97
4039;93
4040;97
4041;83
4042;59
4043;106
4044;82
4045;95
4046;92
4047;88
4048;95
4049;78
4050;73
4051;99
4052;85
4053;68
4054;95
4055;82
4056;78
4057;83
4058;80
4059;68
4060;95
4061;80
4062;94
4063;62
4064;89
4065;75
4066;93
4067;74
4068;88
4069;70
4070;81
4071;74
4072;68
4073;65
4074;77
4075;81
4076;85
4077;78
4078;88
4079;84
4080;79
4081;79
4082;77
4083;65
4084;80
4085;65
4086;67
4087;64
4088;73
4089;66
4090;90
4091;65
4092;74
4093;57
4094;74
4095;68
4096;76
4097;71
4098;85
4099;74
4100;80
4101;69
4102;75
4103;65
4104;71
4105;77
4106;72
4107;74
4108;58
4109;82
4110;62
4111;68
4112;70
4113;68
4114;60
4115;65
4116;64
4117;61
4118;67
4119;60
4120;67
4121;54
4122;61
4123;69
4124;65
4125;58
4126;55
4127;61
4128;62
4129;70
4130;77
4131;58
4132;59
4133;69
4134;62
4135;66
4136;74
4137;59
4138;76
4139;60
4140;60
4141;57
4142;64
4143;70
4144;69
4145;61
4146;54
4147;60
4148;55
4149;61
4150;64
4151;68
4152;64
4153;76
4154;56
4155;42
4156;53
4157;76
4158;55
4159;53
4160;50
4161;63
4162;64
4163;67
4164;82
4165;56
4166;60
4167;46
4168;52
4169;46
4170;55
4171;56
4172;56
4173;58
4174;57
4175;55
4176;51
4177;45
4178;43
4179;56
4180;45
4181;55
4182;56
4183;48
4184;46
4185;55
4186;45
4187;47
4188;35
4189;58
4190;47
4191;51
4192;63
4193;51
4194;57
4195;66
4196;58
4197;57
4198;45
4199;60
4200;42
4201;52
4202;48
4203;47
4204;58
4205;51
4206;50
4207;48
4208;58
4209;54
4210;48
4211;40
4212;48
4213;51
4214;39
4215;45
4216;47
4217;48
4218;50
4219;52
4220;56
4221;55
4222;47
4223;65
4224;41
4225;48
4226;48
4227;46
4228;45
4229;50
4230;53
4231;46
4232;51
4233;49
4234;50
4235;61
4236;40
4237;47
4238;53
4239;37
4240;40
4241;52
4242;37
4243;43
4244;58
4245;34
4246;51
4247;57
4248;38
4249;42
4250;36
4251;50
4252;54
4253;44
4254;49
4255;42
4256;40
4257;50
4258;49
4259;54
4260;45
4261;50
4262;56
4263;60
4264;49
4265;53
4266;62
4267;70
4268;53
4269;57
4270;38
4271;62
4272;45
4273;51
4274;36
4275;48
4276;48
4277;54
4278;51
4279;52
4280;48
4281;54
4282;59
4283;47
4284;51
4285;58
4286;55
4287;63
4288;53
4289;66
4290;49
4291;51
4292;66
4293;59
4294;59
4295;66
4296;55
4297;56
4298;50
4299;46
4300;73
4301;47
4302;49
4303;52
4304;49
4305;66
4306;52
4307;50
4308;67
4309;63
4310;51
4311;52
4312;75
4313;68
4314;52
4315;65
4316;54
4317;62
4318;56
4319;61
4320;60
4321;57
4322;58
4323;72
4324;67
4325;58
4326;60
4327;64
4328;61
4329;62
4330;63
4331;75
4332;60
4333;59
4334;53
4335;61
4336;77
4337;70
4338;67
4339;50
4340;61
4341;76
4342;85
4343;64
4344;73
4345;63
4346;80
4347;76
4348;83
4349;76
4350;63
4351;64
4352;73
4353;50
4354;63
4355;93
4356;78
4357;65
4358;70
4359;84
4360;90
4361;75
4362;74
4363;73
4364;85
4365;80
4366;87
4367;79
4368;78
4369;82
4370;92
4371;66
4372;76
4373;73
4374;76
4375;78
4376;90
4377;86
4378;78
4379;90
4380;79
4381;77
4382;89
4383;90
4384;68
4385;86
4386;76
4387;77
4388;96
4389;87
4390;80
4391;98
4392;86
4393;91
4394;88
4395;89
4396;99
4397;103
4398;94
4399;78
4400;109
4401;81
4402;87
4403;104
4404;105
4405;109
4406;91
4407;91
4408;99
4409;99
4410;88
4411;114
4412;97
4413;104
4414;115
4415;87
4416;99
4417;116
4418;104
4419;90
4420;96
4421;102
4422;109
4423;106
4424;117
4425;105
4426;108
4427;117
4428;105
4429;107
4430;106
4431;131
4432;125
4433;120
4434;112
4435;96
4436;103
4437;113
4438;94
4439;127
4440;126
4441;117
4442;122
4443;115
4444;124
4445;106
4446;130
4447;126
4448;105
4449;127
4450;135
4451;120
4452;126
4453;125
4454;123
4455;138
4456;118
4457;124
4458;121
4459;115
4460;140
4461;112
4462;151
4463;129
4464;141
4465;123
4466;129
4467;129
4468;125
4469;122
4470;140
4471;125
4472;128
4473;150
4474;135
4475;124
4476;135
4477;150
4478;127
4479;126
4480;127
4481;164
4482;135
4483;141
4484;137
4485;136
4486;129
4487;138
4488;150
4489;138
4490;149
4491;111
4492;149
4493;146
4494;142
4495;130
4496;139
4497;142
4498;143
4499;154
4500;159
4501;139
4502;153
4503;147
4504;139
4505;161
4506;146
4507;148
4508;155
4509;166
4510;145
4511;171
4512;168
4513;154
4514;187
4515;151
4516;151
4517;156
4518;167
4519;167
4520;171
4521;164
4522;152
4523;172
4524;161
4525;180
4526;163
4527;163
4528;163
4529;160
4530;177
4531;190
4532;159
4533;177
4534;155
4535;166
4536;177
4537;165
4538;169
4539;178
4540;157
4541;170
4542;180
4543;203
4544;214
4545;176
4546;171
4547;175
4548;170
4549;162
4550;190
4551;173
4552;155
4553;169
4554;173
4555;173
4556;180
4557;167
4558;181
4559;174
4560;162
4561;168
4562;186
4563;186
4564;189
4565;172
4566;183
4567;199
4568;203
4569;166
4570;173
4571;170
4572;162
4573;180
4574;183
4575;186
4576;191
4577;179
4578;208
4579;182
4580;185
4581;166
4582;203
4583;192
4584;164
4585;183
4586;180
4587;191
4588;191
4589;201
4590;195
4591;182
4592;168
4593;184
4594;178
4595;201
4596;202
4597;179
4598;187
4599;181
4600;188
4601;185
4602;207
4603;187
4604;185
4605;192
4606;208
4607;174
4608;183
4609;190
4610;223
4611;187
4612;209
4613;189
4614;188
4615;195
4616;187
4617;195
4618;198
4619;175
4620;193
4621;154
4622;215
4623;205
4624;199
4625;199
4626;206
4627;191
4628;201
4629;186
4630;215
4631;183
4632;218
4633;191
4634;208
4635;204
4636;194
4637;197
4638;210
4639;192
4640;173
4641;219
4642;206
4643;190
4644;180
4645;199
4646;178
4647;199
4648;205
4649;198
4650;207
4651;230
4652;220
4653;213
4654;216
4655;223
4656;195
4657;208
4658;195
4659;208
4660;238
4661;219
4662;187
4663;205
4664;198
4665;183
4666;214
4667;194
4668;206
4669;187
4670;226
4671;190
4672;212
4673;184
4674;196
4675;210
4676;185
4677;194
4678;236
4679;182
4680;200
4681;202
4682;218
4683;224
4684;221
4685;199
4686;190
4687;207
4688;205
4689;208
4690;224
4691;201
4692;189
4693;184
4694;177
4695;194
4696;202
4697;169
4698;192
4699;202
4700;184
4701;182
4702;222
4703;171
4704;200
4705;197
4706;194
4707;172
4708;211
4709;230
4710;211
4711;199
4712;188
4713;190
4714;227
4715;211
4716;190
4717;208
4718;198
4719;223
4720;212
4721;191
4722;189
4723;209
4724;178
4725;199
4726;176
4727;184
4728;202
4729;171
4730;197
4731;178
4732;178
4733;189
4734;190
4735;183
4736;199
4737;171
4738;174
4739;162
4740;190
4741;199
4742;179
4743;199
4744;163
4745;201
4746;173
4747;184
4748;175
4749;169
4750;173
4751;193
4752;193
4753;188
4754;150
4755;184
4756;164
4757;170
4758;187
4759;178
4760;157
4761;181
4762;154
4763;173
4764;166
4765;169
4766;174
4767;172
4768;174
4769;172
4770;181
4771;146
4772;192
4773;163
4774;163
4775;186
4776;167
4777;168
4778;165
4779;188
4780;151
4781;174
4782;166
4783;177
4784;165
4785;186
4786;155
4787;169
4788;153
4789;174
4790;163
4791;174
4792;155
4793;154
4794;160
4795;146
4796;158
4797;165
4798;144
4799;177
4800;186
4801;173
4802;158
4803;168
4804;167
4805;191
4806;163
4807;158
4808;167
4809;176
4810;147
4811;160
4812;184
4813;124
4814;145
4815;148
4816;167
4817;138
4818;126
4819;150
4820;147
4821;146
4822;146
4823;143
4824;133
4825;151
4826;149
4827;150
4828;171
4829;158
4830;158
4831;141
4832;169
4833;143
4834;138
4835;156
4836;149
4837;147
4838;147
4839;131
4840;152
4841;133
4842;144
4843;130
4844;142
4845;134
4846;146
4847;131
4848;109
4849;123
4850;134
4851;116
4852;130
4853;133
4854;146
4855;139
4856;123
4857;121
4858;137
4859;135
4860;127
4861;139
4862;124
4863;115
4864;128
4865;113
4866;123
4867;133
4868;132
4869;110
4870;105
4871;129
4872;121
4873;123
4874;118
4875;125
4876;133
4877;121
4878;108
4879;145
4880;118
4881;112
4882;124
4883;124
4884;119
4885;123
4886;96
4887;113
4888;138
4889;121
4890;108
4891;133
4892;109
4893;101
4894;131
4895;112
4896;105
4897;114
4898;115
4899;124
4900;104
4901;105
4902;123
4903;117
4904;100
4905;121
4906;111
4907;89
4908;116
4909;105
4910;134
4911;106
4912;101
4913;100
4914;120
4915;114
4916;102
4917;120
4918;119
4919;99
4920;91
4921;129
4922;89
4923;98
4924;111
4925;101
4926;107
4927;90
4928;89
4929;108
4930;96
4931;105
4932;105
4933;91
4934;109
4935;117
4936;102
4937;119
4938;100
4939;107
4940;109
4941;90
4942;100
4943;89
4944;101
4945;88
4946;74
4947;107
4948;88
4949;91
4950;97
4951;94
4952;81
4953;94
4954;102
4955;96
4956;102
4957;88
4958;93
4959;106
4960;88
4961;93
4962;88
4963;97
4964;79
4965;93
4966;95
4967;83
4968;76
4969;94
4970;80
4971;114
4972;79
4973;73
4974;95
4975;96
4976;98
4977;105
4978;86
4979;73
4980;88
4981;89
4982;79
4983;87
4984;99
4985;108
4986;82
4987;88
4988;84
4989;83
4990;95
4991;73
4992;80
4993;85
4994;94
4995;96
4996;91
4997;100
4998;81
4999;72
5000;85
5001;85
5002;109
5003;95
5004;97
5005;79
5006;87
5007;82
5008;76
5009;75
5010;74
5011;84
5012;80
5013;81
5014;77
5015;99
5016;64
5017;98
5018;67
5019;76
5020;74
5021;81
5022;91
5023;71
5024;90
5025;76
5026;67
5027;91
5028;74
5029;84
5030;69
5031;73
5032;92
5033;87
5034;87
5035;77
5036;77
5037;84
5038;80
5039;84
5040;63
5041;59
5042;76
5043;79
5044;83
5045;82
5046;85
5047;88
5048;77
5049;88
5050;81
5051;62
5052;78
5053;81
5054;78
5055;75
5056;79
5057;74
5058;85
5059;81
5060;83
5061;72
5062;83
5063;89
5064;62
5065;81
5066;80
5067;69
5068;79
5069;79
5070;87
5071;78
5072;80
5073;77
5074;95
5075;82
5076;88
5077;89
5078;100
5079;79
5080;82
5081;78
5082;93
5083;74
5084;81
5085;62
5086;90
5087;81
5088;70
5089;84
5090;80
5091;75
5092;91
5093;67
5094;62
5095;79
5096;71
5097;79
5098;91
5099;66
5100;76
5101;77
5102;61
5103;83
5104;88
5105;85
5106;87
5107;67
5108;73
5109;77
5110;61
5111;62
5112;77
5113;76
5114;73
5115;65
5116;71
5117;79
5118;69
5119;67
5120;68
5121;65
5122;71
5123;61
5124;79
5125;72
5126;74
5127;68
5128;63
5129;68
5130;79
5131;81
5132;79
5133;70
5134;73
5135;69
5136;72
5137;71
5138;49
5139;62
5140;74
5141;77
5142;66
5143;85
5144;73
5145;54
5146;74
5147;71
5148;63
5149;59
5150;69
5151;73
5152;60
5153;72
5154;70
5155;86
5156;86
5157;61
5158;62
5159;72
5160;69
5161;65
5162;70
5163;76
5164;68
5165;83
5166;94
5167;67
5168;69
5169;58
5170;62
5171;57
5172;58
5173;88
5174;71
5175;64
5176;74
5177;88
5178;60
5179;67
5180;75
5181;64
5182;68
5183;64
5184;80
5185;67
5186;68
5187;62
5188;64
5189;54
5190;56
5191;73
5192;79
5193;59
5194;62
5195;81
5196;60
5197;73
5198;66
5199;46
5200;61
5201;58
5202;57
5203;67
5204;65
5205;68
5206;65
5207;69
5208;56
5209;68
5210;56
5211;51
5212;62
5213;62
5214;58
5215;64
5216;52
5217;51
5218;60
5219;53
5220;58
5221;54
5222;44
5223;68
5224;55
5225;60
5226;51
5227;56
5228;73
5229;48
5230;45
5231;66
5232;55
5233;55
5234;64
5235;61
5236;55
5237;54
5238;70
5239;61
5240;53
5241;49
5242;58
5243;53
5244;46
5245;57
5246;59
5247;60
5248;55
5249;61
5250;59
5251;67
5252;44
5253;43
5254;60
5255;60
5256;53
5257;59
5258;68
5259;48
5260;58
5261;57
5262;60
5263;59
5264;42
5265;49
5266;55
5267;54
5268;58
5269;58
5270;46
5271;53
5272;50
5273;41
5274;50
5275;50
5276;44
5277;55
5278;52
5279;45
5280;49
5281;50
5282;45
5283;53
5284;58
5285;44
5286;53
5287;51
5288;63
5289;50
5290;47
5291;39
5292;47
5293;36
5294;47
5295;54
5296;41
5297;50
5298;42
5299;43
5300;37
5301;58
5302;39
5303;54
5304;50
5305;64
5306;49
5307;52
5308;54
5309;49
5310;49
5311;47
5312;34
5313;42
5314;49
5315;51
5316;47
5317;37
5318;55
5319;38
5320;35
5321;44
5322;41
5323;30
5324;37
5325;45
5326;34
5327;46
5328;36
5329;51
5330;49
5331;38
5332;32
5333;41
5334;43
5335;37
5336;38
5337;43
5338;43
5339;30
5340;36
5341;47
5342;38
5343;43
5344;38
5345;29
5346;46
5347;43
5348;33
5349;38
5350;38
5351;36
5352;33
5353;31
5354;29
5355;23
5356;33
5357;28
5358;37
5359;37
5360;46
5361;31
5362;30
5363;36
5364;38
5365;36
5366;28
5367;25
5368;28
5369;35
5370;38
5371;29
5372;41
5373;39
5374;33
5375;33
5376;38
5377;37
5378;35
5379;42
5380;37
5381;20
5382;29
5383;28
5384;26
5385;30
5386;29
5387;36
5388;35
5389;43
5390;33
5391;31
5392;30
5393;26
5394;23
5395;30
5396;26
5397;30
5398;41
5399;30
5400;19
5401;28
5402;23
5403;32
5404;28
5405;28
5406;26
5407;27
5408;28
5409;31
5410;23
5411;28
5412;30
5413;23
5414;28
5415;21
5416;28
5417;19
5418;28
5419;30
5420;31
5421;25
5422;27
5423;27
5424;25
5425;24
5426;30
5427;35
5428;16
5429;29
5430;23
5431;23
5432;28
5433;27
5434;39
5435;31
5436;25
5437;18
5438;29
5439;22
5440;23
5441;23
5442;29
5443;24
5444;25
5445;20
5446;15
5447;33
5448;23
5449;15
5450;28
5451;26
5452;23
5453;21
5454;22
5455;26
5456;25
5457;35
5458;28
5459;30
5460;21
5461;18
5462;27
5463;15
5464;26
5465;22
5466;23
5467;26
5468;17
5469;27
5470;30
5471;19
5472;29
5473;20
5474;12
5475;13
5476;25
5477;18
5478;18
5479;27
5480;28
5481;20
5482;20
5483;20
5484;21
5485;25
5486;20
5487;25
5488;27
5489;21
5490;21
5491;23
5492;25
5493;30
5494;18
5495;24
5496;27
5497;26
5498;20
5499;18
5500;13
5501;19
5502;22
5503;17
5504;26
5505;28
5506;34
5507;22
5508;10
5509;22
5510;24
5511;19
5512;22
5513;26
5514;20
5515;26
5516;22
5517;25
5518;32
5519;22
5520;20
5521;19
5522;18
5523;22
5524;23
5525;18
5526;16
5527;25
5528;12
5529;17
5530;23
5531;21
5532;22
5533;23
5534;17
5535;27
5536;25
5537;14
5538;23
5539;34
5540;13
5541;26
5542;18
5543;27
5544;26
5545;19
5546;26
5547;18
5548;17
5549;11
5550;29
5551;20
5552;20
5553;16
5554;18
5555;14
5556;30
5557;16
5558;20
5559;22
5560;26
5561;19
5562;28
5563;18
5564;23
5565;26
5566;31
5567;27
5568;18
5569;24
5570;26
5571;25
5572;17
5573;21
5574;19
5575;26
5576;24
5577;24
5578;27
5579;25
5580;19
5581;26
5582;29
5583;16
5584;24
5585;30
5586;20
5587;23
5588;25
5589;16
5590;19
5591;21
5592;23
5593;21
5594;28
5595;22
5596;28
5597;16
5598;20
5599;22
5600;23
5601;24
5602;23
5603;26
5604;24
5605;19
5606;26
5607;21
5608;17
5609;21
5610;21
5611;27
5612;24
5613;28
5614;30
5615;24
5616;18
5617;28
5618;26
5619;25
5620;23
5621;21
5622;23
5623;21
5624;23
5625;22
5626;19
5627;23
5628;26
5629;24
5630;16
5631;22
5632;19
5633;18
5634;19
5635;27
5636;20
5637;35
5638;27
5639;18
5640;18
5641;28
5642;28
5643;19
5644;22
5645;27
5646;23
5647;16
5648;29
5649;21
5650;24
5651;25
5652;15
5653;22
5654;21
5655;15
5656;18
5657;23
5658;18
5659;28
5660;24
5661;16
5662;27
5663;27
5664;21
5665;22
5666;24
5667;26
5668;30
5669;27
5670;26
5671;24
5672;27
5673;24
5674;19
5675;25
5676;21
5677;19
5678;22
5679;26
5680;17
5681;20
5682;31
5683;21
5684;24
5685;31
5686;19
5687;25
5688;24
5689;24
5690;22
5691;22
5692;26
5693;29
5694;27
5695;20
5696;28
5697;21
5698;28
5699;24
5700;24
5701;28
5702;40
5703;25
5704;23
5705;26
5706;26
5707;26
5708;18
5709;34
5710;32
5711;34
5712;37
5713;25
5714;21
5715;29
5716;31
5717;23
5718;28
5719;23
5720;27
5721;33
5722;21
5723;28
5724;18
5725;20
5726;22
5727;34
5728;27
5729;21
5730;26
5731;24
5732;35
5733;22
5734;24
5735;18
5736;29
5737;23
5738;19
5739;29
5740;27
5741;23
5742;25
5743;28
5744;26
5745;28
5746;25
5747;21
5748;18
5749;29
5750;27
5751;30
5752;25
5753;27
5754;23
5755;33
5756;24
5757;28
5758;32
5759;33
5760;22
5761;29
5762;23
5763;37
5764;35
5765;29
5766;27
5767;33
5768;28
5769;27
5770;35
5771;26
5772;30
5773;34
5774;34
5775;22
5776;35
5777;33
5778;28
5779;30
5780;19
5781;26
5782;25
5783;28
5784;35
5785;33
5786;29
5787;34
5788;27
5789;25
5790;30
5791;29
5792;35
5793;29
5794;25
5795;35
5796;26
5797;37
5798;21
5799;24
5800;22
5801;24
5802;35
5803;36
5804;22
5805;28
5806;21
5807;19
5808;23
5809;37
5810;25
5811;32
5812;21
5813;22
5814;32
5815;31
5816;26
5817;39
5818;21
5819;39
5820;29
5821;24
5822;26
5823;33
5824;32
5825;20
5826;29
5827;28
5828;24
5829;29
5830;28
5831;28
5832;28
5833;25
5834;36
5835;26
5836;28
5837;32
5838;32
5839;29
5840;24
5841;31
5842;26
5843;30
5844;34
5845;26
5846;22
5847;22
5848;25
5849;29
5850;38
5851;34
5852;30
5853;34
5854;27
5855;21
5856;37
5857;30
5858;20
5859;23
5860;20
5861;33
5862;32
5863;27
5864;30
5865;29
5866;26
5867;18
5868;20
5869;39
5870;34
5871;37
5872;27
5873;33
5874;29
5875;25
5876;28
5877;23
5878;35
5879;34
5880;29
5881;32
5882;25
5883;25
5884;21
5885;20
5886;30
5887;26
5888;37
5889;36
5890;26
5891;39
5892;25
5893;18
5894;36
5895;33
5896;28
5897;20
5898;22
5899;36
5900;26
5901;26
5902;29
5903;27
5904;31
5905;25
5906;30
5907;31
5908;26
5909;24
5910;22
5911;25
5912;28
5913;32
5914;29
5915;26
5916;31
5917;27
5918;34
5919;25
5920;28
5921;28
5922;34
5923;31
5924;34
5925;25
5926;28
5927;25
5928;25
5929;32
5930;28
5931;32
5932;27
5933;26
5934;32
5935;23
5936;22
5937;29
5938;21
5939;30
5940;29
5941;19
5942;25
5943;21
5944;29
5945;21
5946;22
5947;22
5948;32
5949;32
5950;25
5951;20
5952;30
5953;27
5954;16
5955;19
5956;28
5957;27
5958;35
5959;37
5960;27
5961;28
5962;30
5963;17
5964;32
5965;28
5966;35
5967;28
5968;21
5969;29
5970;27
5971;28
5972;32
5973;29
5974;25
5975;18
5976;24
5977;19
5978;32
5979;26
5980;20
5981;27
5982;23
5983;34
5984;26
5985;21
5986;39
5987;24
5988;15
5989;26
5990;33
5991;22
5992;18
5993;22
5994;22
5995;18
5996;25
5997;22
5998;17
5999;29
6000;27
6001;30
6002;21
6003;29
6004;32
6005;32
6006;20
6007;17
6008;31
6009;25
6010;16
6011;28
6012;22
6013;19
6014;25
6015;34
6016;20
6017;25
6018;22
6019;26
6020;30
6021;29
6022;25
6023;14
6024;20
6025;18
6026;33
6027;15
6028;27
6029;21
6030;19
6031;28
6032;19
6033;22
6034;30
6035;25
6036;20
6037;17
6038;23
6039;19
6040;26
6041;23
6042;30
6043;23
6044;13
6045;21
6046;20
6047;14
6048;32
6049;26
6050;27
6051;22
6052;26
6053;23
6054;20
6055;30
6056;21
6057;14
6058;18
6059;28
6060;18
6061;25
6062;20
6063;24
6064;15
6065;22
6066;16
6067;17
6068;26
6069;27
6070;22
6071;20
6072;24
6073;21
6074;16
6075;19
6076;16
6077;18
6078;14
6079;19
6080;21
6081;17
6082;21
6083;19
6084;20
6085;24
6086;18
6087;24
6088;19
6089;19
6090;14
6091;22
6092;22
6093;19
6094;21
6095;25
6096;23
6097;21
6098;21
6099;17
6100;15
6101;17
6102;13
6103;16
6104;17
6105;18
6106;19
6107;16
6108;15
6109;14
6110;9
6111;14
6112;20
6113;16
6114;19
6115;16
6116;12
6117;19
6118;25
6119;11
6120;18
6121;21
6122;18
6123;19
6124;14
6125;24
6126;25
6127;14
6128;11
6129;23
6130;12
6131;22
6132;19
6133;18
6134;14
6135;11
6136;15
6137;15
6138;22
6139;21
6140;17
6141;24
6142;12
6143;12
6144;19
6145;18
6146;16
6147;22
6148;20
6149;9
6150;24
6151;17
6152;29
6153;20
6154;15
6155;17
6156;18
6157;14
6158;9
6159;19
6160;16
6161;15
6162;10
6163;17
6164;16
6165;24
6166;19
6167;16
6168;14
6169;17
6170;17
6171;20
6172;10
6173;23
6174;20
6175;17
6176;13
6177;4
6178;24
6179;17
6180;20
6181;17
6182;21
6183;16
6184;18
6185;14
6186;18
6187;16
6188;18
6189;15
6190;12
6191;20
6192;16
6193;24
6194;11
6195;17
6196;17
6197;19
6198;16
6199;20
6200;20
6201;13
6202;9
6203;30
6204;15
6205;24
6206;11
6207;20
6208;15
6209;18
6210;17
6211;17
6212;21
6213;25
6214;28
6215;18
6216;12
6217;10
6218;18
6219;20
6220;15
6221;11
6222;22
6223;19
6224;21
6225;24
6226;14
6227;18
6228;13
6229;21
6230;14
6231;13
6232;17
6233;16
6234;14
6235;15
6236;16
6237;13
6238;15
6239;12
6240;18
6241;17
6242;18
6243;25
6244;16
6245;18
6246;24
6247;16
6248;20
6249;16
6250;12
6251;17
6252;13
6253;15
6254;23
6255;17
6256;14
6257;18
6258;19
6259;20
6260;17
6261;20
6262;9
6263;23
6264;16
6265;17
6266;16
6267;16
6268;13
6269;18
6270;23
6271;28
6272;23
6273;12
6274;19
6275;20
6276;25
6277;18
6278;20
6279;16
6280;23
6281;18
6282;15
6283;18
6284;28
6285;17
6286;20
6287;22
6288;29
6289;22
6290;28
6291;18
6292;25
6293;22
6294;23
6295;31
6296;20
6297;23
6298;20
6299;30
6300;18
6301;22
6302;22
6303;21
6304;18
6305;21
6306;22
6307;13
6308;22
6309;19
6310;26
6311;26
6312;27
6313;31
6314;15
6315;28
6316;21
6317;26
6318;25
6319;22
6320;21
6321;17
6322;19
6323;29
6324;22
6325;29
6326;29
6327;28
6328;25
6329;35
6330;17
6331;21
6332;22
6333;16
6334;21
6335;28
6336;30
6337;25
6338;31
6339;37
6340;21
6341;36
6342;29
6343;18
6344;25
6345;31
6346;27
6347;31
6348;21
6349;39
6350;34
6351;31
6352;34
6353;31
6354;27
6355;40
6356;38
6357;38
6358;38
6359;37
6360;44
6361;39
6362;30
6363;22
6364;30
6365;35
6366;36
6367;39
6368;33
6369;31
6370;25
6371;45
6372;29
6373;31
6374;36
6375;35
6376;28
6377;21
6378;40
6379;32
6380;38
6381;47
6382;34
6383;38
6384;29
6385;47
6386;43
6387;36
6388;39
6389;41
6390;39
6391;33
6392;40
6393;37
6394;36
6395;44
6396;26
6397;38
6398;41
6399;43
6400;47
6401;35
6402;42
6403;38
6404;29
6405;28
6406;41
6407;29
6408;33
6409;42
6410;42
6411;38
6412;51
6413;50
6414;50
6415;35
6416;48
6417;49
6418;51
6419;62
6420;40
6421;42
6422;47
6423;49
6424;37
6425;41
6426;51
6427;47
6428;49
6429;47
6430;41
6431;45
6432;48
6433;46
6434;58
6435;46
6436;46
6437;53
6438;38
6439;47
6440;40
6441;45
6442;50
6443;47
6444;43
6445;42
6446;63
6447;52
6448;61
6449;65
6450;48
6451;63
6452;48
6453;48
6454;41
6455;59
6456;63
6457;52
6458;43
6459;51
6460;43
6461;52
6462;52
6463;62
6464;59
6465;60
6466;52
6467;55
6468;55
6469;62
6470;47
6471;47
6472;56
6473;57
6474;56
6475;53
6476;56
6477;69
6478;57
6479;60
6480;64
6481;58
6482;67
6483;51
6484;70
6485;48
6486;71
6487;65
6488;63
6489;53
6490;72
6491;55
6492;62
6493;69
6494;63
6495;59
6496;89
6497;51
6498;67
6499;68
6500;78
6501;47
6502;57
6503;62
6504;72
6505;84
6506;69
6507;44
6508;73
6509;62
6510;51
6511;65
6512;61
6513;73
6514;75
6515;74
6516;75
6517;75
6518;58
6519;64
6520;70
6521;76
6522;72
6523;72
6524;77
6525;71
6526;69
6527;54
6528;76
6529;72
6530;64
6531;74
6532;67
6533;73
6534;62
6535;71
6536;74
6537;68
6538;75
6539;78
6540;82
6541;81
6542;72
6543;82
6544;74
6545;62
6546;89
6547;74
6548;92
6549;71
6550;90
6551;84
6552;79
6553;85
6554;82
6555;73
6556;80
6557;77
6558;96
6559;76
6560;77
6561;90
6562;74
6563;80
6564;75
6565;85
6566;64
6567;71
6568;74
6569;67
6570;85
6571;73
6572;87
6573;75
6574;89
6575;77
6576;79
6577;76
6578;81
6579;73
6580;97
6581;66
6582;84
6583;93
6584;74
6585;93
6586;101
6587;78
6588;84
6589;95
6590;85
6591;87
6592;98
6593;99
6594;76
6595;99
6596;81
6597;99
6598;106
6599;86
6600;88
6601;93
6602;104
6603;88
6604;85
6605;82
6606;91
6607;98
6608;97
6609;98
6610;112
6611;90
6612;98
6613;91
6614;81
6615;81
6616;103
6617;94
6618;120
6619;84
6620;116
6621;85
6622;77
6623;85
6624;91
6625;117
6626;91
6627;86
6628;85
6629;101
6630;109
6631;88
6632;95
6633;95
6634;101
6635;95
6636;95
6637;102
6638;94
6639;100
6640;92
6641;100
6642;89
6643;74
6644;108
6645;88
6646;92
6647;79
6648;105
6649;89
6650;101
6651;105
6652;104
6653;101
6654;82
6655;89
6656;109
6657;98
6658;106
6659;107
6660;97
6661;97
6662;93
6663;86
6664;122
6665;88
6666;108
6667;79
6668;92
6669;99
6670;101
6671;102
6672;115
6673;103
6674;98
6675;93
6676;107
6677;106
6678;116
6679;105
6680;107
6681;99
6682;115
6683;101
6684;94
6685;96
6686;109
6687;111
6688;118
6689;94
6690;100
6691;100
6692;92
6693;96
6694;88
6695;109
6696;113
6697;93
6698;100
6699;96
6700;116
6701;105
6702;108
6703;110
6704;90
6705;96
6706;91
6707;118
6708;108
6709;110
6710;89
6711;127
6712;117
6713;86
6714;99
6715;117
6716;110
6717;115
6718;92
6719;114
6720;115
6721;136
6722;107
6723;107
6724;113
6725;110
6726;96
6727;125
6728;110
6729;104
6730;105
6731;94
6732;94
6733;105
6734;117
6735;102
6736;113
6737;110
6738;112
6739;77
6740;123
6741;96
6742;98
6743;87
6744;115
6745;116
6746;91
6747;99
6748;90
6749;113
6750;103
6751;122
6752;111
6753;113
6754;121
6755;118
6756;96
6757;97
6758;104
6759;114
6760;96
6761;96
6762;96
6763;90
6764;99
6765;100
6766;105
6767;87
6768;102
6769;102
6770;124
6771;84
6772;87
6773;87
6774;101
6775;88
6776;80
6777;101
6778;103
6779;96
6780;100
6781;104
6782;106
6783;95
6784;115
6785;92
6786;91
6787;100
6788;86
6789;99
6790;106
6791;88
6792;89
6793;92
6794;95
6795;87
6796;100
6797;113
6798;101
6799;91
6800;92
6801;101
6802;90
6803;90
6804;113
6805;95
6806;107
6807;101
6808;108
6809;96
6810;97
6811;86
6812;96
6813;106
6814;99
6815;82
6816;75
6817;108
6818;81
6819;91
6820;99
6821;113
6822;72
6823;99
6824;91
6825;84
6826;111
6827;86
6828;84
6829;97
6830;94
6831;94
6832;103
6833;103
6834;73
6835;101
6836;94
6837;100
6838;93
6839;89
6840;96
6841;97
6842;81
6843;100
6844;82
6845;87
6846;94
6847;92
6848;80
6849;99
6850;89
6851;100
6852;76
6853;69
6854;104
6855;83
6856;85
6857;76
6858;99
6859;78
6860;83
6861;89
6862;84
6863;76
6864;89
6865;86
6866;80
6867;91
6868;83
6869;92
6870;107
6871;82
6872;77
6873;81
6874;72
6875;78
6876;102
6877;82
6878;109
6879;61
6880;75
6881;74
6882;82
6883;72
6884;90
6885;78
6886;83
6887;87
6888;78
6889;85
6890;80
6891;77
6892;70
6893;86
6894;79
6895;77
6896;77
6897;87
6898;80
6899;84
6900;73
6901;76
6902;57
6903;90
6904;74
6905;63
6906;63
6907;71
6908;76
6909;75
6910;62
6911;76
6912;66
6913;71
6914;71
6915;75
6916;70
6917;70
6918;66
6919;76
6920;67
6921;66
6922;74
6923;59
6924;91
6925;50
6926;64
6927;78
6928;53
6929;71
6930;63
6931;69
6932;67
6933;74
6934;67
6935;70
6936;67
6937;77
6938;67
6939;57
6940;66
6941;62
6942;60
6943;67
6944;64
6945;75
6946;53
6947;57
6948;59
6949;56
6950;57
6951;47
6952;68
6953;50
6954;68
6955;59
6956;53
6957;58
6958;61
6959;48
6960;62
6961;48
6962;64
6963;44
6964;46
6965;56
6966;49
6967;51
6968;52
6969;60
6970;47
6971;78
6972;51
6973;69
6974;58
6975;52
6976;45
6977;44
6978;40
6979;48
6980;54
6981;58
6982;49
6983;41
6984;45
6985;43
6986;41
6987;55
6988;50
6989;46
6990;43
6991;37
6992;47
6993;46
6994;47
6995;45
6996;46
6997;43
6998;47
6999;35
7000;47
7001;53
7002;47
7003;39
7004;48
7005;41
7006;43
7007;35
7008;41
7009;41
7010;41
7011;42
7012;39
7013;40
7014;36
7015;36
7016;35
7017;37
7018;44
7019;33
7020;33
7021;37
7022;24
7023;34
7024;40
7025;37
7026;40
7027;44
7028;33
7029;30
7030;30
7031;30
7032;46
7033;40
7034;37
7035;29
7036;36
7037;33
7038;31
7039;25
7040;31
7041;40
7042;28
7043;31
7044;33
7045;28
7046;30
7047;33
7048;32
7049;31
7050;32
7051;31
7052;26
7053;44
7054;35
7055;29
7056;26
7057;35
7058;32
7059;31
7060;32
7061;21
7062;37
7063;34
7064;18
7065;33
7066;28
7067;28
7068;37
7069;23
7070;22
7071;29
7072;18
7073;30
7074;24
7075;19
7076;18
7077;24
7078;28
7079;37
7080;31
7081;39
7082;24
7083;28
7084;31
7085;32
7086;23
7087;27
7088;28
7089;21
7090;25
7091;17
7092;27
7093;26
7094;25
7095;15
7096;22
7097;23
7098;23
7099;19
7100;28
7101;23
7102;20
7103;23
7104;17
7105;27
7106;22
7107;23
7108;22
7109;24
7110;22
7111;16
7112;21
7113;15
7114;16
7115;15
7116;20
7117;18
7118;9
7119;13
7120;25
7121;17
7122;21
7123;20
7124;23
7125;20
7126;12
7127;18
7128;16
7129;17
7130;20
7131;18
7132;15
7133;20
7134;16
7135;11
7136;14
7137;16
7138;21
7139;16
7140;17
7141;16
7142;15
7143;19
7144;18
7145;15
7146;13
7147;16
7148;11
7149;10
7150;16
7151;15
7152;17
7153;14
7154;14
7155;13
7156;10
7157;12
7158;11
7159;9
7160;9
7161;11
7162;5
7163;14
7164;19
7165;16
7166;12
7167;18
7168;13
7169;10
7170;11
7171;16
7172;14
7173;15
7174;14
7175;13
7176;9
7177;7
7178;7
7179;13
7180;18
7181;15
7182;14
7183;10
7184;12
7185;8
7186;9
7187;10
7188;11
7189;9
7190;13
7191;9
7192;14
7193;13
7194;10
7195;10
7196;12
7197;12
7198;3
7199;5
7200;10
7201;10
7202;13
7203;6
7204;9
7205;6
7206;14
7207;7
7208;10
7209;9
7210;12
7211;9
7212;11
7213;6
7214;6
7215;4
7216;11
7217;8
7218;3
7219;8
7220;15
7221;6
7222;10
7223;6
7224;6
7225;10
7226;13
7227;6
7228;7
7229;7
7230;10
7231;8
7232;16
7233;10
7234;8
7235;1
7236;10
7237;5
7238;13
7239;4
7240;7
7241;9
7242;4
7243;8
7244;3
7245;4
7246;6
7247;9
7248;8
7249;13
7250;10
7251;6
7252;9
7253;6
7254;12
7255;6
7256;6
7257;6
7258;7
7259;10
7260;12
7261;4
7262;9
7263;2
7264;6
7265;6
7266;1
7267;7
7268;3
7269;3
7270;8
7271;6
7272;9
7273;7
7274;4
7275;2
7276;8
7277;6
7278;4
7279;7
7280;4
7281;6
7282;7
7283;7
7284;5
7285;5
7286;2
7287;6
7288;8
7289;10
7290;5
7291;4
7292;3
7293;5
7294;3
7295;5
7296;7
7297;4
7298;9
7299;8
7300;7
7301;3
7302;3
7303;4
7304;1
7305;6
7306;7
7307;5
7308;6
7309;6
7310;4
7311;4
7312;7
7313;7
7314;3
7315;5
7316;4
7317;1
7318;3
7319;7
7320;2
7321;3
7322;6
7323;4
7324;2
7325;6
7326;4
7327;4
7328;0
7329;3
7330;5
7331;5
7332;2
7333;7
7334;3
7335;6
7336;3
7337;1
7338;5
7339;7
7340;5
7341;3
7342;8
7343;7
7344;2
7345;2
7346;2
7347;6
7348;2
7349;4
7350;8
7351;4
7352;3
7353;2
7354;5
7355;4
7356;5
7357;5
7358;4
7359;3
7360;2
7361;4
7362;3
7363;2
7364;3
7365;3
7366;4
7367;2
7368;8
7369;3
7370;5
7371;6
7372;5
7373;2
7374;3
7375;2
7376;3
7377;4
7378;3
7379;2
7380;1
7381;0
7382;0
7383;0
7384;0
7385;0
7386;0
7387;0
7388;1
7389;0
7390;0
7391;0
7392;0
7393;0
7394;1
7395;0
7396;0
7397;0
7398;0
7399;2
7400;0
7401;0
7402;0
7403;0
7404;0
7405;0
7406;0
7407;0
7408;1
7409;0
7410;0
7411;0
7412;0
7413;0
7414;0
7415;0
7416;0
7417;0
7418;0
7419;0
7420;0
7421;0
7422;0
7423;0
7424;0
7425;0
7426;0
7427;0
7428;0
7429;0
7430;1
7431;0
7432;0
7433;0
7434;0
7435;0
7436;0
7437;0
7438;0
7439;1
7440;0
7441;0
7442;1
7443;0
7444;0
7445;0
7446;0
7447;0
7448;0
7449;0
7450;0
7451;0
7452;0
7453;0
7454;0
7455;1
7456;0
7457;0
7458;0
7459;0
7460;0
7461;0
7462;0
7463;0
7464;0
7465;0
7466;0
7467;0
7468;0
7469;0
7470;1
7471;0
7472;0
7473;0
7474;0
7475;0
7476;0
7477;0
7478;0
7479;0
7480;0
7481;0
7482;1
7483;0
7484;0
7485;0
7486;0
7487;0
7488;0
7489;0
7490;1
7491;0
7492;0
7493;0
7494;1
7495;1
7496;0
7497;1
7498;0
7499;0
7500;0
7501;1
7502;0
7503;0
7504;0
7505;1
7506;0
7507;0
7508;0
7509;0
7510;0
7511;0
7512;0
7513;0
7514;0
7515;0
7516;0
7517;0
7518;0
7519;0
7520;0
7521;0
7522;0
7523;0
7524;1
7525;0
7526;0
7527;0
7528;0
7529;0
7530;0
7531;0
7532;0
7533;0
7534;0
7535;0
7536;0
7537;0
7538;0
7539;0
7540;0
7541;0
7542;0
7543;0
7544;0
7545;0
7546;0
7547;0
7548;0
7549;0
7550;0
7551;0
7552;0
7553;1
7554;0
7555;0
7556;0
7557;0
7558;0
7559;0
7560;0
7561;0
7562;0
7563;0
7564;0
7565;0
7566;0
7567;0
7568;0
7569;0
7570;0
7571;0
7572;0
7573;0
7574;0
7575;0
7576;0
7577;0
7578;0
7579;0
7580;0
7581;0
7582;0
7583;0
7584;0
7585;0
7586;0
7587;0
7588;0
7589;0
7590;0
7591;0
7592;0
7593;0
7594;0
7595;0
7596;0
7597;0
7598;0
7599;0
7600;0
7601;0
7602;0
7603;0
7604;0
7605;0
7606;0
7607;0
7608;0
7609;0
7610;0
7611;0
7612;0
7613;0
7614;0
7615;0
7616;0
7617;0
7618;0
7619;0
7620;0
7621;0
7622;0
7623;0
7624;0
7625;0
7626;0
7627;0
7628;0
7629;0
7630;0
7631;0
7632;0
7633;0
7634;0
7635;0
7636;0
7637;0
7638;0
7639;0
7640;0
7641;0
7642;0
7643;0
7644;0
7645;0
7646;0
7647;0
7648;0
7649;0
7650;0
7651;0
7652;0
7653;0
7654;0
7655;0
7656;0
7657;0
7658;0
7659;0
7660;0
7661;0
7662;0
7663;0
7664;0
7665;1
7666;0
7667;0
7668;0
7669;0
7670;0
7671;0
7672;0
7673;0
7674;0
7675;0
7676;0
7677;0
7678;0
7679;0
7680;0
7681;0
7682;0
7683;0
7684;0
7685;0
7686;0
7687;0
7688;0
7689;0
7690;0
7691;0
7692;0
7693;0
7694;0
7695;0
7696;0
7697;0
7698;0
7699;0
7700;0
7701;0
7702;0
7703;0
7704;0
7705;0
7706;0
7707;0
7708;0
7709;0
7710;0
7711;0
7712;0
7713;0
7714;0
7715;0
7716;0
7717;0
7718;0
7719;0
7720;0
7721;0
7722;0
7723;0
7724;0
7725;0
7726;0
7727;0
7728;0
7729;0
7730;0
7731;0
7732;0
7733;0
7734;0
7735;0
7736;0
7737;0
7738;0
7739;0
7740;0
7741;0
7742;0
7743;0
7744;0
7745;0
7746;0
7747;0
7748;0
7749;0
7750;0
7751;0
7752;0
7753;0
7754;0
7755;0
7756;0
7757;0
7758;0
7759;0
7760;0
7761;0
7762;0
7763;0
7764;0
7765;0
7766;0
7767;0
7768;0
7769;0
7770;0
7771;0
7772;0
7773;0
7774;0
7775;0
7776;0
7777;0
7778;0
7779;0
7780;0
7781;0
7782;0
7783;0
7784;0
7785;0
7786;0
7787;0
7788;0
7789;0
7790;0
7791;0
7792;0
7793;0
7794;0
7795;0
7796;0
7797;0
7798;0
7799;0
7800;0
7801;0
7802;0
7803;0
7804;0
7805;0
7806;0
7807;0
7808;0
7809;0
7810;0
7811;0
7812;0
7813;0
7814;0
7815;0
7816;0
7817;0
7818;0
7819;0
7820;0
7821;0
7822;0
7823;0
7824;0
7825;0
7826;0
7827;0
7828;0
7829;0
7830;0
7831;0
7832;0
7833;0
7834;0
7835;0
7836;0
7837;0
7838;0
7839;0
7840;0
7841;0
7842;0
7843;0
7844;0
7845;0
7846;0
7847;0
7848;0
7849;0
7850;0
7851;0
7852;0
7853;0
7854;0
7855;0
7856;0
7857;0
7858;0
7859;0
7860;0
7861;0
7862;0
7863;0
7864;0
7865;0
7866;0
7867;0
7868;0
7869;0
7870;0
7871;0
7872;0
7873;0
7874;0
7875;0
7876;0
7877;0
7878;0
7879;0
7880;0
7881;0
7882;0
7883;0
7884;0
7885;0
7886;0
7887;0
7888;0
7889;0
7890;0
7891;0
7892;0
7893;0
7894;0
7895;0
7896;0
7897;0
7898;0
7899;0
7900;0
7901;0
7902;0
7903;0
7904;0
7905;0
7906;0
7907;0
7908;0
7909;0
7910;0
7911;0
7912;0
7913;0
7914;0
7915;0
7916;0
7917;0
7918;0
7919;0
7920;0
7921;0
7922;0
7923;0
7924;0
7925;0
7926;0
7927;0
7928;0
7929;0
7930;0
7931;0
7932;0
7933;0
7934;0
7935;0
7936;0
7937;0
7938;0
7939;0
7940;0
7941;0
7942;0
7943;0
7944;0
7945;0
7946;0
7947;0
7948;0
7949;0
7950;0
7951;0
7952;0
7953;0
7954;0
7955;0
7956;0
7957;0
7958;0
7959;0
7960;0
7961;0
7962;0
7963;0
7964;0
7965;0
7966;0
7967;0
7968;0
7969;0
7970;0
7971;0
7972;0
7973;0
7974;0
7975;0
7976;0
7977;0
7978;0
7979;0
7980;0
7981;0
7982;0
7983;0
7984;0
7985;0
7986;0
7987;0
7988;0
7989;0
7990;0
7991;0
7992;0
7993;0
7994;0
7995;0
7996;0
7997;0
7998;0
7999;0
8000;0
8001;0
8002;0
8003;0
8004;0
8005;0
8006;0
8007;0
8008;0
8009;0
8010;0
8011;0
8012;0
8013;0
8014;0
8015;0
8016;0
8017;0
8018;0
8019;0
8020;0
8021;0
8022;0
8023;0
8024;0
8025;0
8026;0
8027;0
8028;0
8029;0
8030;0
8031;0
8032;0
8033;0
8034;0
8035;0
8036;0
8037;0
8038;0
8039;0
8040;0
8041;0
8042;0
8043;0
8044;0
8045;0
8046;0
8047;0
8048;0
8049;0
8050;0
8051;0
8052;0
8053;0
8054;0
8055;0
8056;0
8057;0
8058;0
8059;0
8060;0
8061;0
8062;0
8063;0
8064;0
8065;0
8066;0
8067;0
8068;0
8069;0
8070;0
8071;0
8072;0
8073;0
8074;0
8075;0
8076;0
8077;0
8078;0
8079;0
8080;0
8081;0
8082;0
8083;0
8084;0
8085;0
8086;0
8087;0
8088;0
8089;0
8090;0
8091;0
8092;0
8093;0
8094;0
8095;0
8096;0
8097;0
8098;0
8099;0
8100;0
8101;0
8102;0
8103;0
8104;0
8105;0
8106;0
8107;0
8108;0
8109;0
8110;0
8111;0
8112;0
8113;0
8114;0
8115;0
8116;0
8117;0
8118;0
8119;0
8120;0
8121;0
8122;0
8123;0
8124;0
8125;0
8126;0
8127;0
8128;0
8129;0
8130;0
8131;0
8132;0
8133;0
8134;0
8135;0
8136;0
8137;0
8138;0
8139;0
8140;0
8141;0
8142;0
8143;0
8144;0
8145;0
8146;0
8147;0
8148;0
8149;0
8150;0
8151;0
8152;0
8153;0
8154;0
8155;0
8156;0
8157;0
8158;0
8159;0
8160;0
8161;0
8162;0
8163;0
8164;0
8165;0
8166;0
8167;0
8168;0
8169;0
8170;0
8171;0
8172;0
8173;0
8174;0
8175;0
8176;0
8177;0
8178;0
8179;0
8180;0
8181;0
8182;0
8183;0
8184;0
8185;0
8186;0
8187;0
8188;0
8189;0
8190;0
8191;0
