0;0
1;0
2;0
3;0
4;0
5;0
6;0
7;0
8;0
9;0
10;0
11;0
12;0
13;0
14;0
15;0
16;0
17;0
18;0
19;0
20;0
21;0
22;0
23;0
24;0
25;0
26;0
27;0
28;0
29;0
30;0
31;0
32;0
33;0
34;0
35;0
36;0
37;0
38;0
39;0
40;0
41;0
42;0
43;0
44;0
45;0
46;0
47;0
48;0
49;0
50;0
51;0
52;0
53;0
54;0
55;0
56;2
57;3
58;13
59;11
60;17
61;10
62;12
63;14
64;4
65;11
66;14
67;11
68;18
69;15
70;10
71;19
72;9
73;9
74;22
75;9
76;15
77;14
78;13
79;15
80;13
81;18
82;13
83;19
84;11
85;11
86;16
87;11
88;14
89;19
90;17
91;14
92;10
93;8
94;20
95;15
96;10
97;13
98;23
99;17
100;22
101;21
102;13
103;16
104;12
105;15
106;9
107;14
108;13
109;11
110;17
111;13
112;12
113;22
114;8
115;19
116;17
117;21
118;14
119;11
120;13
121;10
122;21
123;11
124;14
125;7
126;20
127;14
128;14
129;17
130;19
131;20
132;18
133;21
134;13
135;12
136;16
137;14
138;10
139;18
140;11
141;13
142;13
143;16
144;20
145;10
146;12
147;10
148;21
149;11
150;19
151;17
152;17
153;16
154;10
155;28
156;11
157;21
158;14
159;12
160;19
161;10
162;14
163;15
164;12
165;13
166;19
167;16
168;19
169;12
170;13
171;18
172;16
173;13
174;19
175;13
176;12
177;16
178;12
179;17
180;15
181;12
182;14
183;15
184;11
185;18
186;21
187;20
188;14
189;16
190;26
191;17
192;10
193;15
194;10
195;16
196;13
197;11
198;24
199;13
200;17
201;15
202;15
203;13
204;11
205;7
206;16
207;12
208;31
209;15
210;21
211;19
212;22
213;18
214;16
215;15
216;13
217;17
218;11
219;13
220;19
221;11
222;17
223;19
224;15
225;14
226;19
227;14
228;23
229;22
230;22
231;12
232;15
233;16
234;13
235;18
236;15
237;15
238;17
239;14
240;11
241;10
242;20
243;10
244;17
245;20
246;17
247;12
248;10
249;16
250;22
251;14
252;18
253;10
254;19
255;15
256;16
257;16
258;10
259;8
260;14
261;17
262;13
263;18
264;18
265;21
266;19
267;13
268;16
269;21
270;18
271;11
272;15
273;16
274;20
275;17
276;18
277;16
278;18
279;22
280;11
281;12
282;17
283;19
284;13
285;14
286;13
287;12
288;13
289;16
290;23
291;11
292;15
293;17
294;18
295;16
296;16
297;13
298;14
299;15
300;16
301;21
302;26
303;16
304;19
305;12
306;10
307;18
308;14
309;12
310;16
311;8
312;16
313;15
314;19
315;18
316;14
317;11
318;20
319;25
320;15
321;20
322;13
323;10
324;14
325;10
326;7
327;11
328;10
329;12
330;17
331;13
332;15
333;16
334;19
335;10
336;25
337;17
338;20
339;17
340;18
341;9
342;9
343;9
344;9
345;17
346;9
347;9
348;15
349;12
350;20
351;9
352;17
353;16
354;17
355;14
356;14
357;10
358;18
359;16
360;14
361;20
362;19
363;13
364;17
365;17
366;18
367;11
368;11
369;13
370;23
371;12
372;13
373;13
374;23
375;14
376;18
377;14
378;17
379;16
380;20
381;12
382;13
383;12
384;18
385;17
386;15
387;18
388;12
389;7
390;18
391;18
392;10
393;10
394;15
395;20
396;24
397;13
398;12
399;18
400;12
401;12
402;11
403;17
404;13
405;21
406;22
407;14
408;11
409;10
410;17
411;11
412;23
413;13
414;12
415;17
416;11
417;20
418;21
419;23
420;19
421;12
422;19
423;15
424;23
425;21
426;18
427;16
428;20
429;21
430;18
431;10
432;12
433;20
434;16
435;24
436;16
437;16
438;19
439;12
440;12
441;17
442;17
443;18
444;14
445;13
446;12
447;12
448;17
449;13
450;19
451;17
452;21
453;18
454;15
455;25
456;12
457;16
458;13
459;18
460;18
461;12
462;13
463;11
464;15
465;17
466;11
467;15
468;14
469;15
470;16
471;18
472;13
473;10
474;22
475;12
476;9
477;15
478;14
479;22
480;19
481;21
482;14
483;21
484;22
485;16
486;24
487;13
488;17
489;15
490;18
491;12
492;15
493;17
494;12
495;14
496;19
497;14
498;15
499;23
500;22
501;16
502;13
503;13
504;16
505;23
506;11
507;15
508;16
509;21
510;20
511;17
512;19
513;12
514;17
515;8
516;20
517;17
518;14
519;20
520;22
521;15
522;20
523;12
524;14
525;21
526;19
527;25
528;20
529;17
530;19
531;17
532;17
533;22
534;19
535;15
536;16
537;15
538;14
539;12
540;16
541;13
542;18
543;20
544;19
545;15
546;20
547;15
548;20
549;20
550;11
551;10
552;15
553;12
554;13
555;22
556;14
557;22
558;24
559;27
560;18
561;12
562;9
563;20
564;20
565;24
566;19
567;12
568;20
569;21
570;12
571;17
572;21
573;15
574;17
575;18
576;13
577;20
578;23
579;11
580;16
581;21
582;11
583;12
584;15
585;15
586;17
587;17
588;18
589;16
590;26
591;16
592;19
593;18
594;13
595;12
596;19
597;18
598;14
599;19
600;16
601;19
602;20
603;12
604;27
605;22
606;14
607;20
608;19
609;17
610;19
611;16
612;15
613;15
614;12
615;10
616;8
617;9
618;16
619;16
620;20
621;16
622;17
623;20
624;17
625;14
626;16
627;20
628;17
629;18
630;16
631;17
632;15
633;14
634;23
635;20
636;16
637;12
638;15
639;14
640;16
641;13
642;24
643;8
644;9
645;26
646;12
647;15
648;17
649;21
650;18
651;16
652;16
653;24
654;25
655;16
656;20
657;28
658;22
659;20
660;13
661;15
662;13
663;10
664;22
665;26
666;13
667;17
668;15
669;17
670;25
671;28
672;14
673;11
674;17
675;15
676;21
677;29
678;12
679;23
680;18
681;17
682;26
683;15
684;22
685;16
686;20
687;21
688;24
689;16
690;11
691;17
692;13
693;23
694;17
695;15
696;18
697;17
698;14
699;16
700;17
701;15
702;20
703;16
704;21
705;15
706;16
707;19
708;16
709;23
710;20
711;17
712;23
713;12
714;18
715;16
716;15
717;19
718;13
719;15
720;15
721;19
722;12
723;27
724;18
725;15
726;25
727;20
728;17
729;21
730;23
731;19
732;18
733;25
734;22
735;19
736;14
737;18
738;17
739;18
740;23
741;20
742;13
743;22
744;13
745;17
746;15
747;14
748;25
749;11
750;14
751;26
752;20
753;19
754;21
755;18
756;22
757;11
758;18
759;12
760;18
761;14
762;21
763;17
764;20
765;16
766;20
767;17
768;21
769;18
770;25
771;19
772;13
773;22
774;26
775;12
776;18
777;18
778;17
779;20
780;26
781;22
782;21
783;25
784;12
785;33
786;19
787;15
788;23
789;12
790;21
791;25
792;21
793;19
794;21
795;18
796;12
797;19
798;21
799;21
800;19
801;16
802;22
803;16
804;12
805;10
806;13
807;16
808;10
809;28
810;21
811;17
812;19
813;21
814;20
815;23
816;19
817;21
818;23
819;25
820;7
821;27
822;19
823;13
824;19
825;16
826;21
827;16
828;19
829;20
830;16
831;15
832;17
833;21
834;17
835;20
836;21
837;14
838;19
839;17
840;21
841;21
842;18
843;21
844;18
845;22
846;19
847;18
848;18
849;18
850;27
851;16
852;20
853;19
854;14
855;18
856;28
857;26
858;19
859;17
860;23
861;14
862;22
863;24
864;16
865;31
866;14
867;23
868;19
869;25
870;27
871;21
872;15
873;17
874;30
875;23
876;18
877;18
878;20
879;13
880;15
881;20
882;25
883;14
884;13
885;21
886;21
887;21
888;18
889;14
890;18
891;17
892;23
893;16
894;13
895;22
896;20
897;25
898;19
899;17
900;26
901;20
902;20
903;18
904;14
905;16
906;16
907;19
908;17
909;23
910;17
911;19
912;19
913;13
914;29
915;17
916;19
917;13
918;23
919;20
920;23
921;19
922;14
923;20
924;13
925;19
926;17
927;17
928;19
929;24
930;21
931;22
932;19
933;26
934;13
935;19
936;23
937;13
938;15
939;15
940;13
941;17
942;26
943;19
944;24
945;11
946;17
947;28
948;18
949;17
950;22
951;19
952;10
953;23
954;12
955;22
956;14
957;16
958;11
959;16
960;21
961;21
962;18
963;27
964;16
965;16
966;14
967;20
968;30
969;15
970;14
971;15
972;18
973;21
974;23
975;15
976;17
977;23
978;18
979;16
980;20
981;16
982;24
983;16
984;20
985;17
986;20
987;19
988;18
989;19
990;16
991;20
992;16
993;20
994;16
995;17
996;21
997;20
998;17
999;24
1000;21
1001;18
1002;15
1003;17
1004;21
1005;21
1006;10
1007;15
1008;15
1009;18
1010;18
1011;20
1012;15
1013;19
1014;19
1015;13
1016;23
1017;18
1018;18
1019;11
1020;14
1021;27
1022;22
1023;26
1024;9
1025;15
1026;26
1027;23
1028;20
1029;22
1030;11
1031;17
1032;10
1033;23
1034;13
1035;22
1036;18
1037;13
1038;20
1039;20
1040;12
1041;19
1042;16
1043;20
1044;28
1045;15
1046;18
1047;24
1048;22
1049;21
1050;17
1051;15
1052;23
1053;23
1054;22
1055;23
1056;23
1057;12
1058;22
1059;24
1060;17
1061;14
1062;26
1063;11
1064;13
1065;17
1066;18
1067;21
1068;23
1069;14
1070;21
1071;15
1072;27
1073;17
1074;18
1075;23
1076;24
1077;18
1078;20
1079;13
1080;18
1081;18
1082;16
1083;23
1084;18
1085;16
1086;24
1087;21
1088;18
1089;14
1090;25
1091;24
1092;18
1093;12
1094;16
1095;21
1096;24
1097;16
1098;23
1099;28
1100;16
1101;23
1102;22
1103;11
1104;16
1105;20
1106;16
1107;17
1108;18
1109;22
1110;18
1111;15
1112;19
1113;12
1114;25
1115;15
1116;21
1117;27
1118;20
1119;22
1120;9
1121;23
1122;14
1123;11
1124;14
1125;22
1126;16
1127;12
1128;19
1129;13
1130;15
1131;20
1132;14
1133;21
1134;10
1135;22
1136;13
1137;18
1138;19
1139;9
1140;19
1141;23
1142;16
1143;21
1144;25
1145;14
1146;13
1147;18
1148;22
1149;17
1150;17
1151;15
1152;16
1153;19
1154;13
1155;20
1156;15
1157;19
1158;24
1159;20
1160;23
1161;19
1162;15
1163;16
1164;22
1165;14
1166;14
1167;15
1168;26
1169;20
1170;15
1171;13
1172;18
1173;21
1174;16
1175;18
1176;9
1177;15
1178;17
1179;19
1180;15
1181;22
1182;30
1183;17
1184;13
1185;22
1186;18
1187;19
1188;19
1189;21
1190;22
1191;25
1192;21
1193;16
1194;15
1195;22
1196;22
1197;23
1198;16
1199;18
1200;23
1201;14
1202;19
1203;15
1204;13
1205;16
1206;21
1207;23
1208;11
1209;24
1210;19
1211;18
1212;18
1213;19
1214;19
1215;20
1216;25
1217;22
1218;14
1219;19
1220;20
1221;13
1222;20
1223;14
1224;14
1225;14
1226;26
1227;12
1228;21
1229;14
1230;21
1231;17
1232;19
1233;17
1234;24
1235;19
1236;20
1237;23
1238;15
1239;20
1240;21
1241;18
1242;16
1243;16
1244;16
1245;15
1246;26
1247;21
1248;14
1249;21
1250;16
1251;22
1252;21
1253;17
1254;18
1255;14
1256;18
1257;20
1258;20
1259;23
1260;19
1261;22
1262;19
1263;16
1264;16
1265;29
1266;12
1267;19
1268;16
1269;22
1270;24
1271;14
1272;22
1273;18
1274;14
1275;21
1276;13
1277;12
1278;17
1279;13
1280;23
1281;19
1282;18
1283;19
1284;15
1285;17
1286;13
1287;11
1288;21
1289;21
1290;23
1291;20
1292;16
1293;17
1294;22
1295;24
1296;21
1297;13
1298;16
1299;15
1300;15
1301;22
1302;20
1303;16
1304;20
1305;12
1306;16
1307;18
1308;26
1309;14
1310;14
1311;19
1312;11
1313;17
1314;18
1315;24
1316;17
1317;25
1318;26
1319;19
1320;19
1321;17
1322;15
1323;21
1324;19
1325;17
1326;17
1327;20
1328;18
1329;21
1330;22
1331;13
1332;20
1333;23
1334;20
1335;16
1336;17
1337;25
1338;12
1339;15
1340;11
1341;18
1342;26
1343;21
1344;15
1345;23
1346;18
1347;19
1348;20
1349;19
1350;15
1351;30
1352;13
1353;25
1354;17
1355;17
1356;20
1357;22
1358;17
1359;23
1360;22
1361;12
1362;23
1363;19
1364;21
1365;27
1366;19
1367;20
1368;12
1369;12
1370;20
1371;13
1372;19
1373;16
1374;19
1375;21
1376;21
1377;21
1378;15
1379;15
1380;25
1381;15
1382;17
1383;14
1384;15
1385;17
1386;18
1387;20
1388;21
1389;16
1390;15
1391;13
1392;19
1393;20
1394;21
1395;22
1396;17
1397;17
1398;17
1399;16
1400;16
1401;16
1402;19
1403;23
1404;20
1405;18
1406;20
1407;21
1408;18
1409;21
1410;16
1411;25
1412;20
1413;23
1414;18
1415;22
1416;9
1417;14
1418;25
1419;15
1420;19
1421;18
1422;27
1423;22
1424;17
1425;10
1426;15
1427;31
1428;18
1429;17
1430;13
1431;28
1432;14
1433;22
1434;19
1435;19
1436;20
1437;7
1438;13
1439;19
1440;26
1441;24
1442;18
1443;15
1444;16
1445;17
1446;21
1447;24
1448;10
1449;29
1450;20
1451;17
1452;18
1453;22
1454;20
1455;20
1456;15
1457;22
1458;17
1459;26
1460;16
1461;16
1462;15
1463;19
1464;21
1465;11
1466;19
1467;11
1468;18
1469;18
1470;17
1471;22
1472;17
1473;11
1474;19
1475;18
1476;16
1477;19
1478;15
1479;17
1480;16
1481;22
1482;18
1483;16
1484;12
1485;20
1486;17
1487;19
1488;22
1489;15
1490;18
1491;19
1492;19
1493;14
1494;22
1495;22
1496;18
1497;13
1498;13
1499;19
1500;16
1501;20
1502;16
1503;21
1504;11
1505;25
1506;14
1507;25
1508;29
1509;16
1510;33
1511;22
1512;22
1513;21
1514;23
1515;17
1516;20
1517;16
1518;16
1519;25
1520;12
1521;23
1522;20
1523;21
1524;14
1525;22
1526;27
1527;21
1528;19
1529;19
1530;19
1531;18
1532;15
1533;22
1534;15
1535;21
1536;12
1537;19
1538;11
1539;16
1540;19
1541;11
1542;11
1543;28
1544;21
1545;16
1546;15
1547;14
1548;16
1549;16
1550;18
1551;17
1552;20
1553;21
1554;20
1555;12
1556;22
1557;20
1558;22
1559;14
1560;16
1561;21
1562;16
1563;10
1564;17
1565;14
1566;18
1567;24
1568;13
1569;17
1570;21
1571;27
1572;17
1573;24
1574;17
1575;22
1576;18
1577;17
1578;14
1579;12
1580;15
1581;16
1582;16
1583;11
1584;25
1585;24
1586;25
1587;13
1588;25
1589;16
1590;17
1591;19
1592;19
1593;18
1594;30
1595;21
1596;22
1597;15
1598;21
1599;20
1600;19
1601;15
1602;26
1603;11
1604;14
1605;16
1606;22
1607;18
1608;12
1609;9
1610;25
1611;16
1612;22
1613;13
1614;16
1615;23
1616;17
1617;19
1618;8
1619;25
1620;18
1621;10
1622;18
1623;14
1624;19
1625;21
1626;11
1627;13
1628;20
1629;12
1630;16
1631;16
1632;12
1633;22
1634;16
1635;11
1636;12
1637;22
1638;15
1639;24
1640;21
1641;19
1642;19
1643;17
1644;19
1645;19
1646;12
1647;22
1648;17
1649;17
1650;12
1651;16
1652;25
1653;23
1654;23
1655;21
1656;14
1657;21
1658;21
1659;19
1660;31
1661;20
1662;20
1663;18
1664;17
1665;16
1666;14
1667;24
1668;17
1669;22
1670;13
1671;15
1672;19
1673;15
1674;12
1675;26
1676;12
1677;16
1678;15
1679;21
1680;15
1681;15
1682;15
1683;19
1684;14
1685;26
1686;12
1687;17
1688;21
1689;12
1690;17
1691;17
1692;21
1693;13
1694;23
1695;23
1696;28
1697;21
1698;18
1699;17
1700;15
1701;15
1702;10
1703;24
1704;20
1705;15
1706;19
1707;15
1708;21
1709;18
1710;15
1711;16
1712;16
1713;20
1714;15
1715;18
1716;17
1717;16
1718;17
1719;21
1720;22
1721;23
1722;17
1723;22
1724;22
1725;24
1726;22
1727;16
1728;25
1729;21
1730;20
1731;15
1732;22
1733;12
1734;14
1735;15
1736;17
1737;18
1738;13
1739;17
1740;19
1741;21
1742;13
1743;17
1744;22
1745;15
1746;19
1747;13
1748;20
1749;9
1750;21
1751;13
1752;15
1753;19
1754;21
1755;23
1756;22
1757;15
1758;14
1759;16
1760;14
1761;14
1762;16
1763;28
1764;19
1765;15
1766;32
1767;18
1768;24
1769;18
1770;19
1771;14
1772;13
1773;12
1774;24
1775;14
1776;19
1777;17
1778;11
1779;19
1780;19
1781;10
1782;23
1783;10
1784;18
1785;14
1786;15
1787;24
1788;20
1789;20
1790;18
1791;13
1792;13
1793;26
1794;23
1795;23
1796;15
1797;13
1798;21
1799;25
1800;14
1801;17
1802;15
1803;26
1804;20
1805;13
1806;20
1807;17
1808;23
1809;21
1810;16
1811;15
1812;14
1813;17
1814;18
1815;14
1816;15
1817;20
1818;22
1819;25
1820;22
1821;19
1822;16
1823;17
1824;16
1825;15
1826;13
1827;16
1828;13
1829;25
1830;15
1831;13
1832;19
1833;23
1834;15
1835;26
1836;12
1837;20
1838;16
1839;27
1840;22
1841;16
1842;23
1843;21
1844;21
1845;23
1846;15
1847;12
1848;18
1849;19
1850;26
1851;19
1852;17
1853;22
1854;15
1855;21
1856;15
1857;20
1858;27
1859;15
1860;16
1861;19
1862;18
1863;16
1864;12
1865;19
1866;28
1867;21
1868;9
1869;27
1870;14
1871;12
1872;24
1873;14
1874;12
1875;19
1876;19
1877;11
1878;18
1879;19
1880;19
1881;21
1882;18
1883;13
1884;16
1885;19
1886;16
1887;23
1888;13
1889;15
1890;18
1891;15
1892;20
1893;16
1894;26
1895;29
1896;20
1897;17
1898;13
1899;24
1900;13
1901;20
1902;17
1903;13
1904;18
1905;11
1906;14
1907;10
1908;18
1909;18
1910;21
1911;11
1912;28
1913;17
1914;10
1915;15
1916;22
1917;13
1918;23
1919;26
1920;18
1921;18
1922;19
1923;17
1924;17
1925;14
1926;17
1927;12
1928;26
1929;15
1930;15
1931;25
1932;19
1933;17
1934;21
1935;22
1936;14
1937;17
1938;19
1939;20
1940;17
1941;17
1942;27
1943;14
1944;21
1945;13
1946;21
1947;22
1948;14
1949;17
1950;11
1951;25
1952;24
1953;17
1954;17
1955;23
1956;19
1957;9
1958;17
1959;24
1960;21
1961;21
1962;13
1963;17
1964;17
1965;19
1966;26
1967;22
1968;15
1969;19
1970;18
1971;23
1972;19
1973;23
1974;22
1975;9
1976;17
1977;17
1978;19
1979;27
1980;20
1981;13
1982;17
1983;10
1984;15
1985;23
1986;17
1987;25
1988;17
1989;14
1990;23
1991;19
1992;18
1993;19
1994;26
1995;22
1996;23
1997;15
1998;12
1999;20
2000;15
2001;20
2002;23
2003;18
2004;19
2005;9
2006;22
2007;20
2008;18
2009;19
2010;17
2011;24
2012;13
2013;17
2014;28
2015;30
2016;15
2017;17
2018;17
2019;11
2020;24
2021;24
2022;20
2023;25
2024;11
2025;15
2026;21
2027;13
2028;13
2029;22
2030;20
2031;17
2032;15
2033;19
2034;24
2035;19
2036;15
2037;21
2038;10
2039;19
2040;23
2041;15
2042;17
2043;22
2044;22
2045;23
2046;21
2047;21
2048;18
2049;23
2050;31
2051;24
2052;24
2053;20
2054;14
2055;14
2056;21
2057;18
2058;17
2059;19
2060;22
2061;23
2062;21
2063;15
2064;18
2065;16
2066;23
2067;15
2068;15
2069;25
2070;23
2071;16
2072;22
2073;26
2074;19
2075;30
2076;16
2077;12
2078;20
2079;19
2080;16
2081;27
2082;17
2083;32
2084;21
2085;19
2086;27
2087;18
2088;18
2089;25
2090;23
2091;12
2092;17
2093;18
2094;28
2095;19
2096;27
2097;30
2098;16
2099;17
2100;25
2101;20
2102;26
2103;28
2104;29
2105;26
2106;18
2107;14
2108;20
2109;21
2110;19
2111;14
2112;27
2113;19
2114;20
2115;23
2116;18
2117;19
2118;24
2119;27
2120;28
2121;19
2122;17
2123;33
2124;24
2125;14
2126;19
2127;21
2128;25
2129;20
2130;19
2131;20
2132;21
2133;27
2134;21
2135;26
2136;31
2137;25
2138;22
2139;25
2140;30
2141;20
2142;16
2143;24
2144;32
2145;25
2146;18
2147;21
2148;27
2149;22
2150;29
2151;30
2152;15
2153;13
2154;20
2155;17
2156;23
2157;25
2158;28
2159;19
2160;22
2161;26
2162;32
2163;23
2164;27
2165;23
2166;16
2167;24
2168;20
2169;19
2170;21
2171;28
2172;34
2173;19
2174;26
2175;27
2176;17
2177;28
2178;27
2179;25
2180;23
2181;23
2182;21
2183;23
2184;23
2185;19
2186;29
2187;22
2188;27
2189;22
2190;18
2191;24
2192;30
2193;17
2194;27
2195;22
2196;29
2197;21
2198;24
2199;24
2200;28
2201;23
2202;20
2203;28
2204;18
2205;29
2206;24
2207;34
2208;20
2209;25
2210;16
2211;25
2212;21
2213;24
2214;25
2215;25
2216;28
2217;18
2218;33
2219;26
2220;28
2221;17
2222;28
2223;14
2224;20
2225;22
2226;22
2227;14
2228;30
2229;23
2230;24
2231;17
2232;14
2233;25
2234;18
2235;40
2236;29
2237;25
2238;24
2239;18
2240;32
2241;23
2242;29
2243;23
2244;31
2245;22
2246;22
2247;32
2248;26
2249;26
2250;21
2251;20
2252;24
2253;37
2254;22
2255;15
2256;35
2257;21
2258;19
2259;16
2260;25
2261;24
2262;22
2263;11
2264;20
2265;28
2266;32
2267;27
2268;21
2269;21
2270;27
2271;19
2272;24
2273;24
2274;28
2275;24
2276;26
2277;25
2278;22
2279;19
2280;31
2281;24
2282;19
2283;31
2284;18
2285;22
2286;26
2287;26
2288;34
2289;20
2290;28
2291;28
2292;26
2293;26
2294;21
2295;29
2296;20
2297;28
2298;19
2299;18
2300;23
2301;21
2302;23
2303;15
2304;19
2305;20
2306;25
2307;31
2308;29
2309;25
2310;16
2311;22
2312;29
2313;16
2314;21
2315;15
2316;19
2317;25
2318;28
2319;32
2320;20
2321;30
2322;22
2323;18
2324;33
2325;28
2326;21
2327;26
2328;37
2329;29
2330;29
2331;27
2332;24
2333;25
2334;31
2335;17
2336;28
2337;20
2338;35
2339;11
2340;21
2341;34
2342;24
2343;21
2344;17
2345;25
2346;21
2347;19
2348;24
2349;18
2350;18
2351;23
2352;19
2353;20
2354;24
2355;23
2356;25
2357;14
2358;30
2359;27
2360;22
2361;19
2362;27
2363;16
2364;17
2365;17
2366;19
2367;19
2368;19
2369;25
2370;23
2371;25
2372;21
2373;21
2374;18
2375;20
2376;20
2377;17
2378;21
2379;21
2380;23
2381;20
2382;23
2383;24
2384;20
2385;24
2386;26
2387;20
2388;21
2389;27
2390;28
2391;20
2392;28
2393;26
2394;23
2395;17
2396;28
2397;20
2398;15
2399;22
2400;20
2401;18
2402;11
2403;19
2404;21
2405;14
2406;18
2407;29
2408;17
2409;21
2410;16
2411;28
2412;20
2413;22
2414;23
2415;22
2416;24
2417;17
2418;26
2419;17
2420;16
2421;20
2422;16
2423;18
2424;27
2425;21
2426;19
2427;28
2428;29
2429;22
2430;20
2431;19
2432;21
2433;32
2434;15
2435;25
2436;23
2437;17
2438;26
2439;25
2440;15
2441;20
2442;25
2443;32
2444;25
2445;24
2446;19
2447;20
2448;15
2449;24
2450;21
2451;18
2452;22
2453;17
2454;18
2455;14
2456;22
2457;23
2458;19
2459;17
2460;22
2461;16
2462;19
2463;20
2464;15
2465;16
2466;24
2467;19
2468;18
2469;26
2470;23
2471;22
2472;15
2473;17
2474;27
2475;14
2476;22
2477;17
2478;19
2479;19
2480;17
2481;14
2482;15
2483;18
2484;17
2485;24
2486;23
2487;26
2488;16
2489;24
2490;18
2491;19
2492;20
2493;19
2494;14
2495;24
2496;24
2497;15
2498;21
2499;21
2500;20
2501;19
2502;25
2503;26
2504;16
2505;23
2506;13
2507;16
2508;15
2509;12
2510;19
2511;19
2512;29
2513;24
2514;14
2515;24
2516;19
2517;29
2518;23
2519;22
2520;21
2521;21
2522;21
2523;19
2524;20
2525;16
2526;28
2527;18
2528;17
2529;15
2530;14
2531;23
2532;19
2533;19
2534;17
2535;16
2536;21
2537;14
2538;22
2539;19
2540;17
2541;12
2542;19
2543;16
2544;17
2545;21
2546;21
2547;12
2548;16
2549;25
2550;22
2551;21
2552;16
2553;14
2554;26
2555;18
2556;25
2557;26
2558;18
2559;22
2560;35
2561;21
2562;26
2563;16
2564;15
2565;26
2566;15
2567;23
2568;31
2569;27
2570;11
2571;9
2572;17
2573;22
2574;19
2575;21
2576;24
2577;23
2578;22
2579;21
2580;23
2581;21
2582;18
2583;27
2584;17
2585;26
2586;20
2587;17
2588;24
2589;34
2590;17
2591;23
2592;24
2593;18
2594;11
2595;24
2596;19
2597;22
2598;14
2599;26
2600;31
2601;26
2602;24
2603;25
2604;18
2605;21
2606;13
2607;14
2608;17
2609;20
2610;18
2611;17
2612;25
2613;20
2614;16
2615;14
2616;26
2617;21
2618;13
2619;18
2620;20
2621;20
2622;13
2623;23
2624;14
2625;22
2626;24
2627;21
2628;14
2629;22
2630;19
2631;24
2632;21
2633;26
2634;19
2635;17
2636;13
2637;16
2638;22
2639;20
2640;26
2641;18
2642;19
2643;27
2644;27
2645;21
2646;9
2647;14
2648;20
2649;24
2650;21
2651;16
2652;19
2653;20
2654;22
2655;22
2656;26
2657;13
2658;25
2659;30
2660;21
2661;20
2662;21
2663;23
2664;19
2665;13
2666;32
2667;19
2668;13
2669;16
2670;24
2671;17
2672;20
2673;19
2674;15
2675;19
2676;11
2677;21
2678;19
2679;19
2680;20
2681;22
2682;12
2683;18
2684;13
2685;14
2686;22
2687;23
2688;15
2689;18
2690;16
2691;23
2692;22
2693;19
2694;14
2695;16
2696;19
2697;20
2698;24
2699;27
2700;15
2701;24
2702;15
2703;30
2704;22
2705;18
2706;20
2707;10
2708;14
2709;20
2710;13
2711;21
2712;18
2713;18
2714;19
2715;17
2716;20
2717;14
2718;22
2719;19
2720;20
2721;20
2722;13
2723;25
2724;24
2725;22
2726;16
2727;16
2728;11
2729;21
2730;19
2731;14
2732;13
2733;26
2734;21
2735;19
2736;9
2737;16
2738;28
2739;14
2740;25
2741;18
2742;22
2743;23
2744;22
2745;20
2746;21
2747;21
2748;17
2749;18
2750;15
2751;23
2752;18
2753;22
2754;22
2755;16
2756;22
2757;36
2758;14
2759;20
2760;27
2761;18
2762;19
2763;14
2764;18
2765;10
2766;17
2767;21
2768;24
2769;19
2770;23
2771;18
2772;14
2773;9
2774;20
2775;14
2776;16
2777;22
2778;17
2779;16
2780;16
2781;20
2782;18
2783;11
2784;15
2785;19
2786;12
2787;22
2788;21
2789;17
2790;21
2791;12
2792;17
2793;19
2794;19
2795;14
2796;18
2797;26
2798;17
2799;21
2800;24
2801;14
2802;15
2803;17
2804;13
2805;10
2806;23
2807;21
2808;19
2809;27
2810;18
2811;18
2812;22
2813;22
2814;21
2815;19
2816;10
2817;25
2818;24
2819;14
2820;16
2821;17
2822;12
2823;18
2824;21
2825;15
2826;19
2827;17
2828;21
2829;21
2830;15
2831;15
2832;19
2833;14
2834;16
2835;24
2836;23
2837;25
2838;13
2839;12
2840;22
2841;23
2842;10
2843;16
2844;17
2845;13
2846;16
2847;15
2848;19
2849;20
2850;21
2851;20
2852;20
2853;12
2854;20
2855;15
2856;20
2857;16
2858;16
2859;19
2860;13
2861;21
2862;13
2863;15
2864;27
2865;16
2866;19
2867;20
2868;21
2869;18
2870;22
2871;23
2872;22
2873;10
2874;18
2875;16
2876;18
2877;18
2878;18
2879;26
2880;10
2881;18
2882;12
2883;19
2884;16
2885;18
2886;18
2887;17
2888;25
2889;15
2890;23
2891;16
2892;21
2893;12
2894;26
2895;22
2896;16
2897;24
2898;25
2899;11
2900;14
2901;16
2902;19
2903;23
2904;18
2905;14
2906;19
2907;25
2908;16
2909;19
2910;22
2911;10
2912;18
2913;15
2914;24
2915;9
2916;19
2917;24
2918;16
2919;19
2920;13
2921;21
2922;13
2923;22
2924;19
2925;15
2926;19
2927;18
2928;13
2929;16
2930;19
2931;13
2932;16
2933;20
2934;15
2935;16
2936;26
2937;23
2938;26
2939;16
2940;16
2941;13
2942;18
2943;18
2944;13
2945;18
2946;22
2947;23
2948;19
2949;22
2950;17
2951;17
2952;27
2953;19
2954;13
2955;21
2956;16
2957;18
2958;24
2959;14
2960;18
2961;12
2962;21
2963;17
2964;16
2965;15
2966;13
2967;20
2968;24
2969;19
2970;19
2971;25
2972;23
2973;16
2974;20
2975;14
2976;15
2977;17
2978;10
2979;20
2980;14
2981;16
2982;14
2983;18
2984;18
2985;12
2986;18
2987;17
2988;15
2989;21
2990;14
2991;18
2992;15
2993;10
2994;10
2995;15
2996;14
2997;20
2998;17
2999;23
3000;16
3001;11
3002;11
3003;11
3004;20
3005;21
3006;24
3007;19
3008;22
3009;13
3010;15
3011;22
3012;22
3013;19
3014;23
3015;19
3016;18
3017;12
3018;18
3019;20
3020;23
3021;22
3022;13
3023;15
3024;22
3025;21
3026;19
3027;23
3028;15
3029;18
3030;18
3031;8
3032;22
3033;16
3034;19
3035;20
3036;8
3037;12
3038;23
3039;13
3040;18
3041;20
3042;12
3043;15
3044;22
3045;17
3046;20
3047;28
3048;17
3049;18
3050;18
3051;19
3052;19
3053;20
3054;12
3055;5
3056;14
3057;19
3058;13
3059;18
3060;17
3061;17
3062;13
3063;13
3064;19
3065;18
3066;22
3067;19
3068;18
3069;15
3070;19
3071;13
3072;19
3073;10
3074;16
3075;16
3076;18
3077;16
3078;15
3079;14
3080;13
3081;22
3082;23
3083;20
3084;13
3085;22
3086;17
3087;19
3088;17
3089;22
3090;13
3091;14
3092;14
3093;15
3094;17
3095;16
3096;18
3097;16
3098;11
3099;11
3100;9
3101;12
3102;21
3103;23
3104;14
3105;14
3106;18
3107;25
3108;16
3109;15
3110;24
3111;18
3112;19
3113;16
3114;13
3115;23
3116;17
3117;17
3118;16
3119;22
3120;11
3121;15
3122;11
3123;16
3124;18
3125;15
3126;18
3127;21
3128;19
3129;11
3130;17
3131;13
3132;9
3133;9
3134;15
3135;19
3136;9
3137;18
3138;10
3139;12
3140;26
3141;16
3142;15
3143;23
3144;17
3145;22
3146;15
3147;16
3148;21
3149;17
3150;11
3151;16
3152;8
3153;22
3154;18
3155;8
3156;21
3157;14
3158;23
3159;21
3160;13
3161;17
3162;12
3163;13
3164;11
3165;14
3166;19
3167;11
3168;23
3169;18
3170;18
3171;17
3172;21
3173;20
3174;10
3175;14
3176;13
3177;10
3178;14
3179;8
3180;16
3181;15
3182;13
3183;21
3184;8
3185;12
3186;15
3187;12
3188;13
3189;16
3190;18
3191;23
3192;19
3193;18
3194;9
3195;15
3196;25
3197;12
3198;19
3199;23
3200;8
3201;14
3202;15
3203;6
3204;23
3205;19
3206;17
3207;16
3208;14
3209;18
3210;20
3211;13
3212;20
3213;21
3214;13
3215;21
3216;12
3217;18
3218;23
3219;18
3220;10
3221;15
3222;17
3223;13
3224;18
3225;18
3226;17
3227;20
3228;14
3229;18
3230;17
3231;17
3232;14
3233;13
3234;17
3235;11
3236;17
3237;21
3238;20
3239;7
3240;17
3241;17
3242;22
3243;26
3244;20
3245;19
3246;16
3247;14
3248;12
3249;11
3250;13
3251;16
3252;13
3253;16
3254;15
3255;12
3256;14
3257;19
3258;16
3259;23
3260;14
3261;19
3262;14
3263;26
3264;14
3265;18
3266;24
3267;15
3268;19
3269;15
3270;19
3271;15
3272;22
3273;16
3274;14
3275;19
3276;16
3277;13
3278;18
3279;18
3280;16
3281;15
3282;14
3283;21
3284;14
3285;17
3286;11
3287;10
3288;15
3289;15
3290;14
3291;10
3292;13
3293;24
3294;15
3295;17
3296;15
3297;13
3298;17
3299;16
3300;17
3301;13
3302;10
3303;9
3304;13
3305;14
3306;18
3307;16
3308;19
3309;13
3310;14
3311;14
3312;23
3313;22
3314;23
3315;8
3316;20
3317;7
3318;9
3319;14
3320;12
3321;15
3322;9
3323;18
3324;14
3325;13
3326;14
3327;15
3328;11
3329;16
3330;16
3331;21
3332;15
3333;15
3334;10
3335;14
3336;9
3337;17
3338;16
3339;9
3340;18
3341;7
3342;9
3343;14
3344;13
3345;16
3346;22
3347;14
3348;16
3349;15
3350;10
3351;13
3352;13
3353;16
3354;18
3355;13
3356;17
3357;13
3358;16
3359;14
3360;21
3361;20
3362;15
3363;18
3364;10
3365;14
3366;13
3367;17
3368;21
3369;14
3370;16
3371;15
3372;15
3373;21
3374;12
3375;18
3376;12
3377;14
3378;19
3379;11
3380;12
3381;12
3382;14
3383;17
3384;16
3385;14
3386;10
3387;12
3388;16
3389;12
3390;17
3391;21
3392;8
3393;10
3394;16
3395;13
3396;13
3397;12
3398;13
3399;14
3400;20
3401;17
3402;23
3403;8
3404;12
3405;10
3406;11
3407;23
3408;14
3409;15
3410;18
3411;18
3412;20
3413;16
3414;13
3415;12
3416;18
3417;14
3418;20
3419;15
3420;13
3421;21
3422;18
3423;14
3424;16
3425;16
3426;14
3427;19
3428;25
3429;15
3430;12
3431;20
3432;12
3433;20
3434;17
3435;17
3436;16
3437;8
3438;14
3439;14
3440;14
3441;12
3442;21
3443;20
3444;14
3445;12
3446;12
3447;7
3448;18
3449;14
3450;7
3451;16
3452;9
3453;14
3454;12
3455;20
3456;15
3457;15
3458;25
3459;13
3460;17
3461;14
3462;15
3463;14
3464;22
3465;16
3466;14
3467;16
3468;12
3469;20
3470;20
3471;18
3472;14
3473;16
3474;17
3475;15
3476;13
3477;12
3478;27
3479;10
3480;16
3481;21
3482;17
3483;13
3484;13
3485;18
3486;9
3487;15
3488;13
3489;19
3490;17
3491;8
3492;21
3493;10
3494;14
3495;14
3496;11
3497;17
3498;13
3499;20
3500;11
3501;14
3502;20
3503;16
3504;13
3505;21
3506;13
3507;11
3508;12
3509;17
3510;17
3511;14
3512;18
3513;18
3514;15
3515;10
3516;16
3517;14
3518;13
3519;12
3520;20
3521;11
3522;14
3523;16
3524;22
3525;16
3526;14
3527;16
3528;11
3529;16
3530;12
3531;11
3532;13
3533;15
3534;14
3535;17
3536;13
3537;17
3538;12
3539;12
3540;20
3541;18
3542;14
3543;14
3544;16
3545;10
3546;10
3547;19
3548;13
3549;16
3550;15
3551;13
3552;13
3553;12
3554;14
3555;15
3556;11
3557;17
3558;16
3559;11
3560;16
3561;10
3562;15
3563;11
3564;16
3565;11
3566;22
3567;23
3568;11
3569;16
3570;11
3571;15
3572;13
3573;14
3574;18
3575;16
3576;20
3577;16
3578;16
3579;13
3580;14
3581;13
3582;18
3583;15
3584;15
3585;17
3586;15
3587;17
3588;10
3589;14
3590;19
3591;8
3592;16
3593;20
3594;14
3595;16
3596;14
3597;11
3598;12
3599;17
3600;8
3601;9
3602;12
3603;12
3604;12
3605;14
3606;19
3607;12
3608;20
3609;11
3610;14
3611;17
3612;13
3613;15
3614;18
3615;21
3616;8
3617;6
3618;18
3619;25
3620;11
3621;10
3622;21
3623;9
3624;14
3625;11
3626;10
3627;16
3628;15
3629;12
3630;11
3631;8
3632;11
3633;20
3634;14
3635;14
3636;17
3637;14
3638;13
3639;19
3640;9
3641;11
3642;15
3643;12
3644;18
3645;19
3646;21
3647;14
3648;20
3649;19
3650;6
3651;13
3652;16
3653;17
3654;8
3655;11
3656;13
3657;15
3658;10
3659;10
3660;13
3661;21
3662;15
3663;9
3664;13
3665;14
3666;9
3667;14
3668;17
3669;12
3670;16
3671;13
3672;12
3673;11
3674;12
3675;8
3676;13
3677;18
3678;17
3679;16
3680;16
3681;13
3682;16
3683;14
3684;13
3685;13
3686;12
3687;14
3688;17
3689;9
3690;15
3691;12
3692;15
3693;10
3694;14
3695;14
3696;17
3697;14
3698;9
3699;10
3700;20
3701;15
3702;20
3703;14
3704;13
3705;18
3706;11
3707;14
3708;16
3709;18
3710;24
3711;16
3712;10
3713;14
3714;13
3715;16
3716;14
3717;11
3718;13
3719;12
3720;15
3721;15
3722;10
3723;15
3724;16
3725;19
3726;13
3727;8
3728;22
3729;14
3730;15
3731;14
3732;11
3733;14
3734;13
3735;20
3736;13
3737;11
3738;10
3739;16
3740;16
3741;11
3742;14
3743;16
3744;18
3745;15
3746;15
3747;12
3748;11
3749;15
3750;18
3751;11
3752;16
3753;15
3754;15
3755;13
3756;17
3757;17
3758;17
3759;12
3760;17
3761;11
3762;14
3763;14
3764;15
3765;11
3766;17
3767;17
3768;12
3769;14
3770;11
3771;11
3772;12
3773;17
3774;10
3775;19
3776;19
3777;18
3778;10
3779;15
3780;7
3781;10
3782;20
3783;16
3784;12
3785;10
3786;11
3787;9
3788;14
3789;19
3790;17
3791;15
3792;18
3793;16
3794;17
3795;11
3796;16
3797;11
3798;15
3799;16
3800;19
3801;10
3802;13
3803;13
3804;14
3805;10
3806;9
3807;16
3808;16
3809;10
3810;16
3811;10
3812;14
3813;14
3814;12
3815;11
3816;8
3817;14
3818;14
3819;8
3820;10
3821;13
3822;10
3823;10
3824;12
3825;16
3826;11
3827;10
3828;24
3829;13
3830;13
3831;19
3832;13
3833;17
3834;11
3835;15
3836;14
3837;15
3838;16
3839;17
3840;16
3841;11
3842;19
3843;12
3844;19
3845;12
3846;15
3847;15
3848;18
3849;20
3850;6
3851;15
3852;20
3853;11
3854;12
3855;14
3856;17
3857;8
3858;15
3859;17
3860;10
3861;10
3862;7
3863;13
3864;12
3865;11
3866;23
3867;25
3868;17
3869;17
3870;11
3871;10
3872;17
3873;16
3874;15
3875;19
3876;17
3877;14
3878;17
3879;14
3880;19
3881;11
3882;12
3883;19
3884;14
3885;18
3886;9
3887;12
3888;22
3889;16
3890;14
3891;17
3892;6
3893;11
3894;12
3895;11
3896;17
3897;15
3898;14
3899;18
3900;12
3901;19
3902;21
3903;16
3904;18
3905;14
3906;16
3907;10
3908;18
3909;21
3910;19
3911;19
3912;16
3913;9
3914;13
3915;10
3916;18
3917;15
3918;16
3919;16
3920;11
3921;12
3922;15
3923;14
3924;9
3925;15
3926;13
3927;15
3928;15
3929;19
3930;16
3931;15
3932;10
3933;13
3934;11
3935;12
3936;13
3937;9
3938;10
3939;18
3940;12
3941;14
3942;12
3943;12
3944;21
3945;17
3946;12
3947;17
3948;15
3949;20
3950;13
3951;16
3952;10
3953;13
3954;15
3955;14
3956;15
3957;11
3958;11
3959;13
3960;9
3961;12
3962;14
3963;10
3964;13
3965;11
3966;20
3967;13
3968;16
3969;22
3970;14
3971;15
3972;11
3973;14
3974;16
3975;12
3976;16
3977;15
3978;22
3979;17
3980;10
3981;14
3982;11
3983;19
3984;10
3985;11
3986;15
3987;12
3988;20
3989;10
3990;16
3991;8
3992;10
3993;19
3994;17
3995;9
3996;17
3997;14
3998;11
3999;11
4000;20
4001;12
4002;16
4003;17
4004;20
4005;11
4006;14
4007;16
4008;12
4009;19
4010;5
4011;15
4012;13
4013;17
4014;21
4015;10
4016;15
4017;20
4018;22
4019;9
4020;16
4021;13
4022;13
4023;9
4024;16
4025;16
4026;8
4027;12
4028;8
4029;16
4030;14
4031;19
4032;9
4033;12
4034;11
4035;14
4036;15
4037;9
4038;15
4039;17
4040;15
4041;14
4042;13
4043;18
4044;12
4045;16
4046;18
4047;13
4048;18
4049;16
4050;12
4051;15
4052;15
4053;7
4054;18
4055;16
4056;8
4057;15
4058;13
4059;16
4060;16
4061;11
4062;11
4063;16
4064;16
4065;16
4066;19
4067;9
4068;17
4069;17
4070;13
4071;13
4072;10
4073;12
4074;12
4075;17
4076;17
4077;10
4078;14
4079;12
4080;14
4081;17
4082;17
4083;12
4084;15
4085;13
4086;18
4087;9
4088;13
4089;13
4090;16
4091;13
4092;17
4093;14
4094;16
4095;9
4096;12
4097;14
4098;18
4099;8
4100;24
4101;16
4102;9
4103;17
4104;17
4105;18
4106;18
4107;12
4108;8
4109;19
4110;14
4111;17
4112;22
4113;15
4114;17
4115;12
4116;14
4117;8
4118;12
4119;11
4120;14
4121;8
4122;10
4123;10
4124;11
4125;10
4126;9
4127;17
4128;14
4129;14
4130;13
4131;13
4132;9
4133;19
4134;14
4135;7
4136;16
4137;14
4138;16
4139;13
4140;14
4141;14
4142;11
4143;11
4144;16
4145;17
4146;12
4147;17
4148;14
4149;19
4150;12
4151;15
4152;12
4153;18
4154;10
4155;14
4156;13
4157;14
4158;12
4159;11
4160;13
4161;15
4162;20
4163;12
4164;27
4165;13
4166;12
4167;12
4168;12
4169;5
4170;10
4171;10
4172;17
4173;12
4174;17
4175;10
4176;13
4177;11
4178;16
4179;16
4180;10
4181;19
4182;15
4183;9
4184;10
4185;11
4186;4
4187;6
4188;7
4189;13
4190;19
4191;7
4192;22
4193;6
4194;19
4195;23
4196;13
4197;14
4198;9
4199;12
4200;14
4201;11
4202;12
4203;9
4204;19
4205;10
4206;14
4207;7
4208;15
4209;9
4210;12
4211;15
4212;9
4213;9
4214;7
4215;6
4216;8
4217;11
4218;13
4219;14
4220;21
4221;13
4222;9
4223;21
4224;8
4225;18
4226;13
4227;11
4228;12
4229;15
4230;12
4231;11
4232;12
4233;11
4234;17
4235;15
4236;8
4237;10
4238;21
4239;9
4240;12
4241;15
4242;5
4243;9
4244;16
4245;9
4246;13
4247;15
4248;7
4249;13
4250;10
4251;10
4252;13
4253;14
4254;11
4255;10
4256;7
4257;14
4258;14
4259;9
4260;13
4261;8
4262;16
4263;10
4264;15
4265;9
4266;14
4267;14
4268;17
4269;13
4270;9
4271;9
4272;10
4273;13
4274;8
4275;5
4276;11
4277;11
4278;7
4279;11
4280;12
4281;14
4282;14
4283;13
4284;10
4285;12
4286;14
4287;11
4288;16
4289;15
4290;10
4291;12
4292;15
4293;19
4294;8
4295;14
4296;12
4297;11
4298;6
4299;11
4300;13
4301;9
4302;11
4303;11
4304;9
4305;13
4306;12
4307;10
4308;16
4309;13
4310;7
4311;10
4312;16
4313;11
4314;10
4315;12
4316;12
4317;13
4318;11
4319;11
4320;11
4321;16
4322;9
4323;12
4324;18
4325;11
4326;11
4327;19
4328;9
4329;7
4330;18
4331;13
4332;9
4333;14
4334;6
4335;10
4336;11
4337;13
4338;9
4339;10
4340;7
4341;14
4342;15
4343;10
4344;11
4345;8
4346;16
4347;12
4348;10
4349;8
4350;9
4351;7
4352;10
4353;4
4354;8
4355;13
4356;8
4357;10
4358;11
4359;10
4360;13
4361;12
4362;12
4363;6
4364;8
4365;11
4366;15
4367;12
4368;6
4369;11
4370;13
4371;6
4372;13
4373;13
4374;11
4375;11
4376;11
4377;13
4378;11
4379;8
4380;7
4381;9
4382;13
4383;7
4384;8
4385;7
4386;9
4387;8
4388;12
4389;8
4390;11
4391;10
4392;9
4393;8
4394;5
4395;12
4396;8
4397;14
4398;8
4399;7
4400;10
4401;9
4402;3
4403;10
4404;9
4405;10
4406;10
4407;8
4408;17
4409;8
4410;6
4411;10
4412;13
4413;12
4414;6
4415;6
4416;14
4417;7
4418;12
4419;9
4420;12
4421;8
4422;9
4423;6
4424;6
4425;8
4426;7
4427;10
4428;8
4429;13
4430;5
4431;9
4432;9
4433;15
4434;8
4435;11
4436;8
4437;8
4438;7
4439;8
4440;9
4441;10
4442;8
4443;5
4444;14
4445;10
4446;11
4447;3
4448;7
4449;9
4450;9
4451;5
4452;8
4453;10
4454;8
4455;12
4456;11
4457;7
4458;11
4459;7
4460;8
4461;6
4462;7
4463;7
4464;16
4465;12
4466;10
4467;8
4468;10
4469;12
4470;9
4471;10
4472;8
4473;9
4474;9
4475;10
4476;9
4477;8
4478;9
4479;7
4480;9
4481;10
4482;7
4483;13
4484;8
4485;11
4486;9
4487;11
4488;7
4489;13
4490;5
4491;9
4492;12
4493;5
4494;5
4495;4
4496;10
4497;7
4498;4
4499;10
4500;14
4501;8
4502;8
4503;5
4504;2
4505;11
4506;9
4507;8
4508;4
4509;8
4510;10
4511;11
4512;8
4513;3
4514;6
4515;8
4516;8
4517;10
4518;11
4519;7
4520;10
4521;11
4522;7
4523;6
4524;4
4525;7
4526;6
4527;7
4528;13
4529;7
4530;10
4531;9
4532;7
4533;6
4534;4
4535;8
4536;4
4537;6
4538;6
4539;8
4540;5
4541;8
4542;9
4543;7
4544;10
4545;9
4546;7
4547;7
4548;5
4549;10
4550;5
4551;8
4552;3
4553;4
4554;3
4555;6
4556;9
4557;8
4558;5
4559;3
4560;7
4561;5
4562;9
4563;8
4564;12
4565;7
4566;9
4567;12
4568;11
4569;9
4570;14
4571;6
4572;2
4573;9
4574;13
4575;5
4576;5
4577;6
4578;10
4579;8
4580;5
4581;3
4582;8
4583;8
4584;5
4585;8
4586;6
4587;8
4588;6
4589;9
4590;17
4591;9
4592;11
4593;7
4594;4
4595;10
4596;10
4597;5
4598;4
4599;4
4600;8
4601;7
4602;12
4603;6
4604;6
4605;2
4606;4
4607;10
4608;8
4609;3
4610;7
4611;10
4612;6
4613;8
4614;5
4615;10
4616;8
4617;11
4618;7
4619;5
4620;10
4621;6
4622;5
4623;5
4624;7
4625;5
4626;4
4627;8
4628;11
4629;7
4630;7
4631;4
4632;8
4633;7
4634;8
4635;7
4636;5
4637;7
4638;9
4639;10
4640;10
4641;10
4642;6
4643;4
4644;4
4645;7
4646;2
4647;8
4648;9
4649;12
4650;7
4651;11
4652;6
4653;9
4654;5
4655;7
4656;7
4657;6
4658;8
4659;8
4660;16
4661;7
4662;4
4663;7
4664;5
4665;6
4666;7
4667;7
4668;8
4669;8
4670;6
4671;3
4672;7
4673;9
4674;8
4675;5
4676;8
4677;12
4678;6
4679;7
4680;7
4681;5
4682;4
4683;6
4684;3
4685;9
4686;3
4687;5
4688;5
4689;5
4690;5
4691;2
4692;4
4693;3
4694;6
4695;4
4696;5
4697;7
4698;4
4699;5
4700;4
4701;3
4702;7
4703;3
4704;3
4705;3
4706;11
4707;3
4708;5
4709;8
4710;9
4711;7
4712;4
4713;6
4714;12
4715;2
4716;8
4717;5
4718;7
4719;11
4720;1
4721;9
4722;3
4723;6
4724;4
4725;7
4726;4
4727;7
4728;8
4729;3
4730;3
4731;9
4732;3
4733;5
4734;5
4735;6
4736;6
4737;5
4738;1
4739;4
4740;8
4741;7
4742;2
4743;7
4744;4
4745;8
4746;5
4747;5
4748;6
4749;4
4750;3
4751;6
4752;11
4753;9
4754;5
4755;9
4756;8
4757;3
4758;7
4759;8
4760;8
4761;4
4762;8
4763;10
4764;3
4765;6
4766;9
4767;6
4768;9
4769;3
4770;4
4771;8
4772;4
4773;7
4774;5
4775;6
4776;5
4777;3
4778;10
4779;8
4780;2
4781;7
4782;5
4783;8
4784;5
4785;5
4786;6
4787;6
4788;3
4789;5
4790;5
4791;7
4792;2
4793;5
4794;3
4795;4
4796;4
4797;7
4798;5
4799;10
4800;8
4801;8
4802;10
4803;3
4804;7
4805;10
4806;4
4807;3
4808;8
4809;6
4810;2
4811;8
4812;12
4813;9
4814;5
4815;4
4816;8
4817;4
4818;8
4819;4
4820;4
4821;10
4822;9
4823;5
4824;10
4825;2
4826;8
4827;6
4828;10
4829;7
4830;5
4831;9
4832;7
4833;5
4834;7
4835;6
4836;6
4837;10
4838;8
4839;4
4840;6
4841;8
4842;7
4843;8
4844;7
4845;2
4846;5
4847;8
4848;3
4849;8
4850;4
4851;4
4852;4
4853;6
4854;11
4855;5
4856;11
4857;7
4858;6
4859;9
4860;1
4861;4
4862;1
4863;6
4864;7
4865;3
4866;6
4867;6
4868;6
4869;6
4870;11
4871;8
4872;8
4873;6
4874;7
4875;4
4876;9
4877;7
4878;6
4879;8
4880;5
4881;4
4882;7
4883;4
4884;8
4885;4
4886;6
4887;4
4888;6
4889;5
4890;3
4891;3
4892;4
4893;11
4894;5
4895;10
4896;10
4897;2
4898;10
4899;7
4900;8
4901;5
4902;6
4903;9
4904;6
4905;5
4906;9
4907;3
4908;1
4909;5
4910;5
4911;4
4912;7
4913;6
4914;7
4915;4
4916;6
4917;5
4918;4
4919;3
4920;4
4921;7
4922;1
4923;5
4924;5
4925;5
4926;7
4927;2
4928;2
4929;3
4930;7
4931;2
4932;8
4933;6
4934;3
4935;9
4936;6
4937;5
4938;4
4939;10
4940;6
4941;3
4942;2
4943;7
4944;7
4945;2
4946;1
4947;7
4948;4
4949;5
4950;3
4951;8
4952;5
4953;4
4954;5
4955;6
4956;4
4957;6
4958;4
4959;3
4960;6
4961;7
4962;6
4963;6
4964;3
4965;6
4966;6
4967;2
4968;2
4969;5
4970;2
4971;10
4972;7
4973;7
4974;8
4975;7
4976;7
4977;5
4978;3
4979;2
4980;6
4981;6
4982;8
4983;3
4984;5
4985;8
4986;8
4987;8
4988;3
4989;6
4990;9
4991;3
4992;4
4993;4
4994;11
4995;7
4996;5
4997;4
4998;7
4999;1
5000;8
5001;7
5002;6
5003;6
5004;3
5005;4
5006;9
5007;6
5008;7
5009;4
5010;7
5011;6
5012;5
5013;3
5014;3
5015;7
5016;3
5017;4
5018;3
5019;6
5020;3
5021;4
5022;6
5023;6
5024;9
5025;4
5026;3
5027;6
5028;6
5029;6
5030;3
5031;3
5032;7
5033;6
5034;6
5035;6
5036;4
5037;5
5038;2
5039;8
5040;1
5041;3
5042;4
5043;2
5044;4
5045;5
5046;3
5047;6
5048;4
5049;1
5050;7
5051;5
5052;3
5053;9
5054;13
5055;2
5056;6
5057;5
5058;3
5059;3
5060;7
5061;5
5062;2
5063;9
5064;4
5065;5
5066;11
5067;1
5068;5
5069;6
5070;4
5071;7
5072;2
5073;6
5074;6
5075;10
5076;7
5077;9
5078;7
5079;7
5080;5
5081;5
5082;6
5083;4
5084;5
5085;5
5086;8
5087;8
5088;6
5089;6
5090;5
5091;12
5092;4
5093;4
5094;3
5095;6
5096;5
5097;5
5098;6
5099;8
5100;7
5101;4
5102;5
5103;6
5104;3
5105;5
5106;9
5107;5
5108;5
5109;6
5110;2
5111;6
5112;5
5113;4
5114;3
5115;1
5116;4
5117;9
5118;3
5119;4
5120;1
5121;5
5122;4
5123;6
5124;6
5125;4
5126;4
5127;10
5128;4
5129;9
5130;4
5131;6
5132;5
5133;4
5134;8
5135;5
5136;7
5137;7
5138;1
5139;5
5140;8
5141;2
5142;4
5143;2
5144;6
5145;4
5146;4
5147;3
5148;7
5149;9
5150;9
5151;9
5152;1
5153;2
5154;5
5155;7
5156;2
5157;9
5158;8
5159;3
5160;3
5161;9
5162;15
5163;4
5164;7
5165;9
5166;6
5167;9
5168;7
5169;6
5170;2
5171;3
5172;3
5173;6
5174;5
5175;6
5176;4
5177;4
5178;2
5179;8
5180;4
5181;9
5182;5
5183;7
5184;5
5185;3
5186;8
5187;4
5188;5
5189;5
5190;4
5191;2
5192;2
5193;5
5194;3
5195;5
5196;5
5197;4
5198;1
5199;3
5200;6
5201;3
5202;4
5203;6
5204;4
5205;6
5206;2
5207;4
5208;4
5209;5
5210;4
5211;6
5212;4
5213;2
5214;3
5215;4
5216;4
5217;2
5218;2
5219;7
5220;2
5221;2
5222;3
5223;5
5224;7
5225;5
5226;10
5227;6
5228;1
5229;4
5230;5
5231;5
5232;4
5233;8
5234;5
5235;2
5236;7
5237;4
5238;9
5239;6
5240;6
5241;3
5242;4
5243;6
5244;4
5245;4
5246;8
5247;5
5248;4
5249;5
5250;6
5251;4
5252;4
5253;2
5254;8
5255;7
5256;1
5257;4
5258;4
5259;3
5260;5
5261;9
5262;7
5263;6
5264;3
5265;3
5266;2
5267;1
5268;8
5269;7
5270;5
5271;5
5272;5
5273;6
5274;3
5275;5
5276;5
5277;3
5278;4
5279;2
5280;7
5281;4
5282;2
5283;7
5284;3
5285;4
5286;5
5287;5
5288;5
5289;3
5290;5
5291;4
5292;6
5293;2
5294;5
5295;5
5296;5
5297;9
5298;7
5299;4
5300;5
5301;4
5302;6
5303;6
5304;4
5305;8
5306;5
5307;5
5308;4
5309;2
5310;8
5311;5
5312;4
5313;7
5314;6
5315;9
5316;7
5317;5
5318;6
5319;5
5320;5
5321;4
5322;4
5323;2
5324;4
5325;7
5326;7
5327;8
5328;2
5329;3
5330;2
5331;4
5332;2
5333;6
5334;5
5335;8
5336;8
5337;6
5338;5
5339;1
5340;2
5341;5
5342;2
5343;5
5344;11
5345;0
5346;5
5347;6
5348;4
5349;5
5350;2
5351;4
5352;9
5353;3
5354;1
5355;3
5356;5
5357;3
5358;9
5359;2
5360;5
5361;8
5362;4
5363;4
5364;3
5365;1
5366;5
5367;2
5368;5
5369;4
5370;4
5371;5
5372;8
5373;4
5374;5
5375;7
5376;2
5377;6
5378;4
5379;8
5380;5
5381;4
5382;6
5383;3
5384;5
5385;3
5386;2
5387;5
5388;4
5389;6
5390;3
5391;3
5392;7
5393;5
5394;2
5395;3
5396;2
5397;5
5398;4
5399;8
5400;3
5401;4
5402;6
5403;4
5404;2
5405;3
5406;5
5407;6
5408;3
5409;6
5410;2
5411;6
5412;6
5413;5
5414;2
5415;4
5416;3
5417;2
5418;4
5419;6
5420;5
5421;4
5422;3
5423;5
5424;4
5425;6
5426;5
5427;5
5428;4
5429;8
5430;7
5431;6
5432;4
5433;3
5434;5
5435;5
5436;2
5437;2
5438;6
5439;4
5440;2
5441;4
5442;5
5443;6
5444;3
5445;4
5446;4
5447;6
5448;5
5449;3
5450;7
5451;4
5452;2
5453;6
5454;7
5455;5
5456;4
5457;9
5458;6
5459;3
5460;5
5461;6
5462;7
5463;3
5464;10
5465;2
5466;3
5467;6
5468;6
5469;4
5470;3
5471;2
5472;7
5473;4
5474;2
5475;4
5476;8
5477;4
5478;5
5479;5
5480;4
5481;6
5482;3
5483;5
5484;6
5485;3
5486;3
5487;4
5488;5
5489;4
5490;1
5491;1
5492;3
5493;6
5494;2
5495;3
5496;8
5497;6
5498;3
5499;2
5500;2
5501;8
5502;2
5503;4
5504;6
5505;5
5506;11
5507;3
5508;3
5509;4
5510;6
5511;4
5512;6
5513;5
5514;5
5515;2
5516;5
5517;8
5518;7
5519;5
5520;6
5521;3
5522;3
5523;4
5524;1
5525;3
5526;6
5527;1
5528;3
5529;2
5530;4
5531;4
5532;4
5533;4
5534;4
5535;7
5536;4
5537;4
5538;3
5539;6
5540;4
5541;0
5542;3
5543;5
5544;10
5545;3
5546;4
5547;1
5548;3
5549;3
5550;10
5551;3
5552;4
5553;4
5554;4
5555;5
5556;6
5557;3
5558;5
5559;4
5560;4
5561;6
5562;8
5563;3
5564;6
5565;7
5566;6
5567;8
5568;6
5569;6
5570;4
5571;4
5572;3
5573;2
5574;6
5575;4
5576;3
5577;4
5578;6
5579;6
5580;6
5581;7
5582;10
5583;5
5584;5
5585;8
5586;8
5587;3
5588;3
5589;3
5590;5
5591;5
5592;7
5593;3
5594;7
5595;3
5596;7
5597;5
5598;7
5599;5
5600;5
5601;5
5602;3
5603;7
5604;7
5605;6
5606;7
5607;2
5608;3
5609;2
5610;3
5611;8
5612;6
5613;7
5614;6
5615;3
5616;2
5617;6
5618;4
5619;4
5620;7
5621;3
5622;3
5623;1
5624;6
5625;4
5626;5
5627;2
5628;8
5629;8
5630;5
5631;5
5632;5
5633;6
5634;1
5635;8
5636;5
5637;9
5638;4
5639;4
5640;2
5641;7
5642;6
5643;5
5644;3
5645;5
5646;6
5647;4
5648;3
5649;2
5650;3
5651;5
5652;5
5653;7
5654;2
5655;2
5656;2
5657;4
5658;1
5659;2
5660;3
5661;6
5662;4
5663;7
5664;4
5665;6
5666;6
5667;5
5668;3
5669;5
5670;3
5671;4
5672;7
5673;4
5674;2
5675;4
5676;1
5677;3
5678;3
5679;6
5680;4
5681;5
5682;3
5683;4
5684;3
5685;6
5686;4
5687;2
5688;3
5689;3
5690;4
5691;2
5692;3
5693;5
5694;8
5695;6
5696;5
5697;3
5698;6
5699;1
5700;6
5701;9
5702;10
5703;5
5704;1
5705;5
5706;5
5707;7
5708;3
5709;5
5710;7
5711;8
5712;5
5713;5
5714;4
5715;3
5716;4
5717;4
5718;4
5719;4
5720;7
5721;7
5722;3
5723;4
5724;3
5725;2
5726;1
5727;6
5728;7
5729;2
5730;7
5731;5
5732;1
5733;3
5734;6
5735;1
5736;7
5737;4
5738;6
5739;5
5740;7
5741;1
5742;5
5743;8
5744;5
5745;6
5746;2
5747;4
5748;6
5749;4
5750;3
5751;3
5752;3
5753;6
5754;1
5755;7
5756;6
5757;6
5758;8
5759;5
5760;4
5761;2
5762;7
5763;5
5764;10
5765;3
5766;2
5767;5
5768;3
5769;9
5770;4
5771;7
5772;4
5773;5
5774;5
5775;4
5776;4
5777;4
5778;5
5779;9
5780;5
5781;5
5782;6
5783;5
5784;5
5785;6
5786;3
5787;4
5788;2
5789;3
5790;2
5791;7
5792;8
5793;6
5794;3
5795;3
5796;5
5797;6
5798;5
5799;4
5800;2
5801;4
5802;5
5803;5
5804;5
5805;5
5806;3
5807;2
5808;2
5809;6
5810;6
5811;5
5812;5
5813;2
5814;5
5815;4
5816;2
5817;5
5818;1
5819;7
5820;6
5821;4
5822;7
5823;4
5824;5
5825;4
5826;6
5827;3
5828;2
5829;1
5830;7
5831;5
5832;5
5833;2
5834;9
5835;3
5836;5
5837;6
5838;5
5839;5
5840;3
5841;4
5842;1
5843;4
5844;3
5845;3
5846;4
5847;3
5848;2
5849;6
5850;6
5851;4
5852;5
5853;1
5854;6
5855;2
5856;5
5857;5
5858;4
5859;4
5860;4
5861;5
5862;7
5863;3
5864;4
5865;8
5866;6
5867;1
5868;3
5869;3
5870;3
5871;5
5872;4
5873;2
5874;7
5875;2
5876;5
5877;2
5878;5
5879;6
5880;5
5881;8
5882;3
5883;2
5884;3
5885;2
5886;7
5887;5
5888;8
5889;7
5890;2
5891;7
5892;1
5893;3
5894;5
5895;1
5896;8
5897;2
5898;2
5899;6
5900;3
5901;7
5902;6
5903;3
5904;4
5905;5
5906;5
5907;2
5908;4
5909;5
5910;3
5911;5
5912;6
5913;2
5914;3
5915;5
5916;3
5917;4
5918;9
5919;2
5920;8
5921;3
5922;6
5923;1
5924;4
5925;7
5926;2
5927;3
5928;3
5929;7
5930;3
5931;6
5932;4
5933;5
5934;5
5935;4
5936;7
5937;5
5938;3
5939;6
5940;6
5941;4
5942;3
5943;1
5944;7
5945;6
5946;6
5947;1
5948;3
5949;8
5950;3
5951;5
5952;7
5953;4
5954;3
5955;3
5956;3
5957;2
5958;4
5959;4
5960;5
5961;6
5962;2
5963;5
5964;3
5965;7
5966;10
5967;3
5968;4
5969;5
5970;5
5971;3
5972;9
5973;4
5974;5
5975;7
5976;6
5977;2
5978;5
5979;5
5980;5
5981;7
5982;3
5983;6
5984;6
5985;9
5986;7
5987;4
5988;3
5989;4
5990;7
5991;4
5992;0
5993;5
5994;4
5995;2
5996;7
5997;2
5998;5
5999;5
6000;3
6001;5
6002;5
6003;8
6004;2
6005;5
6006;2
6007;1
6008;7
6009;5
6010;2
6011;4
6012;3
6013;5
6014;6
6015;9
6016;4
6017;7
6018;5
6019;7
6020;3
6021;7
6022;3
6023;4
6024;5
6025;6
6026;5
6027;3
6028;6
6029;5
6030;6
6031;3
6032;3
6033;6
6034;5
6035;6
6036;3
6037;3
6038;3
6039;5
6040;5
6041;4
6042;9
6043;3
6044;4
6045;4
6046;6
6047;2
6048;9
6049;8
6050;5
6051;5
6052;10
6053;5
6054;4
6055;5
6056;8
6057;3
6058;3
6059;8
6060;5
6061;6
6062;3
6063;8
6064;5
6065;4
6066;6
6067;2
6068;7
6069;9
6070;4
6071;1
6072;11
6073;5
6074;7
6075;5
6076;6
6077;3
6078;5
6079;7
6080;5
6081;4
6082;5
6083;4
6084;7
6085;9
6086;8
6087;8
6088;9
6089;8
6090;4
6091;5
6092;9
6093;5
6094;8
6095;7
6096;2
6097;6
6098;5
6099;5
6100;1
6101;4
6102;3
6103;8
6104;2
6105;7
6106;5
6107;6
6108;5
6109;4
6110;0
6111;6
6112;5
6113;5
6114;6
6115;7
6116;2
6117;6
6118;6
6119;7
6120;9
6121;7
6122;9
6123;8
6124;6
6125;8
6126;10
6127;6
6128;4
6129;4
6130;5
6131;10
6132;7
6133;10
6134;7
6135;4
6136;7
6137;6
6138;11
6139;8
6140;8
6141;7
6142;5
6143;4
6144;11
6145;4
6146;5
6147;7
6148;9
6149;2
6150;8
6151;6
6152;18
6153;10
6154;9
6155;8
6156;4
6157;5
6158;4
6159;10
6160;9
6161;6
6162;7
6163;6
6164;11
6165;16
6166;9
6167;8
6168;6
6169;8
6170;7
6171;10
6172;6
6173;11
6174;13
6175;10
6176;7
6177;1
6178;8
6179;7
6180;10
6181;9
6182;13
6183;7
6184;14
6185;8
6186;11
6187;6
6188;12
6189;10
6190;6
6191;8
6192;7
6193;16
6194;5
6195;11
6196;9
6197;13
6198;11
6199;17
6200;13
6201;5
6202;4
6203;17
6204;10
6205;20
6206;6
6207;12
6208;10
6209;10
6210;10
6211;11
6212;18
6213;14
6214;17
6215;9
6216;7
6217;8
6218;11
6219;15
6220;11
6221;6
6222;17
6223;10
6224;13
6225;11
6226;6
6227;13
6228;8
6229;13
6230;11
6231;8
6232;9
6233;14
6234;10
6235;12
6236;11
6237;11
6238;12
6239;7
6240;14
6241;11
6242;9
6243;20
6244;11
6245;13
6246;14
6247;10
6248;19
6249;9
6250;10
6251;12
6252;8
6253;12
6254;18
6255;10
6256;10
6257;16
6258;13
6259;15
6260;11
6261;14
6262;4
6263;16
6264;13
6265;12
6266;12
6267;15
6268;9
6269;16
6270;20
6271;19
6272;18
6273;8
6274;16
6275;12
6276;18
6277;14
6278;17
6279;12
6280;15
6281;15
6282;13
6283;16
6284;25
6285;11
6286;18
6287;21
6288;23
6289;20
6290;27
6291;15
6292;20
6293;19
6294;18
6295;23
6296;15
6297;19
6298;18
6299;26
6300;15
6301;19
6302;20
6303;20
6304;16
6305;19
6306;17
6307;13
6308;20
6309;18
6310;21
6311;23
6312;27
6313;26
6314;13
6315;25
6316;15
6317;25
6318;23
6319;17
6320;18
6321;14
6322;17
6323;26
6324;20
6325;19
6326;24
6327;24
6328;22
6329;29
6330;15
6331;20
6332;21
6333;16
6334;19
6335;22
6336;25
6337;19
6338;26
6339;34
6340;20
6341;32
6342;25
6343;16
6344;23
6345;29
6346;25
6347;30
6348;20
6349;36
6350;33
6351;29
6352;30
6353;27
6354;25
6355;35
6356;37
6357;35
6358;34
6359;34
6360;39
6361;36
6362;23
6363;20
6364;23
6365;34
6366;32
6367;38
6368;30
6369;26
6370;24
6371;39
6372;28
6373;27
6374;33
6375;33
6376;28
6377;19
6378;38
6379;29
6380;31
6381;42
6382;31
6383;33
6384;24
6385;44
6386;40
6387;34
6388;36
6389;39
6390;37
6391;31
6392;36
6393;33
6394;32
6395;39
6396;26
6397;36
6398;37
6399;40
6400;44
6401;31
6402;38
6403;36
6404;28
6405;26
6406;41
6407;27
6408;30
6409;40
6410;40
6411;36
6412;48
6413;46
6414;50
6415;35
6416;43
6417;44
6418;46
6419;56
6420;39
6421;40
6422;46
6423;47
6424;35
6425;38
6426;49
6427;47
6428;45
6429;45
6430;38
6431;41
6432;46
6433;45
6434;56
6435;40
6436;44
6437;49
6438;36
6439;44
6440;40
6441;43
6442;45
6443;44
6444;40
6445;42
6446;61
6447;48
6448;58
6449;59
6450;45
6451;63
6452;47
6453;47
6454;39
6455;59
6456;61
6457;51
6458;40
6459;50
6460;42
6461;51
6462;50
6463;57
6464;57
6465;58
6466;50
6467;54
6468;53
6469;60
6470;46
6471;45
6472;53
6473;54
6474;55
6475;49
6476;54
6477;67
6478;57
6479;58
6480;59
6481;58
6482;65
6483;49
6484;70
6485;46
6486;70
6487;63
6488;60
6489;52
6490;69
6491;54
6492;60
6493;66
6494;59
6495;57
6496;84
6497;50
6498;64
6499;65
6500;77
6501;44
6502;53
6503;61
6504;69
6505;81
6506;66
6507;43
6508;70
6509;60
6510;48
6511;61
6512;60
6513;71
6514;74
6515;72
6516;73
6517;73
6518;56
6519;60
6520;70
6521;74
6522;70
6523;68
6524;76
6525;69
6526;66
6527;54
6528;74
6529;68
6530;60
6531;74
6532;63
6533;72
6534;61
6535;68
6536;71
6537;67
6538;70
6539;72
6540;81
6541;77
6542;70
6543;79
6544;74
6545;60
6546;88
6547;74
6548;91
6549;70
6550;90
6551;84
6552;75
6553;84
6554;80
6555;71
6556;78
6557;76
6558;94
6559;76
6560;75
6561;88
6562;72
6563;79
6564;75
6565;82
6566;64
6567;69
6568;70
6569;64
6570;83
6571;72
6572;86
6573;74
6574;88
6575;75
6576;78
6577;73
6578;79
6579;71
6580;94
6581;66
6582;83
6583;92
6584;73
6585;92
6586;98
6587;75
6588;83
6589;90
6590;84
6591;86
6592;96
6593;97
6594;76
6595;99
6596;80
6597;98
6598;102
6599;85
6600;87
6601;93
6602;102
6603;85
6604;85
6605;80
6606;89
6607;95
6608;95
6609;96
6610;111
6611;88
6612;98
6613;91
6614;79
6615;80
6616;103
6617;93
6618;120
6619;84
6620;116
6621;85
6622;77
6623;84
6624;89
6625;117
6626;87
6627;84
6628;85
6629;96
6630;109
6631;87
6632;91
6633;95
6634;101
6635;94
6636;93
6637;100
6638;94
6639;98
6640;92
6641;98
6642;88
6643;74
6644;107
6645;87
6646;90
6647;78
6648;103
6649;88
6650;99
6651;104
6652;104
6653;99
6654;81
6655;88
6656;108
6657;97
6658;103
6659;105
6660;95
6661;97
6662;93
6663;86
6664;122
6665;88
6666;107
6667;78
6668;92
6669;98
6670;98
6671;100
6672;115
6673;101
6674;98
6675;93
6676;106
6677;106
6678;114
6679;103
6680;106
6681;98
6682;113
6683;101
6684;94
6685;96
6686;108
6687;110
6688;115
6689;94
6690;99
6691;100
6692;92
6693;94
6694;88
6695;108
6696;110
6697;92
6698;98
6699;96
6700;115
6701;103
6702;105
6703;108
6704;90
6705;94
6706;91
6707;115
6708;106
6709;108
6710;88
6711;125
6712;116
6713;84
6714;99
6715;117
6716;110
6717;115
6718;89
6719;113
6720;113
6721;134
6722;106
6723;107
6724;111
6725;109
6726;96
6727;123
6728;108
6729;102
6730;104
6731;93
6732;93
6733;105
6734;117
6735;99
6736;113
6737;110
6738;111
6739;77
6740;122
6741;95
6742;98
6743;87
6744;113
6745;116
6746;89
6747;99
6748;90
6749;112
6750;102
6751;122
6752;110
6753;113
6754;120
6755;116
6756;96
6757;97
6758;103
6759;114
6760;96
6761;96
6762;95
6763;89
6764;99
6765;100
6766;105
6767;86
6768;100
6769;100
6770;124
6771;84
6772;86
6773;86
6774;101
6775;86
6776;80
6777;100
6778;102
6779;95
6780;100
6781;104
6782;105
6783;94
6784;114
6785;91
6786;90
6787;100
6788;85
6789;93
6790;104
6791;88
6792;89
6793;90
6794;95
6795;86
6796;100
6797;113
6798;101
6799;91
6800;90
6801;101
6802;90
6803;90
6804;112
6805;93
6806;107
6807;100
6808;108
6809;96
6810;97
6811;86
6812;96
6813;106
6814;97
6815;81
6816;75
6817;107
6818;81
6819;91
6820;99
6821;110
6822;72
6823;99
6824;91
6825;84
6826;111
6827;85
6828;84
6829;97
6830;92
6831;94
6832;103
6833;102
6834;72
6835;101
6836;94
6837;98
6838;91
6839;88
6840;96
6841;97
6842;80
6843;99
6844;82
6845;86
6846;93
6847;92
6848;80
6849;98
6850;89
6851;98
6852;76
6853;67
6854;104
6855;82
6856;84
6857;76
6858;98
6859;78
6860;83
6861;88
6862;84
6863;75
6864;88
6865;86
6866;78
6867;91
6868;82
6869;92
6870;107
6871;80
6872;76
6873;81
6874;72
6875;78
6876;102
6877;79
6878;109
6879;61
6880;75
6881;74
6882;81
6883;72
6884;90
6885;78
6886;83
6887;86
6888;78
6889;83
6890;79
6891;77
6892;70
6893;86
6894;79
6895;77
6896;77
6897;87
6898;80
6899;84
6900;73
6901;76
6902;57
6903;89
6904;74
6905;63
6906;63
6907;71
6908;76
6909;72
6910;61
6911;74
6912;66
6913;71
6914;70
6915;75
6916;69
6917;70
6918;65
6919;75
6920;67
6921;66
6922;74
6923;59
6924;91
6925;50
6926;64
6927;77
6928;52
6929;71
6930;62
6931;68
6932;67
6933;72
6934;65
6935;68
6936;67
6937;77
6938;67
6939;57
6940;65
6941;62
6942;59
6943;67
6944;64
6945;75
6946;53
6947;57
6948;58
6949;56
6950;57
6951;46
6952;67
6953;50
6954;68
6955;58
6956;53
6957;57
6958;60
6959;47
6960;61
6961;48
6962;64
6963;44
6964;46
6965;55
6966;49
6967;51
6968;52
6969;58
6970;47
6971;78
6972;50
6973;69
6974;58
6975;52
6976;45
6977;44
6978;38
6979;48
6980;54
6981;58
6982;47
6983;41
6984;45
6985;43
6986;40
6987;55
6988;50
6989;44
6990;43
6991;37
6992;45
6993;45
6994;47
6995;44
6996;46
6997;43
6998;47
6999;34
7000;45
7001;51
7002;47
7003;39
7004;48
7005;40
7006;43
7007;35
7008;40
7009;40
7010;41
7011;42
7012;39
7013;40
7014;36
7015;35
7016;35
7017;35
7018;43
7019;33
7020;33
7021;37
7022;24
7023;34
7024;40
7025;36
7026;39
7027;44
7028;32
7029;28
7030;29
7031;29
7032;44
7033;39
7034;37
7035;29
7036;36
7037;33
7038;31
7039;25
7040;30
7041;39
7042;28
7043;31
7044;33
7045;28
7046;30
7047;33
7048;31
7049;29
7050;31
7051;30
7052;24
7053;43
7054;35
7055;29
7056;26
7057;34
7058;30
7059;30
7060;30
7061;21
7062;37
7063;34
7064;17
7065;32
7066;28
7067;27
7068;36
7069;23
7070;21
7071;29
7072;18
7073;30
7074;23
7075;19
7076;18
7077;24
7078;28
7079;37
7080;31
7081;39
7082;24
7083;28
7084;31
7085;32
7086;23
7087;25
7088;27
7089;21
7090;23
7091;17
7092;26
7093;26
7094;25
7095;14
7096;22
7097;21
7098;23
7099;19
7100;28
7101;23
7102;19
7103;22
7104;17
7105;27
7106;21
7107;23
7108;21
7109;23
7110;21
7111;16
7112;20
7113;15
7114;16
7115;15
7116;20
7117;17
7118;9
7119;12
7120;25
7121;17
7122;19
7123;19
7124;23
7125;20
7126;12
7127;17
7128;16
7129;17
7130;20
7131;17
7132;15
7133;19
7134;16
7135;11
7136;14
7137;16
7138;20
7139;16
7140;17
7141;15
7142;15
7143;19
7144;17
7145;15
7146;13
7147;16
7148;11
7149;10
7150;16
7151;15
7152;17
7153;13
7154;14
7155;13
7156;10
7157;12
7158;11
7159;9
7160;9
7161;11
7162;5
7163;13
7164;19
7165;16
7166;11
7167;17
7168;13
7169;10
7170;11
7171;16
7172;13
7173;15
7174;13
7175;13
7176;8
7177;7
7178;7
7179;13
7180;18
7181;15
7182;14
7183;10
7184;11
7185;8
7186;9
7187;10
7188;11
7189;9
7190;12
7191;9
7192;14
7193;12
7194;10
7195;10
7196;12
7197;12
7198;3
7199;5
7200;10
7201;8
7202;13
7203;6
7204;9
7205;5
7206;13
7207;7
7208;10
7209;9
7210;12
7211;8
7212;10
7213;6
7214;6
7215;4
7216;11
7217;8
7218;2
7219;8
7220;15
7221;5
7222;10
7223;5
7224;6
7225;10
7226;12
7227;5
7228;6
7229;7
7230;10
7231;7
7232;16
7233;9
7234;7
7235;1
7236;10
7237;5
7238;13
7239;3
7240;7
7241;9
7242;3
7243;8
7244;3
7245;4
7246;6
7247;9
7248;8
7249;12
7250;10
7251;6
7252;9
7253;6
7254;11
7255;5
7256;6
7257;6
7258;7
7259;10
7260;12
7261;4
7262;9
7263;1
7264;6
7265;6
7266;1
7267;7
7268;3
7269;3
7270;8
7271;6
7272;8
7273;7
7274;4
7275;2
7276;8
7277;5
7278;2
7279;6
7280;4
7281;6
7282;7
7283;7
7284;5
7285;5
7286;2
7287;6
7288;8
7289;9
7290;5
7291;4
7292;3
7293;5
7294;3
7295;4
7296;7
7297;3
7298;8
7299;8
7300;6
7301;3
7302;3
7303;3
7304;1
7305;6
7306;7
7307;4
7308;6
7309;5
7310;3
7311;4
7312;7
7313;6
7314;3
7315;5
7316;4
7317;1
7318;3
7319;7
7320;2
7321;3
7322;6
7323;4
7324;2
7325;4
7326;4
7327;4
7328;0
7329;2
7330;5
7331;4
7332;2
7333;7
7334;3
7335;6
7336;2
7337;1
7338;5
7339;7
7340;4
7341;3
7342;7
7343;6
7344;2
7345;2
7346;2
7347;6
7348;2
7349;4
7350;7
7351;4
7352;3
7353;2
7354;4
7355;4
7356;4
7357;5
7358;3
7359;3
7360;1
7361;4
7362;3
7363;2
7364;3
7365;3
7366;3
7367;2
7368;8
7369;3
7370;4
7371;4
7372;5
7373;2
7374;3
7375;2
7376;3
7377;4
7378;3
7379;2
7380;0
7381;0
7382;0
7383;0
7384;0
7385;0
7386;0
7387;0
7388;1
7389;0
7390;0
7391;0
7392;0
7393;0
7394;0
7395;0
7396;0
7397;0
7398;0
7399;1
7400;0
7401;0
7402;0
7403;0
7404;0
7405;0
7406;0
7407;0
7408;1
7409;0
7410;0
7411;0
7412;0
7413;0
7414;0
7415;0
7416;0
7417;0
7418;0
7419;0
7420;0
7421;0
7422;0
7423;0
7424;0
7425;0
7426;0
7427;0
7428;0
7429;0
7430;0
7431;0
7432;0
7433;0
7434;0
7435;0
7436;0
7437;0
7438;0
7439;0
7440;0
7441;0
7442;0
7443;0
7444;0
7445;0
7446;0
7447;0
7448;0
7449;0
7450;0
7451;0
7452;0
7453;0
7454;0
7455;0
7456;0
7457;0
7458;0
7459;0
7460;0
7461;0
7462;0
7463;0
7464;0
7465;0
7466;0
7467;0
7468;0
7469;0
7470;0
7471;0
7472;0
7473;0
7474;0
7475;0
7476;0
7477;0
7478;0
7479;0
7480;0
7481;0
7482;1
7483;0
7484;0
7485;0
7486;0
7487;0
7488;0
7489;0
7490;1
7491;0
7492;0
7493;0
7494;1
7495;1
7496;0
7497;0
7498;0
7499;0
7500;0
7501;1
7502;0
7503;0
7504;0
7505;0
7506;0
7507;0
7508;0
7509;0
7510;0
7511;0
7512;0
7513;0
7514;0
7515;0
7516;0
7517;0
7518;0
7519;0
7520;0
7521;0
7522;0
7523;0
7524;0
7525;0
7526;0
7527;0
7528;0
7529;0
7530;0
7531;0
7532;0
7533;0
7534;0
7535;0
7536;0
7537;0
7538;0
7539;0
7540;0
7541;0
7542;0
7543;0
7544;0
7545;0
7546;0
7547;0
7548;0
7549;0
7550;0
7551;0
7552;0
7553;0
7554;0
7555;0
7556;0
7557;0
7558;0
7559;0
7560;0
7561;0
7562;0
7563;0
7564;0
7565;0
7566;0
7567;0
7568;0
7569;0
7570;0
7571;0
7572;0
7573;0
7574;0
7575;0
7576;0
7577;0
7578;0
7579;0
7580;0
7581;0
7582;0
7583;0
7584;0
7585;0
7586;0
7587;0
7588;0
7589;0
7590;0
7591;0
7592;0
7593;0
7594;0
7595;0
7596;0
7597;0
7598;0
7599;0
7600;0
7601;0
7602;0
7603;0
7604;0
7605;0
7606;0
7607;0
7608;0
7609;0
7610;0
7611;0
7612;0
7613;0
7614;0
7615;0
7616;0
7617;0
7618;0
7619;0
7620;0
7621;0
7622;0
7623;0
7624;0
7625;0
7626;0
7627;0
7628;0
7629;0
7630;0
7631;0
7632;0
7633;0
7634;0
7635;0
7636;0
7637;0
7638;0
7639;0
7640;0
7641;0
7642;0
7643;0
7644;0
7645;0
7646;0
7647;0
7648;0
7649;0
7650;0
7651;0
7652;0
7653;0
7654;0
7655;0
7656;0
7657;0
7658;0
7659;0
7660;0
7661;0
7662;0
7663;0
7664;0
7665;0
7666;0
7667;0
7668;0
7669;0
7670;0
7671;0
7672;0
7673;0
7674;0
7675;0
7676;0
7677;0
7678;0
7679;0
7680;0
7681;0
7682;0
7683;0
7684;0
7685;0
7686;0
7687;0
7688;0
7689;0
7690;0
7691;0
7692;0
7693;0
7694;0
7695;0
7696;0
7697;0
7698;0
7699;0
7700;0
7701;0
7702;0
7703;0
7704;0
7705;0
7706;0
7707;0
7708;0
7709;0
7710;0
7711;0
7712;0
7713;0
7714;0
7715;0
7716;0
7717;0
7718;0
7719;0
7720;0
7721;0
7722;0
7723;0
7724;0
7725;0
7726;0
7727;0
7728;0
7729;0
7730;0
7731;0
7732;0
7733;0
7734;0
7735;0
7736;0
7737;0
7738;0
7739;0
7740;0
7741;0
7742;0
7743;0
7744;0
7745;0
7746;0
7747;0
7748;0
7749;0
7750;0
7751;0
7752;0
7753;0
7754;0
7755;0
7756;0
7757;0
7758;0
7759;0
7760;0
7761;0
7762;0
7763;0
7764;0
7765;0
7766;0
7767;0
7768;0
7769;0
7770;0
7771;0
7772;0
7773;0
7774;0
7775;0
7776;0
7777;0
7778;0
7779;0
7780;0
7781;0
7782;0
7783;0
7784;0
7785;0
7786;0
7787;0
7788;0
7789;0
7790;0
7791;0
7792;0
7793;0
7794;0
7795;0
7796;0
7797;0
7798;0
7799;0
7800;0
7801;0
7802;0
7803;0
7804;0
7805;0
7806;0
7807;0
7808;0
7809;0
7810;0
7811;0
7812;0
7813;0
7814;0
7815;0
7816;0
7817;0
7818;0
7819;0
7820;0
7821;0
7822;0
7823;0
7824;0
7825;0
7826;0
7827;0
7828;0
7829;0
7830;0
7831;0
7832;0
7833;0
7834;0
7835;0
7836;0
7837;0
7838;0
7839;0
7840;0
7841;0
7842;0
7843;0
7844;0
7845;0
7846;0
7847;0
7848;0
7849;0
7850;0
7851;0
7852;0
7853;0
7854;0
7855;0
7856;0
7857;0
7858;0
7859;0
7860;0
7861;0
7862;0
7863;0
7864;0
7865;0
7866;0
7867;0
7868;0
7869;0
7870;0
7871;0
7872;0
7873;0
7874;0
7875;0
7876;0
7877;0
7878;0
7879;0
7880;0
7881;0
7882;0
7883;0
7884;0
7885;0
7886;0
7887;0
7888;0
7889;0
7890;0
7891;0
7892;0
7893;0
7894;0
7895;0
7896;0
7897;0
7898;0
7899;0
7900;0
7901;0
7902;0
7903;0
7904;0
7905;0
7906;0
7907;0
7908;0
7909;0
7910;0
7911;0
7912;0
7913;0
7914;0
7915;0
7916;0
7917;0
7918;0
7919;0
7920;0
7921;0
7922;0
7923;0
7924;0
7925;0
7926;0
7927;0
7928;0
7929;0
7930;0
7931;0
7932;0
7933;0
7934;0
7935;0
7936;0
7937;0
7938;0
7939;0
7940;0
7941;0
7942;0
7943;0
7944;0
7945;0
7946;0
7947;0
7948;0
7949;0
7950;0
7951;0
7952;0
7953;0
7954;0
7955;0
7956;0
7957;0
7958;0
7959;0
7960;0
7961;0
7962;0
7963;0
7964;0
7965;0
7966;0
7967;0
7968;0
7969;0
7970;0
7971;0
7972;0
7973;0
7974;0
7975;0
7976;0
7977;0
7978;0
7979;0
7980;0
7981;0
7982;0
7983;0
7984;0
7985;0
7986;0
7987;0
7988;0
7989;0
7990;0
7991;0
7992;0
7993;0
7994;0
7995;0
7996;0
7997;0
7998;0
7999;0
8000;0
8001;0
8002;0
8003;0
8004;0
8005;0
8006;0
8007;0
8008;0
8009;0
8010;0
8011;0
8012;0
8013;0
8014;0
8015;0
8016;0
8017;0
8018;0
8019;0
8020;0
8021;0
8022;0
8023;0
8024;0
8025;0
8026;0
8027;0
8028;0
8029;0
8030;0
8031;0
8032;0
8033;0
8034;0
8035;0
8036;0
8037;0
8038;0
8039;0
8040;0
8041;0
8042;0
8043;0
8044;0
8045;0
8046;0
8047;0
8048;0
8049;0
8050;0
8051;0
8052;0
8053;0
8054;0
8055;0
8056;0
8057;0
8058;0
8059;0
8060;0
8061;0
8062;0
8063;0
8064;0
8065;0
8066;0
8067;0
8068;0
8069;0
8070;0
8071;0
8072;0
8073;0
8074;0
8075;0
8076;0
8077;0
8078;0
8079;0
8080;0
8081;0
8082;0
8083;0
8084;0
8085;0
8086;0
8087;0
8088;0
8089;0
8090;0
8091;0
8092;0
8093;0
8094;0
8095;0
8096;0
8097;0
8098;0
8099;0
8100;0
8101;0
8102;0
8103;0
8104;0
8105;0
8106;0
8107;0
8108;0
8109;0
8110;0
8111;0
8112;0
8113;0
8114;0
8115;0
8116;0
8117;0
8118;0
8119;0
8120;0
8121;0
8122;0
8123;0
8124;0
8125;0
8126;0
8127;0
8128;0
8129;0
8130;0
8131;0
8132;0
8133;0
8134;0
8135;0
8136;0
8137;0
8138;0
8139;0
8140;0
8141;0
8142;0
8143;0
8144;0
8145;0
8146;0
8147;0
8148;0
8149;0
8150;0
8151;0
8152;0
8153;0
8154;0
8155;0
8156;0
8157;0
8158;0
8159;0
8160;0
8161;0
8162;0
8163;0
8164;0
8165;0
8166;0
8167;0
8168;0
8169;0
8170;0
8171;0
8172;0
8173;0
8174;0
8175;0
8176;0
8177;0
8178;0
8179;0
8180;0
8181;0
8182;0
8183;0
8184;0
8185;0
8186;0
8187;0
8188;0
8189;0
8190;0
8191;0
