0;0
1;0
2;0
3;0
4;0
5;0
6;0
7;0
8;0
9;0
10;0
11;0
12;0
13;0
14;0
15;0
16;0
17;0
18;0
19;0
20;0
21;0
22;0
23;0
24;0
25;0
26;0
27;0
28;0
29;0
30;0
31;0
32;0
33;0
34;0
35;0
36;0
37;0
38;0
39;0
40;0
41;0
42;0
43;0
44;1
45;0
46;0
47;0
48;0
49;0
50;0
51;1
52;0
53;1
54;0
55;8
56;25
57;63
58;107
59;108
60;129
61;149
62;115
63;151
64;143
65;131
66;136
67;137
68;137
69;135
70;146
71;155
72;140
73;138
74;139
75;158
76;174
77;171
78;152
79;157
80;180
81;164
82;157
83;215
84;176
85;172
86;190
87;181
88;191
89;183
90;202
91;180
92;217
93;203
94;193
95;218
96;220
97;235
98;245
99;201
100;239
101;224
102;227
103;256
104;224
105;251
106;272
107;247
108;284
109;268
110;294
111;311
112;296
113;359
114;306
115;348
116;315
117;371
118;356
119;373
120;334
121;451
122;411
123;429
124;449
125;466
126;442
127;482
128;491
129;512
130;539
131;566
132;585
133;662
134;636
135;631
136;648
137;706
138;713
139;743
140;773
141;834
142;853
143;878
144;915
145;900
146;922
147;1031
148;1042
149;1055
150;1124
151;1193
152;1130
153;1288
154;1289
155;1357
156;1359
157;1416
158;1500
159;1487
160;1599
161;1583
162;1680
163;1668
164;1753
165;1784
166;1895
167;1866
168;1884
169;2034
170;2054
171;2057
172;2070
173;2285
174;2238
175;2150
176;2274
177;2264
178;2209
179;2354
180;2405
181;2380
182;2444
183;2384
184;2485
185;2416
186;2456
187;2502
188;2490
189;2520
190;2430
191;2459
192;2506
193;2474
194;2495
195;2533
196;2493
197;2534
198;2421
199;2358
200;2486
201;2363
202;2389
203;2250
204;2233
205;2245
206;2224
207;2202
208;2121
209;2110
210;1978
211;1947
212;2004
213;2009
214;1881
215;1817
216;1760
217;1712
218;1690
219;1599
220;1551
221;1627
222;1495
223;1475
224;1370
225;1425
226;1408
227;1322
228;1326
229;1229
230;1236
231;1157
232;1193
233;1150
234;1115
235;1036
236;975
237;1010
238;923
239;942
240;906
241;802
242;896
243;842
244;802
245;779
246;762
247;729
248;690
249;744
250;677
251;676
252;667
253;711
254;635
255;616
256;570
257;611
258;559
259;592
260;516
261;527
262;475
263;537
264;479
265;474
266;476
267;467
268;436
269;450
270;455
271;416
272;374
273;401
274;390
275;361
276;372
277;339
278;370
279;305
280;352
281;315
282;306
283;304
284;263
285;294
286;268
287;243
288;261
289;232
290;222
291;234
292;242
293;237
294;211
295;197
296;181
297;207
298;173
299;186
300;197
301;143
302;136
303;166
304;150
305;133
306;133
307;147
308;134
309;120
310;113
311;114
312;129
313;114
314;104
315;118
316;109
317;104
318;102
319;86
320;89
321;103
322;93
323;91
324;92
325;98
326;90
327;112
328;88
329;92
330;84
331;81
332;75
333;77
334;92
335;83
336;92
337;77
338;73
339;74
340;74
341;66
342;78
343;73
344;81
345;58
346;80
347;74
348;87
349;73
350;78
351;78
352;78
353;77
354;74
355;73
356;65
357;74
358;58
359;74
360;75
361;76
362;82
363;64
364;76
365;78
366;81
367;69
368;82
369;91
370;67
371;90
372;102
373;78
374;101
375;75
376;81
377;83
378;91
379;102
380;74
381;84
382;89
383;78
384;87
385;101
386;106
387;93
388;89
389;79
390;85
391;94
392;100
393;81
394;108
395;95
396;96
397;93
398;76
399;95
400;97
401;94
402;110
403;98
404;97
405;76
406;90
407;89
408;96
409;104
410;90
411;89
412;110
413;120
414;114
415;101
416;111
417;110
418;109
419;122
420;96
421;104
422;105
423;124
424;108
425;118
426;127
427;116
428;111
429;132
430;126
431;127
432;117
433;106
434;128
435;122
436;138
437;115
438;135
439;117
440;148
441;136
442;140
443;130
444;134
445;118
446;147
447;124
448;141
449;115
450;147
451;153
452;140
453;153
454;141
455;127
456;136
457;125
458;122
459;155
460;152
461;135
462;145
463;167
464;162
465;162
466;149
467;154
468;168
469;164
470;168
471;136
472;158
473;159
474;162
475;177
476;150
477;181
478;172
479;156
480;162
481;181
482;154
483;171
484;181
485;173
486;137
487;190
488;164
489;158
490;173
491;184
492;160
493;161
494;179
495;160
496;198
497;199
498;189
499;177
500;157
501;165
502;170
503;172
504;173
505;193
506;179
507;183
508;202
509;173
510;167
511;174
512;181
513;167
514;173
515;165
516;167
517;173
518;173
519;173
520;168
521;170
522;188
523;165
524;180
525;163
526;142
527;168
528;156
529;165
530;151
531;169
532;182
533;180
534;173
535;157
536;165
537;165
538;172
539;152
540;151
541;166
542;155
543;161
544;148
545;162
546;150
547;162
548;139
549;143
550;146
551;158
552;138
553;150
554;149
555;152
556;150
557;159
558;142
559;142
560;142
561;144
562;138
563;139
564;137
565;150
566;158
567;143
568;135
569;150
570;134
571;127
572;145
573;121
574;132
575;146
576;120
577;134
578;138
579;148
580;128
581;124
582;142
583;107
584;105
585;115
586;135
587;113
588;136
589;117
590;118
591;136
592;125
593;148
594;107
595;129
596;134
597;120
598;133
599;129
600;132
601;136
602;110
603;141
604;144
605;113
606;135
607;133
608;161
609;133
610;123
611;137
612;129
613;114
614;146
615;136
616;134
617;134
618;137
619;164
620;143
621;141
622;155
623;145
624;158
625;148
626;164
627;147
628;152
629;141
630;146
631;155
632;156
633;163
634;178
635;181
636;177
637;139
638;197
639;179
640;170
641;163
642;179
643;178
644;178
645;201
646;154
647;182
648;163
649;187
650;181
651;184
652;181
653;196
654;180
655;183
656;186
657;175
658;210
659;192
660;203
661;195
662;229
663;190
664;211
665;208
666;210
667;197
668;178
669;190
670;206
671;220
672;202
673;212
674;211
675;209
676;203
677;191
678;219
679;224
680;195
681;181
682;219
683;209
684;204
685;212
686;218
687;209
688;194
689;201
690;195
691;234
692;213
693;184
694;217
695;199
696;190
697;202
698;181
699;200
700;185
701;197
702;190
703;217
704;203
705;202
706;168
707;201
708;193
709;188
710;198
711;178
712;185
713;196
714;180
715;164
716;160
717;200
718;174
719;180
720;175
721;196
722;183
723;170
724;211
725;187
726;173
727;169
728;184
729;202
730;170
731;175
732;184
733;152
734;177
735;174
736;148
737;177
738;195
739;195
740;188
741;183
742;151
743;166
744;157
745;159
746;155
747;156
748;173
749;155
750;151
751;163
752;147
753;168
754;133
755;151
756;159
757;167
758;178
759;142
760;162
761;160
762;146
763;156
764;179
765;143
766;163
767;156
768;142
769;158
770;181
771;163
772;162
773;138
774;157
775;149
776;171
777;157
778;148
779;143
780;155
781;137
782;169
783;170
784;175
785;150
786;155
787;157
788;152
789;178
790;171
791;161
792;156
793;177
794;143
795;174
796;165
797;176
798;197
799;205
800;172
801;170
802;172
803;185
804;181
805;187
806;165
807;193
808;177
809;201
810;199
811;204
812;195
813;167
814;191
815;213
816;191
817;206
818;183
819;201
820;206
821;222
822;194
823;235
824;199
825;264
826;251
827;218
828;236
829;252
830;221
831;255
832;255
833;245
834;243
835;272
836;280
837;269
838;295
839;282
840;255
841;293
842;319
843;312
844;301
845;306
846;326
847;309
848;301
849;300
850;327
851;338
852;344
853;331
854;356
855;343
856;383
857;374
858;381
859;406
860;374
861;403
862;365
863;447
864;411
865;466
866;465
867;440
868;454
869;511
870;487
871;477
872;472
873;525
874;528
875;535
876;509
877;560
878;536
879;549
880;636
881;588
882;575
883;563
884;573
885;600
886;625
887;658
888;652
889;658
890;644
891;667
892;622
893;701
894;708
895;655
896;706
897;740
898;762
899;706
900;784
901;833
902;766
903;808
904;793
905;832
906;836
907;798
908;827
909;799
910;813
911;835
912;849
913;923
914;884
915;850
916;888
917;886
918;971
919;972
920;1002
921;975
922;959
923;956
924;978
925;989
926;987
927;1049
928;991
929;975
930;965
931;979
932;1048
933;994
934;976
935;1002
936;1023
937;1006
938;1021
939;1077
940;981
941;1066
942;995
943;1032
944;1048
945;1041
946;1047
947;1021
948;995
949;1028
950;993
951;1091
952;938
953;1013
954;990
955;936
956;988
957;1016
958;959
959;929
960;979
961;1008
962;910
963;933
964;943
965;955
966;952
967;938
968;945
969;865
970;819
971;873
972;813
973;835
974;842
975;880
976;805
977;782
978;735
979;751
980;748
981;753
982;738
983;716
984;688
985;704
986;656
987;621
988;635
989;617
990;646
991;576
992;611
993;575
994;591
995;584
996;560
997;565
998;534
999;522
1000;498
1001;516
1002;465
1003;444
1004;461
1005;454
1006;454
1007;419
1008;402
1009;419
1010;371
1011;377
1012;352
1013;383
1014;337
1015;331
1016;320
1017;361
1018;327
1019;329
1020;284
1021;287
1022;301
1023;291
1024;266
1025;250
1026;256
1027;295
1028;244
1029;244
1030;204
1031;195
1032;213
1033;224
1034;221
1035;210
1036;187
1037;202
1038;177
1039;176
1040;185
1041;147
1042;169
1043;178
1044;144
1045;152
1046;143
1047;134
1048;126
1049;143
1050;134
1051;122
1052;132
1053;140
1054;101
1055;110
1056;101
1057;111
1058;128
1059;115
1060;117
1061;101
1062;110
1063;98
1064;96
1065;79
1066;101
1067;100
1068;97
1069;91
1070;91
1071;96
1072;85
1073;112
1074;88
1075;80
1076;82
1077;84
1078;76
1079;97
1080;70
1081;74
1082;80
1083;65
1084;75
1085;76
1086;87
1087;77
1088;63
1089;74
1090;67
1091;80
1092;58
1093;84
1094;73
1095;63
1096;72
1097;69
1098;50
1099;61
1100;60
1101;74
1102;62
1103;51
1104;62
1105;67
1106;63
1107;54
1108;90
1109;52
1110;80
1111;64
1112;60
1113;51
1114;57
1115;66
1116;59
1117;73
1118;76
1119;57
1120;59
1121;64
1122;61
1123;73
1124;64
1125;54
1126;62
1127;79
1128;73
1129;59
1130;53
1131;55
1132;82
1133;69
1134;61
1135;48
1136;63
1137;58
1138;69
1139;56
1140;68
1141;49
1142;72
1143;67
1144;62
1145;64
1146;49
1147;70
1148;61
1149;68
1150;49
1151;55
1152;57
1153;76
1154;56
1155;67
1156;54
1157;65
1158;54
1159;74
1160;71
1161;58
1162;68
1163;62
1164;38
1165;66
1166;61
1167;60
1168;69
1169;58
1170;60
1171;58
1172;60
1173;79
1174;55
1175;57
1176;60
1177;57
1178;37
1179;69
1180;67
1181;74
1182;60
1183;64
1184;73
1185;64
1186;60
1187;67
1188;56
1189;55
1190;57
1191;65
1192;79
1193;75
1194;63
1195;77
1196;71
1197;69
1198;70
1199;50
1200;68
1201;49
1202;50
1203;82
1204;71
1205;54
1206;72
1207;49
1208;80
1209;53
1210;56
1211;71
1212;60
1213;77
1214;70
1215;57
1216;64
1217;58
1218;73
1219;72
1220;72
1221;75
1222;64
1223;74
1224;65
1225;68
1226;72
1227;67
1228;67
1229;79
1230;64
1231;68
1232;70
1233;65
1234;58
1235;75
1236;59
1237;62
1238;60
1239;64
1240;65
1241;62
1242;60
1243;72
1244;63
1245;79
1246;65
1247;76
1248;62
1249;61
1250;68
1251;72
1252;68
1253;54
1254;64
1255;72
1256;77
1257;69
1258;75
1259;82
1260;63
1261;60
1262;79
1263;47
1264;73
1265;79
1266;60
1267;67
1268;76
1269;76
1270;69
1271;70
1272;71
1273;62
1274;80
1275;55
1276;66
1277;66
1278;70
1279;57
1280;74
1281;84
1282;57
1283;76
1284;65
1285;65
1286;69
1287;87
1288;75
1289;62
1290;71
1291;66
1292;73
1293;71
1294;69
1295;80
1296;86
1297;69
1298;76
1299;72
1300;79
1301;66
1302;85
1303;86
1304;68
1305;85
1306;83
1307;88
1308;76
1309;83
1310;77
1311;76
1312;91
1313;71
1314;74
1315;97
1316;70
1317;90
1318;79
1319;87
1320;87
1321;96
1322;95
1323;87
1324;78
1325;96
1326;102
1327;92
1328;83
1329;97
1330;91
1331;107
1332;110
1333;89
1334;87
1335;103
1336;73
1337;94
1338;104
1339;95
1340;100
1341;101
1342;83
1343;81
1344;98
1345;107
1346;104
1347;81
1348;116
1349;120
1350;116
1351;82
1352;96
1353;98
1354;103
1355;122
1356;99
1357;108
1358;98
1359;92
1360;113
1361;103
1362;126
1363;119
1364;102
1365;123
1366;118
1367;129
1368;119
1369;114
1370;118
1371;115
1372;137
1373;102
1374;133
1375;132
1376;110
1377;108
1378;134
1379;124
1380;124
1381;144
1382;138
1383;120
1384;113
1385;137
1386;129
1387;130
1388;121
1389;125
1390;138
1391;118
1392;130
1393;152
1394;130
1395;153
1396;145
1397;140
1398;120
1399;132
1400;145
1401;146
1402;138
1403;142
1404;148
1405;179
1406;147
1407;167
1408;128
1409;145
1410;134
1411;126
1412;123
1413;135
1414;129
1415;133
1416;151
1417;153
1418;144
1419;155
1420;135
1421;148
1422;157
1423;144
1424;140
1425;133
1426;131
1427;143
1428;143
1429;167
1430;146
1431;154
1432;150
1433;154
1434;139
1435;139
1436;123
1437;148
1438;154
1439;122
1440;126
1441;127
1442;141
1443;129
1444;151
1445;139
1446;142
1447;119
1448;143
1449;141
1450;144
1451;135
1452;135
1453;156
1454;142
1455;115
1456;125
1457;130
1458;136
1459;113
1460;110
1461;112
1462;140
1463;123
1464;131
1465;108
1466;127
1467;102
1468;129
1469;128
1470;112
1471;146
1472;124
1473;111
1474;98
1475;92
1476;96
1477;120
1478;118
1479;95
1480;111
1481;92
1482;117
1483;94
1484;112
1485;108
1486;83
1487;110
1488;95
1489;96
1490;116
1491;93
1492;98
1493;101
1494;99
1495;95
1496;86
1497;80
1498;85
1499;89
1500;106
1501;89
1502;82
1503;90
1504;83
1505;106
1506;65
1507;94
1508;82
1509;74
1510;84
1511;103
1512;84
1513;64
1514;96
1515;78
1516;69
1517;82
1518;73
1519;82
1520;97
1521;71
1522;81
1523;79
1524;90
1525;63
1526;79
1527;86
1528;78
1529;80
1530;78
1531;80
1532;82
1533;63
1534;68
1535;68
1536;73
1537;77
1538;78
1539;60
1540;88
1541;59
1542;66
1543;60
1544;60
1545;75
1546;75
1547;61
1548;69
1549;72
1550;66
1551;63
1552;79
1553;60
1554;67
1555;65
1556;54
1557;68
1558;71
1559;72
1560;50
1561;60
1562;56
1563;61
1564;71
1565;63
1566;64
1567;69
1568;56
1569;63
1570;64
1571;68
1572;67
1573;59
1574;60
1575;59
1576;63
1577;76
1578;68
1579;53
1580;75
1581;56
1582;54
1583;49
1584;64
1585;59
1586;58
1587;61
1588;51
1589;51
1590;70
1591;70
1592;45
1593;58
1594;54
1595;59
1596;78
1597;71
1598;61
1599;56
1600;58
1601;57
1602;63
1603;60
1604;57
1605;54
1606;69
1607;59
1608;54
1609;69
1610;62
1611;65
1612;61
1613;64
1614;61
1615;48
1616;58
1617;70
1618;56
1619;60
1620;57
1621;56
1622;64
1623;58
1624;59
1625;56
1626;63
1627;71
1628;53
1629;63
1630;49
1631;50
1632;65
1633;61
1634;57
1635;70
1636;70
1637;55
1638;63
1639;45
1640;77
1641;73
1642;62
1643;68
1644;63
1645;52
1646;59
1647;62
1648;60
1649;70
1650;58
1651;85
1652;56
1653;41
1654;49
1655;60
1656;71
1657;56
1658;69
1659;57
1660;63
1661;74
1662;65
1663;64
1664;67
1665;69
1666;58
1667;74
1668;60
1669;71
1670;66
1671;64
1672;62
1673;59
1674;63
1675;68
1676;67
1677;68
1678;68
1679;53
1680;66
1681;54
1682;83
1683;75
1684;74
1685;66
1686;57
1687;73
1688;65
1689;68
1690;68
1691;76
1692;70
1693;70
1694;82
1695;72
1696;74
1697;81
1698;69
1699;67
1700;72
1701;62
1702;56
1703;75
1704;62
1705;72
1706;77
1707;77
1708;72
1709;65
1710;79
1711;76
1712;73
1713;62
1714;73
1715;75
1716;98
1717;60
1718;65
1719;55
1720;71
1721;93
1722;77
1723;65
1724;62
1725;72
1726;77
1727;90
1728;78
1729;59
1730;76
1731;84
1732;85
1733;85
1734;61
1735;71
1736;66
1737;75
1738;85
1739;85
1740;66
1741;84
1742;84
1743;74
1744;59
1745;68
1746;79
1747;71
1748;77
1749;68
1750;72
1751;62
1752;72
1753;82
1754;69
1755;83
1756;77
1757;67
1758;83
1759;69
1760;67
1761;74
1762;80
1763;76
1764;75
1765;71
1766;79
1767;83
1768;80
1769;85
1770;69
1771;80
1772;82
1773;69
1774;70
1775;97
1776;86
1777;58
1778;73
1779;76
1780;76
1781;74
1782;76
1783;82
1784;62
1785;76
1786;75
1787;80
1788;79
1789;77
1790;85
1791;89
1792;85
1793;82
1794;92
1795;81
1796;67
1797;72
1798;81
1799;98
1800;73
1801;77
1802;69
1803;77
1804;99
1805;88
1806;77
1807;57
1808;93
1809;94
1810;80
1811;93
1812;81
1813;80
1814;84
1815;90
1816;73
1817;94
1818;76
1819;86
1820;102
1821;101
1822;74
1823;91
1824;80
1825;75
1826;93
1827;69
1828;81
1829;78
1830;84
1831;101
1832;83
1833;87
1834;84
1835;82
1836;93
1837;102
1838;91
1839;86
1840;92
1841;88
1842;97
1843;82
1844;76
1845;87
1846;93
1847;86
1848;83
1849;66
1850;78
1851;101
1852;107
1853;78
1854;83
1855;96
1856;106
1857;99
1858;98
1859;81
1860;105
1861;88
1862;91
1863;96
1864;96
1865;102
1866;84
1867;73
1868;79
1869;89
1870;97
1871;76
1872;80
1873;93
1874;85
1875;96
1876;91
1877;97
1878;98
1879;109
1880;80
1881;107
1882;72
1883;87
1884;84
1885;92
1886;108
1887;97
1888;113
1889;87
1890;95
1891;79
1892;94
1893;97
1894;101
1895;90
1896;106
1897;86
1898;98
1899;106
1900;90
1901;77
1902;97
1903;91
1904;90
1905;97
1906;105
1907;117
1908;108
1909;87
1910;104
1911;93
1912;94
1913;93
1914;96
1915;94
1916;96
1917;109
1918;97
1919;93
1920;92
1921;93
1922;99
1923;88
1924;108
1925;105
1926;90
1927;101
1928;102
1929;95
1930;98
1931;100
1932;96
1933;125
1934;105
1935;105
1936;89
1937;93
1938;108
1939;84
1940;119
1941;101
1942;95
1943;98
1944;77
1945;88
1946;86
1947;106
1948;85
1949;106
1950;86
1951;100
1952;94
1953;108
1954;99
1955;118
1956;110
1957;106
1958;94
1959;88
1960;112
1961;95
1962;100
1963;104
1964;100
1965;101
1966;106
1967;84
1968;102
1969;103
1970;100
1971;87
1972;95
1973;89
1974;97
1975;104
1976;98
1977;97
1978;91
1979;66
1980;100
1981;102
1982;95
1983;94
1984;104
1985;109
1986;108
1987;99
1988;79
1989;95
1990;111
1991;109
1992;87
1993;113
1994;102
1995;100
1996;93
1997;86
1998;107
1999;95
2000;92
2001;109
2002;107
2003;88
2004;90
2005;99
2006;99
2007;91
2008;91
2009;98
2010;127
2011;104
2012;97
2013;102
2014;91
2015;70
2016;103
2017;101
2018;115
2019;90
2020;95
2021;111
2022;95
2023;84
2024;120
2025;89
2026;95
2027;96
2028;97
2029;98
2030;95
2031;101
2032;100
2033;87
2034;98
2035;91
2036;81
2037;100
2038;96
2039;87
2040;101
2041;94
2042;92
2043;98
2044;96
2045;94
2046;91
2047;105
2048;115
2049;89
2050;98
2051;99
2052;92
2053;95
2054;102
2055;102
2056;100
2057;104
2058;84
2059;87
2060;105
2061;96
2062;111
2063;93
2064;105
2065;90
2066;104
2067;83
2068;99
2069;109
2070;95
2071;88
2072;76
2073;92
2074;94
2075;101
2076;107
2077;113
2078;117
2079;83
2080;78
2081;88
2082;87
2083;87
2084;93
2085;84
2086;89
2087;79
2088;83
2089;86
2090;73
2091;99
2092;101
2093;87
2094;75
2095;86
2096;109
2097;85
2098;81
2099;80
2100;105
2101;105
2102;88
2103;93
2104;91
2105;94
2106;98
2107;85
2108;80
2109;86
2110;90
2111;74
2112;75
2113;88
2114;86
2115;80
2116;96
2117;75
2118;85
2119;95
2120;81
2121;83
2122;78
2123;84
2124;80
2125;84
2126;102
2127;79
2128;85
2129;75
2130;89
2131;75
2132;91
2133;73
2134;93
2135;97
2136;111
2137;65
2138;85
2139;79
2140;70
2141;84
2142;69
2143;78
2144;84
2145;88
2146;81
2147;80
2148;75
2149;95
2150;102
2151;81
2152;78
2153;90
2154;76
2155;93
2156;79
2157;82
2158;81
2159;83
2160;98
2161;86
2162;84
2163;84
2164;77
2165;83
2166;105
2167;79
2168;74
2169;84
2170;77
2171;73
2172;78
2173;69
2174;78
2175;93
2176;102
2177;86
2178;72
2179;75
2180;89
2181;65
2182;76
2183;61
2184;64
2185;84
2186;87
2187;73
2188;82
2189;88
2190;66
2191;77
2192;78
2193;80
2194;76
2195;68
2196;72
2197;86
2198;75
2199;73
2200;82
2201;70
2202;74
2203;94
2204;74
2205;68
2206;78
2207;81
2208;78
2209;81
2210;70
2211;84
2212;74
2213;89
2214;68
2215;77
2216;74
2217;56
2218;75
2219;70
2220;80
2221;59
2222;82
2223;76
2224;62
2225;77
2226;67
2227;78
2228;88
2229;75
2230;69
2231;62
2232;74
2233;77
2234;73
2235;65
2236;80
2237;76
2238;79
2239;84
2240;67
2241;70
2242;78
2243;62
2244;78
2245;74
2246;71
2247;68
2248;74
2249;78
2250;73
2251;76
2252;70
2253;58
2254;59
2255;73
2256;69
2257;69
2258;87
2259;66
2260;71
2261;65
2262;68
2263;70
2264;82
2265;74
2266;77
2267;83
2268;59
2269;71
2270;79
2271;73
2272;81
2273;50
2274;85
2275;67
2276;82
2277;91
2278;67
2279;72
2280;62
2281;76
2282;79
2283;70
2284;60
2285;72
2286;52
2287;69
2288;81
2289;74
2290;74
2291;72
2292;61
2293;71
2294;67
2295;67
2296;62
2297;71
2298;65
2299;75
2300;68
2301;71
2302;64
2303;73
2304;64
2305;86
2306;68
2307;77
2308;49
2309;72
2310;79
2311;63
2312;79
2313;75
2314;72
2315;72
2316;73
2317;68
2318;57
2319;71
2320;62
2321;63
2322;63
2323;58
2324;83
2325;69
2326;61
2327;69
2328;72
2329;57
2330;63
2331;64
2332;77
2333;64
2334;72
2335;79
2336;72
2337;72
2338;75
2339;65
2340;63
2341;63
2342;71
2343;71
2344;58
2345;77
2346;79
2347;61
2348;69
2349;65
2350;58
2351;66
2352;54
2353;73
2354;70
2355;51
2356;57
2357;60
2358;68
2359;66
2360;60
2361;69
2362;61
2363;65
2364;76
2365;65
2366;71
2367;70
2368;66
2369;58
2370;67
2371;70
2372;69
2373;69
2374;69
2375;56
2376;69
2377;54
2378;57
2379;62
2380;56
2381;68
2382;71
2383;58
2384;59
2385;75
2386;67
2387;84
2388;78
2389;63
2390;72
2391;67
2392;64
2393;76
2394;65
2395;75
2396;68
2397;71
2398;64
2399;64
2400;61
2401;62
2402;61
2403;58
2404;60
2405;64
2406;57
2407;62
2408;62
2409;52
2410;75
2411;53
2412;81
2413;53
2414;67
2415;62
2416;60
2417;63
2418;65
2419;59
2420;52
2421;66
2422;58
2423;64
2424;79
2425;54
2426;69
2427;67
2428;67
2429;65
2430;56
2431;64
2432;80
2433;66
2434;60
2435;44
2436;82
2437;56
2438;66
2439;60
2440;74
2441;61
2442;58
2443;55
2444;59
2445;57
2446;71
2447;69
2448;71
2449;58
2450;59
2451;61
2452;64
2453;72
2454;66
2455;66
2456;74
2457;62
2458;58
2459;62
2460;66
2461;48
2462;61
2463;58
2464;51
2465;65
2466;50
2467;62
2468;60
2469;54
2470;56
2471;53
2472;63
2473;59
2474;63
2475;63
2476;64
2477;51
2478;56
2479;67
2480;55
2481;61
2482;70
2483;54
2484;59
2485;76
2486;60
2487;54
2488;58
2489;59
2490;62
2491;67
2492;59
2493;50
2494;63
2495;62
2496;44
2497;51
2498;70
2499;50
2500;55
2501;51
2502;68
2503;49
2504;60
2505;51
2506;48
2507;59
2508;64
2509;53
2510;58
2511;67
2512;66
2513;67
2514;64
2515;45
2516;59
2517;60
2518;52
2519;51
2520;63
2521;64
2522;62
2523;62
2524;53
2525;54
2526;50
2527;51
2528;54
2529;52
2530;59
2531;45
2532;70
2533;50
2534;64
2535;64
2536;62
2537;55
2538;61
2539;41
2540;62
2541;56
2542;55
2543;50
2544;51
2545;35
2546;50
2547;51
2548;50
2549;60
2550;44
2551;53
2552;55
2553;52
2554;61
2555;53
2556;35
2557;47
2558;52
2559;48
2560;49
2561;49
2562;41
2563;49
2564;43
2565;43
2566;61
2567;58
2568;50
2569;54
2570;60
2571;48
2572;57
2573;66
2574;41
2575;63
2576;66
2577;44
2578;50
2579;52
2580;45
2581;48
2582;51
2583;33
2584;50
2585;52
2586;48
2587;54
2588;64
2589;48
2590;54
2591;51
2592;52
2593;37
2594;40
2595;39
2596;58
2597;42
2598;48
2599;39
2600;47
2601;43
2602;34
2603;51
2604;56
2605;44
2606;49
2607;51
2608;58
2609;45
2610;50
2611;52
2612;43
2613;53
2614;51
2615;51
2616;49
2617;58
2618;36
2619;49
2620;39
2621;58
2622;51
2623;50
2624;45
2625;42
2626;46
2627;53
2628;42
2629;41
2630;43
2631;41
2632;48
2633;46
2634;47
2635;47
2636;46
2637;39
2638;50
2639;58
2640;40
2641;48
2642;52
2643;44
2644;42
2645;33
2646;57
2647;46
2648;43
2649;39
2650;46
2651;45
2652;49
2653;47
2654;39
2655;36
2656;43
2657;51
2658;40
2659;41
2660;34
2661;42
2662;34
2663;34
2664;50
2665;39
2666;46
2667;39
2668;33
2669;45
2670;43
2671;43
2672;55
2673;25
2674;46
2675;53
2676;40
2677;30
2678;33
2679;48
2680;45
2681;45
2682;45
2683;49
2684;40
2685;42
2686;44
2687;38
2688;43
2689;48
2690;44
2691;48
2692;58
2693;45
2694;42
2695;51
2696;38
2697;52
2698;45
2699;52
2700;49
2701;38
2702;33
2703;47
2704;44
2705;42
2706;58
2707;39
2708;48
2709;56
2710;51
2711;55
2712;39
2713;47
2714;50
2715;45
2716;37
2717;40
2718;35
2719;44
2720;44
2721;49
2722;40
2723;43
2724;40
2725;40
2726;36
2727;46
2728;46
2729;42
2730;52
2731;43
2732;51
2733;37
2734;51
2735;41
2736;38
2737;40
2738;46
2739;52
2740;47
2741;46
2742;50
2743;46
2744;36
2745;49
2746;49
2747;36
2748;33
2749;42
2750;44
2751;47
2752;51
2753;43
2754;42
2755;52
2756;52
2757;41
2758;48
2759;43
2760;44
2761;36
2762;46
2763;35
2764;42
2765;55
2766;38
2767;46
2768;34
2769;38
2770;45
2771;47
2772;26
2773;36
2774;51
2775;40
2776;54
2777;47
2778;38
2779;31
2780;32
2781;43
2782;44
2783;31
2784;44
2785;30
2786;41
2787;41
2788;46
2789;45
2790;55
2791;33
2792;43
2793;42
2794;32
2795;36
2796;36
2797;33
2798;55
2799;39
2800;44
2801;45
2802;52
2803;51
2804;32
2805;46
2806;39
2807;48
2808;32
2809;49
2810;41
2811;52
2812;38
2813;39
2814;33
2815;41
2816;43
2817;36
2818;39
2819;35
2820;39
2821;30
2822;37
2823;37
2824;39
2825;40
2826;40
2827;50
2828;50
2829;51
2830;39
2831;40
2832;32
2833;40
2834;32
2835;46
2836;41
2837;45
2838;35
2839;35
2840;31
2841;39
2842;36
2843;46
2844;34
2845;33
2846;51
2847;40
2848;41
2849;41
2850;40
2851;53
2852;37
2853;34
2854;28
2855;35
2856;32
2857;42
2858;43
2859;35
2860;50
2861;40
2862;39
2863;33
2864;38
2865;30
2866;50
2867;49
2868;30
2869;44
2870;30
2871;34
2872;29
2873;25
2874;44
2875;26
2876;42
2877;32
2878;46
2879;43
2880;30
2881;39
2882;40
2883;34
2884;44
2885;41
2886;56
2887;35
2888;47
2889;39
2890;45
2891;45
2892;36
2893;42
2894;43
2895;28
2896;43
2897;33
2898;42
2899;44
2900;45
2901;40
2902;40
2903;42
2904;40
2905;39
2906;34
2907;42
2908;40
2909;42
2910;28
2911;42
2912;43
2913;32
2914;42
2915;36
2916;37
2917;37
2918;49
2919;33
2920;56
2921;35
2922;49
2923;40
2924;40
2925;28
2926;41
2927;25
2928;36
2929;37
2930;33
2931;42
2932;49
2933;38
2934;43
2935;38
2936;28
2937;43
2938;31
2939;30
2940;47
2941;50
2942;38
2943;53
2944;33
2945;37
2946;35
2947;49
2948;37
2949;34
2950;37
2951;39
2952;59
2953;35
2954;26
2955;37
2956;39
2957;38
2958;34
2959;40
2960;40
2961;31
2962;38
2963;38
2964;25
2965;40
2966;39
2967;38
2968;44
2969;36
2970;42
2971;34
2972;31
2973;43
2974;42
2975;42
2976;46
2977;37
2978;51
2979;32
2980;24
2981;25
2982;32
2983;32
2984;28
2985;49
2986;40
2987;26
2988;44
2989;38
2990;33
2991;36
2992;26
2993;31
2994;43
2995;36
2996;31
2997;39
2998;32
2999;32
3000;36
3001;31
3002;36
3003;27
3004;33
3005;25
3006;36
3007;40
3008;37
3009;19
3010;28
3011;29
3012;38
3013;48
3014;29
3015;37
3016;28
3017;31
3018;39
3019;33
3020;34
3021;45
3022;25
3023;33
3024;40
3025;37
3026;38
3027;39
3028;30
3029;30
3030;38
3031;41
3032;34
3033;32
3034;44
3035;42
3036;37
3037;39
3038;36
3039;32
3040;36
3041;39
3042;35
3043;30
3044;30
3045;34
3046;39
3047;32
3048;40
3049;34
3050;34
3051;34
3052;42
3053;28
3054;35
3055;29
3056;36
3057;31
3058;42
3059;34
3060;32
3061;37
3062;30
3063;29
3064;32
3065;23
3066;30
3067;26
3068;31
3069;29
3070;39
3071;26
3072;24
3073;37
3074;32
3075;26
3076;32
3077;31
3078;32
3079;34
3080;42
3081;27
3082;26
3083;26
3084;33
3085;34
3086;35
3087;38
3088;44
3089;27
3090;29
3091;28
3092;38
3093;29
3094;25
3095;32
3096;24
3097;34
3098;26
3099;29
3100;42
3101;48
3102;32
3103;28
3104;33
3105;31
3106;32
3107;34
3108;20
3109;38
3110;28
3111;35
3112;25
3113;24
3114;32
3115;34
3116;41
3117;36
3118;30
3119;20
3120;27
3121;27
3122;26
3123;37
3124;41
3125;38
3126;35
3127;33
3128;28
3129;38
3130;31
3131;44
3132;38
3133;31
3134;35
3135;25
3136;36
3137;28
3138;29
3139;35
3140;39
3141;29
3142;39
3143;28
3144;30
3145;27
3146;32
3147;41
3148;28
3149;40
3150;32
3151;33
3152;28
3153;33
3154;25
3155;24
3156;40
3157;32
3158;37
3159;29
3160;38
3161;35
3162;33
3163;34
3164;36
3165;27
3166;37
3167;34
3168;34
3169;32
3170;36
3171;26
3172;25
3173;29
3174;29
3175;35
3176;36
3177;24
3178;31
3179;33
3180;25
3181;23
3182;38
3183;33
3184;20
3185;28
3186;34
3187;26
3188;30
3189;30
3190;16
3191;29
3192;32
3193;31
3194;34
3195;35
3196;32
3197;35
3198;27
3199;30
3200;37
3201;31
3202;23
3203;24
3204;26
3205;29
3206;34
3207;30
3208;28
3209;26
3210;41
3211;28
3212;34
3213;24
3214;28
3215;29
3216;35
3217;25
3218;31
3219;31
3220;32
3221;43
3222;24
3223;36
3224;31
3225;27
3226;38
3227;32
3228;30
3229;31
3230;21
3231;32
3232;38
3233;43
3234;30
3235;34
3236;40
3237;30
3238;40
3239;23
3240;22
3241;40
3242;32
3243;35
3244;40
3245;31
3246;31
3247;23
3248;29
3249;30
3250;31
3251;32
3252;28
3253;34
3254;25
3255;32
3256;28
3257;26
3258;39
3259;26
3260;18
3261;35
3262;42
3263;34
3264;37
3265;31
3266;34
3267;27
3268;29
3269;25
3270;32
3271;42
3272;30
3273;45
3274;40
3275;30
3276;31
3277;27
3278;26
3279;34
3280;28
3281;36
3282;31
3283;30
3284;26
3285;33
3286;27
3287;31
3288;36
3289;28
3290;34
3291;34
3292;33
3293;38
3294;30
3295;30
3296;41
3297;40
3298;41
3299;30
3300;25
3301;37
3302;33
3303;36
3304;28
3305;29
3306;37
3307;45
3308;40
3309;36
3310;23
3311;33
3312;49
3313;40
3314;31
3315;32
3316;28
3317;23
3318;43
3319;37
3320;35
3321;36
3322;27
3323;41
3324;42
3325;37
3326;57
3327;34
3328;34
3329;45
3330;43
3331;45
3332;35
3333;35
3334;33
3335;32
3336;43
3337;39
3338;26
3339;30
3340;40
3341;38
3342;44
3343;44
3344;36
3345;45
3346;39
3347;40
3348;36
3349;34
3350;40
3351;36
3352;28
3353;48
3354;46
3355;30
3356;32
3357;43
3358;38
3359;37
3360;40
3361;46
3362;52
3363;38
3364;44
3365;42
3366;39
3367;44
3368;35
3369;40
3370;51
3371;35
3372;42
3373;41
3374;43
3375;37
3376;48
3377;48
3378;47
3379;45
3380;43
3381;39
3382;35
3383;34
3384;48
3385;47
3386;42
3387;38
3388;51
3389;48
3390;46
3391;34
3392;46
3393;53
3394;45
3395;49
3396;57
3397;53
3398;53
3399;55
3400;43
3401;38
3402;46
3403;55
3404;49
3405;58
3406;50
3407;50
3408;51
3409;50
3410;41
3411;64
3412;50
3413;41
3414;60
3415;48
3416;43
3417;54
3418;49
3419;56
3420;51
3421;59
3422;40
3423;47
3424;53
3425;52
3426;52
3427;44
3428;45
3429;55
3430;48
3431;44
3432;49
3433;45
3434;55
3435;57
3436;43
3437;44
3438;47
3439;56
3440;54
3441;66
3442;51
3443;42
3444;60
3445;57
3446;53
3447;53
3448;57
3449;59
3450;57
3451;58
3452;65
3453;62
3454;50
3455;52
3456;57
3457;62
3458;58
3459;53
3460;47
3461;59
3462;59
3463;76
3464;64
3465;72
3466;54
3467;65
3468;59
3469;63
3470;76
3471;55
3472;63
3473;53
3474;52
3475;57
3476;69
3477;54
3478;69
3479;66
3480;57
3481;65
3482;66
3483;61
3484;55
3485;54
3486;61
3487;59
3488;61
3489;64
3490;67
3491;54
3492;65
3493;60
3494;75
3495;70
3496;58
3497;51
3498;49
3499;71
3500;67
3501;69
3502;51
3503;71
3504;56
3505;72
3506;76
3507;55
3508;79
3509;59
3510;69
3511;65
3512;74
3513;66
3514;66
3515;64
3516;73
3517;67
3518;56
3519;68
3520;71
3521;60
3522;80
3523;69
3524;66
3525;76
3526;59
3527;65
3528;67
3529;61
3530;63
3531;58
3532;68
3533;68
3534;61
3535;75
3536;83
3537;58
3538;69
3539;72
3540;69
3541;77
3542;63
3543;55
3544;72
3545;69
3546;67
3547;73
3548;68
3549;79
3550;60
3551;73
3552;69
3553;62
3554;67
3555;79
3556;67
3557;67
3558;68
3559;69
3560;74
3561;68
3562;71
3563;72
3564;70
3565;80
3566;78
3567;71
3568;75
3569;77
3570;85
3571;80
3572;78
3573;67
3574;77
3575;80
3576;61
3577;71
3578;64
3579;74
3580;90
3581;68
3582;72
3583;82
3584;75
3585;65
3586;73
3587;72
3588;66
3589;66
3590;67
3591;68
3592;87
3593;77
3594;73
3595;74
3596;66
3597;68
3598;78
3599;68
3600;70
3601;56
3602;61
3603;81
3604;74
3605;70
3606;78
3607;63
3608;62
3609;85
3610;63
3611;58
3612;65
3613;71
3614;78
3615;77
3616;72
3617;77
3618;75
3619;85
3620;75
3621;76
3622;87
3623;68
3624;60
3625;79
3626;67
3627;78
3628;73
3629;80
3630;80
3631;87
3632;75
3633;71
3634;75
3635;79
3636;83
3637;75
3638;72
3639;88
3640;88
3641;68
3642;69
3643;67
3644;73
3645;62
3646;63
3647;77
3648;71
3649;63
3650;68
3651;86
3652;76
3653;79
3654;84
3655;78
3656;73
3657;85
3658;87
3659;76
3660;72
3661;74
3662;72
3663;86
3664;82
3665;76
3666;77
3667;84
3668;70
3669;70
3670;71
3671;57
3672;83
3673;94
3674;87
3675;72
3676;91
3677;78
3678;80
3679;80
3680;74
3681;77
3682;68
3683;86
3684;83
3685;84
3686;92
3687;61
3688;78
3689;91
3690;86
3691;77
3692;86
3693;77
3694;84
3695;79
3696;64
3697;77
3698;68
3699;90
3700;79
3701;87
3702;84
3703;101
3704;69
3705;94
3706;77
3707;80
3708;77
3709;86
3710;83
3711;86
3712;79
3713;60
3714;94
3715;83
3716;82
3717;74
3718;83
3719;88
3720;79
3721;71
3722;79
3723;84
3724;81
3725;86
3726;85
3727;93
3728;99
3729;91
3730;81
3731;87
3732;86
3733;88
3734;80
3735;99
3736;94
3737;103
3738;91
3739;97
3740;79
3741;97
3742;92
3743;120
3744;90
3745;95
3746;92
3747;92
3748;104
3749;106
3750;96
3751;89
3752;74
3753;116
3754;117
3755;88
3756;89
3757;106
3758;83
3759;117
3760;89
3761;101
3762;90
3763;102
3764;113
3765;115
3766;82
3767;87
3768;110
3769;89
3770;110
3771;102
3772;109
3773;104
3774;97
3775;111
3776;101
3777;106
3778;112
3779;93
3780;113
3781;109
3782;91
3783;96
3784;84
3785;111
3786;109
3787;121
3788;128
3789;101
3790;104
3791;94
3792;102
3793;111
3794;99
3795;106
3796;131
3797;119
3798;113
3799;110
3800;99
3801;112
3802;103
3803;102
3804;130
3805;121
3806;118
3807;106
3808;125
3809;112
3810;106
3811;115
3812;111
3813;122
3814;114
3815;105
3816;103
3817;113
3818;105
3819;114
3820;119
3821;110
3822;114
3823;104
3824;109
3825;138
3826;107
3827;124
3828;115
3829;101
3830;111
3831;118
3832;119
3833;121
3834;121
3835;119
3836;133
3837;113
3838;140
3839;100
3840;151
3841;138
3842;136
3843;133
3844;138
3845;126
3846;115
3847;130
3848;117
3849;110
3850;104
3851;129
3852;114
3853;91
3854;128
3855;119
3856;127
3857;108
3858;120
3859;134
3860;127
3861;124
3862;111
3863;98
3864;118
3865;142
3866;120
3867;134
3868;124
3869;132
3870;129
3871;113
3872;137
3873;144
3874;130
3875;117
3876;118
3877;108
3878;108
3879;126
3880;123
3881;123
3882;111
3883;130
3884;134
3885;118
3886;133
3887;133
3888;121
3889;139
3890;120
3891;134
3892;134
3893;111
3894;112
3895;131
3896;140
3897;134
3898;149
3899;126
3900;124
3901;109
3902;136
3903;118
3904;123
3905;135
3906;142
3907;147
3908;131
3909;114
3910;132
3911;148
3912;140
3913;127
3914;132
3915;113
3916;129
3917;128
3918;121
3919;122
3920;149
3921;134
3922;121
3923;143
3924;169
3925;140
3926;134
3927;135
3928;126
3929;152
3930;136
3931;133
3932;123
3933;125
3934;158
3935;132
3936;111
3937;128
3938;132
3939;130
3940;150
3941;141
3942;132
3943;143
3944;120
3945;119
3946;138
3947;121
3948;124
3949;118
3950;150
3951;121
3952;118
3953;141
3954;107
3955;145
3956;113
3957;134
3958;140
3959;146
3960;142
3961;141
3962;138
3963;112
3964;136
3965;129
3966;141
3967;151
3968;119
3969;125
3970;123
3971;131
3972;130
3973;116
3974;126
3975;122
3976;129
3977;125
3978;127
3979;117
3980;154
3981;126
3982;139
3983;118
3984;126
3985;130
3986;134
3987;116
3988;128
3989;104
3990;120
3991;144
3992;116
3993;109
3994;117
3995;139
3996;134
3997;108
3998;128
3999;143
4000;107
4001;119
4002;126
4003;146
4004;127
4005;138
4006;120
4007;134
4008;123
4009;117
4010;116
4011;105
4012;100
4013;99
4014;144
4015;145
4016;136
4017;116
4018;119
4019;122
4020;106
4021;88
4022;132
4023;112
4024;125
4025;119
4026;102
4027;115
4028;109
4029;117
4030;111
4031;108
4032;117
4033;109
4034;99
4035;98
4036;106
4037;122
4038;93
4039;116
4040;117
4041;113
4042;106
4043;103
4044;115
4045;120
4046;101
4047;109
4048;111
4049;125
4050;96
4051;110
4052;94
4053;99
4054;98
4055;118
4056;108
4057;125
4058;89
4059;110
4060;94
4061;92
4062;108
4063;105
4064;99
4065;119
4066;89
4067;101
4068;101
4069;98
4070;114
4071;121
4072;99
4073;78
4074;108
4075;99
4076;97
4077;109
4078;83
4079;107
4080;90
4081;109
4082;74
4083;98
4084;101
4085;89
4086;94
4087;96
4088;91
4089;92
4090;102
4091;96
4092;81
4093;96
4094;95
4095;103
4096;77
4097;84
4098;67
4099;86
4100;103
4101;86
4102;94
4103;86
4104;86
4105;81
4106;90
4107;82
4108;74
4109;88
4110;79
4111;94
4112;79
4113;105
4114;92
4115;83
4116;90
4117;80
4118;78
4119;72
4120;71
4121;89
4122;81
4123;84
4124;80
4125;75
4126;81
4127;86
4128;84
4129;74
4130;89
4131;87
4132;65
4133;79
4134;64
4135;71
4136;88
4137;55
4138;69
4139;76
4140;74
4141;73
4142;77
4143;59
4144;58
4145;70
4146;67
4147;73
4148;89
4149;72
4150;68
4151;77
4152;68
4153;85
4154;63
4155;65
4156;77
4157;76
4158;53
4159;62
4160;57
4161;69
4162;63
4163;65
4164;56
4165;61
4166;62
4167;74
4168;75
4169;70
4170;75
4171;68
4172;81
4173;80
4174;74
4175;63
4176;55
4177;56
4178;58
4179;52
4180;70
4181;64
4182;59
4183;56
4184;61
4185;59
4186;51
4187;65
4188;65
4189;58
4190;55
4191;72
4192;60
4193;52
4194;58
4195;69
4196;67
4197;49
4198;69
4199;52
4200;74
4201;75
4202;50
4203;66
4204;70
4205;62
4206;62
4207;49
4208;61
4209;56
4210;76
4211;72
4212;51
4213;58
4214;67
4215;48
4216;54
4217;61
4218;60
4219;48
4220;67
4221;55
4222;69
4223;53
4224;63
4225;65
4226;65
4227;69
4228;72
4229;81
4230;50
4231;59
4232;56
4233;53
4234;59
4235;47
4236;55
4237;58
4238;50
4239;61
4240;56
4241;61
4242;56
4243;66
4244;57
4245;62
4246;65
4247;50
4248;62
4249;55
4250;56
4251;54
4252;79
4253;75
4254;68
4255;64
4256;66
4257;65
4258;83
4259;59
4260;54
4261;71
4262;56
4263;63
4264;80
4265;72
4266;56
4267;76
4268;64
4269;73
4270;67
4271;73
4272;69
4273;66
4274;53
4275;70
4276;68
4277;52
4278;61
4279;60
4280;70
4281;68
4282;51
4283;52
4284;78
4285;71
4286;83
4287;82
4288;66
4289;59
4290;79
4291;76
4292;74
4293;78
4294;95
4295;84
4296;72
4297;83
4298;82
4299;71
4300;61
4301;80
4302;84
4303;84
4304;77
4305;62
4306;83
4307;66
4308;66
4309;84
4310;81
4311;76
4312;104
4313;93
4314;94
4315;81
4316;94
4317;89
4318;81
4319;84
4320;87
4321;82
4322;87
4323;95
4324;89
4325;90
4326;77
4327;86
4328;90
4329;96
4330;82
4331;94
4332;66
4333;99
4334;88
4335;101
4336;93
4337;114
4338;75
4339;85
4340;95
4341;111
4342;90
4343;106
4344;101
4345;103
4346;113
4347;128
4348;94
4349;113
4350;86
4351;86
4352;103
4353;115
4354;88
4355;102
4356;118
4357;100
4358;101
4359;106
4360;99
4361;114
4362;129
4363;134
4364;106
4365;103
4366;125
4367;112
4368;123
4369;124
4370;101
4371;113
4372;133
4373;136
4374;115
4375;123
4376;126
4377;114
4378;123
4379;117
4380;120
4381;131
4382;125
4383;107
4384;125
4385;133
4386;107
4387;133
4388;135
4389;144
4390;124
4391;136
4392;133
4393;122
4394;130
4395;137
4396;129
4397;168
4398;157
4399;154
4400;141
4401;164
4402;137
4403;152
4404;156
4405;138
4406;151
4407;170
4408;144
4409;153
4410;153
4411;144
4412;163
4413;145
4414;147
4415;171
4416;166
4417;161
4418;155
4419;167
4420;159
4421;156
4422;180
4423;180
4424;173
4425;166
4426;166
4427;192
4428;159
4429;189
4430;186
4431;159
4432;180
4433;172
4434;176
4435;206
4436;179
4437;165
4438;192
4439;173
4440;164
4441;172
4442;194
4443;174
4444;175
4445;169
4446;194
4447;196
4448;197
4449;185
4450;175
4451;199
4452;195
4453;218
4454;196
4455;188
4456;209
4457;195
4458;182
4459;238
4460;206
4461;192
4462;198
4463;216
4464;214
4465;208
4466;190
4467;219
4468;219
4469;189
4470;206
4471;226
4472;214
4473;230
4474;222
4475;217
4476;233
4477;214
4478;208
4479;216
4480;228
4481;223
4482;215
4483;211
4484;232
4485;211
4486;237
4487;214
4488;248
4489;234
4490;204
4491;218
4492;265
4493;217
4494;241
4495;225
4496;237
4497;250
4498;236
4499;248
4500;265
4501;237
4502;247
4503;213
4504;237
4505;236
4506;254
4507;269
4508;253
4509;248
4510;269
4511;254
4512;261
4513;262
4514;254
4515;251
4516;239
4517;233
4518;276
4519;253
4520;239
4521;264
4522;267
4523;265
4524;267
4525;248
4526;268
4527;261
4528;284
4529;241
4530;265
4531;246
4532;267
4533;257
4534;249
4535;259
4536;283
4537;321
4538;245
4539;273
4540;238
4541;285
4542;260
4543;297
4544;249
4545;290
4546;261
4547;255
4548;277
4549;279
4550;257
4551;260
4552;274
4553;314
4554;294
4555;288
4556;278
4557;266
4558;276
4559;288
4560;280
4561;289
4562;288
4563;276
4564;264
4565;266
4566;257
4567;280
4568;265
4569;287
4570;291
4571;286
4572;293
4573;282
4574;295
4575;330
4576;302
4577;299
4578;288
4579;292
4580;287
4581;305
4582;280
4583;298
4584;296
4585;293
4586;297
4587;294
4588;312
4589;318
4590;307
4591;280
4592;313
4593;319
4594;311
4595;298
4596;322
4597;283
4598;280
4599;323
4600;301
4601;355
4602;298
4603;296
4604;273
4605;314
4606;331
4607;329
4608;321
4609;293
4610;323
4611;307
4612;285
4613;292
4614;340
4615;295
4616;287
4617;310
4618;301
4619;307
4620;312
4621;297
4622;298
4623;350
4624;312
4625;310
4626;335
4627;317
4628;315
4629;334
4630;336
4631;311
4632;295
4633;317
4634;298
4635;313
4636;332
4637;316
4638;306
4639;321
4640;318
4641;313
4642;295
4643;326
4644;322
4645;290
4646;327
4647;326
4648;332
4649;303
4650;343
4651;323
4652;341
4653;312
4654;333
4655;312
4656;331
4657;332
4658;305
4659;330
4660;333
4661;322
4662;320
4663;299
4664;287
4665;327
4666;322
4667;303
4668;324
4669;335
4670;308
4671;318
4672;302
4673;304
4674;331
4675;328
4676;266
4677;316
4678;320
4679;337
4680;325
4681;311
4682;281
4683;306
4684;269
4685;289
4686;306
4687;309
4688;322
4689;302
4690;292
4691;311
4692;324
4693;302
4694;310
4695;312
4696;307
4697;305
4698;304
4699;290
4700;346
4701;286
4702;309
4703;285
4704;316
4705;293
4706;316
4707;264
4708;283
4709;315
4710;295
4711;291
4712;306
4713;306
4714;311
4715;294
4716;293
4717;322
4718;288
4719;311
4720;292
4721;300
4722;326
4723;303
4724;290
4725;303
4726;283
4727;313
4728;292
4729;333
4730;299
4731;306
4732;290
4733;296
4734;300
4735;283
4736;294
4737;305
4738;311
4739;283
4740;258
4741;280
4742;293
4743;289
4744;307
4745;294
4746;277
4747;277
4748;307
4749;255
4750;309
4751;273
4752;284
4753;295
4754;297
4755;266
4756;266
4757;265
4758;287
4759;278
4760;273
4761;286
4762;258
4763;266
4764;250
4765;273
4766;290
4767;263
4768;286
4769;267
4770;238
4771;249
4772;243
4773;227
4774;257
4775;256
4776;243
4777;243
4778;218
4779;240
4780;281
4781;271
4782;238
4783;252
4784;245
4785;257
4786;257
4787;253
4788;239
4789;251
4790;242
4791;251
4792;230
4793;255
4794;250
4795;215
4796;229
4797;241
4798;232
4799;224
4800;217
4801;250
4802;241
4803;253
4804;263
4805;228
4806;222
4807;214
4808;239
4809;232
4810;227
4811;237
4812;231
4813;245
4814;213
4815;238
4816;223
4817;212
4818;206
4819;227
4820;245
4821;221
4822;205
4823;230
4824;203
4825;198
4826;216
4827;244
4828;232
4829;197
4830;223
4831;215
4832;232
4833;215
4834;206
4835;198
4836;196
4837;196
4838;227
4839;225
4840;187
4841;200
4842;202
4843;174
4844;204
4845;189
4846;200
4847;189
4848;202
4849;213
4850;210
4851;214
4852;199
4853;191
4854;191
4855;202
4856;191
4857;203
4858;172
4859;196
4860;212
4861;181
4862;196
4863;201
4864;203
4865;190
4866;163
4867;167
4868;192
4869;196
4870;174
4871;158
4872;186
4873;193
4874;188
4875;169
4876;190
4877;167
4878;192
4879;186
4880;201
4881;183
4882;183
4883;174
4884;163
4885;171
4886;150
4887;179
4888;158
4889;193
4890;171
4891;183
4892;180
4893;195
4894;170
4895;155
4896;168
4897;187
4898;178
4899;164
4900;156
4901;178
4902;170
4903;153
4904;167
4905;175
4906;180
4907;161
4908;174
4909;151
4910;170
4911;186
4912;158
4913;158
4914;149
4915;154
4916;144
4917;169
4918;153
4919;160
4920;142
4921;155
4922;173
4923;150
4924;157
4925;159
4926;138
4927;148
4928;137
4929;149
4930;153
4931;146
4932;144
4933;163
4934;136
4935;151
4936;142
4937;153
4938;172
4939;137
4940;128
4941;141
4942;149
4943;139
4944;138
4945;137
4946;124
4947;146
4948;160
4949;152
4950;128
4951;139
4952;129
4953;146
4954;124
4955;141
4956;117
4957;144
4958;140
4959;126
4960;152
4961;159
4962;118
4963;121
4964;139
4965;145
4966;134
4967;144
4968;144
4969;128
4970;114
4971;134
4972;142
4973;146
4974;144
4975;160
4976;118
4977;128
4978;118
4979;127
4980;128
4981;126
4982;146
4983;153
4984;122
4985;138
4986;115
4987;124
4988;114
4989;162
4990;127
4991;132
4992;126
4993;133
4994;124
4995;104
4996;125
4997;129
4998;137
4999;128
5000;128
5001;132
5002;99
5003;128
5004;128
5005;118
5006;109
5007;129
5008;118
5009;126
5010;121
5011;124
5012;138
5013;127
5014;127
5015;148
5016;131
5017;121
5018;115
5019;106
5020;135
5021;132
5022;120
5023;123
5024;138
5025;123
5026;110
5027;143
5028;105
5029;133
5030;124
5031;120
5032;106
5033;127
5034;112
5035;105
5036;124
5037;123
5038;128
5039;119
5040;110
5041;104
5042;106
5043;120
5044;108
5045;127
5046;122
5047;112
5048;119
5049;110
5050;124
5051;120
5052;119
5053;120
5054;130
5055;127
5056;136
5057;102
5058;141
5059;146
5060;130
5061;107
5062;110
5063;104
5064;122
5065;128
5066;94
5067;111
5068;121
5069;126
5070;118
5071;108
5072;117
5073;125
5074;99
5075;107
5076;109
5077;87
5078;98
5079;120
5080;126
5081;114
5082;103
5083;113
5084;108
5085;116
5086;117
5087;117
5088;103
5089;113
5090;122
5091;123
5092;108
5093;125
5094;112
5095;116
5096;116
5097;107
5098;93
5099;115
5100;103
5101;117
5102;124
5103;118
5104;117
5105;124
5106;107
5107;97
5108;100
5109;98
5110;106
5111;99
5112;106
5113;114
5114;91
5115;104
5116;92
5117;104
5118;117
5119;123
5120;114
5121;104
5122;118
5123;101
5124;103
5125;117
5126;97
5127;101
5128;115
5129;108
5130;85
5131;87
5132;112
5133;106
5134;105
5135;103
5136;98
5137;125
5138;103
5139;104
5140;108
5141;118
5142;90
5143;103
5144;114
5145;99
5146;98
5147;97
5148;106
5149;108
5150;104
5151;106
5152;97
5153;90
5154;107
5155;98
5156;104
5157;118
5158;115
5159;109
5160;105
5161;106
5162;110
5163;109
5164;109
5165;107
5166;104
5167;93
5168;102
5169;95
5170;111
5171;78
5172;96
5173;104
5174;103
5175;95
5176;94
5177;80
5178;92
5179;118
5180;95
5181;93
5182;100
5183;105
5184;100
5185;107
5186;94
5187;107
5188;115
5189;94
5190;110
5191;98
5192;84
5193;96
5194;88
5195;82
5196;100
5197;100
5198;71
5199;91
5200;87
5201;83
5202;87
5203;89
5204;97
5205;95
5206;78
5207;77
5208;72
5209;96
5210;85
5211;82
5212;78
5213;86
5214;72
5215;74
5216;91
5217;96
5218;88
5219;93
5220;71
5221;81
5222;88
5223;87
5224;85
5225;89
5226;84
5227;98
5228;80
5229;89
5230;91
5231;89
5232;68
5233;70
5234;99
5235;90
5236;78
5237;90
5238;76
5239;81
5240;73
5241;66
5242;81
5243;72
5244;85
5245;87
5246;77
5247;93
5248;71
5249;84
5250;67
5251;95
5252;78
5253;83
5254;76
5255;88
5256;67
5257;70
5258;87
5259;85
5260;78
5261;79
5262;81
5263;70
5264;55
5265;82
5266;83
5267;61
5268;81
5269;79
5270;72
5271;71
5272;61
5273;65
5274;88
5275;71
5276;61
5277;69
5278;60
5279;67
5280;69
5281;71
5282;75
5283;63
5284;56
5285;72
5286;74
5287;77
5288;63
5289;65
5290;52
5291;64
5292;69
5293;68
5294;60
5295;61
5296;60
5297;70
5298;59
5299;52
5300;72
5301;61
5302;57
5303;55
5304;57
5305;69
5306;84
5307;64
5308;63
5309;58
5310;60
5311;41
5312;62
5313;70
5314;73
5315;63
5316;67
5317;53
5318;54
5319;63
5320;55
5321;55
5322;46
5323;70
5324;56
5325;57
5326;55
5327;48
5328;53
5329;63
5330;55
5331;58
5332;59
5333;61
5334;45
5335;45
5336;70
5337;47
5338;51
5339;56
5340;45
5341;56
5342;39
5343;48
5344;38
5345;56
5346;49
5347;32
5348;43
5349;57
5350;46
5351;39
5352;55
5353;53
5354;52
5355;49
5356;56
5357;43
5358;45
5359;33
5360;41
5361;43
5362;40
5363;42
5364;51
5365;45
5366;35
5367;48
5368;38
5369;48
5370;36
5371;44
5372;51
5373;45
5374;41
5375;44
5376;37
5377;45
5378;45
5379;50
5380;45
5381;36
5382;49
5383;42
5384;36
5385;43
5386;39
5387;41
5388;35
5389;38
5390;55
5391;37
5392;41
5393;45
5394;45
5395;30
5396;37
5397;47
5398;45
5399;39
5400;30
5401;38
5402;38
5403;32
5404;54
5405;42
5406;47
5407;31
5408;40
5409;36
5410;34
5411;37
5412;55
5413;34
5414;49
5415;30
5416;43
5417;35
5418;32
5419;36
5420;42
5421;30
5422;39
5423;46
5424;38
5425;33
5426;40
5427;32
5428;28
5429;35
5430;47
5431;32
5432;35
5433;34
5434;31
5435;36
5436;35
5437;30
5438;33
5439;32
5440;47
5441;36
5442;40
5443;42
5444;35
5445;39
5446;33
5447;17
5448;30
5449;28
5450;25
5451;42
5452;34
5453;30
5454;33
5455;38
5456;27
5457;31
5458;26
5459;36
5460;32
5461;22
5462;38
5463;28
5464;37
5465;36
5466;29
5467;26
5468;26
5469;23
5470;31
5471;33
5472;37
5473;33
5474;28
5475;40
5476;34
5477;26
5478;30
5479;30
5480;24
5481;28
5482;36
5483;22
5484;28
5485;27
5486;33
5487;22
5488;31
5489;34
5490;38
5491;25
5492;23
5493;30
5494;27
5495;41
5496;32
5497;22
5498;27
5499;22
5500;31
5501;38
5502;33
5503;35
5504;29
5505;31
5506;33
5507;30
5508;32
5509;27
5510;29
5511;23
5512;30
5513;30
5514;20
5515;31
5516;26
5517;25
5518;26
5519;31
5520;27
5521;33
5522;28
5523;28
5524;21
5525;28
5526;38
5527;30
5528;25
5529;31
5530;33
5531;31
5532;28
5533;39
5534;26
5535;27
5536;26
5537;30
5538;30
5539;28
5540;31
5541;33
5542;25
5543;22
5544;24
5545;25
5546;34
5547;27
5548;27
5549;40
5550;27
5551;26
5552;29
5553;28
5554;26
5555;36
5556;28
5557;23
5558;24
5559;33
5560;20
5561;28
5562;30
5563;17
5564;27
5565;25
5566;25
5567;21
5568;22
5569;31
5570;32
5571;33
5572;31
5573;28
5574;25
5575;33
5576;21
5577;29
5578;36
5579;31
5580;28
5581;26
5582;26
5583;25
5584;22
5585;36
5586;29
5587;24
5588;38
5589;27
5590;24
5591;37
5592;31
5593;28
5594;29
5595;30
5596;27
5597;26
5598;28
5599;32
5600;32
5601;34
5602;31
5603;24
5604;29
5605;29
5606;37
5607;27
5608;38
5609;29
5610;25
5611;25
5612;19
5613;28
5614;27
5615;26
5616;34
5617;32
5618;31
5619;35
5620;32
5621;43
5622;28
5623;28
5624;29
5625;44
5626;37
5627;31
5628;19
5629;29
5630;24
5631;30
5632;29
5633;28
5634;28
5635;29
5636;40
5637;23
5638;33
5639;32
5640;36
5641;38
5642;31
5643;17
5644;40
5645;30
5646;19
5647;35
5648;25
5649;33
5650;27
5651;27
5652;25
5653;25
5654;30
5655;30
5656;36
5657;30
5658;33
5659;27
5660;28
5661;31
5662;31
5663;28
5664;36
5665;29
5666;20
5667;31
5668;29
5669;34
5670;39
5671;30
5672;24
5673;28
5674;35
5675;37
5676;44
5677;36
5678;26
5679;36
5680;35
5681;35
5682;35
5683;34
5684;36
5685;40
5686;43
5687;27
5688;34
5689;40
5690;27
5691;29
5692;25
5693;27
5694;36
5695;29
5696;38
5697;44
5698;34
5699;35
5700;34
5701;40
5702;36
5703;22
5704;23
5705;40
5706;45
5707;40
5708;41
5709;39
5710;40
5711;34
5712;38
5713;42
5714;30
5715;33
5716;26
5717;29
5718;29
5719;29
5720;40
5721;39
5722;41
5723;37
5724;50
5725;33
5726;54
5727;34
5728;29
5729;33
5730;27
5731;42
5732;36
5733;40
5734;31
5735;43
5736;41
5737;43
5738;34
5739;41
5740;35
5741;35
5742;36
5743;39
5744;44
5745;38
5746;39
5747;37
5748;43
5749;40
5750;32
5751;38
5752;32
5753;40
5754;28
5755;29
5756;39
5757;36
5758;42
5759;34
5760;45
5761;37
5762;42
5763;30
5764;38
5765;42
5766;42
5767;36
5768;31
5769;35
5770;47
5771;40
5772;40
5773;35
5774;38
5775;36
5776;34
5777;40
5778;40
5779;34
5780;41
5781;37
5782;35
5783;36
5784;36
5785;31
5786;44
5787;39
5788;49
5789;32
5790;48
5791;37
5792;41
5793;38
5794;41
5795;36
5796;42
5797;36
5798;40
5799;47
5800;40
5801;32
5802;46
5803;45
5804;32
5805;32
5806;45
5807;35
5808;35
5809;34
5810;37
5811;47
5812;48
5813;32
5814;39
5815;32
5816;46
5817;40
5818;40
5819;42
5820;31
5821;46
5822;46
5823;49
5824;44
5825;58
5826;36
5827;44
5828;33
5829;35
5830;55
5831;46
5832;40
5833;47
5834;43
5835;38
5836;36
5837;48
5838;40
5839;30
5840;34
5841;35
5842;31
5843;36
5844;43
5845;44
5846;36
5847;50
5848;37
5849;30
5850;31
5851;51
5852;36
5853;38
5854;30
5855;45
5856;34
5857;39
5858;37
5859;34
5860;35
5861;36
5862;37
5863;36
5864;38
5865;41
5866;33
5867;46
5868;39
5869;32
5870;44
5871;53
5872;29
5873;41
5874;41
5875;41
5876;47
5877;45
5878;35
5879;40
5880;41
5881;28
5882;41
5883;37
5884;37
5885;37
5886;26
5887;32
5888;37
5889;38
5890;37
5891;43
5892;41
5893;38
5894;36
5895;29
5896;25
5897;34
5898;36
5899;38
5900;43
5901;35
5902;32
5903;37
5904;42
5905;44
5906;35
5907;42
5908;38
5909;31
5910;29
5911;42
5912;47
5913;35
5914;39
5915;37
5916;36
5917;47
5918;49
5919;33
5920;30
5921;45
5922;43
5923;39
5924;42
5925;42
5926;38
5927;40
5928;40
5929;30
5930;32
5931;36
5932;33
5933;30
5934;31
5935;42
5936;28
5937;38
5938;41
5939;32
5940;33
5941;32
5942;30
5943;39
5944;28
5945;36
5946;36
5947;31
5948;28
5949;36
5950;47
5951;37
5952;25
5953;40
5954;35
5955;44
5956;30
5957;31
5958;31
5959;51
5960;42
5961;35
5962;30
5963;36
5964;37
5965;32
5966;39
5967;30
5968;39
5969;32
5970;31
5971;27
5972;45
5973;40
5974;28
5975;40
5976;33
5977;36
5978;29
5979;40
5980;38
5981;41
5982;34
5983;31
5984;33
5985;42
5986;30
5987;26
5988;39
5989;42
5990;22
5991;33
5992;34
5993;32
5994;31
5995;30
5996;30
5997;35
5998;26
5999;28
6000;24
6001;35
6002;31
6003;25
6004;23
6005;41
6006;27
6007;32
6008;36
6009;32
6010;40
6011;28
6012;30
6013;32
6014;24
6015;35
6016;34
6017;27
6018;27
6019;45
6020;24
6021;30
6022;31
6023;30
6024;24
6025;33
6026;26
6027;33
6028;31
6029;37
6030;21
6031;24
6032;26
6033;25
6034;22
6035;26
6036;27
6037;30
6038;26
6039;36
6040;21
6041;29
6042;31
6043;26
6044;31
6045;26
6046;21
6047;26
6048;23
6049;21
6050;23
6051;36
6052;31
6053;22
6054;23
6055;22
6056;28
6057;33
6058;18
6059;18
6060;20
6061;23
6062;29
6063;19
6064;23
6065;19
6066;20
6067;22
6068;25
6069;29
6070;24
6071;17
6072;24
6073;30
6074;21
6075;18
6076;21
6077;27
6078;21
6079;19
6080;14
6081;12
6082;19
6083;20
6084;22
6085;28
6086;19
6087;19
6088;22
6089;28
6090;20
6091;23
6092;25
6093;23
6094;28
6095;13
6096;25
6097;24
6098;21
6099;18
6100;24
6101;11
6102;23
6103;16
6104;15
6105;19
6106;10
6107;16
6108;14
6109;22
6110;14
6111;15
6112;23
6113;22
6114;21
6115;16
6116;14
6117;14
6118;16
6119;16
6120;29
6121;16
6122;15
6123;16
6124;16
6125;8
6126;21
6127;14
6128;16
6129;13
6130;15
6131;12
6132;22
6133;9
6134;19
6135;12
6136;11
6137;17
6138;20
6139;11
6140;9
6141;10
6142;11
6143;12
6144;9
6145;9
6146;17
6147;10
6148;7
6149;13
6150;11
6151;11
6152;14
6153;10
6154;9
6155;18
6156;10
6157;21
6158;10
6159;9
6160;20
6161;14
6162;13
6163;12
6164;13
6165;14
6166;21
6167;9
6168;10
6169;11
6170;10
6171;11
6172;6
6173;10
6174;5
6175;18
6176;8
6177;13
6178;6
6179;10
6180;9
6181;14
6182;12
6183;7
6184;10
6185;11
6186;9
6187;8
6188;16
6189;8
6190;8
6191;8
6192;14
6193;9
6194;10
6195;4
6196;11
6197;14
6198;21
6199;6
6200;5
6201;9
6202;7
6203;8
6204;14
6205;11
6206;15
6207;13
6208;10
6209;12
6210;5
6211;11
6212;15
6213;6
6214;5
6215;7
6216;5
6217;11
6218;16
6219;10
6220;6
6221;17
6222;8
6223;9
6224;10
6225;13
6226;12
6227;4
6228;8
6229;9
6230;8
6231;8
6232;8
6233;6
6234;12
6235;11
6236;9
6237;7
6238;11
6239;11
6240;14
6241;10
6242;9
6243;4
6244;6
6245;6
6246;10
6247;8
6248;9
6249;9
6250;6
6251;7
6252;8
6253;4
6254;6
6255;6
6256;6
6257;9
6258;4
6259;7
6260;5
6261;7
6262;4
6263;4
6264;7
6265;3
6266;4
6267;3
6268;7
6269;8
6270;7
6271;8
6272;4
6273;6
6274;7
6275;6
6276;6
6277;6
6278;4
6279;1
6280;6
6281;2
6282;9
6283;6
6284;6
6285;6
6286;2
6287;5
6288;4
6289;10
6290;8
6291;3
6292;7
6293;7
6294;3
6295;7
6296;2
6297;4
6298;4
6299;2
6300;2
6301;5
6302;8
6303;6
6304;4
6305;11
6306;9
6307;7
6308;6
6309;8
6310;8
6311;7
6312;5
6313;3
6314;3
6315;4
6316;5
6317;5
6318;4
6319;4
6320;8
6321;4
6322;5
6323;6
6324;5
6325;2
6326;2
6327;7
6328;8
6329;6
6330;4
6331;6
6332;9
6333;5
6334;7
6335;2
6336;4
6337;6
6338;8
6339;5
6340;6
6341;4
6342;6
6343;8
6344;7
6345;2
6346;3
6347;5
6348;3
6349;1
6350;9
6351;4
6352;3
6353;1
6354;3
6355;5
6356;7
6357;5
6358;6
6359;3
6360;2
6361;2
6362;7
6363;2
6364;1
6365;6
6366;2
6367;1
6368;4
6369;5
6370;2
6371;2
6372;5
6373;8
6374;6
6375;2
6376;3
6377;6
6378;6
6379;7
6380;7
6381;3
6382;2
6383;1
6384;4
6385;3
6386;3
6387;5
6388;6
6389;8
6390;3
6391;1
6392;5
6393;1
6394;6
6395;4
6396;6
6397;5
6398;3
6399;7
6400;2
6401;4
6402;6
6403;4
6404;3
6405;2
6406;4
6407;7
6408;7
6409;4
6410;4
6411;4
6412;3
6413;1
6414;6
6415;9
6416;4
6417;2
6418;3
6419;7
6420;1
6421;2
6422;7
6423;3
6424;5
6425;1
6426;0
6427;6
6428;3
6429;4
6430;6
6431;3
6432;7
6433;7
6434;4
6435;5
6436;4
6437;10
6438;4
6439;3
6440;5
6441;3
6442;1
6443;4
6444;3
6445;1
6446;4
6447;5
6448;2
6449;7
6450;1
6451;0
6452;4
6453;0
6454;7
6455;5
6456;3
6457;0
6458;4
6459;5
6460;5
6461;5
6462;1
6463;6
6464;4
6465;5
6466;1
6467;4
6468;5
6469;1
6470;1
6471;5
6472;7
6473;4
6474;1
6475;9
6476;5
6477;4
6478;4
6479;3
6480;2
6481;6
6482;4
6483;6
6484;5
6485;2
6486;5
6487;3
6488;7
6489;3
6490;0
6491;3
6492;7
6493;2
6494;4
6495;1
6496;1
6497;3
6498;4
6499;0
6500;1
6501;1
6502;2
6503;3
6504;2
6505;4
6506;3
6507;1
6508;2
6509;4
6510;1
6511;2
6512;2
6513;3
6514;4
6515;4
6516;4
6517;4
6518;6
6519;1
6520;7
6521;2
6522;5
6523;5
6524;5
6525;4
6526;3
6527;4
6528;1
6529;2
6530;5
6531;2
6532;2
6533;2
6534;4
6535;1
6536;3
6537;3
6538;1
6539;7
6540;1
6541;2
6542;2
6543;5
6544;5
6545;3
6546;1
6547;2
6548;3
6549;4
6550;0
6551;2
6552;3
6553;1
6554;8
6555;2
6556;2
6557;2
6558;1
6559;1
6560;0
6561;2
6562;3
6563;2
6564;2
6565;0
6566;2
6567;2
6568;2
6569;4
6570;3
6571;3
6572;3
6573;0
6574;1
6575;2
6576;2
6577;2
6578;1
6579;3
6580;0
6581;2
6582;0
6583;3
6584;2
6585;1
6586;4
6587;1
6588;1
6589;5
6590;0
6591;3
6592;4
6593;0
6594;2
6595;2
6596;1
6597;3
6598;3
6599;4
6600;2
6601;2
6602;1
6603;1
6604;2
6605;2
6606;0
6607;2
6608;3
6609;2
6610;1
6611;3
6612;1
6613;1
6614;4
6615;4
6616;4
6617;6
6618;0
6619;3
6620;1
6621;2
6622;2
6623;1
6624;1
6625;1
6626;3
6627;2
6628;1
6629;1
6630;2
6631;2
6632;3
6633;1
6634;2
6635;4
6636;1
6637;1
6638;3
6639;1
6640;1
6641;1
6642;2
6643;2
6644;0
6645;2
6646;1
6647;3
6648;4
6649;1
6650;3
6651;2
6652;2
6653;1
6654;1
6655;1
6656;2
6657;0
6658;4
6659;3
6660;1
6661;1
6662;2
6663;1
6664;1
6665;2
6666;0
6667;0
6668;0
6669;1
6670;3
6671;0
6672;1
6673;3
6674;0
6675;1
6676;0
6677;2
6678;3
6679;2
6680;1
6681;1
6682;1
6683;2
6684;2
6685;1
6686;2
6687;2
6688;2
6689;0
6690;0
6691;2
6692;1
6693;1
6694;0
6695;2
6696;1
6697;0
6698;5
6699;2
6700;2
6701;0
6702;2
6703;2
6704;2
6705;0
6706;0
6707;2
6708;0
6709;2
6710;2
6711;1
6712;1
6713;1
6714;1
6715;1
6716;0
6717;3
6718;0
6719;2
6720;0
6721;0
6722;1
6723;1
6724;0
6725;3
6726;0
6727;3
6728;1
6729;2
6730;3
6731;1
6732;1
6733;1
6734;0
6735;2
6736;0
6737;2
6738;1
6739;1
6740;0
6741;1
6742;2
6743;0
6744;1
6745;1
6746;1
6747;0
6748;1
6749;1
6750;1
6751;1
6752;2
6753;0
6754;3
6755;2
6756;1
6757;1
6758;0
6759;1
6760;1
6761;0
6762;1
6763;0
6764;1
6765;0
6766;0
6767;1
6768;0
6769;0
6770;1
6771;1
6772;1
6773;0
6774;0
6775;1
6776;3
6777;0
6778;1
6779;2
6780;1
6781;1
6782;0
6783;1
6784;0
6785;1
6786;1
6787;0
6788;2
6789;1
6790;0
6791;3
6792;1
6793;1
6794;1
6795;2
6796;0
6797;2
6798;1
6799;0
6800;1
6801;2
6802;0
6803;0
6804;0
6805;1
6806;2
6807;2
6808;0
6809;0
6810;1
6811;4
6812;1
6813;0
6814;1
6815;0
6816;0
6817;2
6818;2
6819;0
6820;1
6821;2
6822;1
6823;1
6824;1
6825;1
6826;0
6827;2
6828;1
6829;0
6830;2
6831;1
6832;0
6833;2
6834;1
6835;0
6836;2
6837;2
6838;0
6839;1
6840;1
6841;0
6842;0
6843;3
6844;0
6845;0
6846;0
6847;3
6848;2
6849;1
6850;0
6851;4
6852;1
6853;0
6854;0
6855;0
6856;1
6857;1
6858;1
6859;1
6860;0
6861;0
6862;0
6863;0
6864;2
6865;1
6866;2
6867;1
6868;0
6869;0
6870;1
6871;0
6872;0
6873;0
6874;1
6875;0
6876;0
6877;1
6878;1
6879;0
6880;1
6881;0
6882;1
6883;0
6884;2
6885;0
6886;0
6887;0
6888;0
6889;3
6890;1
6891;1
6892;1
6893;1
6894;0
6895;0
6896;1
6897;0
6898;1
6899;0
6900;0
6901;0
6902;0
6903;1
6904;1
6905;0
6906;0
6907;1
6908;0
6909;0
6910;0
6911;2
6912;1
6913;1
6914;0
6915;0
6916;0
6917;1
6918;0
6919;2
6920;0
6921;0
6922;1
6923;2
6924;0
6925;1
6926;1
6927;0
6928;1
6929;1
6930;1
6931;1
6932;0
6933;0
6934;1
6935;1
6936;1
6937;0
6938;1
6939;2
6940;2
6941;1
6942;0
6943;2
6944;1
6945;0
6946;0
6947;2
6948;0
6949;0
6950;0
6951;1
6952;0
6953;3
6954;0
6955;0
6956;1
6957;1
6958;0
6959;0
6960;0
6961;0
6962;0
6963;0
6964;0
6965;0
6966;0
6967;0
6968;2
6969;0
6970;0
6971;1
6972;0
6973;0
6974;1
6975;3
6976;0
6977;1
6978;0
6979;0
6980;1
6981;1
6982;0
6983;0
6984;2
6985;0
6986;1
6987;0
6988;0
6989;1
6990;0
6991;0
6992;2
6993;1
6994;2
6995;0
6996;3
6997;0
6998;0
6999;0
7000;0
7001;0
7002;1
7003;0
7004;0
7005;0
7006;0
7007;0
7008;1
7009;0
7010;0
7011;0
7012;0
7013;2
7014;0
7015;0
7016;1
7017;0
7018;0
7019;1
7020;1
7021;0
7022;0
7023;1
7024;0
7025;0
7026;1
7027;1
7028;2
7029;1
7030;1
7031;0
7032;1
7033;1
7034;0
7035;0
7036;0
7037;0
7038;0
7039;2
7040;0
7041;0
7042;0
7043;0
7044;0
7045;0
7046;0
7047;0
7048;1
7049;0
7050;0
7051;1
7052;0
7053;1
7054;0
7055;0
7056;2
7057;2
7058;0
7059;1
7060;0
7061;0
7062;0
7063;1
7064;0
7065;1
7066;0
7067;2
7068;0
7069;1
7070;1
7071;0
7072;1
7073;2
7074;1
7075;0
7076;1
7077;1
7078;1
7079;0
7080;1
7081;0
7082;0
7083;0
7084;0
7085;1
7086;2
7087;1
7088;1
7089;0
7090;2
7091;0
7092;3
7093;1
7094;1
7095;0
7096;0
7097;0
7098;1
7099;1
7100;0
7101;1
7102;0
7103;0
7104;0
7105;2
7106;0
7107;0
7108;1
7109;0
7110;1
7111;0
7112;2
7113;2
7114;0
7115;2
7116;2
7117;2
7118;0
7119;1
7120;0
7121;0
7122;0
7123;0
7124;0
7125;1
7126;0
7127;1
7128;0
7129;0
7130;0
7131;2
7132;0
7133;0
7134;1
7135;0
7136;1
7137;0
7138;0
7139;2
7140;2
7141;1
7142;0
7143;0
7144;0
7145;1
7146;0
7147;0
7148;0
7149;1
7150;0
7151;1
7152;0
7153;0
7154;0
7155;1
7156;1
7157;0
7158;1
7159;1
7160;1
7161;0
7162;0
7163;0
7164;0
7165;0
7166;1
7167;3
7168;0
7169;3
7170;1
7171;0
7172;0
7173;1
7174;2
7175;0
7176;0
7177;1
7178;0
7179;0
7180;0
7181;1
7182;0
7183;1
7184;0
7185;0
7186;1
7187;0
7188;1
7189;0
7190;0
7191;2
7192;0
7193;1
7194;1
7195;0
7196;0
7197;1
7198;0
7199;0
7200;1
7201;1
7202;0
7203;0
7204;0
7205;0
7206;2
7207;0
7208;1
7209;1
7210;2
7211;0
7212;0
7213;0
7214;1
7215;0
7216;0
7217;0
7218;1
7219;1
7220;0
7221;0
7222;0
7223;0
7224;0
7225;2
7226;0
7227;1
7228;0
7229;1
7230;1
7231;1
7232;0
7233;0
7234;1
7235;0
7236;0
7237;1
7238;0
7239;0
7240;0
7241;1
7242;0
7243;0
7244;2
7245;0
7246;0
7247;0
7248;1
7249;1
7250;1
7251;1
7252;0
7253;0
7254;1
7255;1
7256;0
7257;2
7258;0
7259;0
7260;0
7261;0
7262;0
7263;0
7264;0
7265;0
7266;0
7267;1
7268;0
7269;0
7270;0
7271;2
7272;0
7273;1
7274;0
7275;0
7276;1
7277;0
7278;0
7279;0
7280;0
7281;0
7282;4
7283;0
7284;1
7285;0
7286;0
7287;1
7288;0
7289;1
7290;1
7291;0
7292;0
7293;2
7294;1
7295;0
7296;0
7297;0
7298;1
7299;0
7300;0
7301;2
7302;0
7303;0
7304;0
7305;3
7306;0
7307;0
7308;1
7309;0
7310;0
7311;3
7312;1
7313;0
7314;0
7315;0
7316;1
7317;1
7318;0
7319;0
7320;0
7321;0
7322;2
7323;2
7324;1
7325;1
7326;0
7327;1
7328;0
7329;2
7330;0
7331;1
7332;1
7333;1
7334;1
7335;0
7336;1
7337;1
7338;0
7339;0
7340;1
7341;1
7342;0
7343;0
7344;1
7345;0
7346;2
7347;0
7348;0
7349;0
7350;0
7351;1
7352;1
7353;1
7354;1
7355;1
7356;1
7357;0
7358;0
7359;0
7360;0
7361;1
7362;1
7363;0
7364;1
7365;0
7366;0
7367;0
7368;0
7369;2
7370;0
7371;0
7372;0
7373;1
7374;1
7375;0
7376;0
7377;0
7378;0
7379;0
7380;0
7381;0
7382;0
7383;0
7384;0
7385;0
7386;0
7387;0
7388;1
7389;0
7390;1
7391;0
7392;0
7393;0
7394;0
7395;1
7396;0
7397;0
7398;1
7399;0
7400;0
7401;0
7402;0
7403;0
7404;1
7405;0
7406;1
7407;0
7408;1
7409;0
7410;0
7411;0
7412;0
7413;0
7414;0
7415;0
7416;1
7417;0
7418;0
7419;0
7420;0
7421;0
7422;0
7423;0
7424;0
7425;0
7426;1
7427;0
7428;0
7429;0
7430;0
7431;0
7432;0
7433;1
7434;0
7435;0
7436;0
7437;1
7438;0
7439;0
7440;1
7441;0
7442;0
7443;2
7444;0
7445;0
7446;0
7447;1
7448;0
7449;0
7450;0
7451;0
7452;0
7453;0
7454;0
7455;1
7456;0
7457;0
7458;1
7459;0
7460;0
7461;0
7462;0
7463;0
7464;0
7465;0
7466;0
7467;0
7468;0
7469;0
7470;0
7471;0
7472;0
7473;0
7474;0
7475;0
7476;1
7477;0
7478;1
7479;0
7480;0
7481;0
7482;0
7483;0
7484;0
7485;0
7486;0
7487;0
7488;0
7489;0
7490;0
7491;0
7492;1
7493;1
7494;0
7495;0
7496;0
7497;0
7498;0
7499;0
7500;0
7501;0
7502;0
7503;0
7504;0
7505;0
7506;0
7507;0
7508;0
7509;0
7510;0
7511;0
7512;0
7513;0
7514;0
7515;0
7516;0
7517;0
7518;0
7519;0
7520;0
7521;0
7522;0
7523;0
7524;0
7525;0
7526;0
7527;0
7528;0
7529;0
7530;0
7531;1
7532;0
7533;1
7534;0
7535;0
7536;0
7537;0
7538;0
7539;0
7540;0
7541;0
7542;0
7543;0
7544;0
7545;0
7546;0
7547;0
7548;0
7549;0
7550;0
7551;0
7552;0
7553;0
7554;0
7555;0
7556;0
7557;0
7558;0
7559;0
7560;0
7561;0
7562;0
7563;0
7564;0
7565;0
7566;0
7567;0
7568;0
7569;0
7570;0
7571;0
7572;0
7573;0
7574;0
7575;0
7576;0
7577;0
7578;0
7579;0
7580;1
7581;0
7582;0
7583;0
7584;0
7585;0
7586;1
7587;0
7588;0
7589;0
7590;0
7591;0
7592;0
7593;0
7594;0
7595;0
7596;0
7597;0
7598;0
7599;0
7600;1
7601;0
7602;0
7603;0
7604;0
7605;0
7606;0
7607;1
7608;0
7609;0
7610;0
7611;0
7612;0
7613;0
7614;0
7615;0
7616;0
7617;0
7618;0
7619;0
7620;0
7621;0
7622;0
7623;0
7624;0
7625;0
7626;0
7627;0
7628;0
7629;0
7630;0
7631;0
7632;0
7633;0
7634;0
7635;0
7636;0
7637;0
7638;0
7639;0
7640;0
7641;0
7642;0
7643;0
7644;0
7645;0
7646;0
7647;0
7648;0
7649;0
7650;0
7651;0
7652;0
7653;0
7654;0
7655;0
7656;0
7657;0
7658;0
7659;0
7660;0
7661;0
7662;0
7663;0
7664;0
7665;0
7666;0
7667;0
7668;0
7669;0
7670;0
7671;0
7672;0
7673;0
7674;0
7675;0
7676;0
7677;0
7678;0
7679;0
7680;0
7681;0
7682;0
7683;0
7684;0
7685;0
7686;0
7687;0
7688;0
7689;0
7690;0
7691;0
7692;0
7693;0
7694;0
7695;0
7696;0
7697;0
7698;0
7699;0
7700;0
7701;0
7702;0
7703;0
7704;0
7705;0
7706;0
7707;0
7708;0
7709;0
7710;0
7711;0
7712;0
7713;0
7714;0
7715;0
7716;0
7717;0
7718;0
7719;0
7720;0
7721;0
7722;0
7723;0
7724;0
7725;0
7726;0
7727;0
7728;0
7729;0
7730;0
7731;0
7732;0
7733;0
7734;0
7735;0
7736;0
7737;0
7738;0
7739;0
7740;0
7741;0
7742;0
7743;0
7744;0
7745;0
7746;0
7747;0
7748;0
7749;0
7750;0
7751;0
7752;0
7753;0
7754;0
7755;0
7756;0
7757;0
7758;0
7759;0
7760;0
7761;0
7762;0
7763;0
7764;0
7765;0
7766;0
7767;0
7768;0
7769;0
7770;0
7771;0
7772;0
7773;0
7774;0
7775;0
7776;0
7777;0
7778;0
7779;0
7780;0
7781;0
7782;0
7783;0
7784;0
7785;0
7786;0
7787;0
7788;0
7789;0
7790;0
7791;0
7792;0
7793;0
7794;0
7795;0
7796;0
7797;0
7798;0
7799;0
7800;0
7801;0
7802;0
7803;0
7804;0
7805;0
7806;0
7807;0
7808;0
7809;0
7810;0
7811;0
7812;0
7813;0
7814;0
7815;0
7816;0
7817;0
7818;0
7819;0
7820;0
7821;0
7822;0
7823;0
7824;0
7825;0
7826;0
7827;0
7828;0
7829;0
7830;0
7831;0
7832;0
7833;0
7834;0
7835;0
7836;0
7837;0
7838;0
7839;0
7840;0
7841;0
7842;0
7843;0
7844;0
7845;0
7846;0
7847;0
7848;0
7849;0
7850;0
7851;0
7852;0
7853;0
7854;0
7855;0
7856;0
7857;0
7858;0
7859;0
7860;0
7861;0
7862;0
7863;0
7864;0
7865;0
7866;0
7867;0
7868;0
7869;0
7870;0
7871;0
7872;0
7873;0
7874;0
7875;0
7876;0
7877;0
7878;0
7879;0
7880;0
7881;0
7882;0
7883;0
7884;0
7885;0
7886;0
7887;0
7888;0
7889;0
7890;0
7891;0
7892;0
7893;0
7894;0
7895;0
7896;0
7897;0
7898;0
7899;0
7900;0
7901;0
7902;0
7903;0
7904;0
7905;0
7906;0
7907;0
7908;0
7909;0
7910;0
7911;0
7912;0
7913;0
7914;0
7915;0
7916;0
7917;0
7918;0
7919;0
7920;0
7921;0
7922;0
7923;0
7924;0
7925;0
7926;0
7927;0
7928;0
7929;0
7930;0
7931;0
7932;0
7933;0
7934;0
7935;0
7936;0
7937;0
7938;0
7939;0
7940;0
7941;0
7942;0
7943;0
7944;0
7945;0
7946;0
7947;0
7948;0
7949;0
7950;0
7951;0
7952;0
7953;0
7954;0
7955;0
7956;0
7957;0
7958;0
7959;0
7960;0
7961;0
7962;0
7963;0
7964;0
7965;0
7966;0
7967;0
7968;0
7969;0
7970;0
7971;0
7972;0
7973;0
7974;0
7975;0
7976;0
7977;0
7978;0
7979;0
7980;0
7981;0
7982;0
7983;0
7984;0
7985;0
7986;0
7987;0
7988;0
7989;0
7990;0
7991;0
7992;0
7993;0
7994;0
7995;0
7996;0
7997;0
7998;0
7999;0
8000;0
8001;0
8002;0
8003;0
8004;0
8005;0
8006;0
8007;0
8008;0
8009;0
8010;0
8011;0
8012;0
8013;0
8014;0
8015;0
8016;0
8017;0
8018;0
8019;0
8020;0
8021;0
8022;0
8023;0
8024;0
8025;0
8026;0
8027;0
8028;0
8029;0
8030;0
8031;0
8032;0
8033;0
8034;0
8035;0
8036;0
8037;0
8038;0
8039;0
8040;0
8041;0
8042;0
8043;0
8044;0
8045;0
8046;0
8047;0
8048;0
8049;0
8050;0
8051;0
8052;0
8053;0
8054;0
8055;0
8056;0
8057;0
8058;0
8059;0
8060;0
8061;0
8062;0
8063;0
8064;0
8065;0
8066;0
8067;0
8068;0
8069;0
8070;0
8071;0
8072;0
8073;0
8074;0
8075;0
8076;0
8077;0
8078;0
8079;0
8080;0
8081;0
8082;0
8083;0
8084;0
8085;0
8086;0
8087;0
8088;0
8089;0
8090;0
8091;0
8092;0
8093;0
8094;0
8095;0
8096;0
8097;0
8098;0
8099;0
8100;0
8101;0
8102;0
8103;0
8104;0
8105;0
8106;0
8107;0
8108;0
8109;0
8110;0
8111;0
8112;0
8113;0
8114;0
8115;0
8116;0
8117;0
8118;0
8119;0
8120;0
8121;0
8122;0
8123;0
8124;0
8125;0
8126;0
8127;0
8128;0
8129;0
8130;0
8131;0
8132;0
8133;0
8134;0
8135;0
8136;0
8137;0
8138;0
8139;0
8140;0
8141;0
8142;0
8143;0
8144;0
8145;0
8146;0
8147;0
8148;0
8149;0
8150;0
8151;0
8152;0
8153;0
8154;0
8155;0
8156;0
8157;0
8158;0
8159;0
8160;0
8161;0
8162;0
8163;0
8164;0
8165;0
8166;0
8167;0
8168;0
8169;0
8170;0
8171;0
8172;0
8173;0
8174;0
8175;0
8176;0
8177;0
8178;0
8179;0
8180;0
8181;0
8182;0
8183;0
8184;0
8185;0
8186;0
8187;0
8188;0
8189;0
8190;0
8191;0
